1.231407374702915515e-03 -6.309793513928367483e-04
7.924376749146220221e-04 -1.088691856349749930e-03
4.112373931586360250e-04 -1.400631978369042737e-03
1.412071545878603807e-04 -1.506091212832943310e-03
1.097793209376318919e-05 -1.384288528554952638e-03
1.956015854575417125e-05 -1.058332074343029932e-03
1.371617965742506361e-04 -5.908373046320692257e-04
3.115053807144247278e-04 -7.203132296474033477e-05
4.784318675475057584e-04 3.974031642370505035e-04
5.747668474302432664e-04 7.254939906618278677e-04
5.509961023582210689e-04 8.465240480787063551e-04
3.813337907196393721e-04 7.336287415907834144e-04
6.926082342943913357e-05 4.040569669657429592e-04
-3.525303381571178005e-04 -8.390525778311050831e-05
-8.277877925133804091e-04 -6.417712010715055475e-04
-1.286891154307738538e-03 -1.167403568675167086e-03
-1.659661959024128983e-03 -1.564150424819023971e-03
-1.888375973941773013e-03 -1.758949360106667678e-03
-1.938519293926455316e-03 -1.715977646944201159e-03
-1.805254825263212862e-03 -1.443269231387902824e-03
-1.514375430243810510e-03 -9.910507292711875395e-04
-1.117561373650106504e-03 -4.421160538910577338e-04
-6.828356622807193240e-04 1.039338757934440147e-04
-2.820177331672608098e-04 5.495990069464711837e-04
2.245792905059798734e-05 8.179530964317752780e-04
1.888734199586170276e-04 8.671824442267704732e-04
2.035764377460754621e-04 6.984369778379549004e-04
8.296935729233310096e-05 3.555074670051815112e-04
-1.302230321826115865e-04 -8.360872180206987232e-05
-3.756845030407711915e-04 -5.216541277493332235e-04
-5.875676551478346311e-04 -8.607368021669415618e-04
-7.075837351712618850e-04 -1.021104426808850957e-03
-6.966277913708941727e-04 -9.565074981669670915e-04
-5.427231107972356992e-04 -6.632373450218044270e-04
-2.637670099255272349e-04 -1.811218705259279435e-04
9.545407989885589407e-05 4.137157129814908419e-04
4.714253806048261729e-04 1.022970502861516098e-03
7.937034344740515578e-04 1.544476084022427826e-03
9.981264288759061475e-04 1.891268931948353760e-03
1.038937415631528520e-03 2.007793588905679334e-03
8.975259956749732796e-04 1.880186187901713556e-03
5.861317865758318554e-04 1.538694639360019961e-03
1.458044543998205343e-04 1.051782056845614608e-03
-3.609998243410439162e-04 5.130340014961624548e-04
-8.617922976287754715e-04 2.335185715219103599e-05
-1.287253075565827172e-03 -3.281937099523395997e-04
-1.583772946697521809e-03 -4.812225100548337721e-04
-1.722974845244200750e-03 -4.154251000808733586e-04
-1.706427295387776899e-03 -1.543093834162093071e-04
-1.564673337265613372e-03 2.393942439720875737e-04
-1.350775194277698552e-03 6.757966020604886954e-04
-1.129613381493278605e-03 1.055094581908382501e-03
-9.649824538137149847e-04 1.286727566093858518e-03
-9.069420206288163547e-04 1.306813128195119435e-03
-9.818321841531868141e-04 1.090554886170784412e-03
-1.186856590825381697e-03 6.572668649667409106e-04
-1.490269661091159041e-03 6.705638244870461241e-05
-1.837141416061028329e-03 -5.902133202670233189e-04
-2.159614995173914434e-03 -1.211597741733906955e-03
-2.389718891250777917e-03 -1.700232617529827059e-03
-2.472309692433634527e-03 -1.983360675603246942e-03
-2.375693837395902522e-03 -2.025816547071756547e-03
-2.097913789083415657e-03 -1.836422193590537145e-03
-1.667502453892506439e-03 -1.466086938415693802e-03
-1.138554718089974157e-03 -9.979761374747772498e-04
-5.810388274387234169e-04 -5.316134510116735448e-04
-6.816972395348643715e-05 -1.639294013488786601e-04
3.367788728846876330e-04 2.915386672811860758e-05
5.917418800398034119e-04 7.114242441667341377e-06
6.830925722130902229e-04 -2.275267937175041869e-04
6.274824902665636275e-04 -6.297545046578086536e-04
4.679601074146424056e-04 -1.120698480232229684e-03
2.651198767917218755e-04 -1.602718651704394381e-03
8.497363886831557807e-05 -1.978079140233595344e-03
-1.414401130783650862e-05 -2.167669317209031717e-03
6.856788214190277439e-06 -2.126221953917309913e-03
1.599831981840503774e-04 -1.851141165321231689e-03
4.275454892485407556e-04 -1.383262503901546044e-03
7.652695896730474321e-04 -7.993949928063402146e-04
1.110552587302015507e-03 -1.980508946457666111e-04
1.394301058012580117e-03 3.189410218063720237e-04
1.554111077909586715e-03 6.654632715928519762e-04
1.546292108558331053e-03 7.871812817385098792e-04
1.354453287719133495e-03 6.716208397445417493e-04
9.930191077735261475e-04 3.503476519657043901e-04
5.049992928632453812e-04 -1.071600390239030027e-04
-4.557641762915830524e-05 -6.067827998583414989e-04
-5.851394718971736093e-04 -1.047660568854705699e-03
-1.043820581088914607e-03 -1.341332109156922418e-03
-1.367954025032887223e-03 -1.428489393795981301e-03
-1.529497244472491618e-03 -1.290175491867206212e-03
-1.530599232796398803e-03 -9.513075065155501830e-04
-1.402469780404013485e-03 -4.758601549002564003e-04
-1.198780322191893592e-03 4.537465123725042222e-05
-9.848617497168711196e-04 5.121304999087074924e-04
-8.247591888679054687e-04 8.338230580674953945e-04
-7.686079762640179048e-04 9.468882247917335179e-04
-8.427323931905874102e-04 8.270135051779349978e-04
-1.044351052784801490e-03 4.939409762736771386e-04
-1.341898259456218668e-03 7.926676664278108769e-06
-1.680904826204560054e-03 -5.414788519958401661e-04
-1.994326614749921366e-03 -1.052209957187333648e-03
-2.215364312928459235e-03 -1.428853163893601492e-03
-2.290343689256366631e-03 -1.600577678813644563e-03
-2.189211624746150147e-03 -1.534437989281859814e-03
-1.911652314398870883e-03 -1.241532989609411396e-03
-1.487655178157601572e-03 -7.748578512468554461e-04
-9.724146584939125050e-04 -2.192569325195245467e-04
-4.365136987861747845e-04 3.246192442987393362e-04
4.676557619018491003e-05 7.593155318753043144e-04
4.146174343640398447e-04 1.008935517034042616e-03
6.258963013127092929e-04 1.033391710668072824e-03
6.682079473982134631e-04 8.358472061813313619e-04
5.595819944076768290e-04 4.619433570858990767e-04
3.444250020674749176e-04 -9.036033466096104810e-06
8.453532448311610638e-05 -4.793861743331706148e-04
-1.531054083291030115e-04 -8.517010272791782207e-04
-3.094406791430774064e-04 -1.047541260548656792e-03
-3.448554101492068381e-04 -1.022509978439287495e-03
-2.469119375981605096e-04 -7.748759219792001902e-04
-3.283551529675518294e-05 -3.461056877897427287e-04
2.537241110091429438e-04 1.868012695618865952e-04
5.510421404333184711e-04 7.257286212659251265e-04
7.911959234590801087e-04 1.169885144957312278e-03
9.132162183862204633e-04 1.434784793143318530e-03
8.750151590555696425e-04 1.468174324911217764e-03
6.618230192496528386e-04 1.259895114038450583e-03
2.895249340843949982e-04 8.438133824346489512e-04
-1.977472861708039751e-04 2.914539689969251283e-04
-7.353267264442642399e-04 -3.014573237998029805e-04
-1.249581668280155215e-03 -8.329959938394443375e-04
-1.671170011049487097e-03 -1.214179329476217269e-03
-1.947484612954005455e-03 -1.385624099244655259e-03
-2.051949448904118265e-03 -1.328571323212155136e-03
-1.988422279230391519e-03 -1.068195284423700602e-03
-1.789885218978242614e-03 -6.685754841110596453e-04
-1.511684934213506802e-03 -2.202893105551272188e-04
-1.220614638735237952e-03 1.770192177105303155e-04
-9.819155464476515393e-04 4.337877912193976570e-04
-8.466672683132821318e-04 4.877691780469620327e-04
-8.419606892852830350e-04 3.160802120167148900e-04
-9.657175605692797397e-04 -6.022117192811167214e-05
-1.187138678787988399e-03 -5.799033037780419947e-04
-1.452694229781794537e-03 -1.152964535210346340e-03
-1.696517987488868704e-03 -1.677518844540622136e-03
-1.853230805270689955e-03 -2.058970052059043952e-03
-1.870756614447840593e-03 -2.227847238773784412e-03
-1.720693525842964360e-03 -2.152926545289721681e-03
-1.404263781831896745e-03 -1.847156058435276771e-03
-9.527019555993871888e-04 -1.365262185802043572e-03
-4.219927499778118899e-04 -7.934899667077665491e-04
1.170611468851372010e-04 -2.334181599472397997e-04
5.915768516336141229e-04 2.170891090431678952e-04
9.397391922277705759e-04 4.821910861582824181e-04
1.121885164378855129e-03 5.221773183035207733e-04
1.127441313175405174e-03 3.407068884801724368e-04
9.764145186136371623e-04 -1.618496924145264738e-05
7.151664873634701542e-04 -4.691185278942997558e-04
4.072828376696092630e-04 -9.207228167259965236e-04
1.212744465504024408e-04 -1.274396632927972959e-03
-8.255372676496057060e-05 -1.452918206389494562e-03
-1.635759099063415758e-04 -1.413373171567965016e-03
-1.084868899894435561e-04 -1.155567860404850154e-03
6.633437602761825536e-05 -7.223288408577620539e-04
3.181829064159610301e-04 -1.916264470281464855e-04
5.864657304463930312e-04 3.379912183219436908e-04
8.046137704612489746e-04 7.658999370115441001e-04
9.132016433994248703e-04 1.008336755998277086e-03
8.717788652242323489e-04 1.014189727278377471e-03
6.671583491967162998e-04 7.746516387053661639e-04
3.165776313836234047e-04 3.249101703776050682e-04
-1.348818117084930076e-04 -2.624462490239955984e-04
-6.221450996371299816e-04 -8.910600220707255064e-04
-1.071794587018714499e-03 -1.458894985381244342e-03
-1.415331053685486319e-03 -1.877364211328948554e-03
-1.601550290256771288e-03 -2.087877586764681683e-03
-1.605706393121037389e-03 -2.072680980172267925e-03
-1.433740128052068703e-03 -1.857940226254466316e-03
-1.120783430393201526e-03 -1.508491988686440268e-03
-7.242329149738217526e-04 -1.115261685689082106e-03
-3.127113807447088950e-04 -7.777372655850225318e-04
4.698752434513140362e-05 -5.848237741781054603e-04
3.024969729833809021e-04 -5.977101075895249575e-04
4.256317248259149913e-04 -8.379980721108690970e-04
4.174556621099846307e-04 -1.283347075485215304e-03
3.077078386029887002e-04 -1.871464198996459702e-03
1.487034241265250813e-04 -2.511688603258901368e-03
4.874349175499801366e-06 -3.101980529152581403e-03
-6.005791159159981109e-05 -3.548100990777174925e-03
4.165108763375677606e-06 -3.781352557147997853e-03
2.240907862204018566e-04 -3.771523117605615934e-03
5.967684464896095154e-04 -3.532581845095415871e-03
1.089536181702258381e-03 -3.120047948075174715e-03
1.645439037172768178e-03 -2.620528604011526132e-03
2.193269815282207925e-03 -2.135404350387573157e-03
2.660348013318997260e-03 -1.761747602860098136e-03
2.985633116265316075e-03 -1.574083205107971398e-03
3.130703939987504372e-03 -1.610439924884720644e-03
3.086538203006759188e-03 -1.865328893914826791e-03
2.874819820127901600e-03 -2.290973072842090400e-03
2.543535392541359640e-03 -2.806549318234167947e-03
2.157700292701609287e-03 -3.313687397698194745e-03
1.786974384765713415e-03 -3.715285631837437434e-03
1.492513725228983203e-03 -3.934075059272017401e-03
1.315546613771848136e-03 -3.927411997236578481e-03
1.269833287668802567e-03 -3.695493518365479662e-03
1.339430740252816037e-03 -3.281436352708823941e-03
1.482177340531552279e-03 -2.763201101939831861e-03
1.638226806978273706e-03 -2.238888532234413736e-03
1.742003142204213463e-03 -1.808190544419505021e-03
1.735298787745531051e-03 -1.553507393010824817e-03
1.579020501257410568e-03 -1.524306794389569328e-03
1.261342561816195928e-03 -1.727687584609500886e-03
8.007066013955086835e-04 -2.126936612022383571e-03
2.430829660374428445e-04 -2.648354852541055012e-03
-3.460046885345658589e-04 -3.195063723407495088e-03
-8.931976487288321347e-04 -3.665181556932306257e-03
-1.330559584603401967e-03 -3.970933290589612544e-03
-1.607876670788839892e-03 -4.055080187977014999e-03
-1.701683400341862801e-03 -3.901564180182581255e-03
-1.619315062095126861e-03 -3.538357048806515907e-03
-1.397227290014135554e-03 -3.031980696254747525e-03
-1.093906191208245376e-03 -2.474741683002828693e-03
-7.787142956625852470e-04 -1.967102473069973906e-03
-5.187845419434186341e-04 -1.598532270258614047e-03
-3.664415547046409550e-04 -1.430467680302684565e-03
-3.495271429180721008e-04 -1.484613303552936338e-03
-4.664546855878821908e-04 -1.738800527832585997e-03
-6.869194975389623144e-04 -2.131190855681100015e-03
-9.581193827161464324e-04 -2.572029215259271327e-03
-1.215294575141609261e-03 -2.960722225869584154e-03
-1.394577042398416952e-03 -3.205007195393510568e-03
-1.445700831326714349e-03 -3.238580826301603113e-03
-1.342150786157173285e-03 -3.033847351134608909e-03
-1.086811728786329272e-03 -2.607369073541407779e-03
-7.120322834204440444e-04 -2.016983259381866650e-03
-2.740756131310255321e-04 -1.351126541509203817e-03
1.570069427292962189e-04 -7.123828515078967560e-04
5.101754193885873079e-04 -1.983641351683463781e-04
7.264623036065737853e-04 1.164622378483925764e-04
7.698320749240671924e-04 1.945649374371845623e-04
6.337908797364957434e-04 4.215419605498461463e-05
3.425003903304818889e-04 -2.922807476578558874e-04
-5.381193443975314510e-05 -7.274191336679380285e-04
-4.882765372671085680e-04 -1.164746412349799629e-03
-8.898569942686836197e-04 -1.507415963611343727e-03
-1.196519072654120188e-03 -1.678758738243667399e-03
-1.366606899832970533e-03 -1.636932171937688710e-03
-1.386281219044603261e-03 -1.382931575612431421e-03
-1.271622332456275430e-03 -9.604449037557948867e-04
-1.065012287303237788e-03 -4.475771862054103581e-04
-8.264954919596708164e-04 5.798865268839408253e-05
-6.217688506439677815e-04 4.575840651726837392e-04
-5.090914122183722110e-04 6.703780896030820183e-04
-5.276084490635948431e-04 6.488646525267798698e-04
-6.893170087082614887e-04 3.880778455596798010e-04
-9.762100369108742386e-04 -7.321419295158141001e-05
-1.343154804740626616e-03 -6.595680784857625104e-04
-1.725974419400114375e-03 -1.272845956658958527e-03
-2.053214494558813427e-03 -1.810477387572432704e-03
-2.259377462671428860e-03 -2.184551204017254333e-03
-2.297127035993915684e-03 -2.338129250289769367e-03
-2.146158026323856730e-03 -2.255699971402742431e-03
-1.817055683605991838e-03 -1.965799298607422488e-03
-1.349414880737372742e-03 -1.535309094743892312e-03
-8.045737649304651566e-04 -1.056518824036508514e-03
-2.543336706590981137e-04 -6.294058111339648817e-04
2.322053908880319885e-04 -3.424941207502323406e-04
6.012098598968391820e-04 -2.559204440106227323e-04
8.237101715066680926e-04 -3.899166271561661096e-04
9.004262723903853818e-04 -7.208919311180904876e-04
8.609217937567337957e-04 -1.185858159859757080e-03
7.572626378747610151e-04 -1.694360111122957631e-03
6.533971667414852080e-04 -2.145651702368280879e-03
6.122857590904284917e-04 -2.447863896957047907e-03
6.832337339589360497e-04 -2.535532474651208158e-03
8.918428178636786949e-04 -2.382163365440041584e-03
1.234499816622221030e-03 -2.005452082171281947e-03
1.678460972588999246e-03 -1.464164005143577625e-03
2.167529540878674384e-03 -8.472606773054114793e-04
2.632263322794323093e-03 -2.573250123043213872e-04
3.002789147259405256e-03 2.085825016902441605e-04
3.221805425801376258e-03 4.770182347589180943e-04
3.255315863855433312e-03 5.117808031575671280e-04
3.099064449662461244e-03 3.204937701919648206e-04
2.779453163722457338e-03 -4.709477812506754693e-05
2.348765898815822172e-03 -5.087682798257270886e-04
1.875597609208321925e-03 -9.656200569680918524e-04
1.432293133561992910e-03 -1.320962112208071138e-03
1.081764080782556241e-03 -1.498780511148094241e-03
8.661679068118205557e-04 -1.458240189692316079e-03
7.995789780712133287e-04 -1.201490947099572316e-03
8.660241462858944911e-04 -7.732957127548764024e-04
1.023238566963660147e-03 -2.525515434103355571e-04
1.211413725975919514e-03 2.626901730904597108e-04
1.365264113362154013e-03 6.738660254225958476e-04
1.427110734361225573e-03 9.006727834123337420e-04
1.358487626129491806e-03 8.964115171885154911e-04
1.148058101290896004e-03 6.569940651590353313e-04
8.143274261641609245e-04 2.219017262676703951e-04
4.026254965104106819e-04 -3.330905802264576710e-04
-2.308009402579342013e-05 -9.100525839714818013e-04
-3.919992171079912787e-04 -1.407228062318026125e-03
-6.397318937631993460e-04 -1.738090530633898661e-03
-7.203806760792590483e-04 -1.847522757247431306e-03
-6.152706485819801245e-04 -1.722061979797272170e-03
-3.366246785104720857e-04 -1.392275953820191125e-03
7.450584945852174474e-05 -9.268244553921947942e-04
5.556693811700827565e-04 -4.193345707195550508e-04
1.034403817349970620e-03 2.942192503399847139e-05
1.441441688303266933e-03 3.306720582844188032e-04
1.723243249711195252e-03 4.244797272117693853e-04
1.851498677437576987e-03 2.910894774008751431e-04
1.827815632633717543e-03 -4.537165752585580782e-05
1.682720930645906655e-03 -5.215340153682541252e-04
1.469182090444469055e-03 -1.046886284721707276e-03
1.251892224078325665e-03 -1.521043462297352444e-03
1.094363569132036744e-03 -1.852908540909027971e-03
1.046289157859426212e-03 -1.978095442243521778e-03
1.133580250984977077e-03 -1.871309376743360720e-03
1.352979091515439571e-03 -1.551335172759155546e-03
1.672278489122539045e-03 -1.077683475820232026e-03
2.036116125850518949e-03 -5.395241183452008198e-04
2.376253711060746353e-03 -3.899634655533360146e-05
2.624399536022544843e-03 3.279495578460559294e-04
2.725148881261273311e-03 4.895570392887912438e-04
2.646591833397102418e-03 4.117102334416972067e-04
2.386577150589285368e-03 1.042814459727353172e-04
1.973440804457618925e-03 -3.808189075972014397e-04
1.461053525519257802e-03 -9.595175702251180008e-04
9.191151524066368695e-04 -1.531506791762921472e-03
4.205216318174066423e-04 -1.999208381795680722e-03
2.818314439582243151e-05 -2.286182221943232340e-03
-2.162255564382508473e-04 -2.351494139008522555e-03
-2.994683106800990514e-04 -2.197324078755059397e-03
-2.385566923552428641e-04 -1.868376377342655537e-03
-7.683910366978089043e-05 -1.443207051618265388e-03
1.248733472148230098e-04 -1.019114318318698875e-03
3.004481869553824163e-04 -6.934580418200760347e-04
3.915264659419544040e-04 -5.449505783954140207e-04
3.590782786547544155e-04 -6.184673755864835039e-04
1.912190885815473300e-04 -9.162595727204244679e-04
-9.420307487774262981e-05 -1.397238851330618713e-03
-4.527472387059468619e-04 -1.984476385285721938e-03
-8.216569539108956217e-04 -2.579502335875893081e-03
-1.131711352500859753e-03 -3.080704439872862174e-03
-1.320406359388554820e-03 -3.402347712910149761e-03
-1.343968209057314935e-03 -3.490619176490303635e-03
-1.185919998691286259e-03 -3.333664188436884657e-03
-8.605722653951628637e-04 -2.963717885013334580e-03
-4.107674448782572588e-04 -2.450931168377472498e-03
9.970594647461734396e-05 -1.890062364031425959e-03
5.976060394917890543e-04 -1.382555555720901743e-03
1.013475545934119752e-03 -1.017399107999166679e-03
1.294133811346831779e-03 -8.543878298098090459e-04
1.412073816306857630e-03 -9.129561032136632344e-04
1.370001285018075578e-03 -1.168693491681077959e-03
1.199672781054569913e-03 -1.558198790080985233e-03
9.552686432126736640e-04 -1.991348809539293229e-03
7.025705563771407740e-04 -2.368653529163895939e-03
5.060067134746917957e-04 -2.600405576999690292e-03
4.160297519645917742e-04 -2.623991803393703991e-03
4.592278151053284883e-04 -2.416082403172020460e-03
6.330495082223979797e-04 -1.997382796451313124e-03
9.061476173779816875e-04 -1.429041672194424940e-03
1.224280131519507207e-03 -8.013885969482503714e-04
1.520652321630187051e-03 -2.171272266687089862e-04
1.728740164147319312e-03 2.278396198725086540e-04
1.795163022399590656e-03 4.623278212992767500e-04
1.690161724058062993e-03 4.531448862073060493e-04
1.413689283658816579e-03 2.112088051908007002e-04
9.959501559644837361e-04 -2.106426177235248723e-04
4.922732193120669822e-04 -7.277349743422901812e-04
-2.672496060370302406e-05 -1.239622602604234861e-03
-4.878394652137269189e-04 -1.649094006774699328e-03
-8.284506408122857199e-04 -1.880519605513904626e-03
-1.007694320953359760e-03 -1.894069584671546165e-03
-1.013530352045969533e-03 -1.693112550141461121e-03
-8.643874044706463099e-04 -1.323397730383168254e-03
-6.050882642527497185e-04 -8.641800047264941356e-04
-2.978416500155108416e-04 -4.129732951676451185e-04
-1.001926875974297644e-05 -6.682485207264925002e-05
1.989562505124322202e-04 9.633786162545321906e-05
2.891206007323623159e-04 3.274944808795638221e-05
2.476880285741856922e-04 -2.586166646782274208e-04
9.151623310109358554e-05 -7.355674269848647964e-04
-1.361527680345571293e-04 -1.320402687059075465e-03
-3.740580833657012531e-04 -1.914366701713616711e-03
-5.548045312975724477e-04 -2.416107871605936534e-03
-6.180103320504720795e-04 -2.740656424137951058e-03
-5.222203157837365054e-04 -2.835331011247423962e-03
-2.533185863065945181e-04 -2.689565903231181786e-03
1.721645826099242127e-04 -2.336800706886884085e-03
7.094917774758951069e-04 -1.848076544416947867e-03
1.293456961661388445e-03 -1.318552023961533674e-03
1.849974613534731589e-03 -8.494919799443096872e-04
2.309342151857141263e-03 -5.291382293478993568e-04
2.618681716281920802e-03 -4.160823707374720990e-04
2.751222584445459692e-03 -5.282860568341059878e-04
2.710683146303137329e-03 -8.398240801609573817e-04
2.529938273436585245e-03 -1.285962658203324829e-03
2.264238630480146404e-03 -1.775606507183511221e-03
1.980278381158574134e-03 -2.208752601687905253e-03
1.743191874516133392e-03 -2.495640208589836300e-03
1.603949833599741231e-03 -2.573965424084408756e-03
1.589547531123054139e-03 -2.420894886558374280e-03
1.697846259790017657e-03 -2.057598204469208818e-03
1.898045725695776589e-03 -1.545435446380999823e-03
2.136696192041888463e-03 -9.745165168886165763e-04
2.348107707609596671e-03 -4.467941189135267357e-04
2.467178720919081369e-03 -5.688768233365532924e-05
2.442205970394671112e-03 1.257339989633038391e-04
2.245238981940218467e-03 6.984014150037288343e-05
1.878005574719003156e-03 -2.116811760481144764e-04
1.372271838689204234e-03 -6.642615842362847595e-04
7.845526484537213756e-04 -1.201948973937874785e-03
1.861576430444536771e-04 -1.723613604021162655e-03
-3.495596324387995101e-04 -2.131997259088533238e-03
-7.603521956006364371e-04 -2.352001447484760449e-03
-1.006156443641592017e-03 -2.344755461080955117e-03
-1.076013924673039756e-03 -2.114804842848904895e-03
-9.895422629421701463e-04 -1.709063984751228076e-03
-7.926900370835737080e-04 -1.207736440950513569e-03
-5.485909167442023105e-04 -7.089277236162344620e-04
-3.252582336105581257e-04 -3.098698115975007366e-04
-1.824571405495802393e-04 -8.831817381597874446e-05
-1.602448066994696272e-04 -8.764930962878157185e-05
-2.713507380418302964e-04 -3.084858519825941191e-04
-4.988396392131784268e-04 -7.084398973172604782e-04
-7.994964609241828448e-04 -1.210027534167362490e-03
-1.112287335923676460e-03 -1.715259709578242746e-03
-1.370286669671726566e-03 -2.124149689808585775e-03
-1.513802196613310124e-03 -2.353634956548344721e-03
-1.502201065157819128e-03 -2.353332024320861811e-03
-1.322184331468066656e-03 -2.115141415727861060e-03
-9.909284022850371743e-04 -1.674883540356752239e-03
-5.534829212821581980e-04 -1.105654207563862550e-03
-7.490152132707289414e-05 -5.041554539507780638e-04
3.714210210171784831e-04 2.741339241141120282e-05
7.170131836245524810e-04 4.004796245832474523e-04
9.106967504501302163e-04 5.566197789434134107e-04
9.277349667144853089e-04 4.783578409917192990e-04
7.740399499853314142e-04 1.922002815232313859e-04
4.846543458920462861e-04 -2.366605613933195275e-04
1.168044136505025246e-04 -7.169654743528934083e-04
-2.611525761095986756e-04 -1.148933942837404923e-03
-5.827887069925579127e-04 -1.443407790961087275e-03
-7.961979277493877374e-04 -1.538962037846791078e-03
-8.737361978885061029e-04 -1.413737423838156392e-03
-8.170673550296762193e-04 -1.089749032769077699e-03
-6.565640816359114614e-04 -6.288507271415055616e-04
-4.451845157754505595e-04 -1.211158310900377810e-04
-2.479932229903660358e-04 3.321686821593638626e-04
-1.293219109238942077e-04 6.376763955069889196e-04
-1.400138565505885165e-04 7.277543889927344523e-04
-3.071815493098178050e-04 5.733209459117804283e-04
-6.284322351193342157e-04 1.895048000717630254e-04
-1.071670750455680499e-03 -3.670439195793462122e-04
-1.580533293261220497e-03 -1.008664902131080170e-03
-2.084439476842768826e-03 -1.633034671276290418e-03
-2.511375053433474811e-03 -2.142258871569121745e-03
-2.800999756786588021e-03 -2.461100193628217980e-03
-2.915611888888202871e-03 -2.550896563697539580e-03
-2.846905491099753147e-03 -2.416540716285191757e-03
-2.617250698150822528e-03 -2.105206387771835566e-03
-2.275262738520875214e-03 -1.697069282008661700e-03
-1.886504124914766467e-03 -1.289786728715024752e-03
-1.521083614652859756e-03 -9.796815745301348799e-04
-1.240500558136771892e-03 -8.431995823115305804e-04
-1.086223580394417298e-03 -9.221573727360434739e-04
-1.072161644013767956e-03 -1.215579628344267077e-03
-1.182446131138486329e-03 -1.679675920473697095e-03
-1.374934715798443704e-03 -2.235965503980331340e-03
-1.589762363121438940e-03 -2.786014745583747804e-03
-1.761307360338828371e-03 -3.229998816578337484e-03
-1.831292184374056159e-03 -3.485574166718622378e-03
-1.760522991136069960e-03 -3.503488424304126037e-03
-1.537028499114002911e-03 -3.276971101158546000e-03
-1.179040391097179504e-03 -2.843125071679469817e-03
-7.322340721575312621e-04 -2.276052484174320191e-03
-2.617357683437358308e-04 -1.673012958524172774e-03
1.596063180116857948e-04 -1.136230466788759781e-03
4.644805532664597440e-04 -7.537885332788106778e-04
6.034027292718601929e-04 -5.832254615892264096e-04
5.537232410065900078e-04 -6.409296286371030278e-04
3.236542330194003671e-04 -8.993363735224953063e-04
-4.943902801037106673e-05 -1.292450660815565354e-03
-5.061547567384336137e-04 -1.728643250477113636e-03
-9.762300577910785863e-04 -2.108291056930726177e-03
-1.391660089363207665e-03 -2.342915465256012637e-03
-1.699280496159829863e-03 -2.372189201160218933e-03
-1.870436765850464703e-03 -2.175586529564132315e-03
-1.905918102960805615e-03 -1.776466538198564257e-03
-1.835232217679272403e-03 -1.237812843221327858e-03
-1.710370866355703226e-03 -6.504337656916896974e-04
-1.595260766589512609e-03 -1.158555429374567066e-04
-1.552912784111668649e-03 2.728530521146179440e-04
-1.632719086454628103e-03 4.486936780169453309e-04
-1.860320551092299341e-03 3.834528822432084483e-04
-2.231980275396732924e-03 9.310858415681228135e-05
-2.714545656325599837e-03 -3.650979662490157944e-04
-3.251022768812637798e-03 -9.033739406763826663e-04
-3.770723146541048090e-03 -1.419846427224019398e-03
-4.202075967308586089e-03 -1.817679674322420164e-03
-4.485692279362312254e-03 -2.023223575970601283e-03
-4.585218194606239389e-03 -1.999762642642685141e-03
-4.493930383117619373e-03 -1.754267917417043268e-03
-4.235830944523808449e-03 -1.335879200283702703e-03
-3.861037684834674102e-03 -8.264106647041243947e-04
-3.436343338374720294e-03 -3.246830249702409169e-04
-3.032729388645087100e-03 7.234608190246683869e-05
-2.712194217663590947e-03 2.880761410906436826e-04
-2.516382708163426938e-03 2.808766556930757888e-04
-2.459161063928460254e-03 5.204896057469461570e-05
-2.524531556913747754e-03 -3.543727936449400651e-04
-2.670269026765991621e-03 -8.599451452648307435e-04
-2.836576074282910059e-03 -1.366687746456901175e-03
-2.958102462444365567e-03 -1.775688236660221677e-03
-2.977036449314587885e-03 -2.005915486192172068e-03
-2.854772412252234732e-03 -2.009676820441606750e-03
-2.579928698755642753e-03 -1.781789471159254176e-03
-2.171181110193009557e-03 -1.360725942203730530e-03
-1.674359850967949799e-03 -8.215120294500796814e-04
-1.154345119404640452e-03 -2.617172909953746759e-04
-6.832828680298813802e-04 2.168147414467098705e-04
-3.273408255415454632e-04 5.270429450727158590e-04
-1.345033386894531205e-04 6.130053407509325871e-04
-1.257091826441358168e-04 4.602200430434656101e-04
-2.910059562232959621e-04 9.824669866704074678e-05
-5.914473508966427333e-04 -4.050712265412352185e-04
-9.663747704648798171e-04 -9.565881867069509761e-04
-1.344707825628554997e-03 -1.455599914089077346e-03
-1.658111630427393322e-03 -1.812985064641029756e-03
-1.853555785245074045e-03 -1.968117820904554532e-03
-1.902897233255219792e-03 -1.900347021064865711e-03
-1.807684559821625412e-03 -1.632867088568365835e-03
-1.598287669271016963e-03 -1.228247559602080839e-03
-1.327532469641905851e-03 -7.764683766903880766e-04
-1.060061521427157040e-03 -3.777280727400396040e-04
-8.594513759787777421e-04 -1.232826213875179953e-04
-7.755422085924848063e-04 -7.794647654340257359e-05
-8.343948879738454080e-04 -2.675733796624886300e-04
-1.032792481696555298e-03 -6.738923064375471495e-04
-1.338341707956338354e-03 -1.237681845322990233e-03
-1.695168147937109546e-03 -1.869687919911776830e-03
-2.034138190754482094e-03 -2.467223931708573299e-03
-2.285681602634793107e-03 -2.933316646384781685e-03
-2.392794005700272890e-03 -3.194779155992738713e-03
-2.321762123126781992e-03 -3.215795282688542738e-03
-2.068583348249952020e-03 -3.004449407447609254e-03
-1.659863909522479603e-03 -2.610971047810150929e-03
-1.148022807457993542e-03 -2.118031742057114360e-03
-6.017043879532864639e-04 -1.624935996646893147e-03
-9.320727601319818163e-05 -1.228703417659349640e-03
3.146998450186403373e-04 -1.005626926449616158e-03
5.800909624167099226e-04 -9.968008788175870046e-04
6.891953325319842387e-04 -1.200360232437879850e-03
6.583400393977323524e-04 -1.571900177654851323e-03
5.301703626737439565e-04 -2.032995681999064976e-03
3.648798620847629789e-04 -2.486205701609636720e-03
2.281271697903536040e-04 -2.833717995806601594e-03
1.779436451601028183e-04 -2.996100241521508761e-03
2.531265486952236987e-04 -2.927602202888437890e-03
4.653301818181293644e-04 -2.625106057862823354e-03
7.963659756335135899e-04 -2.129024117671266588e-03
1.201234638672984533e-03 -1.515967486857006542e-03
1.616326267860638578e-03 -8.845670812205543194e-04
1.971243679213110795e-03 -3.371248692605105296e-04
2.202015848908865387e-03 3.943725027627433682e-05
2.263202663449401502e-03 1.897303751470745797e-04
2.136599529205992273e-03 1.001012352293535832e-04
1.834891592839288897e-03 -1.990413311900187223e-04
1.399561035209073191e-03 -6.392111803748376682e-04
8.934366091286986009e-04 -1.127003054667704077e-03
3.892867856281466031e-04 -1.561928829450321115e-03
-4.339504250303483773e-05 -1.855551617175145614e-03
-3.509242851531854234e-04 -1.948292765887554455e-03
-5.049191905868366179e-04 -1.820728445183357816e-03
-5.069732190787499052e-04 -1.497236932731313072e-03
-3.876374656641389514e-04 -1.041307112985523494e-03
-1.999225540294777867e-04 -5.433986120523405083e-04
-8.567093851249865753e-06 -1.036552467618257313e-04
1.228790554764816988e-04 1.872511713894792554e-04
1.446955275230570525e-04 2.655148624683185575e-04
3.094844429261381022e-05 1.065291242466829928e-04
-2.151344226885002668e-04 -2.701826661850154597e-04
-5.613990520190060424e-04 -8.043780050827071659e-04
-9.525754542600903653e-04 -1.406208809526238298e-03
-1.320569293349126410e-03 -1.972939841581868373e-03
-1.597290332254809510e-03 -2.408112978718135195e-03
-1.727590288038745835e-03 -2.639534993440421744e-03
-1.679859350125315585e-03 -2.632688934399529321e-03
-1.452271335264109431e-03 -2.397035255593401963e-03
-1.073488842599946026e-03 -1.984014542568791634e-03
-5.976863716396947634e-04 -1.477134241778111159e-03
-9.482306593057313136e-05 -9.760198483340566016e-04
3.620057020331522474e-04 -5.774529195547780259e-04
7.097571872934425700e-04 -3.569878647508399616e-04
9.066887901728465371e-04 -3.546288930067011992e-04
9.395509393188320683e-04 -5.672787414348470563e-04
8.253802856287781320e-04 -9.493876325023689437e-04
6.075706802282795048e-04 -1.421677309583436240e-03
3.469826145483365012e-04 -1.886285167509995590e-03
1.097905935373106809e-04 -2.245457119589662140e-03
-4.561544576885611605e-05 -2.420245257149509274e-03
-8.018080749796487831e-05 -2.365664923124984401e-03
1.801028733455626619e-05 -2.079435812039187766e-03
2.311656577979252607e-04 -1.602646264616512184e-03
5.149450038034566243e-04 -1.012209076497027488e-03
8.067557138748045762e-04 -4.065313546299412586e-04
1.037616686474885502e-03 1.128940425191511708e-04
1.145343995118366671e-03 4.604954552374532044e-04
1.086559318411088257e-03 5.826340266501791937e-04
8.452424058898237681e-04 4.675928298300389583e-04
4.362007946498526250e-04 1.476560420909981373e-04
-9.720986027481976150e-05 -3.071123711687773639e-04
-6.906948787435057474e-04 -8.022101922528897472e-04
-1.270531755229678365e-03 -1.236631156529387947e-03
-1.766818741567679086e-03 -1.521995602830185021e-03
-2.125968219784106061e-03 -1.599255728903968814e-03
-2.320095997576279712e-03 -1.449813750573490830e-03
-2.351545748274667079e-03 -1.098950009120652814e-03
-2.251708907657044845e-03 -6.109149383424351647e-04
-2.074380023508775022e-03 -7.661792681601628280e-05
-1.884921401290332683e-03 4.037515171844613718e-04
-1.747303161266410346e-03 7.398748126336735257e-04
-1.711485534065342300e-03 8.685960926471876812e-04
-1.803543542004227423e-03 7.660749969890184126e-04
-2.020412821610051337e-03 4.524936143083065272e-04
-2.330258021667010616e-03 -1.157945818876330310e-05
-2.678398138185827601e-03 -5.364851375974302597e-04
-2.997668425880565830e-03 -1.020296456254214928e-03
-3.221255915963984473e-03 -1.367987355747111002e-03
-3.295574669613082330e-03 -1.509322471541998164e-03
-3.190736922351756176e-03 -1.412084194458511658e-03
-2.906629171201812693e-03 -1.088135383740018985e-03
-2.473432325211854643e-03 -5.911717937408542210e-04
-1.946475162830304606e-03 -6.590888720099380286e-06
-1.396381726028760907e-03 5.646044876085899158e-04
-8.963631072597974623e-04 1.024820590827460595e-03
-5.090438979604949539e-04 1.298206797913992140e-03
-2.753011793039274310e-04 1.344840306912594655e-03
-2.072127734891450425e-04 1.168079151353853965e-03
-2.864337122440015161e-04 8.136954946303513476e-04
-4.682927745638614902e-04 3.609582279845414922e-04
-6.908189530800909212e-04 -9.264115823109583814e-05
-8.869756652894317511e-04 -4.501213883069928381e-04
-9.977748708938146294e-04 -6.336496612618681967e-04
-9.837786250454824254e-04 -5.995498640466301451e-04
-8.328031168375300093e-04 -3.468325742695698745e-04
-5.623616378213606602e-04 8.237454353032065343e-05
-2.163815515106738002e-04 6.105834271133981890e-04
1.431829509490917414e-04 1.139426250777048023e-03
4.482515470067831732e-04 1.568123151980416793e-03
6.377734626437506823e-04 1.812444574507162840e-03
6.696397182482963185e-04 1.820581306132830609e-03
5.290868173864861964e-04 1.582919921727137663e-03
2.319891707014648898e-04 1.133874379632906050e-03
-1.775962968735466589e-04 5.454276608086175903e-04
-6.351829064874225375e-04 -8.639400456685660413e-05
-1.067451840996941868e-03 -6.595546068436737488e-04
-1.405514686353238635e-03 -1.085137286190274945e-03
-1.597345914606525296e-03 -1.303950014381670668e-03
-1.617047282125645257e-03 -1.297467973631033066e-03
-1.469205375147712711e-03 -1.091045696856268992e-03
-1.187531644995340474e-03 -7.487964102536894505e-04
-8.280555298727095784e-04 -3.611143614361451721e-04
-4.581709617090485914e-04 -2.720935927565885492e-05
-1.436197758691514729e-04 1.640325567331781583e-04
6.411597360497388234e-05 1.512313389124368950e-04
1.376205457596983662e-04 -8.752232550075073579e-05
7.869048215996231332e-05 -5.301920189090115858e-04
-8.215442182644635844e-05 -1.114664113638227320e-03
-2.917000929951873316e-04 -1.750233275303903716e-03
-4.844606107536763998e-04 -2.334535552865619600e-03
-5.955133430361665182e-04 -2.772727449085819317e-03
-5.733069857209710908e-04 -2.995283271074359200e-03
-3.900058281922699896e-04 -2.971043778506862743e-03
-4.739833083029158355e-05 -2.713047327775115324e-03
4.227634512397472188e-04 -2.276040304580076012e-03
9.640736468906819416e-04 -1.746138095810914051e-03
1.505442644905868356e-03 -1.224593080322454799e-03
1.973856455582925946e-03 -8.087409218941619873e-04
2.307526106016222125e-03 -5.737297701029122482e-04
2.466953467095345069e-03 -5.584878595826412665e-04
2.441833542646377510e-03 -7.585817021853498302e-04
2.252500355510966314e-03 -1.127311709169474862e-03
1.945655136901405053e-03 -1.584831839840926708e-03
1.585196277381256073e-03 -2.033560183706893676e-03
1.239895837101197360e-03 -2.376955996801475603e-03
9.702621774174474342e-04 -2.538101213545522483e-03
8.170799005195463708e-04 -2.474561547496164846e-03
7.937981138535445038e-04 -2.186706948805374612e-03
8.842067543843005898e-04 -1.717909973982621654e-03
1.045836842574493107e-03 -1.146578980009299933e-03
1.218434229659264706e-03 -5.715296925735652116e-04
1.335893404332782856e-03 -9.346075882863248783e-05
1.339380632923629997e-03 2.039626010702556575e-04
1.189148625914840472e-03 2.698376340174134247e-04
8.727910925211545146e-04 9.558913137551765162e-05
4.083583880521685192e-04 -2.834399698162506573e-04
-1.582723961145772202e-04 -7.946740267847945309e-04
-7.612921542662521180e-04 -1.342001667247624342e-03
-1.326641789399833410e-03 -1.823893109670580819e-03
-1.785286623832528681e-03 -2.152510509767969864e-03
-2.085586085023627845e-03 -2.270196748026165248e-03
-2.202431795453348509e-03 -2.160225104864323814e-03
-2.141437665704298918e-03 -1.849779476867496409e-03
-1.937400731628835786e-03 -1.404606301485295580e-03
-1.647334265116930660e-03 -9.163565469374253692e-04
-1.339400150134630561e-03 -4.850203505275383796e-04
-1.079841538492511003e-03 -1.997860533025296818e-04
-9.203928832275625046e-04 -1.219535503369853502e-04
-8.885514416376180885e-04 -2.731426015578789033e-04
-9.825499156882210906e-04 -6.310337436838845760e-04
-1.171977199627234926e-03 -1.133452634683973633e-03
-1.403922321614234532e-03 -1.690028220308933959e-03
-1.613468612700832191e-03 -2.199220300625650670e-03
-1.736539411736552239e-03 -2.567494583169403852e-03
-1.722649614971281939e-03 -2.727015813333433757e-03
-1.545133782444677376e-03 -2.648509250606839380e-03
-1.206898245010312905e-03 -2.346854680108116740e-03
-7.405914706192565349e-04 -1.878352292563710037e-03
-2.031435186096919505e-04 -1.330175781971418671e-03
3.343083153447907107e-04 -8.040065116482082979e-04
7.992164795372016682e-04 -3.969436595370708695e-04
1.130735212092141926e-03 -1.833004089502362609e-04
1.290679215125986774e-03 -2.007279729740931579e-04
1.270266695137914174e-03 -4.432894032407229618e-04
1.091380864363910175e-03 -8.627889769969135673e-04
8.021197929347687440e-04 -1.378099692728323522e-03
4.674836611476534801e-04 -1.890717031199950918e-03
1.569667056745099572e-04 -2.303588392956064899e-03
-6.859532222316510469e-05 -2.539647691729248445e-03
-1.684329871687129197e-04 -2.556540843498051729e-03
-1.293499858303774662e-04 -2.354749686204612828e-03
3.208627845312716446e-05 -1.977572519383729091e-03
2.730767134381959166e-04 -1.502962147240708172e-03
5.331658989378804548e-04 -1.028764920571391406e-03
7.462248133467947299e-04 -6.541546897619847237e-04
8.535582784708467801e-04 -4.607770137990672456e-04
8.156403389379824611e-04 -4.971747915171167900e-04
6.202397614680203340e-04 -7.694460976041775802e-04
2.853809006640811935e-04 -1.239905863062389264e-03
-1.434369886197938175e-04 -1.834008384210357575e-03
-6.012514503850797292e-04 -2.454224250932357868e-03
-1.015377817051348920e-03 -2.998249157901656733e-03
-1.318670562406185943e-03 -3.378102389373353019e-03
-1.461806787538674421e-03 -3.536504738367450724e-03
-1.422277018538386107e-03 -3.457441042104528531e-03
-1.208389928940737084e-03 -3.168913789151431466e-03
-8.575394429288424108e-04 -2.737372854079474747e-03
-4.290666518633337936e-04 -2.254882371892049861e-03
6.930094503015428713e-06 -1.821460673714859948e-03
3.827189208386527156e-04 -1.525942734736633914e-03
6.455103461064048932e-04 -1.428993768221216605e-03
7.671099131925144220e-04 -1.551494585490328145e-03
7.488278485566821465e-04 -1.870501403993618181e-03
6.207262185425406649e-04 -2.323547687007775347e-03
4.353580596832052111e-04 -2.820475092279345428e-03
2.571974368832782225e-04 -3.260553980565301935e-03
1.497765271301424979e-04 -3.551651341677820872e-03
1.629808913044275770e-04 -3.627815301084868355e-03
3.229246883646473337e-04 -3.461944200188932924e-03
6.263392605215237956e-04 -3.071138039775467374e-03
1.040553727370995300e-03 -2.513714802772777732e-03
1.509086815943414808e-03 -1.878451647684764494e-03
1.961805718635275045e-03 -1.268082506807947409e-03
2.327741682824668694e-03 -7.801706114358595776e-04
2.548147313640370358e-03 -4.889710945157024931e-04
2.587332824853941574e-03 -4.317110690411562427e-04
2.439236796594444930e-03 -6.018780114900090577e-04
2.128492245688803994e-03 -9.507803052313506392e-04
1.705788579870377592e-03 -1.397077681975520368e-03
1.238407482314388477e-03 -1.842470578084594215e-03
7.977220079897815288e-04 -2.190571761085523261e-03
4.460206909214635852e-04 -2.365381680180748698e-03
2.251439126894737167e-04 -2.325864800227136694e-03
1.490744617048204426e-04 -2.073863312104290771e-03
2.018735479712773862e-04 -1.653847093635008991e-03
3.413397049586045320e-04 -1.144545552573285373e-03
5.076830135058140727e-04 -6.440451231508112625e-04
6.355563991027939020e-04 -2.511744527231065663e-04
6.671494223516737272e-04 -4.670322899228990937e-05
5.638485102494761748e-04 -7.791686007178671644e-05
3.142391194361479406e-04 -3.494909421064520310e-04
-6.308153710609493928e-05 -8.223974643596260485e-04
-5.224290869183783464e-04 -1.421054684864968493e-03
-9.991542207067106475e-04 -2.047372351154506075e-03
-1.421437111088597743e-03 -2.599038854380104988e-03
-1.723531397446086393e-03 -2.988594093167875991e-03
-1.857958493427448905e-03 -3.159683286278816561e-03
-1.804349374783774992e-03 -3.097420828663191485e-03
-1.573263292199391511e-03 -2.830908446344344333e-03
-1.204261368272268456e-03 -2.427437221049896874e-03
-7.585982456322588668e-04 -1.979477293549226479e-03
-3.079114363047128042e-04 -1.586924151897971171e-03
7.895662674030151044e-05 -1.337967908182799816e-03
3.485175821166020026e-04 -1.292211946330373363e-03
4.722102228151211513e-04 -1.469240578032370579e-03
4.511879304019387354e-04 -1.844802697021965740e-03
3.154284099651712700e-04 -2.355335423075612371e-03
1.173499356311054061e-04 -2.909971625097237339e-03
-7.884066230750142856e-05 -3.407757216403880900e-03
-2.100343879375948103e-04 -3.756816738068996173e-03
-2.268838169374885663e-04 -3.891835962005051747e-03
-1.038296272849867016e-04 -3.786548086657094084e-03
1.554245683147992274e-04 -3.458855396693878530e-03
5.180406327909121110e-04 -2.967612040741289797e-03
9.277666911346808517e-04 -2.401671958971158746e-03
1.315178752977630514e-03 -1.863270125582893464e-03
1.610513578264451563e-03 -1.448877950371486260e-03
1.756670281707894531e-03 -1.231151813989998225e-03
1.719923788157802849e-03 -1.245386766160435895e-03
1.496323961512509076e-03 -1.483034576266333959e-03
1.112568537740109362e-03 -1.893508063549302015e-03
6.211817693736938241e-04 -2.393925140032500225e-03
9.090635705516134351e-05 -2.884943243244733439e-03
-4.058798132672229286e-04 -3.269682338633642712e-03
-8.063494935180977406e-04 -3.472150633643204115e-03
-1.068529726881188189e-03 -3.451682132924344462e-03
-1.178596698938462082e-03 -3.210651174421029833e-03
-1.152795596588316153e-03 -2.794002955871388409e-03
-1.033638048933012508e-03 -2.280689572299510540e-03
-8.811138860751596344e-04 -1.768634635890873425e-03
-7.605982164992106196e-04 -1.356075747300435497e-03
-7.297603971337707262e-04 -1.122820733473021970e-03
-8.269699101776153407e-04 -1.114970625581497912e-03
-1.063409802119182892e-03 -1.336006572099731129e-03
-1.420405047270835268e-03 -1.745933418935667917e-03
-1.852484165696317289e-03 -2.268647587526994008e-03
-2.295604960345551480e-03 -2.806139903055308513e-03
-2.678995292766265645e-03 -3.256849966880810687e-03
-2.938372990954708774e-03 -3.534702548846068663e-03
-3.028045379689858589e-03 -3.585227143879701848e-03
-2.929598512510353005e-03 -3.395713786970622206e-03
-2.655529338733708406e-03 -2.997486952544443223e-03
-2.247129038887816198e-03 -2.459871172632246365e-03
-1.767011841823851485e-03 -1.876994442090436192e-03
-1.287695210895327402e-03 -1.349930822397946237e-03
-8.783828738250249596e-04 -9.675652982058433570e-04
-5.924406481030569660e-04 -7.898049675979566895e-04
-4.579223347017759901e-04 -8.363154423842750641e-04
-4.729242743156393232e-04 -1.082914219053363047e-03
-6.066320791251543065e-04 -1.466302043129218352e-03
-8.058448550799215872e-04 -1.896233640414438266e-03
-1.005725078275024331e-03 -2.272819745271200363e-03
-1.142722565935935580e-03 -2.505680007330847447e-03
-1.167210101995238116e-03 -2.531315231458800170e-03
-1.053424015429920433e-03 -2.325404005092793908e-03
-8.048147795835595411e-04 -1.907689378378979363e-03
-4.537835608037341551e-04 -1.338524015221458649e-03
-5.584565740674944493e-05 -7.077215329768301189e-04
3.206807655453338844e-04 -1.178185642593987566e-04
6.075125971907232442e-04 3.350894397911072893e-04
7.493374144644176322e-04 5.793159174399985971e-04
7.143968503272690555e-04 5.809577552522548344e-04
5.007105871706596639e-04 3.501491412566425706e-04
1.367568461903231913e-04 -6.098527429101508520e-05
-3.235274300131668872e-04 -5.682870034553855025e-04
-8.104900803893467370e-04 -1.071542430269763375e-03
-1.251417967301046881e-03 -1.473456603328146715e-03
-1.583719453153296930e-03 -1.698028998042704334e-03
-1.766153834967393744e-03 -1.704852383589037026e-03
-1.785997142687309556e-03 -1.496628883281937456e-03
-1.660803636001716979e-03 -1.118482598788191843e-03
-1.434445717349814220e-03 -6.492023920480680371e-04
-1.168198044987410564e-03 -1.860772734933822795e-04
-9.285693186590340212e-04 1.737991753894309321e-04
-7.741999945767189884e-04 3.522096954489020541e-04
-7.443196841162471721e-04 3.049361744731506714e-04
-8.509610005770434178e-04 3.045434893948696826e-05
-1.076413407747763094e-03 -4.294527637889731294e-04
-1.376406277269299041e-03 -9.972857798986006599e-04
-1.688423204373636164e-03 -1.574193765099519970e-03
-1.943575570425859446e-03 -2.058399682223336670e-03
-2.079786872969145023e-03 -2.364203969824604790e-03
-2.053788618855334133e-03 -2.437973770071884261e-03
-1.849651127156668341e-03 -2.268095429394951807e-03
-1.482226333063042540e-03 -1.887010158259474265e-03
-9.948408919679099967e-04 -1.364950896045337729e-03
-4.516646062116837202e-04 -7.965688348347571991e-04
7.381428073265300718e-05 -2.829833823467797771e-04
5.120395920161438389e-04 8.734512264954629249e-05
8.098704284111239281e-04 2.552987533743654360e-04
9.399498905751711535e-04 2.021839774488102441e-04
9.052020608961732200e-04 -4.688356143386733770e-05
7.376222601363599963e-04 -4.279289431568406043e-04
4.916055650460272137e-04 -8.504610472662996537e-04
2.330917739740603466e-04 -1.214866681382970222e-03
2.659582991265555061e-05 -1.431556602971948257e-03
-7.740854985698617050e-05 -1.438232052488169418e-03
-5.235308685369241544e-05 -1.211995926252196253e-03
9.918869337472162491e-05 -7.740086598647872348e-04
3.458900412217248287e-04 -1.858004830744433382e-04
6.336140867700584866e-04 4.620683368011757565e-04
8.957867802112174423e-04 1.066858492487360961e-03
1.066233639625328812e-03 1.532829160933127160e-03
1.092045216357754884e-03 1.789116286981655771e-03
9.440282828378665936e-04 1.802931223624306160e-03
6.227545563901852209e-04 1.585584660184886268e-03
1.590502415026823170e-04 1.190198451488789447e-03
-3.911795748706647599e-04 7.015409325108884486e-04
-9.568265101530845206e-04 2.199117456952952689e-04
-1.464300555477807174e-03 -1.578720662116822777e-04
-1.850705836978840200e-03 -3.567890683557343101e-04
-2.074992898150577244e-03 -3.377595881470195609e-04
-2.124993059295225781e-03 -1.049489623850970686e-04
-2.019019704804469496e-03 2.951516413814297447e-04
-1.801749270977076990e-03 7.826886972160998750e-04
-1.535176649523880502e-03 1.259752146116125109e-03
-1.286370857307628972e-03 1.629120212716310889e-03
-1.114360882655926217e-03 1.812888315835598473e-03
-1.058644266119916980e-03 1.767448894619168048e-03
-1.131501452513755668e-03 1.491979831045438893e-03
-1.315575910932640117e-03 1.028828329030861011e-03
-1.567180413773364579e-03 4.557118617177227052e-04
-1.824703022965198755e-03 -1.287924827325733390e-04
-2.020518105479922766e-03 -6.237276758832178015e-04
-2.094141488187243987e-03 -9.447107895573622800e-04
-2.004130874274717960e-03 -1.039776259515354587e-03
-1.736468000838576730e-03 -8.991114750448390416e-04
-1.307823207130848556e-03 -5.568434147463564073e-04
-7.630703878040070304e-04 -8.453925168754375646e-05
-1.675076082006409536e-04 4.223481494759806000e-04
4.047598850909453917e-04 8.625239940629437444e-04
8.840915129176455745e-04 1.147969613096124202e-03
1.217742210340485003e-03 1.220517298327382285e-03
1.379115474310210667e-03 1.062746745948776102e-03
1.372102946191445334e-03 7.011438273127954110e-04
1.229704254079411240e-03 2.009281072070881078e-04
1.007202536292494581e-03 -3.464664906575566031e-04
7.712002844107067800e-04 -8.408820072518361118e-04
5.866020426742882352e-04 -1.192580422900632858e-03
5.040170797878293883e-04 -1.339410731638430259e-03
5.499732689417622397e-04 -1.258742924409849643e-03
7.217986375378825700e-04 -9.719037463847483675e-04
9.881406988218343658e-04 -5.402691928414026911e-04
1.295023638400382001e-03 -5.374895262784610129e-05
1.576292361114160897e-03 3.861608298509169629e-04
1.766459374550441398e-03 6.855509219095860460e-04
1.813513275783554301e-03 7.758706390041992824e-04
1.689252839056978438e-03 6.269344386031108600e-04
1.395177433018163909e-03 2.527014930196139902e-04
9.628043989909555560e-04 -2.912662636652774768e-04
4.483381038701632869e-04 -9.181874108955083696e-04
-7.731591250674762746e-05 -1.526321635620056126e-03
-5.413172786825214307e-04 -2.018031680611106961e-03
-8.820367185347274819e-04 -2.318041085737816004e-03
-1.060108372235835615e-03 -2.387435185266378879e-03
-1.065310926673528362e-03 -2.230759477242862977e-03
-9.179885892974895024e-04 -1.894877008373659294e-03
-6.647552811312148254e-04 -1.459807228022805964e-03
-3.693060625408902363e-04 -1.023287310929048679e-03
-1.000841736179814952e-04 -6.819856897103576980e-04
8.285480323281526564e-05 -5.129313872888256829e-04
1.392905190543726468e-04 -5.586816800798454115e-04
5.642817130585770554e-05 -8.190424349693803613e-04
-1.488045907424420992e-04 -1.250914248489627852e-03
-4.331855582159005805e-04 -1.776298306722863193e-03
-7.356956905906666521e-04 -2.296950138101641527e-03
-9.894695177584793017e-04 -2.712909847614524469e-03
-1.134925245777717792e-03 -2.941402517435389320e-03
-1.131576400426603140e-03 -2.932531407905019597e-03
-9.662749452398103995e-04 -2.678792868083503670e-03
-6.563102754168669483e-04 -2.216610690528874900e-03
-2.467616444035512085e-04 -1.619597726999912057e-03
1.974108099050444739e-04 -9.848180120328739809e-04
6.030551264575016073e-04 -4.146470333634961862e-04
9.020992884655335345e-04 2.339603098250233465e-06
1.043907918295096382e-03 2.078356683505005586e-04
1.004398293656051395e-03 1.845193999305172645e-04
7.902022496091305054e-04 -4.100827913136400292e-05
4.370968246164010865e-04 -4.036119761732407741e-04
3.009686577877746438e-06 -8.123092393352304447e-04
-4.430696081174612631e-04 -1.167847781917584135e-03
-8.341686411406530870e-04 -1.381837367480742143e-03
-1.117923198956351227e-03 -1.393807085014751260e-03
-1.266297062718737317e-03 -1.182951961664564615e-03
-1.280593394890654907e-03 -7.723389469307655880e-04
-1.190814573366289451e-03 -2.247707442042199007e-04
-1.049499758845376472e-03 3.689137203173110165e-04
-9.212172544905555815e-04 9.068904534631426180e-04
-8.697133815586952695e-04 1.295527192731737998e-03
-9.451649555914638876e-04 1.467056381164679249e-03
-1.173964139603555492e-03 1.392398557718292108e-03
-1.552985912906346654e-03 1.086707599354169284e-03
-2.049440217621513721e-03 6.065863069192558481e-04
-2.606353616103278259e-03 3.949702883221378876e-05
-3.152659185660164256e-03 -5.126310599046836900e-04
-3.616000252867149385e-03 -9.524983928937895243e-04
-3.935838756769253696e-03 -1.205624319531594085e-03
-4.074400022897618420e-03 -1.234190815343464646e-03
-4.023393729806384704e-03 -1.043925435327238251e-03
-3.805248643628546951e-03 -6.827266935131846327e-04
-3.468635274119362052e-03 -2.312987982863841602e-04
-3.079129752461568642e-03 2.124242728094709342e-04
-2.706789676883974462e-03 5.521095074334355030e-04
-2.412994768438088238e-03 7.115385166859141634e-04
-2.239041775883719027e-03 6.492926734528892563e-04
-2.198648366209113476e-03 3.668237527220809084e-04
