1.383235454136754698e-03
1.224795838353468554e-03
1.043970674894372343e-03
8.488825410911667946e-04
6.480232312423539996e-04
4.499423225033513316e-04
2.629343637430453821e-04
9.473571754968121948e-05
-4.775825584190794733e-05
-1.587457002077191301e-04
-2.337315441124753878e-04
-2.696940327529913015e-04
-2.651986252802758168e-04
-2.204552209666920358e-04
-1.373166682110593586e-04
-1.921857289809863513e-05
1.289375152480198980e-04
3.009534702368229673e-04
4.895505962143396721e-04
6.866247177498446298e-04
8.835314238698299769e-04
1.071391473384193270e-03
1.241405656855550967e-03
1.385168073475724626e-03
1.494966830972324287e-03
1.564061611752222934e-03
1.586928353577825475e-03
1.559462439980565610e-03
1.479133244179976032e-03
1.345084569760798083e-03
1.158177422236431400e-03
9.209735616586306895e-04
6.376603569981189636e-04
3.139195155843314822e-04
-4.325577645010881666e-05
-4.257889627789027956e-04
-8.247855524674662774e-04
-1.230826655602315894e-03
-1.634280410171289402e-03
-2.025620466925088983e-03
-2.395740453730330587e-03
-2.736253483542765846e-03
-3.039766295580731935e-03
-3.300118509143874952e-03
-3.512578692613737338e-03
-3.673990463628746747e-03
-3.782863587211384576e-03
-3.839406965390215320e-03
-3.845502447089401300e-03
-3.804620459440062694e-03
-3.721680498587571616e-03
-3.602861448157685612e-03
-3.455368449178285607e-03
-3.287164564923407938e-03
-3.106676714613358994e-03
-2.922486248065822838e-03
-2.743015067790792200e-03
-2.576218356948112038e-03
-2.429294735735097223e-03
-2.308424053427759939e-03
-2.218542050046107446e-03
-2.163159824578325761e-03
-2.144234471353534399e-03
-2.162095447724896383e-03
-2.215429277758385832e-03
-2.301323146770728901e-03
-2.415365872178725556e-03
-2.551802719751962607e-03
-2.703738641685189160e-03
-2.863382810274327055e-03
-3.022325868080951057e-03
-3.171840163242451664e-03
-3.303192427431464722e-03
-3.407957912338546377e-03
-3.478324943947595088e-03
-3.507379184302730768e-03
-3.489357596373796923e-03
-3.419863164302872939e-03
-3.296032791751115579e-03
-3.116652437263379288e-03
-2.882215390212924076e-03
-2.594921579360077307e-03
-2.258617868695932986e-03
-1.878681359783461371e-03
-1.461849713924296941e-03
-1.016004361306507104e-03
-5.499141128779106661e-04
-7.294807628217776568e-05
4.052321487535893605e-04
8.749902953104340617e-04
1.327032223864778619e-03
1.752710672512376288e-03
2.144307370851907153e-03
2.495282718400070911e-03
2.800484364245472979e-03
3.056307463672887706e-03
3.260801079282648826e-03
3.413717079416192946e-03
3.516499899423969518e-03
3.572217600957718411e-03
3.585436718524288250e-03
3.562045349039433435e-03
3.509030750173558911e-03
3.434219303476981032e-03
3.345988012905289945e-03
3.252957702388545227e-03
3.163678712724981960e-03
3.086320156043599518e-03
3.028373656353897884e-03
2.996381991854449485e-03
2.995702176700336915e-03
3.030311307623335601e-03
3.102661996664718251e-03
3.213592468051901414e-03
3.362294476038652988e-03
3.546340168682795418e-03
3.761766951281059722e-03
4.003217365124024651e-03
4.264129063818238204e-03
4.536968208423007749e-03
4.813498075799994141e-03
5.085073435402377197e-03
5.342950341683860849e-03
5.578600444228834672e-03
5.784018754716524664e-03
5.952014034666754105e-03
6.076471572714894562e-03
6.152579083754676839e-03
6.177007750921779602e-03
6.148041999929586970e-03
6.065653388761783893e-03
5.931515951341601901e-03
5.748962383018495215e-03
5.522882526742286732e-03
5.259567639068858311e-03
4.966505813873668511e-03
4.652135652310347182e-03
4.325566730200432544e-03
3.996276577425200531e-03
3.673794707244311050e-03
3.367384687935143488e-03
3.085735318802125364e-03
2.836671655000633403e-03
2.626895931877304673e-03
2.461767393948662008e-03
2.345128672850906645e-03
2.279184730267554831e-03
2.264438543023503028e-03
2.299685722643940444e-03
2.382068200251153539e-03
2.507185041929291952e-03
2.669256461994112296e-03
2.861335241943421467e-03
3.075558106378329694e-03
3.303428211898894011e-03
3.536118819759889297e-03
3.764787485927046339e-03
3.980889738906978614e-03
4.176481239039650170e-03
4.344497821997651485e-03
4.479003609672096292e-03
4.575398496066914594e-03
4.630577744843103298e-03
4.643038118651346066e-03
4.612926839346905179e-03
4.542031686727890025e-03
4.433712611169331533e-03
4.292777289959781237e-03
4.125305026270260390e-03
3.938425204472965208e-03
3.740058112364385689e-03
3.538627263757442021e-03
3.342753357513324024e-03
3.160940656234177346e-03
3.001266836838089105e-03
2.871087246645729479e-03
2.776763996564445350e-03
2.723429455040031998e-03
2.714792503060318822e-03
2.752994413796719907e-03
2.838519482898634559e-03
2.970163617891480659e-03
3.145062064762301109e-03
3.358775377791106166e-03
3.605430697607701820e-03
3.877913463845575857e-03
4.168102920560848822e-03
4.467143236750224268e-03
4.765740814660962901e-03
5.054477438935636030e-03
5.324128362209547966e-03
5.565974247123893839e-03
5.772096097000143158e-03
5.935642900216783584e-03
6.051062665880989518e-03
6.114288807333661570e-03
6.122875390568047367e-03
6.076076552116090393e-03
5.974867342747109365e-03
5.821905301058570049e-03
5.621434132985368183e-03
5.379132896831256838e-03
5.101915997749069398e-03
4.797691013959229367e-03
4.475082849210248147e-03
4.143133880487230233e-03
3.810990605634652015e-03
3.487587763120943499e-03
3.181340979276854435e-03
2.899858694101019665e-03
2.649683435831447220e-03
2.436071480815805296e-03
2.262818585022665935e-03
2.132137854157314851e-03
2.044593987548840378e-03
1.999096150971527933e-03
1.992949674757707110e-03
2.021964708115717331e-03
2.080617960881661881e-03
2.162261800097879834e-03
2.259373306153399357e-03
2.363834490020134699e-03
2.467233778557964725e-03
2.561178127310023093e-03
2.637604745873269822e-03
2.689081432935528856e-03
2.709084916005934790e-03
2.692247360793021804e-03
2.634562330128422010e-03
2.533542893227619212e-03
2.388326263132927417e-03
2.199721214630241933e-03
1.970196541083933314e-03
1.703810876190117035e-03
1.406086263150807753e-03
1.083829827149099343e-03
7.449097280983203295e-04
3.979931756210030062e-04
5.225562083217318021e-05
-2.829287469555938394e-04
-5.983044115528612580e-04
-8.850487809676227521e-04
-1.135072316329951807e-03
-1.341294067013855439e-03
-1.497882997276328652e-03
-1.600456683422427258e-03
-1.646230449103949604e-03
-1.634111737729097586e-03
-1.564736434456100384e-03
-1.440445878838526091e-03
-1.265205381824440487e-03
-1.044467104883632690e-03
-7.849821029453788249e-04
-4.945681084828951104e-04
-1.818411792842621012e-04
1.440794069166275912e-04
4.738826958601571621e-04
7.983831525762018384e-04
1.108832234688162267e-03
1.397213566972856915e-03
1.656511420554291963e-03
1.880943140324708171e-03
2.066147432036874541e-03
2.209321971549062756e-03
2.309305578557427005e-03
2.366602143432173892e-03
2.383345540265579057e-03
2.363206830283425854e-03
2.311247084779532134e-03
2.233721064733239312e-03
2.137838718391278734e-03
2.031492937912652251e-03
1.922963199824801210e-03
1.820605560038260004e-03
1.732539952865374882e-03
1.666345838109549709e-03
1.628776947518214245e-03
1.625505211985344605e-03
1.660902927325368312e-03
1.737870875091210082e-03
1.857718502784533364e-03
2.020100441405186208e-03
2.223011661619167870e-03
2.462841512167109406e-03
2.734484817604771779e-03
3.031506209492543756e-03
3.346351995935699375e-03
3.670602204439099136e-03
3.995254020914995596e-03
4.311026742873898601e-03
4.608677606071405128e-03
4.879317457788931098e-03
5.114715250045760719e-03
5.307580712393956436e-03
5.451815323022413985e-03
5.542722802118299659e-03
5.577171764100136153e-03
5.553704835971447901e-03
5.472590419131850153e-03
5.335815276019663551e-03
5.147018190748709095e-03
4.911367012009869477e-03
4.635383364807194734e-03
4.326721145792268401e-03
3.993906531011690540e-03
3.646048568257162503e-03
3.292530451855876610e-03
2.942692249743826104e-03
2.605516147500561673e-03
2.289325181380935485e-03
2.001505955523710280e-03
1.748264994177961985e-03
1.534427197570106425e-03
1.363283391380710682e-03
1.236492236539906428e-03
1.154039858582484339e-03
1.114258530980820425e-03
1.113903675658913222e-03
1.148286398870751630e-03
1.211456833468460559e-03
1.296431777526481149e-03
1.395458566741471706e-03
1.500305848398732298e-03
1.602570982473854218e-03
1.693993213637543394e-03
1.766761556935227042e-03
1.813806526758368317e-03
1.829065406856242651e-03
1.807711688637718287e-03
1.746340563299967306e-03
1.643103896289921980e-03
1.497789886172447293e-03
1.311844551982086502e-03
1.088334235504927671e-03
8.318503760872753353e-04
5.483598429021495531e-04
2.450060220614025961e-04
-7.013241349718531614e-05
-3.883166354558424465e-04
-7.004470837844862770e-04
-9.973767168797893767e-04
-1.270227132409407298e-03
-1.510696496899293587e-03
-1.711348503473335194e-03
-1.865872236259805313e-03
-1.969303833748597011e-03
-2.018202176319418457e-03
-2.010772428582203661e-03
-1.946933088846664918e-03
-1.828324172159646443e-03
-1.658256210765636160e-03
-1.441601824487279701e-03
-1.184633620924457073e-03
-8.948140612132717171e-04
-5.805446056599977440e-04
-2.508828760710021615e-04
8.476231178863093694e-05
4.169474205666182922e-04
7.365111438994048935e-04
1.034880800991979950e-03
1.304357507896802869e-03
1.538370206473343039e-03
1.731689725523714906e-03
1.880595451013134271e-03
1.982988844445343277e-03
2.038449912121300268e-03
2.048234727854056879e-03
2.015214177662957677e-03
1.943756154630788902e-03
1.839555413304927054e-03
1.709417126336104089e-03
1.561001807237866841e-03
1.402540615413218079e-03
1.242531095554266817e-03
1.089424086883790388e-03
9.513128445391835428e-04
8.356353349600858637e-04
7.489002022638723607e-04
6.964460695837151796e-04
6.822426674091555069e-04
7.087408111936530693e-04
7.767765344003868620e-04
8.855327809018020621e-04
1.032560038909937847e-03
1.213855228260955071e-03
1.423996106480508944e-03
1.656326508349914095e-03
1.903185947057085912e-03
2.156175545083006701e-03
2.406450984432108395e-03
2.645032213491760147e-03
2.863119055098901477e-03
3.052401648096468578e-03
3.205354830243685536e-03
3.315506127675847507e-03
3.377667935686454528e-03
3.388125725229132901e-03
3.344775645444214053e-03
3.247206660908301921e-03
3.096724301240090516e-03
2.896315142250906367e-03
2.650553210485432840e-03
2.365451534147488578e-03
2.048263981891582184e-03
1.707244269573673619e-03
1.351370512886353572e-03
9.900449083825864187e-04
6.327789945207787370e-04
2.888754475979462980e-04
-3.288251284726750271e-05
-3.245233025710512857e-04
-5.791505748097185505e-04
-7.911690877802368422e-04
-9.564650016636918467e-04
-1.072534365941254716e-03
-1.138555372904765522e-03
-1.155401922770932710e-03
-1.125598101075707489e-03
-1.053215237900735710e-03
-9.437152284979921472e-04
-8.037456756074387240e-04
-6.408940993131934452e-04
-4.634098916047966880e-04
-2.799038197602254875e-04
-9.903566577208153818e-05
7.079899912623276604e-05
2.217718796243802262e-04
3.469041964048754203e-04
4.403181706887525013e-04
4.974489053546978391e-04
5.152092074740372788e-04
4.921015512384406326e-04
4.282732377935465290e-04
3.255128043139841453e-04
1.871877988013677255e-04
1.812609720005142928e-05
-1.755550767098090596e-04
-3.866664301099276280e-04
-6.072025522552381132e-04
-8.286275509724133842e-04
-1.042180342066657741e-03
-1.239188865265776138e-03
-1.411382182438567813e-03
-1.551189483096557242e-03
-1.652015476219989391e-03
-1.708482470353685136e-03
-1.716630606881587107e-03
-1.674069173679301878e-03
-1.580073636740323860e-03
-1.435624925957193661e-03
-1.243389531501282999e-03
-1.007641038406604812e-03
-7.341257764614556470e-04
-4.298772185417334339e-04
-1.029855545501249950e-04
2.376695627002842670e-04
5.827138139797300841e-04
9.225903025040804208e-04
1.247878079623225339e-03
1.549606026272407674e-03
1.819551171517937421e-03
2.050511074149101876e-03
2.236540801032920953e-03
2.373146275052997328e-03
2.457427292484363427e-03
2.488165271111693506e-03
2.465852724564348772e-03
2.392663497453724215e-03
2.272364868515881417e-03
2.110174662472372349e-03
1.912568434483254403e-03
1.687043536505632721e-03
1.441848381444474662e-03
1.185686435917383819e-03
9.274053531994751621e-04
6.756821736279555865e-04
4.387156523803651190e-04
2.239365194717946733e-04
3.774584300755617558e-05
-1.147093235864080508e-04
-2.297151417246575279e-04
-3.051187544494259486e-04
-3.404001470494290912e-04
-3.366855934125213574e-04
-2.967022325638714059e-04
-2.246753882930011860e-04
-1.261722566189868271e-04
-7.897470559571867325e-06
1.225522568116659558e-04
2.569657710135743326e-04
3.868176204275747872e-04
5.035801368073419305e-04
5.990364599454160114e-04
6.655834771454704601e-04
6.965139976375007719e-04
6.862682060908997404e-04
6.306455125735742871e-04
5.269693010834108774e-04
3.741987266308907222e-04
1.729835640478850391e-04
-7.433989469022629117e-05
-3.638118336638190928e-04
-6.899686733445709692e-04
-1.046015486285196104e-03
-1.424045111679431846e-03
-1.815296375940588652e-03
-2.210442455753565925e-03
-2.599899363068720187e-03
-2.974143825267837847e-03
-3.324029502995242726e-03
-3.641090544506929601e-03
-3.917821916881027849e-03
-4.147926765593280309e-03
-4.326522206379098887e-03
-4.450296406609843304e-03
-4.517611516693954485e-03
-4.528548905604209973e-03
-4.484895172193869434e-03
-4.390069474817443092e-03
-4.248994773370588784e-03
-4.067917538338298306e-03
-3.854182282115608919e-03
-3.615968845665184801e-03
-3.362001673237163379e-03
-3.101241283881167512e-03
-2.842568766653286606e-03
-2.594474365126259782e-03
-2.364761067710863338e-03
-2.160273588641853891e-03
-1.986662228929484894e-03
-1.848189878535829453e-03
-1.747588903562946909e-03
-1.685972908538290816e-03
-1.662806435429934910e-03
-1.675933625421759414e-03
-1.721664798081996460e-03
-1.794917867976780117e-03
-1.889409592331472813e-03
-1.997889892554834818e-03
-2.112410978685943380e-03
-2.224621782165704144e-03
-2.326077311671401540e-03
-2.408552020311862871e-03
-2.464346128725701177e-03
-2.486574092607822528e-03
-2.469425026373360012e-03
-2.408385875227493644e-03
-2.300419431493595790e-03
-2.144090871989244671e-03
-1.939638296137529685e-03
-1.688984706187896933e-03
-1.395690922658653684e-03
-1.064850998006832555e-03
-7.029337070472575343e-04
-3.175755831516162506e-04
8.266733149071776908e-05
4.886004048263059996e-04
8.906942395124304310e-04
1.279400834420795895e-03
1.645471079272821510e-03
1.980262528757843060e-03
2.276026739649396856e-03
2.526166166815135318e-03
2.725451676667450633e-03
2.870193112306320543e-03
2.958356985176556313e-03
2.989627216031436573e-03
2.965406838630234125e-03
2.888760643166509833e-03
2.764300800640575456e-03
2.598019501944594419e-03
2.397074496525406200e-03
2.169535060288907760e-03
1.924097303300496527e-03
1.669778796456569984e-03
1.415603215232806925e-03
1.170286042690009496e-03
9.419323311071866245e-04
7.377570934406639698e-04
5.638380973068707770e-04
4.249096933612484146e-04
3.242048667973413973e-04
2.633510058128890087e-04
2.423229936978753968e-04
2.594552178454495941e-04
3.115120200426983038e-04
3.938140603834644309e-04
5.004161039844561920e-04
6.243299341884710110e-04
7.577845113882705503e-04
8.925141885411510753e-04
1.020064808717325525e-03
1.132106881187682629e-03
1.220744782653593145e-03
1.278811068018336546e-03
1.300135495774099297e-03
1.279779258389781779e-03
1.214226127013102834e-03
1.101523729633600152e-03
9.413699296833812286e-04
7.351411966305507369e-04
4.858618940015544015e-04
1.981154821767124128e-04
-1.220993293728845144e-04
-4.675625143996643912e-04
-8.300700230713872751e-04
-1.200706189977881685e-03
-1.570141777139630150e-03
-1.928947270341543072e-03
-2.267910508758489482e-03
-2.578347571872541440e-03
-2.852396079590566440e-03
-3.083280673149178634e-03
-3.265541414429847487e-03
-3.395217135731508351e-03
-3.469977345526256002e-03
-3.489198093142882942e-03
-3.453979153723781351e-03
-3.367101945583002472e-03
-3.232929663420330228e-03
-3.057253130161515908e-03
-2.847087766764603515e-03
-2.610428786723864580e-03
-2.355973180412677774e-03
-2.092818212755539510e-03
-1.830146975442280928e-03
-1.576911983365250191e-03
-1.341527868481850148e-03
-1.131583900678257261e-03
-9.535863657984268958e-04
-8.127397803359703594e-04
-7.127745572030200552e-04
-6.558271053439500287e-04
-6.423765049468550033e-04
-6.712399141510091375e-04
-7.396268020573699108e-04
-8.432500387596971987e-04
-9.764898783676022667e-04
-1.132605015499997840e-03
-1.303983244516878845e-03
-1.482422861697779053e-03
-1.659434872347666972e-03
-1.826555335202323903e-03
-1.975656821084751952e-03
-2.099247993986887856e-03
-2.190750739521882089e-03
-2.244745053404089558e-03
-2.257173033659604523e-03
-2.225494755009480886e-03
-2.148790492017243169e-03
-2.027805639986657998e-03
-1.864936693261505692e-03
-1.664158709046501851e-03
-1.430896738640524257e-03
-1.171845675066784942e-03
-8.947447775519094121e-04
-6.081147256519588628e-04
-3.209663732299939515e-04
-4.249136877190870434e-05
2.182545512482723720e-04
4.526645275330178943e-04
6.528788592352213500e-04
8.120581682393949053e-04
9.246218881628161159e-04
9.864437294708049836e-04
9.949972742850758407e-04
9.494465965393329623e-04
8.506787240828100980e-04
7.012767918635680157e-04
5.054348082416091920e-04
2.688169971748425452e-04
-1.633383995468902158e-06
-2.979290860089849275e-04
-6.113095712239537561e-04
-9.325379370862774912e-04
-1.252213703085174566e-03
-1.561090553127796824e-03
-1.850387955631468268e-03
-2.112085801912596313e-03
-2.339191801978751650e-03
-2.525972334614808110e-03
-2.668138732117793059e-03
-2.762982544189676593e-03
-2.809455115520060296e-03
-2.808188764745607642e-03
-2.761458900309431662e-03
-2.673088479494800315e-03
-2.548298238005348125e-03
-2.393508018082283421e-03
-2.216096236685062473e-03
-2.024126001670393214e-03
-1.826047551801546209e-03
-1.630387524884033875e-03
-1.445436018329259364e-03
-1.278942481882206373e-03
-1.137831170477799367e-03
-1.027946197148506572e-03
-9.538351857148719658e-04
-9.185791671144892274e-04
-9.236747391902599795e-04
-9.689726744909457536e-04
-1.052675178464298556e-03
-1.171391940823077356e-03
-1.320253058028836475e-03
-1.493074907144010567e-03
-1.682573190774206036e-03
-1.880615714678927778e-03
-2.078506061998171284e-03
-2.267288239924469297e-03
-2.438061634199639033e-03
-2.582295240005067979e-03
-2.692130157523560646e-03
-2.760659746015253421e-03
-2.782177607484634038e-03
-2.752384692711171924e-03
-2.668548249292636201e-03
-2.529607013433825789e-03
-2.336218925586792255e-03
-2.090749658915483627e-03
-1.797202318548695365e-03
-1.461090726222994025e-03
-1.089260677156961028e-03
-6.896653747509376431e-04
-2.711028502612049295e-04
1.570754971472994115e-04
5.852750961359270282e-04
1.003976337597007381e-03
1.404049575348416141e-03
1.777056033130058757e-03
2.115524154009246031e-03
2.413191790705221211e-03
2.665205833825615676e-03
2.868272367565326535e-03
3.020752176743975170e-03
3.122698344374399363e-03
3.175834708143848023e-03
3.183476016145376022e-03
3.150392664316479553e-03
3.082624838769480475e-03
2.987252657532615732e-03
2.872130446098838941e-03
2.745594535649875222e-03
2.616154897937834640e-03
2.492181494160298615e-03
2.381596397029911698e-03
2.291582539258613799e-03
2.228319355084064021e-03
2.196754634834769803e-03
2.200420639051578389e-03
2.241300963001760689e-03
2.319752859073018030e-03
2.434487776032405373e-03
2.582610828781404556e-03
2.759717841730096287e-03
2.960046585829376360e-03
3.176676924558079207e-03
3.401772864533042333e-03
3.626858032179353097e-03
3.843114920751326651e-03
4.041697413207877981e-03
4.214045615438066425e-03
4.352191947634960131e-03
4.449047742292901869e-03
4.498660274844491595e-03
4.496431183642131402e-03
4.439288583732773491e-03
4.325806796470241938e-03
4.156269447797291197e-03
3.932673667877634519e-03
3.658675184310818031e-03
3.339476168269577602e-03
2.981659695144482994e-03
2.592976548519325755e-03
2.182091763117908426e-03
1.758299710364951817e-03
1.331217630064893912e-03
9.104682648926740911e-04
5.053626345266507090e-04
1.245939800227002445e-04
-2.240464833453707696e-04
-5.339221313171716972e-04
-7.997630508384641823e-04
-1.017830369135909289e-03
-1.186027119651040466e-03
-1.303951845234460789e-03
-1.372893144184376708e-03
-1.395765432397926909e-03
-1.376988252642831565e-03
-1.322313437654299394e-03
-1.238606258198172213e-03
-1.133588296498085242e-03
-1.015551123126092609e-03
-8.930508747438130248e-04
-7.745944952550737990e-04
-6.683286907015422275e-04
-5.817425485362928868e-04
-5.213942882615421343e-04
-4.926717597861993148e-04
-4.995951180771160405e-04
-5.446686193909444553e-04
-6.287867575828457335e-04
-7.511980492288673067e-04
-9.095277505174507397e-04
-1.099858718075148820e-03
-1.316867582682361773e-03
-1.554011460830632442e-03
-1.803758652421310910e-03
-2.057855225889238665e-03
-2.307618128890574424e-03
-2.544244527709300496e-03
-2.759126504500864028e-03
-2.944160048543587038e-03
-3.092037472593983215e-03
-3.196512961433480883e-03
-3.252631896589666845e-03
-3.256915866205810622e-03
-3.207496817810574254e-03
-3.104195590052602829e-03
-2.948542005014300350e-03
-2.743735747346469182e-03
-2.494549328537855760e-03
-2.207176461555234934e-03
-1.889031081845105129e-03
-1.548503978331009206e-03
-1.194685482039443102e-03
-8.370638483466713185e-04
-4.852098199208527388e-04
-1.484583414179329545e-04
1.644015030830282527e-04
4.454175465518451582e-04
6.877364711490278762e-04
8.858275170971132307e-04
1.035660207108358554e-03
1.134829934563592272e-03
1.182627088220754383e-03
1.180047362106465296e-03
1.129742957185144283e-03
1.035916449308895218e-03
9.041611033808883823e-04
7.412532863593853001e-04
5.549043060854167222e-04
3.534804202824407774e-04
1.457008708053616477e-04
-5.967543659044492223e-05
-2.541635938225298439e-04
-4.298556734619268880e-04
-5.797023926707852923e-04
-6.977635700921994751e-04
-7.794185867001863013e-04
-8.215294686611507823e-04
-8.225508760010226059e-04
-7.825831469180579043e-04
-7.033665485147353423e-04
-5.882169504013254769e-04
-4.419051956381738790e-04
-2.704844216920544112e-04
-8.107141313977623848e-05
1.184103163578202297e-04
3.195166694095014580e-04
5.135882653895915313e-04
6.920641482749937843e-04
8.467928552687179009e-04
9.703298882529998257e-04
1.056211102977272151e-03
1.099192371460058380e-03
1.095447051929775845e-03
1.042714276452794825e-03
9.403927874953079682e-04
7.895769607393520644e-04
5.930336757402114795e-04
3.551207675463127506e-04
8.164983861963179008e-05
-2.203018404040987463e-04
-5.426238286913249781e-04
-8.764413434401037688e-04
-1.212411076176057477e-03
-1.541033708213560309e-03
-1.852972249835857770e-03
-2.139365121932129167e-03
-2.392123080963772484e-03
-2.604199651844003004e-03
-2.769825658862696237e-03
-2.884699699752775806e-03
-2.946127948414198512e-03
-2.953108443724197438e-03
-2.906356963194895501e-03
-2.808273622983114767e-03
-2.662851418351369973e-03
-2.475529948517755409e-03
-2.252999485809130224e-03
-2.002962284030903022e-03
-1.733859514214468669e-03
-1.454573415098787612e-03
-1.174115108849034701e-03
-9.013090293921579644e-04
-6.444850239710820435e-04
-4.111889141446855613e-04
-2.079216501302051136e-04
-3.991618498308253764e-05
8.904013203664060128e-05
1.767314439217013318e-04
2.225831746775596819e-04
2.276733077298052476e-04
1.946847985012139159e-04
1.278008331293308941e-04
3.254665254646624001e-05
-8.441646216138189076e-05
-2.155377668445004630e-04
-3.526554924410854716e-04
-4.872973228848191760e-04
-6.109923160013498505e-04
-7.155832668107540420e-04
-7.935284946467748707e-04
-8.381824039500165901e-04
-8.440449105908205858e-04
-8.069709151363886048e-04
-7.243324034230410160e-04
-5.951274141124907003e-04
-4.200319744591131908e-04
-2.013931040637311713e-04
5.683694809385992676e-05
3.492230079472280133e-04
6.690216140652680389e-04
1.008401945490256532e-03
1.358705372363690645e-03
1.710734606317143624e-03
2.055062387747344076e-03
2.382348959523395478e-03
2.683657265496767249e-03
2.950754888320589273e-03
3.176392201882645688e-03
3.354547042987062085e-03
3.480627375741187756e-03
3.551624889479691044e-03
3.566214185589716180e-03
3.524794110231675714e-03
3.429469812067160572e-03
3.283976175874465248e-03
3.093545331780186286e-03
2.864722893992659950e-03
2.605139373938821987e-03
2.323244777846396152e-03
2.028015683259477842e-03
1.728645047744931280e-03
1.434225602569065517e-03
1.153437903416650728e-03
8.942539416290473230e-04
6.636666688881267834e-04
4.674548750848886262e-04
3.099916153098145142e-04
1.941028510942899125e-04
1.209812068833266991e-04
9.015780706932434614e-05
9.953311961352780644e-05
1.454656608057226450e-04
2.229153846693728144e-04
3.256366610964410695e-04
4.464140062682581686e-04
5.773322282906474074e-04
7.100714428394439871e-04
8.362165403219508960e-04
9.475701782210236689e-04
1.036458247703884398e-03
1.096017026618432630e-03
1.120451872451899309e-03
1.105258306214452254e-03
1.047397656583683515e-03
9.454210268050697741e-04
7.995371589579809051e-04
6.116217377618925026e-04
3.851677301592161366e-04
1.251784254832865022e-04
-1.619931483943222537e-04
-4.688528754100110447e-04
-7.870150229072783547e-04
-1.107483855109674077e-03
-1.420957578796231899e-03
-1.718144024687429192e-03
-1.990077052291692062e-03
-2.228422635856379137e-03
-2.425763945689865010e-03
-2.575855469998870276e-03
-2.673837301930124220e-03
-2.716402106913279151e-03
-2.701908937975690435e-03
-2.630439923556212017e-03
-2.503797848443306811e-03
-2.325444713882664216e-03
-2.100383425292039804e-03
-1.834986743143496432e-03
-1.536779474820221822e-03
-1.214181518097913687e-03
-8.762207331480220381e-04
-5.322256717622054264e-04
-1.915088930225280605e-04
1.369480806328076316e-04
4.447971754282093165e-04
7.246030022083526289e-04
9.700891888096372382e-04
1.176343238550443988e-03
1.339972801814225947e-03
1.459207953924118641e-03
1.533945967882339913e-03
1.565737088639768907e-03
1.557711885639670359e-03
1.514452809893351067e-03
1.441814538965710199e-03
1.346699489385487676e-03
1.236796448201783272e-03
1.120291568586901775e-03
1.005561943217034293e-03
9.008625796953040159e-04
8.140178331221161042e-04
7.521281939782350785e-04
7.213027902693120667e-04
7.264270602871404896e-04
7.709738180078451551e-04
8.568644103324608678e-04
9.843849074530972975e-04
1.152160336210640654e-03
1.357187929091238990e-03
1.594928289891226489e-03
1.859451343673092184e-03
2.143632014710342669e-03
2.439388829113417045e-03
2.737957129980459186e-03
3.030187375119866751e-03
3.306858103342266361e-03
3.558992636019947184e-03
3.778168444283213235e-03
3.956808363667872752e-03
4.088443468460632030e-03
4.167938405344268071e-03
4.191671295650036683e-03
4.157661901713088741e-03
4.065643559942076074e-03
3.917076347958859880e-03
3.715101006717024239e-03
3.464435208935230312e-03
3.171215779957980811e-03
2.842792365706261083e-03
2.487479738550766022e-03
2.114277376318101156e-03
1.732566091635279280e-03
1.351792288434549129e-03
9.811508516801162663e-04
6.292777202191621134e-04
3.039628495837914078e-04
1.189355361715972725e-05
-2.415628538601378300e-04
-4.525295760617701344e-04
-6.187381114879783248e-04
-7.395892461209828839e-04
-8.161552038608131535e-04
-8.511229627523896925e-04
-8.486808071614727368e-04
-8.143521757361458623e-04
-7.547827120182060709e-04
-6.774880642219873903e-04
-5.905713555221825698e-04
-5.024203080143420635e-04
-4.213947151290366741e-04
-3.555152937637017733e-04
-3.121648969625631176e-04
-2.978126324021963117e-04
-3.177706265031718120e-04
-3.759920269240557729e-04
-4.749173877126157493e-04
-6.153748822638443593e-04
-7.965378990230980935e-04
-1.015941559830278946e-03
-1.269557631557975772e-03
-1.551925250783751193e-03
-1.856332920543736324e-03
-2.175045436470498649e-03
-2.499567819982586453e-03
-2.820937034043943369e-03
-3.130031278003114151e-03
-3.417886036486408267e-03
-3.676005815061737705e-03
-3.896660640925793916e-03
-4.073156935123256259e-03
-4.200073255297974949e-03
-4.273452633454502894e-03
-4.290944748756931985e-03
-4.251892927928953465e-03
-4.157362893957648742e-03
-4.010112220002832496e-03
-3.814501518345747057e-03
-3.576350431259242568e-03
-3.302743420486571688e-03
-3.001792106974680071e-03
-2.682362431143241969e-03
-2.353776133085425191e-03
-2.025496948637100190e-03
-1.706812449817080328e-03
-1.406522608083918616e-03
-1.132645920932804891e-03
-8.921533249170460894e-04
-6.907391428675401738e-04
-5.326370140842837369e-04
-4.204871791107923744e-04
-3.552596906455235404e-04
-3.362361622726726864e-04
-3.610506156854415612e-04
-4.257879167968571348e-04
-5.251362741291407685e-04
-6.525883798161100481e-04
-8.006840707731682164e-04
-9.612859347454524644e-04
-1.125878133936455755e-03
-1.285877908103192843e-03
-1.432948777778589224e-03
-1.559304412093554882e-03
-1.657992456472704964e-03
-1.723148321659436584e-03
-1.750209992323261939e-03
-1.736086283863112669e-03
-1.679272611903687542e-03
-1.579910183041936984e-03
-1.439786502995324836e-03
-1.262277159760464857e-03
-1.052230902448752798e-03
-8.158020288068566599e-04
-5.602359462141296917e-04
-2.936154172608999857e-04
-2.457638413581540433e-05
2.379966625058747886e-04
4.852850823291734398e-04
7.088492162895386906e-04
9.009292534971686433e-04
1.054723262311145927e-03
1.164632609211729754e-03
1.226466126957469118e-03
1.237595834385342691e-03
1.197058703489300427e-03
1.105600855801571521e-03
9.656625835200208750e-04
7.813046607392793970e-04
5.580784640380284265e-04
3.028443875943090001e-04
2.354484707108852812e-05
-2.710602446437149508e-04
-5.716863338086252333e-04
-8.688352272170096237e-04
-1.153113417057180772e-03
-1.415546652082692262e-03
-1.647879810101872834e-03
-1.842851642118147667e-03
-1.994434838867935843e-03
-2.098033085159848807e-03
-2.150628273756258028e-03
-2.150872795775277124e-03
-2.099123747577599265e-03
-1.997417927461321747e-03
-1.849388567975705083e-03
-1.660126788669323474e-03
-1.435992688171512915e-03
-1.184382755909056803e-03
-9.134618107755843259e-04
-6.318689132069630135e-04
-3.484076049689294576e-04
-7.173137574001528169e-05
1.899645817957632985e-04
4.292344918232274525e-04
6.396457588144347818e-04
8.160061068504243214e-04
9.545461158730677784e-04
1.053050744264736249e-03
1.110935220244453061e-03
1.129262639521485699e-03
1.110702654930490569e-03
1.059432713584833059e-03
9.809853158709814711e-04
8.820466675991384510e-04
7.702138053240495863e-04
6.537187353539162865e-04
5.411292880710886870e-04
4.410372101839764238e-04
3.617444696224602751e-04
3.109588151137880575e-04
2.955093126509500574e-04
3.210918852768617111e-04
3.920538352164615933e-04
5.112249650785639487e-04
6.798012853394944967e-04
8.972854556956700537e-04
1.161486122580668691e-03
1.468576253738416645e-03
1.813208505450933025e-03
2.188683661197580923e-03
2.587166322136289550e-03
2.999940374959824459e-03
3.417695369374928755e-03
3.830833854499612195e-03
4.229788988820820314e-03
4.605341377745132692e-03
4.948924118847548501e-03
5.252905446768094296e-03
5.510839152897304208e-03
5.717674082092574772e-03
5.869915440192190713e-03
5.965732331890193779e-03
6.005007829543178646e-03
5.989329883799961000e-03
5.921923456147900645e-03
5.807526309064353458e-03
5.652212859435566325e-03
5.463172316246825248e-03
5.248448920665542243e-03
5.016653429589388626e-03
4.776655986179484739e-03
4.537271167740253817e-03
4.306946269901284347e-03
4.093463767015510443e-03
3.903668386209494835e-03
3.743228364239255864e-03
3.616439252671463985e-03
3.526077140128712310e-03
3.473306422885140757e-03
3.457645337884744565e-03
3.476990442487613506e-03
3.527699154081592129e-03
3.604727422730900042e-03
3.701817672777794454e-03
3.811730382677294953e-03
3.926511138257462487e-03
4.037783746838463118e-03
4.137059081957488761e-03
4.216048773011541080e-03
4.266972680428545057e-03
4.282849311114259386e-03
4.257758923410835152e-03
4.187070024826170835e-03
4.067621245934490218e-03
3.897852135262001947e-03
3.677878207952846659e-03
3.409507532915251847e-03
3.096198190584748162e-03
2.742958004670619128e-03
2.356189973697566005e-03
1.943488730948968179e-03
1.513395077884034570e-03
1.075117106088826525e-03
6.382275948163165357e-04
2.123482040989736232e-04
-1.931685519153976795e-04
-5.695484866396087259e-04
-9.088853202266140071e-04
-1.204400582617788217e-03
-1.450664803365162535e-03
-1.643772304032925513e-03
-1.781463530852937403e-03
-1.863190699333137435e-03
-1.890124504449095747e-03
-1.865101710458322033e-03
-1.792515501086130222e-03
-1.678152471443057365e-03
-1.528982007466125718e-03
-1.352905461621509630e-03
-1.158473936817444290e-03
-9.545845848083192500e-04
-7.501660725029936534e-04
-5.538642433681328784e-04
-3.737389884696202614e-04
-2.169829430918022474e-04
-8.967185430967480365e-05
3.444650608625367608e-06
5.910458640762551036e-05
7.564179140057700548e-05
5.303701160804061981e-05
-7.089863320987668804e-06
-1.015460960761996149e-04
-2.256885573796385764e-04
-3.735979967698032332e-04
-5.382989638631088900e-04
-7.120176117943453377e-04
-8.864682833580527985e-04
-1.053158768362064731e-03
-1.203703463340656619e-03
-1.330133385106690947e-03
-1.425192097462241007e-03
-1.482607101967077078e-03
-1.497327101767428155e-03
-1.465716742051511754e-03
-1.385701919869556644e-03
-1.256860487655215956e-03
-1.080455088136352297e-03
-8.594068863794028772e-04
-5.982110364049587686e-04
-3.027967625438765997e-04
1.966312211262345733e-05
3.609866642430380581e-04
7.122530470769499085e-04
1.064099298737728122e-03
1.407033106430528695e-03
1.731750843236700517e-03
2.029449728158062936e-03
2.292123241880564266e-03
2.512829503442255176e-03
2.685923256195183774e-03
2.807243382113900915e-03
2.874249417120123325e-03
2.886102322245090186e-03
2.843686713712269623e-03
2.749573801147219693e-03
2.607926355434135243e-03
2.424349053648026681e-03
2.205689457032341920e-03
1.959796602312034643e-03
1.695245666334783095e-03
1.421038347293677659e-03
1.146289451165985202e-03
8.799106499072213792e-04
6.303024716469063284e-04
4.050652893837153670e-04
2.107394037914060627e-04
5.258329125601857862e-05
-6.560225390763981326e-05
-1.415979669119186209e-04
-1.748336603668153733e-04
-1.663971602510094967e-04
-1.189843753721033393e-04
-3.679231204333508268e-05
7.464115174578745023e-05
2.086450498133105187e-04
3.576633169647051684e-04
5.135342207711227980e-04
6.677913691356246722e-04
8.119756692352307539e-04
9.379472284905575937e-04
1.038186189438346490e-03
1.106071877726051266e-03
1.136130402340364970e-03
1.124241952995245651e-03
1.067800452588357025e-03
9.658198932709890008e-04
8.189835544184789155e-04
6.296343041098865882e-04
4.017062524189791029e-04
1.406000824525985163e-04
-1.469936384675433680e-04
-4.533170390696507910e-04
-7.698056758669040347e-04
-1.087378335756143113e-03
-1.396745806174961441e-03
-1.688727840601307205e-03
-1.954567255516959090e-03
-2.186230190783197778e-03
-2.376682045358086831e-03
-2.520129447624047496e-03
-2.612219804623663530e-03
-2.650191455720361279e-03
-2.632969181729660595e-03
-2.561201729966450062e-03
-2.437240042041672466e-03
-2.265056943636205300e-03
-2.050111101286629985e-03
-1.799159998774731367e-03
-1.520028466800365814e-03
-1.221340851848979388e-03
-9.122261791731001070e-04
-6.020066061478881580e-04
-2.998800429720753155e-04
-1.460801744130094636e-05
2.457803276566608314e-04
4.742577854709189482e-04
6.650327961245331310e-04
8.137391891863618443e-04
9.175753729987344478e-04
9.753881608039965219e-04
9.876983663660032515e-04
9.566673446762944712e-04
8.860057247711970903e-04
7.808276090690740353e-04
6.474554259153330726e-04
4.931823521808599911e-04
3.260007101648459927e-04
1.543059355815101666e-04
-1.341343072743954356e-05
-1.688887855068611213e-04
-3.043764929718159032e-04
-4.129441366809930708e-04
-4.887278878933866335e-04
-5.271518990474722199e-04
-5.251019640739676159e-04
-4.810472925272625761e-04
-3.951060657329572663e-04
-2.690524164674279115e-04
-1.062645299462078047e-04
8.838436897030206487e-05
3.086883718966048707e-04
5.473189422415593872e-04
7.960753494902527479e-04
1.046166742411962051e-03
1.288516007445925354e-03
1.514074789941617996e-03
1.714138659448399132e-03
1.880651389779148088e-03
2.006487700506048508e-03
2.085704555736645795e-03
2.113752212237837540e-03
2.087637613837705318e-03
2.006034393337632719e-03
1.869335608616353025e-03
1.679647340861219933e-03
1.440723349818480480e-03
1.157843041209476133e-03
8.376369828434580963e-04
4.878660390631443691e-04
1.171618137744004167e-04
-2.652625563302148017e-04
-6.499211819755087993e-04
-1.027373016617415171e-03
-1.388537203316114830e-03
-1.724995191770942442e-03
-2.029269110762641024e-03
-2.295066716015503952e-03
-2.517484407118067077e-03
-2.693161278489035991e-03
-2.820378886876935727e-03
-2.899103321345247383e-03
-2.930968184412894618e-03
-2.919199164108873118e-03
-2.868482923582455629e-03
-2.784784985859732609e-03
-2.675123077989533839e-03
-2.547303958572500349e-03
-2.409633030864373991e-03
-2.270606995504502717e-03
-2.138600389096171131e-03
-2.021557066615603873e-03
-1.926697509542270141e-03
-1.860252283867645491e-03
-1.827231052311143389e-03
-1.831235295398518648e-03
-1.874321360347549299e-03
-1.956918688790462366e-03
-2.077806136212827660e-03
-2.234147255541278805e-03
-2.421583346090028753e-03
-2.634381039680625414e-03
-2.865629279317868927e-03
-3.107478809516633304e-03
-3.351415802097119142e-03
-3.588560039422336676e-03
-3.809977210782104426e-03
-4.006994377314429534e-03
-4.171507544056077613e-03
-4.296270548548985352e-03
-4.375155124433830790e-03
-4.403373002920728252e-03
-4.377652239767854982e-03
-4.296361554026137744e-03
-4.159578281328577334e-03
-3.969097515286727773e-03
-3.728382066568250615e-03
-3.442454938445006340e-03
-3.117738027533570148e-03
-2.761842638688582954e-03
-2.383319087686429794e-03
-1.991374095436484852e-03
-1.595565802882994207e-03
-1.205487017090754905e-03
-8.304477088765107673e-04
-4.791678064046414826e-04
-1.594909665775367386e-04
1.218707304680723656e-04
3.595523030819631344e-04
5.497041400992503778e-04
6.901072131419308878e-04
7.802312784091885436e-04
8.212341143538542986e-04
8.159019069206677492e-04
7.685329550006533665e-04
6.847688532210863266e-04
5.713791476109840971e-04
4.360070876461305078e-04
2.868854586499989634e-04
1.325325238471170355e-04
-1.856120108188622289e-05
-1.582443005965397231e-04
-2.790029683626883044e-04
-3.742361564763129313e-04
-4.384976716639584328e-04
-4.676966883070837223e-04
-4.592496102868229291e-04
-4.121779236565646523e-04
-3.271485800771466688e-04
-2.064554702621978089e-04
-5.394261659421011740e-05
1.251282379736691572e-04
3.242610134089236613e-04
5.359532252099845958e-04
7.519604759812974302e-04
9.635882289440524410e-04
1.162000624604671859e-03
1.338535498907957987e-03
1.485014538312653346e-03
1.594037672179943839e-03
1.659251349905114040e-03
1.675581260204091335e-03
1.639421291026550362e-03
1.548772057239302183e-03
1.403324085962509094e-03
1.204482684498123105e-03
9.553335553765961077e-04
6.605502957121200296e-04
3.262469511854524306e-04
-4.021928266208652913e-05
-4.304883748886949323e-04
-8.354724474030754975e-04
-1.245655881965562241e-03
-1.651410112271577309e-03
-2.043312154054414877e-03
-2.412455795966278547e-03
-2.750744631593680413e-03
-3.051156749307636085e-03
-3.307971889442370278e-03
-3.516953192751374069e-03
-3.675477254150121866e-03
-3.782608005707766962e-03
-3.839111919279676773e-03
-3.847414073180993772e-03
-3.811496696923590173e-03
-3.736743820764523456e-03
-3.629737542128203074e-03
-3.498013112818105889e-03
-3.349781490058692870e-03
-3.193629130393286792e-03
-3.038205598521752544e-03
-2.891909985523737070e-03
-2.762587167800304409e-03
-2.657244588209340189e-03
-2.581799516551130935e-03
-2.540865673185703152e-03
-2.537586714770592201e-03
-2.573522433447377779e-03
-2.648591668040313658e-03
-2.761073932910430503e-03
-2.907669706895150800e-03
-3.083617263581357997e-03
-3.282861937262198607e-03
-3.498271875964994830e-03
-3.721892698515430909e-03
-3.945232104019675591e-03
-4.159564427383525415e-03
-4.356244430530386950e-03
-4.527019290519110686e-03
-4.664327804330561586e-03
-4.761576273657106527e-03
-4.813381346069351384e-03
-4.815771242977894689e-03
-4.766338259433127930e-03
-4.664337125057061231e-03
-4.510725709573185083e-03
-4.308146574132008105e-03
-4.060849940228668416e-03
-3.774560698927864090e-03
-3.456294042491494210e-03
-3.114126099692894178e-03
-2.756927532056926457e-03
-2.394069345766866065e-03
-2.035111147561934498e-03
-1.689482688497325521e-03
-1.366169775379596010e-03
-1.073415477753042729e-03
-8.184470238152194693e-04
-6.072378803046198353e-04
-4.443132807005767144e-04
-3.326059461196415393e-04
-2.733669873334098385e-04
-2.661350458876266239e-04
-3.087646950018095755e-04
-3.975130481460652059e-04
-5.271814875425745017e-04
-6.913074976365269839e-04
-8.823998373364768137e-04
-1.092208770882337459e-03
-1.312021853588536896e-03
-1.532974878284302806e-03
-1.746367062210344920e-03
-1.943969410840578824e-03
-2.118315439575084620e-03
-2.262964057903386200e-03
-2.372725401585956337e-03
-2.443841702246389927e-03
-2.474116864792075352e-03
-2.462990225859999945e-03
-2.411551927818313124e-03
-2.322499393990091858e-03
-2.200036459803101675e-03
-2.049718728981803160e-03
-1.878250613073366307e-03
-1.693241210315461504e-03
-1.502927626597634278e-03
-1.315875486322781512e-03
-1.140667184196418691e-03
-9.855888621942859341e-04
-8.583271439850775333e-04
-7.656863202160375109e-04
-7.133359641646542029e-04
-7.055978933231173839e-04
-7.452800157841605114e-04
-8.335629590693412368e-04
-9.699435307866253932e-04
-1.152237069982983784e-03
-1.376638685015602092e-03
-1.637841310491972317e-03
-1.929206524623516220e-03
-2.242982218975479811e-03
-2.570559569884443927e-03
-2.902760382321576630e-03
-3.230144811015159875e-03
-3.543328747570967472e-03
-3.833299821245418106e-03
-4.091721006897475199e-03
-4.311211264876145012e-03
-4.485593439094572726e-03
-4.610100783229007480e-03
-4.681534930802062379e-03
-4.698369822219091406e-03
-4.660797991167578945e-03
-4.570717627977363001e-03
-4.431660907980917476e-03
-4.248666126078872937e-03
-4.028098142684104037e-03
-3.777423452191661958e-03
-3.504947769842516568e-03
-3.219525340810652694e-03
-2.930250160738457395e-03
-2.646139925270654843e-03
-2.375823775401067570e-03
-2.127244766940662377e-03
-1.907387471019329631e-03
-1.722040226543901679e-03
-1.575600346022984922e-03
-1.470929065893989210e-03
-1.409261284395810698e-03
-1.390173205401851750e-03
-1.411608972927008232e-03
-1.469965309535125990e-03
-1.560231135209106312e-03
-1.676177212792119044e-03
-1.810589109529842696e-03
-1.955535243110750714e-03
-2.102660548232976930e-03
-2.243495399320626776e-03
-2.369768888133984286e-03
-2.473715400491286864e-03
-2.548363669568752543e-03
-2.587798096105182501e-03
-2.587383096837859303e-03
-2.543942537616966128e-03
-2.455887881505637495e-03
-2.323290479622374793e-03
-2.147895390535443320e-03
-1.933076164058877963e-03
-1.683732095485677375e-03
-1.406131474076692967e-03
-1.107706244289231390e-03
-7.968052033755770522e-04
-4.824143148460933897e-04
-1.738538728453632785e-04
1.195369327740097810e-04
3.887170555425806381e-04
6.252511801468509491e-04
8.215971301944596794e-04
9.713630697856200352e-04
1.069525526320901782e-03
1.112600629806797040e-03
1.098762598059208583e-03
1.027905340412147870e-03
9.016450402505441809e-04
7.232636392747494869e-04
4.975952116197367983e-04
2.308592114517975117e-04
-6.955356644927282580e-05
-3.953348223503611535e-04
-7.375435038889473953e-04
-1.086911517772443493e-03
-1.434159714690601143e-03
-1.770313106755017291e-03
-2.087004309004454345e-03
-2.376754614333706321e-03
-2.633222899952045344e-03
-2.851413695492708254e-03
-3.027837178487649810e-03
-3.160615551765209343e-03
-3.249532140222681845e-03
-3.296021555372702361e-03
-3.303101344577522892e-03
-3.275247595468685005e-03
-3.218218932725817709e-03
-3.138835155228900022e-03
-3.044718353137105139e-03
-2.944005660904588841e-03
-2.845043797480439982e-03
-2.756076184075516213e-03
-2.684933690512196925e-03
-2.638739934168463259e-03
-2.623641545334631960e-03
-2.644572937298466254e-03
-2.705063909343839550e-03
-2.807096908499140744e-03
-2.951019033954981226e-03
-3.135511947634211666e-03
-3.357620822745432942e-03
-3.612841390487966063e-03
-3.895262106008870549e-03
-4.197756519707836198e-03
-4.512219176865321472e-03
-4.829836839133119439e-03
-5.141385579287335167e-03
-5.437543389348088035e-03
-5.709207393672623143e-03
-5.947804592171373680e-03
-6.145585280236027376e-03
-6.295888893569357748e-03
-6.393372986812202730e-03
-6.434197341034280683e-03
-6.416156761749145648e-03
-6.338757921259662725e-03
-6.203237554066151800e-03
-6.012521363297620124e-03
-5.771125067875917773e-03
-5.485001041822527845e-03
-5.161335897950604032e-03
-4.808306081569036286e-03
-4.434800005746178733e-03
-4.050116426795558403e-03
-3.663649586080796466e-03
-3.284572103021124543e-03
-2.921526678258024208e-03
-2.582337352743398380e-03
-2.273750379025486941e-03
-2.001213719420271570e-03
-1.768702828579895052e-03
-1.578598752779677202e-03
-1.431622742005702774e-03
-1.326829587993734504e-03
-1.261659841244109573e-03
-1.232048994916497622e-03
-1.232589725766300003e-03
-1.256741421931758217e-03
-1.297079569612034433e-03
-1.345576173585514256e-03
-1.393901299061863289e-03
-1.433735082646567325e-03
-1.457079194141209632e-03
-1.456556751329507633e-03
-1.425690096086534636e-03
-1.359146617855351178e-03
-1.252943932500041662e-03
-1.104607151440397620e-03
-9.132726577878716098e-04
-6.797346839872103839e-04
-4.064329934071993569e-04
-9.738203603862642579e-05
2.419559965264557249e-04
6.048498213736057090e-04
9.835232078482395238e-04
1.369416803459299779e-03
1.753478505617579210e-03
2.126472237210950446e-03
2.479294333760847027e-03
2.803286477710561966e-03
3.090534230830083596e-03
3.334140714765201213e-03
3.528465854949508484e-03
3.669322804145478539e-03
3.754124656724742905e-03
3.781976301082757945e-03
3.753708174493104992e-03
3.671850715095858336e-03
3.540550378460110420e-03
3.365430128655182845e-03
3.153399254460080483e-03
2.912419132254468520e-03
2.651233096233574730e-03
2.379069829962610072e-03
2.105330617033542191e-03
1.839271350357645201e-03
1.589690379753402058e-03
1.364633069675341964e-03
1.171123350472127273e-03
1.014931598095249058e-03
9.003869019504745757e-04
8.302402232886910236e-04
8.055831617493161047e-04
8.258250979462249987e-04
8.887294336492111528e-04
9.905075798733520894e-04
1.125967319624910593e-03
1.288710267073876021e-03
1.471371425281069656e-03
1.665892370556535957e-03
1.863818414713092368e-03
2.056609258133921831e-03
2.235952176063702064e-03
2.394066694335250569e-03
2.523990011866024050e-03
2.619833105135009003e-03
2.676998480711230248e-03
2.692351889610196218e-03
2.664341934560160354e-03
2.593063331473590381e-03
2.480261565386409663e-03
2.329278739480659163e-03
2.144942481394552201e-03
1.933401771442474311e-03
1.701915422494401902e-03
1.458600605717524316e-03
1.212150221812306316e-03
9.715290145065542168e-04
7.456590734332456741e-04
5.431057507908484353e-04
3.717750071224602522e-04
2.386328064437786330e-04
1.494564136192313812e-04
1.086263341936034681e-04
1.189662177988070647e-04
1.816363704748651890e-04
2.960846474690827495e-04
4.600564919451351556e-04
6.696638168204776045e-04
9.195103691089132579e-04
1.202869240765528248e-03
1.511906366315608199e-03
1.837942239386249066e-03
2.171742743986037651e-03
2.503828978805213573e-03
2.824795289580757547e-03
3.125624438917321349e-03
3.397988944875942469e-03
3.634528105558967968e-03
3.829091079797987407e-03
3.976937584001373135e-03
4.074889250539064263e-03
4.121426421685544204e-03
4.116727064534377555e-03
4.062646519463634920e-03
3.962638866640671650e-03
3.821622739110251514e-03
3.645796355593201345e-03
3.442408323101984503e-03
3.219492306598104123e-03
2.985574925973531312e-03
2.749367175389408249e-03
2.519450233710797578e-03
2.303966727350165947e-03
2.110328311544978908e-03
1.944949859809340115e-03
1.813019614230932091e-03
1.718313384290927814e-03
1.663059333316323262e-03
1.647858113819281132e-03
1.671661168159800604e-03
1.731807967360886411e-03
1.824120890145989726e-03
1.943054418945447609e-03
2.081893420728375341e-03
2.232993554975807021e-03
2.388055369411543061e-03
2.538422458196268935e-03
2.675393208750051401e-03
2.790535181957775040e-03
2.875991073125827927e-03
2.924765491133104415e-03
2.930982460614132284e-03
2.890104573362866844e-03
2.799106054684596685e-03
2.656593621231408825e-03
2.462870832508308634e-03
2.219943614776790936e-03
1.931466694266452877e-03
1.602632744326657269e-03
1.240008055967219700e-03
8.513204129101750468e-04
4.452065252284948850e-04
3.092779126850895736e-05
-3.819357337572672618e-04
-7.838025212055654703e-04
-1.165406872755074498e-03
-1.518105308539036830e-03
-1.834161385824829502e-03
-2.106999049454707281e-03
-2.331415716796730788e-03
-2.503747709382780993e-03
-2.621982311349690085e-03
-2.685812602810910658e-03
-2.696633218922022800e-03
-2.657477252499757317e-03
-2.572896577190268968e-03
-2.448789847217506047e-03
-2.292184259344553273e-03
-2.110978778755357842e-03
-1.913657876500399636e-03
-1.708985854804329421e-03
-1.505692511881798765e-03
-1.312161196307028198e-03
-1.136130211999760147e-03
-9.844180616675405737e-04
-8.626821756888959723e-04
-7.752195944242725595e-04
-7.248165961414097629e-04
-7.126525418795835558e-04
-7.382613029811781625e-04
-7.995516134908279247e-04
-8.928856190960924796e-04
-1.013212849340175328e-03
-1.154254892160654338e-03
-1.308734267673996449e-03
-1.468639444007718495e-03
-1.625516666363814415e-03
-1.770778325961764503e-03
-1.896017011178181486e-03
-1.993314179570760541e-03
-2.055532573703220019e-03
-2.076582069339484235e-03
-2.051649571846697606e-03
-1.977384833061979208e-03
-1.852035602426203680e-03
-1.675527298865503532e-03
-1.449484331603056227e-03
-1.177192240780894437e-03
-8.635019008940997970e-04
-5.146790589851381542e-04
-1.382043942228511476e-04
2.574689811902987780e-04
6.631921686135891850e-04
1.069421669019049014e-03
1.466534639862814666e-03
1.845147260001978821e-03
2.196425129511627231e-03
2.512374908529421344e-03
2.786107054463285351e-03
3.012060527091820709e-03
3.186181660880022751e-03
3.306051006639945493e-03
3.370953764337078322e-03
3.381891401630587879e-03
3.341534109527336590e-03
3.254115815271595158e-03
3.125275480812850747e-03
2.961850292543273706e-03
2.771628028711515309e-03
2.563067316128853600e-03
2.344995607570083112e-03
2.126295486420654458e-03
1.915590308496558812e-03
1.720940208455332219e-03
1.549559129238761669e-03
1.407562790496563613e-03
1.299756421980119469e-03
1.229469688687053744e-03
1.198444575137836560e-03
1.206780134749064733e-03
1.252936012087475836e-03
1.333794580888745434e-03
1.444779481488038010e-03
1.580026359917873716e-03
1.732599776837553951e-03
1.894748631958807035e-03
2.058191095600603402e-03
2.214419000909702891e-03
2.355010964517772771e-03
2.471943194018656059e-03
2.557887018497966188e-03
2.606482640718421270e-03
2.612579440268849446e-03
2.572434326924903127e-03
2.483861111658439841e-03
2.346325577730497790e-03
2.160982836020065769e-03
1.930655570542551226e-03
1.659753851153778891e-03
1.354139238145647163e-03
1.020937856062480642e-03
6.683089031768367581e-04
3.051766259623536672e-04
-5.906493018355267628e-05
-4.148641267111287086e-04
-7.528300303462162222e-04
-1.064045724093544681e-03
-1.340365722419473681e-03
-1.574687135830589576e-03
-1.761185146220565134e-03
-1.895504600971354174e-03
-1.974901067201390546e-03
-1.998326454040255402e-03
-1.966456248496632666e-03
-1.881657451497135590e-03
-1.747898373510364464e-03
-1.570603481222051633e-03
-1.356458406811548913e-03
-1.113171972239827313e-03
-8.492035816177394107e-04
-5.734655426212989125e-04
-2.950107507577806598e-04
-2.271667750343702320e-05
