1.279991540163462316e-04 7.290277751770120286e-04
3.034217528157036087e-04 7.454730503119681023e-04
4.293357528164040314e-04 8.115740209318967517e-04
4.940750415731213173e-04 9.213704070737233857e-04
4.969029300780365265e-04 1.060031751362278075e-03
4.479685611098617850e-04 1.206425222163472416e-03
3.662268088409706412e-04 1.336892891334738121e-03
2.757197112869509497e-04 1.429528964241594778e-03
2.009269380056650915e-04 1.468152254298620701e-03
1.620682095237444584e-04 1.445226250813243414e-03
1.712487603092372108e-04 1.363177638961795939e-03
2.301783483960504438e-04 1.233866525712618749e-03
3.298953914825260552e-04 1.076310669737133834e-03
4.525471741484373995e-04 9.130956402043570279e-04
5.748868187861365863e-04 7.661506492038405898e-04
6.728217604047204061e-04 6.526889148275574672e-04
7.261485538760027074e-04 5.820792854297446133e-04
7.225728453474449236e-04 5.542385951471245908e-04
6.602480912232102988e-04 5.598454119717494702e-04
5.483466074477656022e-04 5.823301891484680909e-04
4.055487723993059603e-04 6.012598061940858116e-04
2.567302141753635778e-04 5.964699184677988569e-04
1.284679897038638408e-04 5.521565310551992088e-04
4.421051188522792923e-05 4.601456695589878636e-04
2.001993511545525645e-05 3.217155303525543863e-04
6.168775334520110220e-05 1.476196138913794733e-04
1.637649278268584201e-04 -4.369982583743545375e-05
3.106860520466733539e-04 -2.293756817849644818e-04
4.797713694763011010e-04 -3.862446914220089454e-04
6.455357911594139476e-04 -4.950640133090981020e-04
7.844875515429349661e-04 -5.440213922258353620e-04
8.795074465671620136e-04 -5.308775516768373705e-04
9.229800543353467715e-04 -4.633375322036581770e-04
9.180856825332019567e-04 -3.575820748407327384e-04
8.780110482881681080e-04 -2.352375354629603326e-04
8.232317173860872811e-04 -1.193574525801349923e-04
7.773852938146243348e-04 -3.017501567665904208e-05
7.625219476780456833e-04 1.857191967550995059e-05
7.946374180411929725e-04 2.205094958780847141e-05
8.803406676609913445e-04 -1.497162208852697522e-05
1.015293913201376292e-03 -7.928058248762691199e-05
1.184727400964166386e-03 -1.519812829161132058e-04
1.365938533493099441e-03 -2.123582632554043214e-04
1.532309141488280872e-03 -2.420859585779080872e-04
1.658086997793377024e-03 -2.289875870488354277e-04
1.723032564042126583e-03 -1.696238578027821874e-04
1.716056925914840551e-03 -7.021484895812775775e-05
1.637167189002668687e-03 5.428569980010973257e-05
1.497355249106235983e-03 1.827941832655199049e-04
1.316454313954425930e-03 2.918912370389509280e-04
1.119371310993366340e-03 3.600923375924884227e-04
9.314097381612784256e-04 3.717900902713166156e-04
7.735686156279998355e-04 3.201246968465955908e-04
6.587066094131222927e-04 2.082410877514191824e-04
5.892955009919268600e-04 4.869567055553679054e-05
5.571852126183632088e-04 -1.388750348160307561e-04
5.454207589764299008e-04 -3.313835431543557292e-04
5.317620984803862489e-04 -5.065332876173382409e-04
4.932346500623539364e-04 -6.468731343224840826e-04
4.108424377075016128e-04 -7.429007792514503734e-04
2.735445129017583595e-04 -7.946321462582439914e-04
8.073442261638234959e-05 -8.113450155595568897e-04
-1.572542968295825155e-04 -8.095513283753020357e-04
-4.207199298049934242e-04 -8.095883705795724281e-04
-6.839516067205325634e-04 -8.314807598241144354e-04
-9.197467944387183007e-04 -8.908632947913559157e-04
-1.104238718240252654e-03 -9.957431237779944700e-04
-1.221125897623194295e-03 -1.144720555655405697e-03
-1.264508433053604386e-03 -1.327011304821928452e-03
-1.239798604770190379e-03 -1.524271395722800668e-03
-1.162536982173342694e-03 -1.713884029720829684e-03
-1.055340769111539094e-03 -1.873090187032635254e-03
-9.435636632177800843e-04 -1.983184161654304774e-03
-8.504893587348871277e-04 -2.032982029974992558e-03
-7.929680159043696330e-04 -2.020907753485250060e-03
-7.783200735234077280e-04 -1.955302350359265379e-03
-8.030908051325816007e-04 -1.852896993187231386e-03
-8.538876632577732531e-04 -1.735737515441098007e-03
-9.101372634960786792e-04 -1.627140035047505272e-03
-9.482346686627816674e-04 -1.547439930321688889e-03
-9.462934074580579228e-04 -1.510334701821609837e-03
-8.885904391613041933e-04 -1.520508097344594901e-03
-7.688576923955557814e-04 -1.572979709598996056e-03
-5.917900010596049021e-04 -1.654297129418749041e-03
-3.724769298087239958e-04 -1.745338595115577835e-03
-1.338591955914655569e-04 -1.825189028590515870e-03
9.731530064678674860e-05 -1.875349147866107059e-03
2.952762932941577559e-04 -1.883474463396954054e-03
4.398564223221676592e-04 -1.845930299752688783e-03
5.200860387781871576e-04 -1.768673608583057767e-03
5.360808936828466691e-04 -1.666289709368400009e-03
4.988683427495417154e-04 -1.559362108458648647e-03
4.281870127703904429e-04 -1.470669923613258977e-03
3.486775399135526505e-04 -1.420930269912213393e-03
2.851855858280857772e-04 -1.424890042349764591e-03
2.580654110874211872e-04 -1.488506356414910506e-03
2.793712272102889327e-04 -1.607749797741524428e-03
3.506545776285862324e-04 -1.769258393843328508e-03
4.627811229242838700e-04 -1.952720808810528771e-03
5.977971639794498740e-04 -2.134540803378120414e-03
7.324875629386668006e-04 -2.292093279929222419e-03
8.429460140200387272e-04 -2.407770984168284244e-03
9.092866016242126146e-04 -2.472061200978568647e-03
9.195986229523737000e-04 -2.485075918926669351e-03
8.723898591646337504e-04 -2.456252072852600169e-03
7.770497498262528800e-04 -2.402285107114441546e-03
6.522390693626531951e-04 -2.343693612105444014e-03
5.225056975348828670e-04 -2.300671849551874822e-03
4.137625034795479025e-04 -2.289021555001860032e-03
3.484795071794833158e-04 -2.316939011581403002e-03
3.414973916952260182e-04 -2.383270942969185208e-03
3.972526876674979885e-04 -2.477574036542179187e-03
5.089386150576842658e-04 -2.581970664535125116e-03
6.597600458573966683e-04 -2.674452435609093841e-03
8.260455254472621675e-04 -2.733008150435083539e-03
9.816286210642889871e-04 -2.739795650898494122e-03
1.102671425359385031e-03 -2.684567708127840336e-03
1.172020150220699341e-03 -2.566702288216032336e-03
1.182272087420151250e-03 -2.395450758184873748e-03
1.136977868856301095e-03 -2.188354048645928859e-03
1.049756601484731159e-03 -1.968122803385638497e-03
9.414971079159032254e-04 -1.758567627021635077e-03
8.361812365044321094e-04 -1.580344773505675763e-03
7.561263080457371159e-04 -1.447317063196907391e-03
7.175537811398416182e-04 -1.364212949821798750e-03
7.273293048170097154e-04 -1.326020610159318490e-03
7.814972110334003109e-04 -1.319225292919804773e-03
8.658922498501006202e-04 -1.324649172755910497e-03
9.587174285384639271e-04 -1.321349696383412832e-03
1.034603793560641936e-03 -1.290832302861460307e-03
1.069386543759647847e-03 -1.220774335714957994e-03
1.044695300522476477e-03 -1.107550118615732585e-03
9.514905703948521587e-04 -9.570748912811513458e-04
7.918769659817730382e-04 -7.838044648719662581e-04
5.788490329589562975e-04 -6.080776024678223200e-04
3.340159907813106252e-04 -4.523029320798722898e-04
8.373341426938933391e-05 -3.367120170295364971e-04
-1.456293996306352900e-04 -2.754833866672226866e-04
-3.323948425133918592e-04 -2.739730908999356371e-04
-4.633695789519098386e-04 -3.275787714909592519e-04
-5.360122153267191190e-04 -4.224558145951106238e-04
-5.585721824205554589e-04 -5.379542464703420670e-04
-5.481805053755363409e-04 -6.503198970194861480e-04
-5.272611773343260488e-04 -7.369645357890592784e-04
-5.189499096193563943e-04 -7.805023923339751788e-04
-5.423948737638937829e-04 -7.717950151236535562e-04
-6.088361124006261022e-04 -7.114343603526351477e-04
-7.192124063152949926e-04 -6.093897440390289586e-04
-8.637545591596269097e-04 -4.828918361691188037e-04
-1.023647195176680298e-03 -3.529604157364822766e-04
-1.174448638970839376e-03 -2.402389866006617491e-04
-1.290624606703902159e-03 -1.609300368346715899e-04
-1.350339520060445542e-03 -1.236049751384707624e-04
-1.339599407340439502e-03 -1.274963520115092702e-04
-1.254962041879834761e-03 -1.625984024440311885e-04
-1.104300168748093090e-03 -2.115585684474358607e-04
-9.054712462553672582e-04 -2.530025176434246535e-04
-6.831424997917562390e-04 -2.656627019925035201e-04
-4.643684081443556029e-04 -2.325273201368510613e-04
-2.737530808314978057e-04 -1.442216909027515008e-04
-1.291077966316563075e-04 -9.784597840515468770e-07
-3.841954339831867796e-05 1.871805777537013059e-04
1.302374088073759246e-06 4.020903602582459992e-04
3.090586330140349829e-06 6.206100198607239146e-04
-1.282050489506237972e-05 8.187181679747421517e-04
-2.319393847981644861e-05 9.757669302721981228e-04
-6.545882064948967041e-06 1.078095808757774127e-03
5.244984002696154992e-05 1.121327732371180282e-03
1.597490546487395180e-04 1.110919103755673466e-03
3.105307641493312105e-04 1.060866027907360603e-03
4.898685035490894357e-04 9.908176655118190040e-04
6.753568364780547940e-04 9.221487583901894283e-04
8.411991264546209114e-04 8.737398195731954469e-04
9.629849996623817982e-04 8.582680789021393010e-04
1.022254257019343960e-03 8.797147023043481139e-04
1.009983351350723577e-03 9.325625534387302351e-04
9.283334893235362702e-04 1.002837651732329909e-03
7.903275393901438347e-04 1.070797332461292072e-03
6.175141148046483152e-04 1.114755263038850076e-03
4.360574024130967714e-04 1.115317182138950841e-03
2.719885523689044397e-04 1.059222484418028114e-03
1.465124679145664776e-04 9.420605063933750302e-04
7.225273357582961010e-05 7.693426382506525323e-04
5.113931022789183680e-05 5.557220183033171170e-04
7.433224206475355579e-05 3.225027598828384117e-04
1.241889324615979640e-04 9.390411701966301693e-05
1.778955901934302776e-04 -1.072195257848870147e-04
2.120684991072182993e-04 -2.633990409637223672e-04
2.074474584156748669e-04 -3.655566653037362100e-04
1.527867789635366561e-04 -4.144350650169005535e-04
4.720179945794396163e-05 -4.201849109581891860e-04
-9.947790730499602298e-05 -4.001947670723251301e-04
-2.684191793672581266e-04 -3.755793437328966010e-04
-4.352385862465741901e-04 -3.669955114422778029e-04
-5.745463005850460006e-04 -3.905819538298202281e-04
-6.647209008263008610e-04 -4.547940329886133158e-04
-6.920107541923253011e-04 -5.587349704486767885e-04
-6.531841556838119921e-04 -6.923001152327017127e-04
-5.562242485168775608e-04 -8.381067378217735417e-04
-4.189340930588851802e-04 -9.748426793783082373e-04
-2.657121681422918444e-04 -1.081397536962539971e-03
-1.231043166822932283e-04 -1.140990965142577116e-03
-1.496923433523845450e-05 -1.144512382828658187e-03
4.183269899245728755e-05 -1.092434969641352654e-03
4.041688126838266439e-05 -9.949361969858762627e-04
-1.503938989546438733e-05 -8.701962685852820002e-04
-1.103016148191864607e-04 -7.411905313743217920e-04
-2.239773298622861272e-04 -6.315768958791540769e-04
-3.317551790002441900e-04 -5.614506192539478295e-04
-4.111758679943177579e-04 -5.437640215198726555e-04
-4.460269244122483292e-04 -5.820830544783504911e-04
-4.295251193288291444e-04 -6.700999117521801119e-04
-3.656807601637245106e-04 -7.929889010550576116e-04
-2.685832038738913746e-04 -9.303444383705520388e-04
-1.597414923462648056e-04 -1.060141213928369932e-03
-6.398324301416682784e-05 -1.162963886047544511e-03
-4.688895235844988936e-06 -1.225703552301271419e-03
7.347853193629349210e-07 -1.244020196817763454e-03
-5.571756315707565533e-05 -1.223104988465001939e-03
-1.709732413172034883e-04 -1.176599240141582795e-03
-3.312774275760782148e-04 -1.123876853892995156e-03
-5.145914878402149542e-04 -1.086207866495646560e-03
-6.945448752559616303e-04 -1.082533407212790937e-03
-8.451981336205008615e-04 -1.125656696691845976e-03
-9.457212544467614654e-04 -1.219576571828408186e-03
-9.841078228689599441e-04 -1.358474201314290681e-03
-9.592279531270011487e-04 -1.527551011973707221e-03
-8.808373952959822365e-04 -1.705565561811782458e-03
-7.675468703403847499e-04 -1.868595488372688882e-03
-6.431414508835971286e-04 -1.994318624586848086e-03
-5.319516146718725538e-04 -2.066008849581019938e-03
-4.541564275919537539e-04 -2.075495892489112246e-03
-4.219113214261082973e-04 -2.024533981482838380e-03
-4.370358716807258700e-04 -1.924324882426774273e-03
-4.907006226798842725e-04 -1.793289579956807833e-03
-5.651724938518552050e-04 -1.653513603805739250e-03
-6.372875141361808394e-04 -1.526541190723914492e-03
-6.829915799053614496e-04 -1.429315756416678221e-03
-6.820867437288718246e-04 -1.371035413202086961e-03
-6.222807050464194793e-04 -1.351517981086071754e-03
-5.017682529646731726e-04 -1.361383129000550557e-03
-3.298506111728099740e-04 -1.384014275268504422e-03
-1.254694929312861898e-04 -1.398925014658602755e-03
8.607301012804911627e-05 -1.385888113298228055e-03
2.775944552906584582e-04 -1.329040042856066434e-03
4.248707635163393890e-04 -1.220178095179872595e-03
5.109245302209754723e-04 -1.060619567489636721e-03
5.289579350608318619e-04 -8.612644754209372502e-04
4.833815922144518609e-04 -6.408432429038392851e-04
3.887507342398071816e-04 -4.226744615217217717e-04
2.668157294023483072e-04 -2.305400469809367175e-04
1.422502129290102138e-04 -8.445251479783494591e-05
3.786963497999235994e-05 2.890039562898443198e-06
-2.975142746037043838e-05 2.829529304317169127e-05
-5.343135031146846979e-05 -1.496005425331517090e-06
-3.670513612195143351e-05 -7.122401004331632484e-05
6.930856480848350608e-06 -1.600945561521101529e-04
5.670896277824288563e-05 -2.457678497210800451e-04
8.870348394061285135e-05 -3.085951282327550308e-04
8.058512656750920129e-05 -3.353014431645702335e-04
1.611219288213380568e-05 -3.214186100338699541e-04
-1.114969335285916053e-04 -2.720099972870980410e-04
-2.979544256052310850e-04 -2.005531642532653561e-04
-5.283680211393213932e-04 -1.261959804562226193e-04
-7.796994027036106010e-04 -6.991055126932231849e-05
-1.024757881204152021e-03 -5.027857975112995175e-05
-1.236980802751458776e-03 -7.971207370287684856e-05
-1.395103141285106629e-03 -1.618312464123627665e-04
-1.486839540978972338e-03 -2.905025887249089835e-04
-1.510888701927800767e-03 -4.507258420815155931e-04
-1.476887137167486649e-03 -6.212084698555163029e-04
-1.403326940020462607e-03 -7.781464978038449797e-04
-1.313836917172542425e-03 -8.995018115125065321e-04
-1.232535442384785369e-03 -9.689714834914581361e-04
-1.179338182642709594e-03 -9.789023620560741677e-04
-1.166111368210996906e-03 -9.316030864332164102e-04
-1.194400119326248727e-03 -8.388082502942768642e-04
-1.255162041705629172e-03 -7.193983546812394558e-04
-1.330555551907666896e-03 -5.958084323013637315e-04
-1.397442303390846775e-03 -4.898054785104520234e-04
-1.431937533859122371e-03 -4.184333047471329751e-04
-1.414142803470682958e-03 -3.908907330788556145e-04
-1.332160207352986328e-03 -4.069313920516326108e-04
-1.184622445680163973e-03 -4.570844133115646774e-04
-9.812535231115105620e-04 -5.246497945006975156e-04
-7.413472560647045443e-04 -5.890855239148849341e-04
-4.904446937707037909e-04 -6.301395127827401441e-04
-2.558324300894324380e-04 -6.319379563864526220e-04
-6.170706085809626960e-05 -5.862497302825417454e-04
7.508555036575678340e-05 -4.943023153580147246e-04
1.479360082665043849e-04 -3.667990215559431295e-04
1.614417601161898951e-04 -2.221280133973804662e-04
1.302837462687130303e-04 -8.309631542543222528e-05
7.622662016271812015e-05 2.719829209141646272e-05
2.381425183466592669e-05 8.958075729570915313e-05
-4.421667053363395952e-06 9.230401153221282290e-05
7.669114751955412312e-06 3.318565785560259520e-05
6.673638524501836027e-05 -8.002603368375438991e-05
1.686510718977854092e-04 -2.311246690844290339e-04
2.993083724882290375e-04 -3.984775699123144980e-04
4.373582594536876969e-04 -5.590434646008216350e-04
5.583433912672342058e-04 -6.926169432551753128e-04
6.394571772917511179e-04 -7.854986241078946302e-04
6.640166047538504247e-04 -8.328996146527169707e-04
6.247978325468234347e-04 -8.396293028100003213e-04
5.255973938419831581e-04 -8.189412392456301478e-04
3.807174682349421732e-04 -7.897611877687053588e-04
2.124665535220543586e-04 -7.728281810511822194e-04
4.714261062384336276e-05 -7.864855371032437870e-04
-8.974676944373179708e-05 -8.429252363514188077e-04
-1.781278574331700217e-04 -9.456032438462583364e-04
-2.069939749879018713e-04 -1.088321531079656547e-03
-1.763451183008183667e-04 -1.256156709162703847e-03
-9.707070399389924496e-05 -1.428065136135247670e-03
1.119923211090948815e-05 -1.580676391523936795e-03
1.238652784834087719e-04 -1.692561333885504509e-03
2.160369603375611447e-04 -1.748170312063999704e-03
2.672319474781140766e-04 -1.740698665432417009e-03
2.652069688496211169e-04 -1.673338787137253073e-03
2.081965693801282613e-04 -1.558682493366153740e-03
1.051381933994648273e-04 -1.416386626881469208e-03
-2.615580764798592755e-05 -1.269542643477080670e-03
-1.625291346248701051e-04 -1.140435343712626476e-03
-2.800422245832417468e-04 -1.046490661186571169e-03
-3.586938681457989449e-04 -9.971757893562360753e-04
-3.864040555743443028e-04 -9.924338689332680343e-04
-3.614979360642038087e-04 -1.022944263586971500e-03
-2.932144443625032027e-04 -1.072153274585934020e-03
-2.001371894693532096e-04 -1.119684545926298872e-03
-1.068387892804171564e-04 -1.145476943560940842e-03
-3.936844697208539490e-05 -1.133859866586831022e-03
-2.043208006046544258e-05 -1.076787861055755182e-03
-6.517315526380931768e-05 -9.756158022271217440e-04
-1.783493900866684346e-04 -8.410726083738498870e-04
-3.534370245559802530e-04 -6.914330568124212820e-04
-5.738303026547062011e-04 -5.492291025952660867e-04
-8.159080454515919888e-04 -4.371194125026111980e-04
-1.053386665848829538e-03 -3.736960883150866565e-04
-1.262136404694410652e-03 -3.700203884714838064e-04
-1.424550871898814337e-03 -4.275422065106718379e-04
-1.532645545424119295e-03 -5.377970545367727903e-04
-1.589302483323324624e-03 -6.839387338175989539e-04
-1.607430362025068530e-03 -8.438192750536371942e-04
-1.607204418900257028e-03 -9.940357069479356222e-04
-1.611915051419057169e-03 -1.114181034086278617e-03
-1.643217743589101736e-03 -1.190498942551611533e-03
-1.716690674032488560e-03 -1.218255349223544733e-03
-1.838548276423096397e-03 -1.202383441110149069e-03
-2.004140162408636194e-03 -1.156286191837552213e-03
-2.198526614813379586e-03 -1.099029506436221800e-03
-2.399028353257221316e-03 -1.051464014410149073e-03
-2.579273983143181431e-03 -1.032016372815756748e-03
-2.713984347762102116e-03 -1.052953343567701334e-03
-2.783592738895690824e-03 -1.117832057528794472e-03
-2.777830156432664795e-03 -1.220624794867648496e-03
-2.697599829121178142e-03 -1.346688933429919912e-03
-2.554788103408980708e-03 -1.475402617742738913e-03
-2.370048456136814551e-03 -1.583970491307952521e-03
-2.168978039393006443e-03 -1.651681403013365197e-03
-1.977409402741190508e-03 -1.663813473816783866e-03
-1.816706477249855700e-03 -1.614447689187488520e-03
-1.699952061782837110e-03 -1.507656830784012995e-03
-1.629744295119875614e-03 -1.356843165800258443e-03
-1.598014085457813167e-03 -1.182347850987854011e-03
-1.587892062336385439e-03 -1.007781326697210862e-03
-1.577264926201317127e-03 -8.557653115725897533e-04
-1.543340710709098377e-03 -7.438876826885299897e-04
-1.467351115838971213e-03 -6.816305969709719140e-04
-1.338492957345286966e-03 -6.688474404986869803e-04
-1.156354855764129544e-03 -6.960705815963536729e-04
-9.313622714344164250e-04 -7.465850574177084137e-04
-6.831495358075235407e-04 -7.998689222491351530e-04
-4.371605210253754815e-04 -8.357423447175667697e-04
-2.201156132690104195e-04 -8.384336237493665838e-04
-5.519807802789475576e-05 -7.997864432990368314e-04
4.213307750939486928e-05 -7.209958335823972182e-04
6.691428030065755248e-05 -6.125395514245146091e-04
2.551019473221927320e-05 -4.923140527253748368e-04
-6.564832428281757760e-05 -3.823250516857257231e-04
-1.831820535390842671e-04 -3.045572934344299709e-04
-3.011476262665168172e-04 -2.768045833338375747e-04
-3.958600514833501838e-04 -3.092496709436986504e-04
-4.502434322934040006e-04 -4.024426303095094814e-04
-4.568900491205576085e-04 -5.470625750346662201e-04
-4.192533709279588862e-04 -7.255108253509846708e-04
-3.507546033244048631e-04 -9.150377425342089794e-04
-2.719780235694787022e-04 -1.091815838592897266e-03
-2.064926657663791612e-04 -1.235193271225395973e-03
-1.760982969158941000e-04 -1.331328224104928954e-03
-1.964027604964954567e-04 -1.375522300453999036e-03
-2.735749898586293692e-04 -1.372817644660560962e-03
-4.028951912190709703e-04 -1.336751362173449822e-03
-5.693830525123445363e-04 -1.286509667800573870e-03
-7.503908572408361267e-04 -1.243027004368115092e-03
-9.196756861825710564e-04 -1.224774802509459581e-03
-1.052184065392126671e-03 -1.244042838812975133e-03
-1.128646663737000767e-03 -1.304422263151968709e-03
-1.139115684980631900e-03 -1.399971096220202884e-03
-1.084776824022278766e-03 -1.516223586174250985e-03
-9.776933621562734680e-04 -1.632854761611117261e-03
-8.385305126654846999e-04 -1.727497132371743922e-03
-6.926895727942650573e-04 -1.779987321555490587e-03
-5.655815904947217006e-04 -1.776237983822215706e-03
-4.779323043789235185e-04 -1.711000308388721091e-03
-4.420033987650603632e-04 -1.588991502436610647e-03
-4.594409202330601962e-04 -1.424170336259218596e-03
-5.211530252328901072e-04 -1.237293680498215273e-03
-6.092345311503990016e-04 -1.052211754073892466e-03
-7.005678810903242116e-04 -8.915980440216033764e-04
-7.714125578830669655e-04 -7.729164532672338703e-04
-8.021078342534498874e-04 -7.053830022849369615e-04
-7.809924600439756715e-04 -6.884909254707576899e-04
-7.067934880171560311e-04 -7.123719570665275379e-04
-5.890267784713393469e-04 -7.599190530951727487e-04
-4.463288099267639615e-04 -8.102625519337740365e-04
-3.030318409226948062e-04 -8.429359309811777345e-04
-1.846278943082729773e-04 -8.419373051082217410e-04
-1.129783160968897806e-04 -7.989132392444499341e-04
-1.021747680024453185e-04 -7.148584295472168795e-04
-1.558351244769019589e-04 -6.000067092598836138e-04
-2.663470123339202380e-04 -4.719322576578301783e-04
-4.162038947522826542e-04 -3.522197824247012788e-04
-5.811832900290310466e-04 -2.623344227871120954e-04
-7.347687601125384594e-04 -2.194746575191918098e-04
-8.529825691056809427e-04 -2.331956904771868258e-04
-9.187188244218747434e-04 -3.034458101814390329e-04
-9.247620514403240939e-04 -4.203915087730280414e-04
-8.749254869090458816e-04 -5.660691813890620728e-04
-7.830996840721399623e-04 -7.175559856940209088e-04
-6.703978286754364154e-04 -8.510652802032522271e-04
-5.609445189998119464e-04 -9.461973428211604238e-04
-4.771114306256009395e-04 -9.895468741065636085e-04
-4.351076706727326888e-04 -9.769906386710236826e-04
-4.417649695259280541e-04 -9.142284201888012905e-04
-4.931309844181002485e-04 -8.154809581482499146e-04
-5.751408747850267778e-04 -7.005971221199872598e-04
-6.662429430074043096e-04 -5.911232632711174023e-04
-7.414832102961329673e-04 -5.060835395054575064e-04
-7.772765712869778238e-04 -4.582739701964613451e-04
-7.559611562419916563e-04 -4.517748410524806456e-04
-6.692725567084983635e-04 -4.811544521578430358e-04
-5.200780842142547003e-04 -5.325159628240374102e-04
-3.220397216828397744e-04 -5.861890844107979937e-04
-9.726571770425084559e-05 -6.205559035582019567e-04
1.276092056353470114e-04 -6.162843752813971414e-04
3.261782493248676024e-04 -5.601648861923431803e-04
4.769573397381464365e-04 -4.478195741537032218e-04
5.671379074183251602e-04 -2.847667575209798536e-04
5.946939242264504509e-04 -8.563362233607241714e-05
5.684512804100445588e-04 1.283395985778988549e-04
5.061134224516692249e-04 3.330376247213674679e-04
4.306239908750519180e-04 5.057490384470042597e-04
3.655617568259078034e-04 6.291825383094112011e-04
3.304459077263646803e-04 6.944666630756587532e-04
3.368460863433668843e-04 7.025713964118250566e-04
3.860384619977082167e-04 6.638885262696740631e-04
4.686555159141580248e-04 5.960557759630593895e-04
5.663987636272078746e-04 5.204416398717142756e-04
6.554919975748803567e-04 4.579607128741505924e-04
7.112219943435333465e-04 4.250152358568792701e-04
7.127066267707895825e-04 4.303337608637271402e-04
6.469861731250624651e-04 4.733069880773976227e-04
5.116607055685887338e-04 5.441363183954799803e-04
3.155707232280766453e-04 6.257663996013332905e-04
7.738775571229136567e-05 6.972341352745334633e-04
-1.776234529593099967e-04 7.377974504343743668e-04
-4.220641084981377640e-04 7.310585529226927993e-04
-6.312441568522696601e-04 6.682966388311386771e-04
-7.874987955223753788e-04 5.503739403818778877e-04
-8.831687410309218850e-04 3.878485212527617017e-04
-9.216874287338817570e-04 1.992662776363028903e-04
-9.165767336007455812e-04 7.949022397790912221e-06
-8.885486235320185161e-04 -1.621198897277940009e-04
-8.612684439817729987e-04 -2.905400791733543891e-04
-8.565884454795817497e-04 -3.640717047435141880e-04
-8.901598222139468428e-04 -3.788749778952838648e-04
-9.682590744569322247e-04 -3.409934646906542756e-04
-1.086433680988978245e-03 -2.649949896111542576e-04
-1.230226601849683651e-03 -1.710321283842723683e-04
-1.377844465129108437e-03 -8.088273310053885443e-05
-1.504265175891696246e-03 -1.372318021708045276e-05
-1.586007032663773551e-03 1.756330649568270982e-05
-1.605655084984668928e-03 8.843208846133959527e-06
-1.555285365103341007e-03 -3.451103148978325623e-05
-1.438135306027925765e-03 -9.870727600176066002e-05
-1.268199822016611482e-03 -1.642548202829459956e-04
-1.067824493905923959e-03 -2.098022309296883033e-04
-8.637458667240134873e-04 -2.163613909000215371e-04
-6.823223576745498804e-04 -1.711133316517227131e-04
-5.448521217069786631e-04 -7.006994145698634043e-05
-4.638574940027334419e-04 8.091826130738190119e-05
-4.410324996924456262e-04 2.670053214895991116e-04
-4.672350742152373438e-04 4.668908001770741474e-04
-5.245186918452518455e-04 6.565838998486106352e-04
-5.898123176847778950e-04 8.136845037506530189e-04
-6.395460144004917096e-04 9.213767771524838685e-04
-6.543411302371744676e-04 9.713850360264554302e-04
-6.228725332017500142e-04 9.653375721727567964e-04
-5.441679927812029726e-04 9.142849402307545986e-04
-4.279066811508664293e-04 8.364679232669961937e-04
-2.926586383026228907e-04 7.537609923201423097e-04
-1.623979645602445531e-04 6.874669798543087693e-04
-6.195041734078033041e-05 6.542605920431790630e-04
-1.223887406991375172e-05 6.630492217267532507e-04
-2.622935458872465700e-05 7.133448333836818131e-04
-1.063485246612060607e-04 7.954535757290338936e-04
-2.438657630599604163e-04 8.924446305001340314e-04
-4.203615643124720860e-04 9.835220095741794687e-04
-6.110095619622584427e-04 1.048156552730710117e-03
-7.890564752434703387e-04 1.070190728088498289e-03
-9.306577368113713462e-04 1.041133401230170908e-03
-1.019159340327520239e-03 9.620146675901945733e-04
-1.048021282798805749e-03 8.434431936191692358e-04
-1.021835022923795909e-03 7.038487286254394709e-04
-9.552479688819978491e-04 5.662361172894484623e-04
-8.700038743944555480e-04 4.540591857218462517e-04
-7.906642074783056450e-04 3.869898744142023046e-04
-7.398246245107976049e-04 3.773783105637254975e-04
-7.337354840578265988e-04 4.280692848218621105e-04
-7.791579395835875228e-04 5.319844666466324624e-04
-8.720522389251680667e-04 6.735461432434859935e-04
-9.983469414086595765e-04 8.316704437385382754e-04
-1.136642748062551347e-03 9.837617571463968917e-04
-1.262337349612632558e-03 1.109951445967892036e-03
-1.352387702157817166e-03 1.196778688000736364e-03
-1.389804589386455132e-03 1.239617897636086487e-03
-1.367024262651580710e-03 1.243395476629297882e-03
-1.287513933307432969e-03 1.221463481947857596e-03
-1.165301802545270137e-03 1.192847645286641530e-03
-1.022514934728718230e-03 1.178395766475015451e-03
-8.853852694033655362e-04 1.196561373096127843e-03
-7.794740395694146375e-04 1.259627116824428529e-03
-7.250129108167851968e-04 1.371089470204264662e-03
-7.332382436683706258e-04 1.524706584078355798e-03
-8.044071582077004512e-04 1.705396264129237878e-03
-9.278660889146735395e-04 1.891820555561336088e-03
-1.084154465209169731e-03 2.060173758021704646e-03
-1.248741509117268136e-03 2.188462370431920340e-03
-1.396685727113520809e-03 2.260471737344831901e-03
-1.507332872882997336e-03 2.268672802215442735e-03
-1.568161862351382350e-03 2.215522287064047597e-03
-1.577050499125268873e-03 2.112912976825845682e-03
-1.542533139027666344e-03 1.979880162444002095e-03
-1.482003692785587978e-03 1.838999544581225399e-03
-1.418207405400780108e-03 1.712158686879707058e-03
-1.374689774864343598e-03 1.616501721078273486e-03
-1.371069236311264761e-03 1.561313199891193595e-03
-1.419034286122259573e-03 1.546428197780394575e-03
-1.519829097700941189e-03 1.562465859370089057e-03
-1.663710248673735351e-03 1.592837510054345707e-03
-1.831484221382961635e-03 1.617143728529090710e-03
-1.997841471529489699e-03 1.615311214933923224e-03
-2.135862662765573416e-03 1.571679795718727325e-03
-2.221850555710018407e-03 1.478259102364939005e-03
-2.239579074018238809e-03 1.336531608009497961e-03
-2.183160976877805172e-03 1.157454040682664304e-03
-2.057996530882353573e-03 9.596505639315143759e-04
-1.879628182105685290e-03 7.661338688341033003e-04
-1.670721834826997690e-03 6.001695433121483157e-04
-1.456749066393646028e-03 4.810619001556144564e-04
-1.261189507944587450e-03 4.206550247728142017e-04
-1.101162364753903444e-03 4.212081935649888086e-04
-9.843136772183934576e-04 4.750454891748321002e-04
-9.075470554904677741e-04 5.660444791247433828e-04
-8.578355056877306649e-04 6.726816239773653885e-04
-8.149569151703465499e-04 7.720583514647964482e-04
-7.556306002239334633e-04 8.441470636582100581e-04
-6.582662050187305242e-04 8.754556774364684931e-04
-5.074195819941664572e-04 8.614203107321996306e-04
-2.971051828425926109e-04 8.070773738849557760e-04
-3.233055955794800164e-05 7.258928276633509497e-04
2.714450884561310246e-04 6.369758851797286889e-04
5.908334574697959038e-04 5.612107728694169318e-04
8.985507779708775192e-04 5.170453195089756400e-04
1.168206239211429503e-03 5.167402702427074598e-04
1.378945601176353834e-03 5.637959969546621269e-04
1.519077271067977714e-03 6.520502130336028497e-04
1.588000092498852546e-03 7.666236317243311799e-04
1.596072839918952994e-03 8.865401883705678479e-04
1.562454224522558111e-03 9.885308103655806797e-04
1.511325504584904236e-03 1.051304918339852814e-03
1.467212998246137951e-03 1.059484463351829421e-03
1.450297148309407855e-03 1.006458297090049182e-03
1.472596240440077415e-03 8.956181345500387973e-04
1.535746177255068422e-03 7.397428007508701723e-04
1.630794451083790626e-03 5.586470450675542956e-04
1.740044083230626870e-03 3.755387884556736565e-04
1.840594228768658181e-03 2.127722401931895720e-04
1.908902068195634551e-03 8.779778985110539167e-05
1.925496520374535411e-03 1.007148643852032914e-05
1.878944982558129273e-03 -2.049550975846036382e-05
1.768315306555653162e-03 -1.325932509202638106e-05
1.603659875612134999e-03 1.520390108080184536e-05
1.404423067182424250e-03 4.452102208584547086e-05
1.196066677024039014e-03 5.466594538493395783e-05
1.005545560475244174e-03 3.003344439538350400e-05
8.564838612129836368e-04 -3.733522281897225150e-05
7.649594287978075426e-04 -1.459920021479151812e-04
7.366895218644306910e-04 -2.851263124166032422e-04
7.661463215526331458e-04 -4.364109352820656935e-04
8.377662215389565471e-04 -5.773047605331087673e-04
9.290213275078991993e-04 -6.851909811602257833e-04
1.014769962373136694e-03 -7.415702598099029649e-04
1.072061793087351672e-03 -7.355170252823293835e-04
1.084488116030563401e-03 -6.657455819487631890e-04
1.045254950610281265e-03 -5.408949258459305092e-04
9.583993805237737019e-04 -3.779774381979839103e-04
8.379220547525579070e-04 -1.992833211229030855e-04
7.050041493744722788e-04 -2.832412339570525642e-05
5.838405027314226472e-04 1.144202024792881703e-04
4.968832343985172444e-04 2.151498451771737268e-04
4.604022026311612543e-04 2.691035410606500340e-04
4.812089209033508139e-04 2.811859652595248560e-04
5.551703506048786922e-04 2.647514492622746532e-04
6.678000128279067832e-04 2.387807781060473822e-04
7.968203088981575455e-04 2.239922507658330723e-04
9.162163352783392421e-04 2.386299859553498836e-04
1.001018576935458829e-03 2.947334089471519516e-04
1.031913245364635698e-03 3.956004232975713318e-04
9.988109563416459977e-04 5.349302732496615887e-04
9.027008892912864301e-04 6.978134368588191205e-04
7.554413545518854972e-04 8.633854130578753807e-04
5.775275249546717345e-04 1.008645363055639876e-03
3.942591674808087294e-04 1.112719079242636185e-03
2.310332127727615496e-04 1.160760647811572661e-03
1.086507637063864455e-04 1.146754584793246859e-03
3.952449556647737693e-05 1.074687418458375541e-03
2.550105515307382479e-05 9.578654549222709877e-04
5.770649252073110089e-05 8.165055446718395621e-04
1.184390293128159097e-04 6.740517971810617778e-04
1.847452614567358128e-04 5.529116332536575251e-04
2.329967352959100865e-04 4.704138075278668785e-04
2.435941703681423630e-04 4.357484052019818476e-04
2.049023494934404518e-04 4.484624017537591160e-04
1.156644512799797438e-04 4.987894816756632474e-04
-1.456724133163352151e-05 5.697452906368803130e-04
-1.670713324295208953e-04 6.405849570480303757e-04
-3.173624646348971413e-04 6.909618762934264125e-04
-4.397212067109282276e-04 7.049942273815940422e-04
-5.119945269852054642e-04 6.744635766252145195e-04
-5.197606208501064301e-04 6.005348208692186341e-04
-4.590713049079687426e-04 4.936673973841648961e-04
-3.372535639826614940e-04 3.717309760914578980e-04
-1.716183441295268317e-04 2.566797292850504265e-04
1.368005322685199916e-05 1.704131736166033357e-04
1.920414270641501026e-04 1.306066079505560705e-04
3.392444075918340835e-04 1.473009454233312589e-04
4.377888889499699401e-04 2.208989486004033040e-04
4.799387447875438245e-04 3.419495359414284185e-04
4.688942413352154568e-04 4.927641577571891755e-04
4.178783143241422346e-04 6.505631615945280674e-04
3.473163531999015293e-04 7.915610960322933161e-04
2.806504396431598407e-04 8.952227411650683260e-04
2.395876956323485804e-04 9.478898354735169115e-04
2.396895194638711305e-04 9.450980049231030595e-04
2.871437434683429455e-04 8.921516474105589635e-04
3.773373986123628940e-04 8.028544725460958756e-04
4.955063079684980838e-04 6.966425646236877860e-04
6.193438232007398431e-04 5.946691090335656316e-04
7.230792711999466755e-04 5.155880639726591851e-04
7.822575044879763115e-04 4.718405547008432642e-04
7.783172336891431729e-04 4.671519269585622768e-04
7.021029039565265155e-04 4.957173811642408062e-04
5.556457572495491007e-04 5.432334941784849793e-04
3.518763799433159483e-04 5.895824556109226407e-04
1.123216364163262657e-04 6.126618926126682629e-04
-1.367805047089035240e-04 5.926352049846561956e-04
-3.692161771149041877e-04 5.157966749796859740e-04
-5.634887601107232882e-04 3.773175487813238294e-04
-7.065866645954066352e-04 1.823502120656937686e-04
-7.961184071372878149e-04 -5.472241450217442784e-05
-8.404173651820144976e-04 -3.127547289593146716e-04
-8.566034968700939490e-04 -5.675615442267605091e-04
-8.669764492565939368e-04 -7.961973007575613324e-04
-8.944305512771238715e-04 -9.809873986208902073e-04
-9.577673361799105087e-04 -1.112554882734973632e-03
-1.067800403930313502e-03 -1.191276100322773319e-03
-1.224996996444558490e-03 -1.226896434755348365e-03
-1.419109118465796847e-03 -1.236385470154576947e-03
-1.630869617405893623e-03 -1.240444012022273203e-03
-1.835436821329707339e-03 -1.259330216244472327e-03
-2.006939334639257829e-03 -1.308800420074904269e-03
-2.123263288883776509e-03 -1.396937837783429224e-03
-2.170177393664591940e-03 -1.522473345541348454e-03
-2.144015444381701559e-03 -1.674919141536076669e-03
-2.052408007214338859e-03 -1.836491816788148827e-03
-1.912923326829447154e-03 -1.985461516329794888e-03
-1.749872367494688516e-03 -2.100292788754707079e-03
-1.589879552814821686e-03 -2.163791775636830783e-03
-1.457053589584348828e-03 -2.166472194590081911e-03
-1.368667679740635150e-03 -2.108499564662713946e-03
-1.332161275697517225e-03 -1.999841497308436217e-03
-1.344024736328040728e-03 -1.858590826714809482e-03
-1.390771303498463405e-03 -1.707773708038968921e-03
-1.451805343504436940e-03 -1.571241186204712587e-03
-1.503636673035235001e-03 -1.469415916518360728e-03
-1.524636012553906052e-03 -1.415692921453454416e-03
-1.499424414831673422e-03 -1.414169353667277381e-03
-1.422059243523671537e-03 -1.459126670017962162e-03
-1.297407712861273904e-03 -1.536357035583247200e-03
-1.140442877553368272e-03 -1.626076948697793238e-03
-9.735911505915643884e-04 -1.706871050049291096e-03
-8.226302624371921793e-04 -1.759914653364868294e-03
-7.119120024312610134e-04 -1.772671517554451522e-03
-6.598129238396322534e-04 -1.741363605872647087e-03
-6.752740301946553829e-04 -1.671743047142918315e-03
-7.560852598095520009e-04 -1.578018990587840313e-03
-8.892411879188584587e-04 -1.480142435620223317e-03
-1.053303126145379957e-03 -1.399964044308815801e-03
-1.222323775320660957e-03 -1.356994319893172103e-03
-1.370595520861821832e-03 -1.364571750085881397e-03
-1.477328193941835656e-03 -1.427168122654680609e-03
-1.530376035286863017e-03 -1.539345670965110635e-03
-1.528314044633800146e-03 -1.686568604034541620e-03
-1.480476704592540230e-03 -1.847720995652250278e-03
-1.404958000441916457e-03 -1.998860316399308102e-03
-1.324957638386538381e-03 -2.117502183568979301e-03
-1.264171306830483678e-03 -2.186631427835558725e-03
-1.242103475273296891e-03 -2.197686358642377859e-03
-1.270195387742299210e-03 -2.151957348589343504e-03
-1.349505919339153391e-03 -2.060140771109552748e-03
-1.470388196392844902e-03 -1.940138127403766679e-03
-1.614226170716981422e-03 -1.813521848950896140e-03
-1.756904414268391180e-03 -1.701340978867843957e-03
-1.873355297874745862e-03 -1.620064080955243430e-03
-1.942322765650711901e-03 -1.578429821118578413e-03
-1.950439940385867692e-03 -1.575802833257052178e-03
-1.894846766662791355e-03 -1.602346468543346635e-03
-1.783849425534662306e-03 -1.640979007812720832e-03
-1.635493194750736387e-03 -1.670741238452243954e-03
-1.474314757739504395e-03 -1.670935108947810537e-03
-1.326884034841409234e-03 -1.625246281389161000e-03
-1.216974286011292782e-03 -1.525065643237285846e-03
-1.161269228547210817e-03 -1.371375810948464394e-03
-1.166413985921836618e-03 -1.174839788126403554e-03
-1.227962145661649386e-03 -9.540689013678094665e-04
-1.331412257635306235e-03 -7.323915649947761045e-04
-1.455131712018068553e-03 -5.337281139357584209e-04
-1.574608953627660256e-03 -3.783461867847924933e-04
-1.667223993323935271e-03 -2.792939008593828157e-04
-1.716629676153360847e-03 -2.401800295071355258e-04
-1.715910607310332193e-03 -2.547158029343083731e-04
-1.668918913871335515e-03 -3.080999960718017465e-04
-1.589532139160323510e-03 -3.799806634710733598e-04
-1.498972973667027538e-03 -4.484291608136086577e-04
-1.421698518265794532e-03 -4.941713091334181459e-04
-1.380638645807204159e-03 -5.042728187664433700e-04
-1.392687269456928650e-03 -4.745804167171905393e-04
-1.465303389695579023e-03 -4.104567382509242751e-04
-1.594869541926757436e-03 -3.256711235594206494e-04
-1.767123304348979613e-03 -2.396586140572697283e-04
-1.959585687848918248e-03 -1.736693461914297918e-04
-2.145532690048415451e-03 -1.465414944445754303e-04
-2.298764522678060571e-03 -1.709029587699736896e-04
-2.398276248929119472e-03 -2.505264668722254431e-04
-2.431952338357670686e-03 -3.793448976914881934e-04
-2.398592408525136634e-03 -5.423196631030643023e-04
-2.307891196130497542e-03 -7.180043448162093910e-04
-2.178382800981428294e-03 -8.823248578816247651e-04
-2.033744201285890823e-03 -1.012866968422679358e-03
-1.898163063745113809e-03 -1.092865673025885612e-03
-1.791651273473954210e-03 -1.114147000129380241e-03
-1.726195000759891095e-03 -1.078470618348145900e-03
-1.703472747011508135e-03 -9.970237871097650459e-04
-1.714574873623407299e-03 -8.881664622754738888e-04
-1.741778055712609689e-03 -7.738576538717805873e-04
-1.762037907650708867e-03 -6.754419049218244719e-04
-1.751536606311152044e-03 -6.095949373803425959e-04
-1.690421522149677339e-03 -5.851963617627561030e-04
-1.566833705821430714e-03 -6.017207927637768577e-04
-1.379458629496592079e-03 -6.494502067781361557e-04
-1.138110581730915078e-03 -7.114645691413972904e-04
-8.622337531630228438e-04 -7.670301499099676113e-04
-5.775969726268836459e-04 -7.957394857519752701e-04
-3.118006814187531187e-04 -7.816139185682144516e-04
-8.943938849335252754e-05 -7.163861495925810067e-04
7.217200094708766333e-05 -6.013350729818671197e-04
1.659062789569164384e-04 -4.473189887950618769e-04
1.958230697280992426e-04 -2.729942963887133046e-04
1.760766752077418226e-04 -1.015503690661155069e-04
1.279457214306123206e-04 4.342755215466307240e-05
7.555262769674971849e-05 1.421901705647356403e-04
4.108817564331407194e-05 1.823549717308963467e-04
4.044923535303438910e-05 1.610725312436498519e-04
8.011846472412160591e-05 8.542238552529686350e-05
1.558785636922782939e-04 -2.903303370739576607e-05
2.536051918335606556e-04 -1.612600354473221179e-04
3.519879548928436731e-04 -2.887590336057171991e-04
4.266626950726677865e-04 -3.918046356832829676e-04
4.549700402384339662e-04 -4.571180212632351605e-04
4.204356002379306301e-04 -4.802776751817822653e-04
3.161190056989735876e-04 -4.664144022103885404e-04
1.461923760718304276e-04 -4.290623342370210010e-04
-7.455660850229959646e-05 -3.873876391431939868e-04
-3.232094117151235570e-04 -3.623245614614474530e-04
-5.727254973816561009e-04 -3.723559461280677592e-04
-7.967233370676427267e-04 -4.297432085123389141e-04
-9.741354219817419721e-04 -5.379259632395619762e-04
-1.092862887292955689e-03 -6.905902491380750113e-04
-1.151744519210527772e-03 -8.725883811443680077e-04
-1.160473672704354000e-03 -1.062542738462971415e-03
-1.137484633708244321e-03 -1.236646674411548625e-03
-1.106213758957587303e-03 -1.372948640268336316e-03
-1.090447664776761447e-03 -1.455313562958526546e-03
-1.109642715425991546e-03 -1.476315947477056627e-03
-1.175104540321128717e-03 -1.438520663246524315e-03
-1.287752462344929783e-03 -1.353911787348574102e-03
-1.437892593867963779e-03 -1.241579598767332190e-03
-1.607041994551678451e-03 -1.124104650478243653e-03
-1.771456921038463191e-03 -1.023323548979541975e-03
-1.906694584521070662e-03 -9.562771415529806602e-04
-1.992341268635064618e-03 -9.321062930036695410e-04
-2.016007387968490015e-03 -9.504800724140600662e-04
-1.975828214628513099e-03 -1.001850140046614806e-03
-1.880991421174198642e-03 -1.069478554092422561e-03
-1.750185815607455076e-03 -1.132849750727749722e-03
-1.608259014829323437e-03 -1.171814816186965208e-03
-1.481710838699056183e-03 -1.170677108472260863e-03
-1.393869715641283050e-03 -1.121439137707213370e-03
-1.360659619689468750e-03 -1.025589327860434476e-03
-1.387753598207966269e-03 -8.940838091057385154e-04
-1.469647893348748633e-03 -7.455203701964136214e-04
-1.590827614178471922e-03 -6.028443773090901708e-04
-1.728799607059390000e-03 -4.892049455547042239e-04
-1.858415434765346317e-03 -4.237411870192507742e-04
-1.956663983250904720e-03 -4.180923485387290817e-04
-2.007025234543803605e-03 -4.742894240114417601e-04
-2.002560808878817676e-03 -5.844251553165747759e-04
-1.947157042469190198e-03 -7.321635629714647779e-04
-1.854687124917254971e-03 -8.958028329423359942e-04
-1.746253730296712554e-03 -1.052312272291813572e-03
-1.646037842150717585e-03 -1.181580608966790839e-03
-1.576544106555878306e-03 -1.270073855280923376e-03
-1.554147928222934360e-03 -1.313213648176902700e-03
-1.585792886561125008e-03 -1.316030060958886744e-03
-1.667469601572893478e-03 -1.291970306934779817e-03
-1.784770083171400082e-03 -1.260094515410285429e-03
-1.915418671775646073e-03 -1.241195617372832386e-03
-2.033306320663012118e-03 -1.253584407276308243e-03
-2.113270069812875525e-03 -1.309344405362477572e-03
-2.135718070183934610e-03 -1.411772190289114701e-03
-2.090229236109239670e-03 -1.554494247433127821e-03
-1.977450102522795763e-03 -1.722433623028912309e-03
-1.808933115180142315e-03 -1.894448966094199396e-03
-1.604949498158637000e-03 -2.047151297224450873e-03
-1.390692406781424964e-03 -2.159180146118679783e-03
-1.191589876973581054e-03 -2.215132915298782378e-03
-1.028614629091289222e-03 -2.208406091522686562e-03
-9.144773761294005404e-04 -2.142411996801022681e-03
-8.514220193451859427e-04 -2.029941346676918459e-03
-8.310368649407256537e-04 -1.890791947921483885e-03
-8.361133885331705710e-04 -1.748111168245126057e-03
-8.441955760185148455e-04 -1.624142398058678761e-03
-8.321420661744863712e-04 -1.536177682636004262e-03
-7.808309804122016626e-04 -1.493478846192266988e-03
-6.791098878098462618e-04 -1.495745317282936183e-03
-5.262360264057521723e-04 -1.533413374264525368e-03
-3.323376747402898316e-04 -1.589724249013844742e-03
-1.168023305968213731e-04 -1.644163228396024017e-03
9.510985544772890276e-05 -1.676612074208238146e-03
2.767925033500722777e-04 -1.671421944470040345e-03
4.051080170554490650e-04 -1.620629132091088668e-03
4.645845910419356991e-04 -1.525698477692019649e-03
4.502048296028883945e-04 -1.397458487034401817e-03
3.682613821256039898e-04 -1.254235127842476000e-03
2.351200454954701150e-04 -1.118533050142309472e-03
7.412599287222956812e-05 -1.012888834226085980e-03
-8.876066309245161760e-05 -9.556785572005722018e-04
-2.297742384530424942e-04 -9.576715914210007143e-04
-3.316888768642064209e-04 -1.019982252843672221e-03
-3.868799949818171185e-04 -1.133807243774814918e-03
-3.985259245592470299e-04 -1.281999688999712348e-03
-3.797269966083890655e-04 -1.442183768112389759e-03
-3.507144826209870284e-04 -1.590823149162825644e-03
-3.346842032508125795e-04 -1.707476674794460416e-03
-3.530505976720975121e-04 -1.778440061357023467e-03
-4.210271846853188291e-04 -1.799089297811826008e-03
-5.443777730933289059e-04 -1.774487822286935964e-03
-7.179611461821863976e-04 -1.718148744695801623e-03
-9.263522203519687376e-04 -1.649193029722903579e-03
-1.146429197249728511e-03 -1.588448436734832010e-03
-1.351443513475279138e-03 -1.554234578671307310e-03
-1.515808034151278159e-03 -1.558638724861450804e-03
-1.619702229394874614e-03 -1.604993710197933320e-03
-1.652626917604948977e-03 -1.687041191589083809e-03
-1.615239162635136345e-03 -1.789943721791233773e-03
-1.519122596000403681e-03 -1.892958260026229422e-03
-1.384538337144896464e-03 -1.973268266413029902e-03
-1.236582994667250000e-03 -2.010251194349729244e-03
-1.100480768821847583e-03 -1.989374748622215784e-03
-9.968995562501816420e-04 -1.904984544712551298e-03
-9.381753638189874915e-04 -1.761454696974862778e-03
-9.261563534886593785e-04 -1.572481850559076435e-03
-9.520702450741935340e-04 -1.358653767985580759e-03
-9.984348687584101295e-04 -1.143749416817389092e-03
-1.042644108186831361e-03 -9.504668957419019470e-04
-1.061543712198236228e-03 -7.963831656068063800e-04
-1.036123661966342757e-03 -6.909050522676734923e-04
-9.554315264225865870e-04 -6.337827986002784065e-04
-8.189587369277856682e-04 -6.154612104553441052e-04
-6.370410283454222295e-04 -6.191952694878814561e-04
-4.291906355171339559e-04 -6.245229114965914971e-04
-2.206699267467529578e-04 -6.114307758381316328e-04
-3.794973920474050810e-05 -5.644177661167980396e-04
9.609242754017957057e-05 -4.756810216197825581e-04
1.663291450122446162e-04 -3.468156341826959875e-04
1.681107725101850135e-04 -1.887015713376369178e-04
1.080498682544752428e-04 -1.959534293353856559e-05
2.715002244639397577e-06 1.382152017091610560e-04
-1.245184595802815758e-04 2.625615046283475405e-04
-2.478650505232471522e-04 3.355653899185935237e-04
-3.439426000880188485e-04 3.470407454805128351e-04
-3.960935959246075430e-04 2.964806058979030379e-04
-3.973998216446136150e-04 1.932513336490964935e-04
-3.518238046097331385e-04 5.495417716751001513e-05
-2.732659826063141523e-04 -9.573933306228699157e-05
-1.827217127945415180e-04 -2.351834411381188467e-04
-1.040824476568032251e-04 -3.430152216151296303e-04
-5.938237258175301523e-05 -4.057722089420146678e-04
-6.439687320108070838e-05 -4.191916414228141871e-04
-1.254324814822719951e-04 -3.887622577641495049e-04
-2.379220779678460228e-04 -3.284305848498402132e-04
-3.870968855215291184e-04 -2.577130760249101804e-04
-5.506129987998688953e-04 -1.977671308477666552e-04
-7.026394375225598682e-04 -1.671708266901721692e-04
-8.186372130787947232e-04 -1.782158599027167274e-04
-8.799272211700088142e-04 -2.344203882493660015e-04
-8.771838710221026639e-04 -3.297367214176508392e-04
-8.121938511777428800e-04 -4.496070227284360834e-04
-6.975469911184026869e-04 -5.736693160032772148e-04
-5.543168016862020254e-04 -6.796026017553268451e-04
-4.081680177082060352e-04 -7.473831664575727790e-04
-2.846254362740360420e-04 -7.631452849118010870e-04
-2.043963304528887120e-04 -7.219134346347767621e-04
-1.796278260184041415e-04 -6.286858914311451840e-04
-2.118029421397904207e-04 -4.976608927229482201e-04
-2.916681833993922169e-04 -3.497475065692524985e-04
-4.012005032946742685e-04 -2.088274878141964245e-04
-5.172350672983800886e-04 -9.747037092109174733e-05
-6.160606994613053704e-04 -3.290717006817223404e-05
-6.781067620229316688e-04 -2.401881354103743314e-05
-6.918281661493017997e-04 -6.990316238642105317e-05
-6.560474650753214503e-04 -1.602855643323516563e-04
-5.803056976125054497e-04 -2.776889711705656264e-04
-4.831513872675079072e-04 -4.009467697836868868e-04
-3.886883135309496728e-04 -5.093876731970057702e-04
-3.220332560977676650e-04 -5.868953427839218367e-04
-3.045422478329612242e-04 -6.250698441687483741e-04
-3.497086751148351363e-04 -6.248889373444822901e-04
-4.605103302081791803e-04 -5.965521857245848847e-04
-6.287091338034154781e-04 -5.575359507843640622e-04
-8.362384560538654605e-04 -5.292271469695143107e-04
-1.058418584857320332e-03 -5.327737920378450894e-04
-1.268395577985691062e-03 -5.849397170234788175e-04
-1.441967855952389858e-03 -6.947509958598603423e-04
-1.561892142881997087e-03 -8.615726562988743065e-04
-1.620859500871203122e-03 -1.074984231910571658e-03
-1.622584442383051247e-03 -1.316482815351868599e-03
-1.580807669785309509e-03 -1.562696821316663254e-03
-1.516408163626649028e-03 -1.789508066215669217e-03
-1.453178285371112873e-03 -1.976308095535190840e-03
-1.413068493725036946e-03 -2.109589444949629480e-03
-1.411808304673765673e-03 -2.185198487542498735e-03
-1.455738322214912128e-03 -2.208829844439564108e-03
-1.540458142374666068e-03 -2.194675051179873805e-03
-1.651550265562536915e-03 -2.162487276524966816e-03
-1.767246130715955949e-03 -2.133623282731685576e-03
-1.862531643438619829e-03 -2.126816813219955908e-03
-1.913915955409050242e-03 -2.154487663828179127e-03
-1.903960595970000894e-03 -2.220288374764538795e-03
-1.824710364103165807e-03 -2.318355167724980414e-03
-1.679374292879968079e-03 -2.434406026958462442e-03
-1.481935343078765246e-03 -2.548478008227209133e-03
-1.254758736067298607e-03 -2.638784411622237952e-03
-1.024646930286914276e-03 -2.685959377029785346e-03
-8.180826024686469432e-04 -2.676883132074401456e-03
-6.565540808568613024e-04 -2.607359643679727640e-03
-5.528415222508791405e-04 -2.483134949430789318e-03
-5.089598051504720276e-04 -2.319057987981380971e-03
-5.161401692282965251e-04 -2.136536945493053719e-03
-5.568465275854750374e-04 -1.959766490516573478e-03
-6.084372292651385331e-04 -1.811433747655233177e-03
-6.477717804425831742e-04 -1.708709446642042674e-03
-6.558835704840455371e-04 -1.660276717668602523e-03
-6.218277685858605722e-04 -1.664953708758360428e-03
-5.449704891603349404e-04 -1.712164744062359429e-03
-4.352813353873951924e-04 -1.784165197211026906e-03
-3.115704497632706266e-04 -1.859593797075474514e-03
-1.980014366010615146e-04 -1.917675463706436075e-03
-1.195390564495977040e-04 -1.942275431015670021e-03
-9.719338126463978938e-05 -1.925034498099723306e-03
-1.439617210822728439e-04 -1.866990232641057689e-03
-2.622385675987656014e-04 -1.778376665477526515e-03
-4.431868497513667465e-04 -1.676640953416294990e-03
-6.681933855981155891e-04 -1.583054113086670208e-03
-9.121376600495155170e-04 -1.518560098251296817e-03
-1.147860491215196453e-03 -1.499652600333323390e-03
-1.350992607837422184e-03 -1.535064507924918317e-03
-1.504235520093074544e-03 -1.623901794371274349e-03
-1.600291120348157868e-03 -1.755580699777985415e-03
-1.642892491894413186e-03 -1.911586091684643225e-03
