-2.753225323732904836e-03
-2.654776550252353415e-03
-2.443932162538378812e-03
-2.128335274676648910e-03
-1.719513442931433923e-03
-1.232476855975708427e-03
-6.851932769905968654e-04
-9.795812916611691592e-05
5.073182035135197134e-04
1.107880881389772037e-03
1.680931909733693634e-03
2.204434139337605597e-03
2.657889771109680534e-03
3.023066056334021250e-03
3.284642728965099165e-03
3.430758443476125512e-03
3.453437025487989497e-03
3.348878548867594181e-03
3.117604984824900397e-03
2.764455259968843191e-03
2.298429832913787257e-03
1.732390168119663908e-03
1.082623566582471483e-03
3.682885277412104681e-04
-3.892399996634075994e-04
-1.167102614631337519e-03
-1.941739141067559378e-03
-2.689696608200687830e-03
-3.388433307226984027e-03
-4.017090835701037088e-03
-4.557207163595327140e-03
-4.993345821868559915e-03
-5.313619253387618507e-03
-5.510088074153298744e-03
-5.579022340050426507e-03
-5.521015748447681212e-03
-5.340948855523280567e-03
-5.047802678679386666e-03
-4.654329293524077024e-03
-4.176591043034897158e-03
-3.633384577193404970e-03
-3.045569973395985917e-03
-2.435328510031876167e-03
-1.825375161381825612e-03
-1.238153463995291491e-03
-6.950410175356387145e-04
-2.155935052899323259e-04
1.831462356152125867e-04
4.872498492558543712e-04
6.863946909351566379e-04
7.742274165549105185e-04
7.485871744197219319e-04
6.115805683905169675e-04
3.695057616084356129e-04
3.262838253226220050e-05
-3.851829057149053909e-04
-8.669483879296794628e-04
-1.393179570872435076e-03
-1.942570617507998745e-03
-2.492754679971923189e-03
-3.021098589883523811e-03
-3.505508014937708250e-03
-3.925214818558615641e-03
-4.261518977855201923e-03
-4.498459002535010187e-03
-4.623387298205036688e-03
-4.627430244008999723e-03
-4.505816790272657371e-03
-4.258063985354310597e-03
-3.888012850929354475e-03
-3.403713265932509571e-03
-2.817161807700917751e-03
-2.143901649207484786e-03
-1.402498443181341521e-03
-6.139104680726067791e-04
1.992249849872838906e-04
1.013364070646018654e-03
1.804860717781073872e-03
2.550774735497783781e-03
3.229655471196687683e-03
3.822273650838314395e-03
4.312275845803989309e-03
4.686738720117782434e-03
4.936603721325070332e-03
5.056977065048534094e-03
5.047284580465269573e-03
4.911276066384340742e-03
4.656879077171497544e-03
4.295907329830478752e-03
3.843634013385763271e-03
3.318245010984344993e-03
2.740191248144711704e-03
2.131462910072615125e-03
1.514811003280680437e-03
9.129435761729626838e-04
3.477247953561335946e-04
-1.605950316671323798e-04
-5.940914873339741067e-04
-9.377951650821289044e-04
-1.180215828932325208e-03
-1.313743244250344371e-03
-1.334910640333573841e-03
-1.244511585390565243e-03
-1.047566197415623554e-03
-7.531379001587154391e-04
-3.740071766060557197e-04
7.378621063965020051e-05
5.715164477883684455e-04
1.098440211719977928e-03
1.632537044591761150e-03
2.151295558264889295e-03
2.632517854815642332e-03
3.055113906511863330e-03
3.399857986216552486e-03
3.650080565068267342e-03
3.792271352039043586e-03
3.816572260486249604e-03
3.717142941112521783e-03
3.492385983780150419e-03
3.145023806012538659e-03
2.682024441522175891e-03
2.114378735680672288e-03
1.456736661002111044e-03
7.269154020179615251e-04
-5.470364759432020437e-05
-8.658679395652914366e-04
-1.683212684713324570e-03
-2.483059124021863226e-03
-3.242224274458943567e-03
-3.938813862599908379e-03
-4.552970745650143994e-03
-5.067552676279294191e-03
-5.468715740232223468e-03
-5.746383097348484181e-03
-5.894582671722620008e-03
-5.911642024595794090e-03
-5.800233643439227371e-03
-5.567269117390289887e-03
-5.223645959253287764e-03
-4.783855992331564194e-03
-4.265469065694245214e-03
-3.688510224337616071e-03
-3.074752188223453791e-03
-2.446947955773961375e-03
-1.828030439324398711e-03
-1.240307189004718948e-03
-7.046784273075160088e-04
-2.399057934213437090e-04
1.380425868595211610e-04
4.165477706778246934e-04
5.867769565799001510e-04
6.439864472931760599e-04
5.876800335828311073e-04
4.216172880308587112e-04
1.536715225897880392e-04
-2.044575628137664143e-04
-6.376664163274957560e-04
-1.127990488583699913e-03
-1.655248318410171716e-03
-2.197764211153190473e-03
-2.733144112915409513e-03
-3.239077416284293423e-03
-3.694136521145906151e-03
-4.078546049916430966e-03
-4.374894677339114316e-03
-4.568764543726011595e-03
-4.649256106792501106e-03
-4.609389949906183420e-03
-4.446371375310417470e-03
-4.161708418635032963e-03
-3.761179057303229347e-03
-3.254648670300338414e-03
-2.655744054994931165e-03
-1.981395334385650624e-03
-1.251261719104039809e-03
-4.870611604504701889e-04
2.881726990202332491e-04
1.050880320424998080e-03
1.777785210832109625e-03
2.446693740243919765e-03
3.037257876520761592e-03
3.531674176701989250e-03
3.915294602360830205e-03
4.177127811680792988e-03
4.310213413780121516e-03
4.311856117152557816e-03
4.183711608155237655e-03
3.931721185437858646e-03
3.565897470233315124e-03
3.099968725035210943e-03
2.550894261741974180e-03
1.938267931474066093e-03
1.283630603921502664e-03
6.097157270720125538e-04
-6.034560300262055248e-05
-7.038322198905678237e-04
-1.299224832538036639e-03
-1.826954613020251306e-03
-2.270082225629073240e-03
-2.614883539605925619e-03
-2.851321543257700521e-03
-2.973387970125513421e-03
-2.979302718388474654e-03
-2.871564132595662809e-03
-2.656848447322947629e-03
-2.345761982141223410e-03
-1.952454840977018661e-03
-1.494109725583508616e-03
-9.903238522190706879e-04
-4.624057092767313573e-04
6.738861985023189170e-05
5.766527246079545654e-04
1.043632703053059847e-03
1.448007346435570188e-03
1.771618246383646535e-03
1.999124152863720506e-03
2.118556565472522711e-03
2.121757001985469671e-03
2.004680535145035060e-03
1.767554876099026832e-03
1.414889346431318648e-03
9.553333429241877943e-04
4.013891756463128582e-04
-2.310107342332772852e-04
-9.230475542766802995e-04
-1.653661655655807704e-03
-2.400277585361361085e-03
-3.139583053053699065e-03
-3.848334692652432068e-03
-4.504162415806419600e-03
-5.086344218755254817e-03
-5.576524334256447411e-03
-5.959349600135321716e-03
-6.223001776264914034e-03
-6.359607182199428915e-03
-6.365509320728549719e-03
-6.241394947883809573e-03
-5.992269179406836330e-03
-5.627280507666133219e-03
-5.159401856353858576e-03
-4.604978838950139416e-03
-3.983161034375676604e-03
-3.315236186639035874e-03
-2.623890631212035147e-03
-1.932421830364017485e-03
-1.263930572390646948e-03
-6.405210969969532368e-04
-8.253712627713169492e-05
3.921394822904325332e-04
7.687029433639624813e-04
1.035929152104452834e-03
1.186555043193722632e-03
1.217518477957191952e-03
1.130050327690681946e-03
9.296156035452154964e-04
6.257057755781056992e-04
2.314896403710982493e-04
-2.366649448683649012e-04
-7.597816173316324908e-04
-1.316957572554967957e-03
-1.886113149854343803e-03
-2.444782585560872305e-03
-2.970918138005813718e-03
-3.443679320275189887e-03
-3.844179499653290182e-03
-4.156163618073972256e-03
-4.366593203390756704e-03
-4.466118092210177686e-03
-4.449418257479431996e-03
-4.315403688766081269e-03
-4.067265250594956708e-03
-3.712374669882997219e-03
-3.262037094303294957e-03
-2.731104833898732008e-03
-2.137465767250952726e-03
-1.501424290353529966e-03
-8.449964569437634111e-04
-1.911439712638591712e-04
4.370261575288012824e-04
1.017068281104855200e-03
1.527982852346845659e-03
1.950951757201247697e-03
2.269998480135942791e-03
2.472549973191089014e-03
2.549880536947109200e-03
2.497422150098841786e-03
2.314930358083900838e-03
2.006499886619167103e-03
1.580429405930745997e-03
1.048940151631878870e-03
4.277582236119794983e-04
-2.644248442767304242e-04
-1.006594390682715324e-03
-1.776135356469410930e-03
-2.549610171472739550e-03
-3.303564603884583117e-03
-4.015333402279521596e-03
-4.663817571545786182e-03
-5.230206121621225508e-03
-5.698617076994599503e-03
-6.056635367097931363e-03
-6.295728833729035898e-03
-6.411527864781660542e-03
-6.403958944075709495e-03
-6.277227527446350291e-03
-6.039650936035740811e-03
-5.703347213883004294e-03
-5.283790944239852988e-03
-4.799251680683763732e-03
-4.270134761707336177e-03
-3.718247696922274709e-03
-3.166017919511039929e-03
-2.635689401759784382e-03
-2.148526368773849126e-03
-1.724052093952312733e-03
-1.379349527307376783e-03
-1.128448337460243554e-03
-9.818199161927198756e-04
-9.459981070451795558e-04
-1.023339009361591643e-03
-1.211928330948539110e-03
-1.505639587100121145e-03
-1.894341152522406504e-03
-2.364244951106585571e-03
-2.898384599547122829e-03
-3.477206278626228039e-03
-4.079251649780939008e-03
-4.681908902993492730e-03
-5.262205628367257366e-03
-5.797615731876275616e-03
-6.266852117312341972e-03
-6.650617348895568846e-03
-6.932285975135779252e-03
-7.098494582986850099e-03
-7.139618878457657664e-03
-7.050121042576724603e-03
-6.828755151470844269e-03
-6.478623417254116869e-03
-6.007081228375170390e-03
-5.425494261076947711e-03
-4.748856112234591496e-03
-3.995279786609327172e-03
-3.185380787411866421e-03
-2.341573353290094233e-03
-1.487304424506381492e-03
-6.462520996534620692e-04
1.584834145503895200e-04
9.051680975249820453e-04
1.574174119947697841e-03
2.148645720585540698e-03
2.615067714785384960e-03
2.963716807603003055e-03
3.188979991929137992e-03
3.289528969759245025e-03
3.268344579735054951e-03
3.132590469477667013e-03
2.893340532878963065e-03
2.565169755348411379e-03
2.165622894520447157e-03
1.714579702465553104e-03
1.233539018099815126e-03
7.448468983219622445e-04
2.708959139257130500e-04
-1.666762570401299996e-04
-5.477607853171103866e-04
-8.544970091158535404e-04
-1.071911847995372750e-03
-1.188456849536104285e-03
-1.196423998796467686e-03
-1.092225674402630582e-03
-8.765289013568607936e-04
-5.542391622188834986e-04
-1.343343060722789091e-04
3.704456463343962225e-04
9.440419469956113328e-04
1.567638284729648600e-03
2.220320007611169526e-03
2.879808299947138068e-03
3.523243577116773762e-03
4.127990630630944818e-03
4.672437287391382164e-03
5.136758568298828084e-03
5.503619534349653460e-03
5.758792151045166383e-03
5.891664509260327934e-03
5.895624507323258406e-03
5.768304492980584446e-03
5.511678231219920704e-03
5.132006734054129701e-03
4.639634780193741329e-03
4.048645180629912091e-03
3.376382827337636588e-03
2.642865122055453736e-03
1.870099360637518179e-03
1.081330906405311189e-03
3.002484090974001912e-04
-4.498261704758287245e-04
-1.146734438797768468e-03
-1.770237519537270869e-03
-2.302704678086029636e-03
-2.729710583036000331e-03
-3.040520367958132394e-03
-3.228445587634914179e-03
-3.291058685678234161e-03
-3.230258546751902174e-03
-3.052184922747188008e-03
-2.766984815458741875e-03
-2.388439083107381233e-03
-1.933462432785708254e-03
-1.421494394059002152e-03
-8.738026852096027284e-04
-3.127234492592993525e-04
2.391349554638766417e-04
7.596966531679082407e-04
1.228203187432956936e-03
1.625951145390382505e-03
1.936956581014518709e-03
2.148522920060090546e-03
2.251692417172759027e-03
2.241565322178543009e-03
2.117475554294936512e-03
1.883016717320410696e-03
1.545917539310573147e-03
1.117771102825600073e-03
6.136273613959750475e-04
5.146323462539427289e-05
-5.484511297841125317e-04
-1.164267694401279396e-03
-1.773332372947560714e-03
-2.352986290241660186e-03
-2.881368341419877216e-03
-3.338190879881805431e-03
-3.705461300023075132e-03
-3.968124172007760422e-03
-4.114601365354451402e-03
-4.137211168583669607e-03
-4.032451648504532457e-03
-3.801138246475303621e-03
-3.448390713592920827e-03
-2.983469763390924571e-03
-2.419469084365327271e-03
-1.772873421064662417e-03
-1.062998124047820521e-03
-3.113297213384150523e-04
4.592094684113462509e-04
1.225046999497376174e-03
1.962768796097591213e-03
2.649922238587468660e-03
3.265785783967877377e-03
3.792078236531993152e-03
4.213582897943414507e-03
4.518664806556009841e-03
4.699663019640819978e-03
4.753144268018801542e-03
4.680009167108029403e-03
4.485447331486105103e-03
4.178743030837207308e-03
3.772938258220282816e-03
3.284365073605575221e-03
2.732063661674562216e-03
2.137106542634299635e-03
1.521852658127181845e-03
9.091575061931961473e-04
3.215670337720240562e-04
-2.194764413289407561e-04
-6.943884344438524137e-04
-1.086130182652005755e-03
-1.380806106373546087e-03
-1.568149907075045736e-03
-1.641882272586160782e-03
-1.599927666590833866e-03
-1.444482622704808044e-03
-1.181933172916913022e-03
-8.226243324825554745e-04
-3.804897531359031655e-04
1.274454381523606496e-04
6.816711486194162659e-04
1.260886874340006120e-03
1.842759906991192241e-03
2.404720564702007325e-03
2.924766517311035673e-03
3.382247953732459012e-03
3.758606006837069812e-03
4.038038485908858159e-03
4.208069511075044310e-03
4.260003008984102578e-03
4.189244096524243413e-03
3.995477007012178915e-03
3.682693238887728947e-03
3.259068854425455249e-03
2.736695141445185785e-03
2.131171989260477202e-03
1.461078141096153627e-03
7.473368003471911108e-04
1.249873612899861293e-05
-7.200320739565784986e-04
-1.426803210408297481e-03
-2.085120866430078927e-03
-2.673830986347695664e-03
-3.174047188713078737e-03
-3.569800036302105996e-03
-3.848584967583655939e-03
-4.001789751221099603e-03
-4.024986542489573590e-03
-3.918078360392092223e-03
-3.685294900663089665e-03
-3.335037874196418277e-03
-2.879581327928662938e-03
-2.334637481292086564e-03
-1.718803318176398507e-03
-1.052907346997441910e-03
-3.592794337746367615e-04
3.390306972801390489e-04
1.019058908481010458e-03
1.658727818546071233e-03
2.237615633391982183e-03
2.737665712886928546e-03
3.143812031316943565e-03
3.444498642452669887e-03
3.632074980144104660e-03
3.703053181936381312e-03
3.658218463602468887e-03
3.502588727087607625e-03
3.245224872505122517e-03
2.898898521185048691e-03
2.479628857842613131e-03
2.006104890436337818e-03
1.499013445346634131e-03
9.802965222724315409e-04
4.723641118239229166e-04
-2.709857684773725114e-06
-4.239801840708581817e-04
-7.723838025778177567e-04
-1.031427455236998397e-03
-1.187785431318033602e-03
-1.231786342272245607e-03
-1.157771782531796020e-03
-9.643142168252517334e-04
-6.542863679958772771e-04
-2.347795837896568712e-04
2.831260456608803225e-04
8.847318513827062345e-04
1.552218144129069097e-03
2.265251815370566014e-03
3.001682769201768994e-03
3.738304857652160682e-03
4.451654728001948856e-03
5.118820658275636745e-03
5.718233102827352185e-03
6.230409306274997672e-03
6.638625948707704838e-03
6.929496301874791056e-03
7.093431716795949721e-03
7.124971310871668594e-03
7.022968335309803453e-03
6.790626719907801902e-03
6.435386536190993920e-03
5.968662407877060698e-03
5.405444044344725509e-03
4.763772897911076540e-03
4.064113280215592323e-03
3.328639965011816974e-03
2.580467224834996458e-03
1.842846295047875435e-03
1.138359358999510487e-03
4.881382639378823406e-04
-8.886469513746117835e-05
-5.765284167124217103e-04
-9.621142759319470210e-04
-1.236697788503663114e-03
-1.395465590761885838e-03
-1.437867395569815410e-03
-1.367617670028791789e-03
-1.192547051046061657e-03
-9.243087839956186293e-04
-5.779505533323120794e-04
-1.713667939336376358e-04
2.753492372610620706e-04
7.406308349321320469e-04
1.202215154346258181e-03
1.637945124246524770e-03
2.026567769134740224e-03
2.348500871653575600e-03
2.586541015037198410e-03
2.726488100013208654e-03
2.757664358114675016e-03
2.673309581508980307e-03
2.470838628575870114e-03
2.151952092513802553e-03
1.722596168029956985e-03
1.192773038278140910e-03
5.762083453689460441e-04
-1.101126806850166989e-04
-8.465242534375415438e-04
-1.611354001130599909e-03
-2.381668325353038761e-03
-3.134063088773366562e-03
-3.845471979995502762e-03
-4.493964278817912800e-03
-5.059504111045318164e-03
-5.524644625713127574e-03
-5.875132802078554539e-03
-6.100403719334507660e-03
-6.193946989214662094e-03
-6.153532524995894600e-03
-5.981287743143542425e-03
-5.683623493514276814e-03
-5.271011308455555294e-03
-4.757619764823721106e-03
-4.160822683568909594e-03
-3.500596376355820556e-03
-2.798827030578367788e-03
-2.078552467083659948e-03
-1.363164798839685199e-03
-6.756018833053096043e-04
-3.755584860128287350e-05
5.312736298118386075e-04
1.013855198201327884e-03
1.396407223011080423e-03
1.668864416952464246e-03
1.825213416696730082e-03
1.863685631815944956e-03
1.786800689239465912e-03
1.601259035661667038e-03
1.317687548487586407e-03
9.502471587205509008e-04
5.161163261080171667e-04
3.486855836872188377e-05
-4.722341200627532291e-04
-9.830068987527018458e-04
-1.475140186086625928e-03
-1.927001832425100439e-03
-2.318415368970891052e-03
-2.631386901542532349e-03
-2.850755099449131611e-03
-2.964741416720262368e-03
-2.965381181543674631e-03
-2.848820367293353889e-03
-2.615467568589845138e-03
-2.269995783359988334e-03
-1.821193868912322766e-03
-1.281672812032720555e-03
-6.674370452731186957e-04
2.664224504949231492e-06
7.075864995668333874e-04
1.424817572976862451e-03
2.131157752508259541e-03
2.803525420384541268e-03
3.419759728750563447e-03
3.959392325132952625e-03
4.404361081289976353e-03
4.739640824983617703e-03
4.953768976361750884e-03
5.039247667148710579e-03
4.992808242906377793e-03
4.815528864822242808e-03
4.512801069067031053e-03
4.094146428601500541e-03
3.572889709168291898e-03
2.965699934249171540e-03
2.292015397011363999e-03
1.573372718728546045e-03
8.326634105464940242e-04
9.334393114560264344e-05
-6.213731420001860663e-04
-1.289318552383129923e-03
-1.890128472659266144e-03
-2.405942650316852775e-03
-2.822014204295690033e-03
-3.127209784654126981e-03
-3.314382651574473895e-03
-3.380605685051277492e-03
-3.327256246399680397e-03
-3.159950005199176504e-03
-2.888326138493949036e-03
-2.525691517519474370e-03
-2.088536438402904035e-03
-1.595938954046349605e-03
-1.068878767036613147e-03
-5.294848111827698146e-04
-2.429711677717598384e-07
4.968082155417958418e-04
9.408656118129379159e-04
1.313105598447140542e-03
1.597358108571454672e-03
1.780686890574849400e-03
1.853855601191724614e-03
1.811663335279318663e-03
1.653137778518601634e-03
1.381579163188253025e-03
1.004453440300653562e-03
5.331383703460156314e-04
-1.746860569254503164e-05
-6.294670043341188750e-04
-1.282576367136269851e-03
-1.954843942974301887e-03
-2.623412199277191850e-03
-3.265319273922782060e-03
-3.858304319164892332e-03
-4.381589511504519266e-03
-4.816611313073487430e-03
-5.147675342458546757e-03
-5.362511883878925273e-03
-5.452712539673059897e-03
-5.414032690371956696e-03
-5.246549123514589706e-03
-4.954667262235064665e-03
-4.546977689890114444e-03
-4.035966943120696329e-03
-3.437592647891880501e-03
-2.770737822464896215e-03
-2.056563401517536201e-03
-1.317781598527532081e-03
-5.778754942357299711e-04
1.397078795626024213e-04
8.123627654035531047e-04
1.419100080606513830e-03
1.941265905534269275e-03
2.363177968033459107e-03
2.672657906898784092e-03
2.861440749785822222e-03
2.925447343694473346e-03
2.864910278183920370e-03
2.684348974591008186e-03
2.392394898838156626e-03
2.001473105768869064e-03
1.527351355365272291e-03
9.885726793482010194e-04
4.057913580190523569e-04
-1.989643512303992988e-04
-8.030768290198882263e-04
-1.384143492758266704e-03
-1.920772730007368851e-03
-2.393343418381141830e-03
-2.784701364589981139e-03
-3.080768210625292602e-03
-3.271041427534701791e-03
-3.348967839076225604e-03
-3.312177554811456676e-03
-3.162570089388377741e-03
-2.906249630241590758e-03
-2.553311707966658770e-03
-2.117488736736930846e-03
-1.615666843621543910e-03
-1.067290921995612705e-03
-4.936787671198145013e-04
8.273165608619048031e-05
6.391754139232352786e-04
1.153366450326697226e-03
1.604287806821367993e-03
1.972938485994113044e-03
2.243010742313271758e-03
2.401474016834934718e-03
2.439044998685482857e-03
2.350527281762776130e-03
2.135008650217716780e-03
1.795909011015970518e-03
1.340877221583245326e-03
7.815403519682209005e-04
1.331140887117861129e-04
-5.861121493811619152e-04
-1.355397425504461031e-03
-2.152257112105142312e-03
-2.953231615704320599e-03
-3.734689151133990109e-03
-4.473634524699184913e-03
-5.148495675597249480e-03
-5.739860504273299607e-03
-6.231138257953446578e-03
-6.609122386349627030e-03
-6.864435231869186506e-03
-6.991839057654295093e-03
-6.990402598391138450e-03
-6.863517379025284651e-03
-6.618763307991416822e-03
-6.267628329955764882e-03
-5.825092033429703914e-03
-5.309087871884516502e-03
-4.739862906285887550e-03
-4.139257563390073662e-03
-3.529930702048978547e-03
-2.934557191137936172e-03
-2.375026160594116264e-03
-1.871668057894285662e-03
-1.442537627155801930e-03
-1.102777962512786151e-03
-8.640879404032261388e-04
-7.343117066940067772e-04
-7.171646113536978701e-04
-8.121051957767724296e-04
-1.014357713662029231e-03
-1.315084385141532166e-03
-1.701701330735227741e-03
-2.158327090776945237e-03
-2.666347983890658517e-03
-3.205080457935258632e-03
-3.752507182285588511e-03
-4.286061040704570654e-03
-4.783429500156251984e-03
-5.223351111744109834e-03
-5.586376170757897941e-03
-5.855564814109151354e-03
-6.017098021404435754e-03
-6.060780033896961613e-03
-5.980414506783307896e-03
-5.774041131589206267e-03
-5.444024351803479142e-03
-4.996990975258406784e-03
-4.443618779502869244e-03
-3.798283426115492238e-03
-3.078575963660354700e-03
-2.304707732866433361e-03
-1.498823432743637404e-03
-6.842463244921982018e-04
1.153180715503536371e-04
8.765919753931957067e-04
1.577520751588028366e-03
2.198025936196328946e-03
2.720689587476954330e-03
3.131346065289477947e-03
3.419560585181921023e-03
3.578977857475784501e-03
3.607528670474665841e-03
3.507487250823935511e-03
3.285377458762855311e-03
2.951731168474603165e-03
2.520707358518600727e-03
2.009585313113430513e-03
1.438149740995910142e-03
8.279894003456442263e-04
2.017338433414163964e-04
-4.177449436707210504e-04
-1.008138004414833519e-03
-1.548483738615596440e-03
-2.019903593930529300e-03
-2.406263338758493110e-03
-2.694736744939528559e-03
-2.876251935443640325e-03
-2.945804770085960061e-03
-2.902628307774778732e-03
-2.750212433283023318e-03
-2.496172993062713719e-03
-2.151975063970988644e-03
-1.732520095921583373e-03
-1.255611445078225587e-03
-7.413170808962585680e-04
-2.112518585601870567e-04
3.121954283037858043e-04
8.066630602956057459e-04
1.250617328327480529e-03
1.624125250023507241e-03
1.909571908717555295e-03
2.092297194742011486e-03
2.161129550250486149e-03
2.108797925651275176e-03
1.932207421466752362e-03
1.632568864607105352e-03
1.215377685332171562e-03
6.902427412593462042e-04
7.057099263900684996e-05
-6.268810154815020706e-04
-1.382573240658913159e-03
-2.174846055597009879e-03
-2.980658811987974867e-03
-3.776377264023483664e-03
-4.538582345537786090e-03
-5.244872043798262141e-03
-5.874628351801757659e-03
-6.409722501212340370e-03
-6.835133837043840671e-03
-7.139460717212790276e-03
-7.315305599287015223e-03
-7.359520880723903133e-03
-7.273306933330335108e-03
-7.062158946798766795e-03
-6.735664488696129285e-03
-6.307158913771147499e-03
-5.793250730818462826e-03
-5.213233586276764392e-03
-4.588405490798754330e-03
-3.941319159229340202e-03
-3.294989742111977676e-03
-2.672087713671259315e-03
-2.094145195121042101e-03
-1.580803515142619516e-03
-1.149128358210566806e-03
-8.130164769945733526e-04
-5.827147305663858343e-04
-4.644682682606315893e-04
-4.603101479332184255e-04
-5.679997158344121666e-04
-7.811118572503758517e-04
-1.089273935340044110e-03
-1.478542055657187850e-03
-1.931903407235065553e-03
-2.429887009078069392e-03
-2.951261388425064410e-03
-3.473794667484810580e-03
-3.975050345375636882e-03
-4.433190808483244809e-03
-4.827760329319653529e-03
-5.140420030804023974e-03
-5.355608974581961557e-03
-5.461108119630998792e-03
-5.448487300296477043e-03
-5.313419471823668458e-03
-5.055851122766867947e-03
-4.680022794373602316e-03
-4.194338900524260776e-03
-3.611091323958814069e-03
-2.946046390240891592e-03
-2.217909610573135133e-03
-1.447686870338216972e-03
-6.579643719047640693e-04
1.278675094668876638e-04
8.864193287526536246e-04
1.595108486708048459e-03
2.232937778454274942e-03
2.781219350145931052e-03
3.224218746914390196e-03
3.549696530338167233e-03
3.749328527731778972e-03
3.818990023002833550e-03
3.758893960891490638e-03
3.573578346233978551e-03
3.271743298453377163e-03
2.865943483835421083e-03
2.372146709921759290e-03
1.809174150203975108e-03
1.198041809127923683e-03
5.612262921121016074e-04
-7.811940818353566626e-05
-6.969726524412497024e-04
-1.273242181578890979e-03
-1.786535395212384423e-03
-2.218865034958819680e-03
-2.555270554418030693e-03
-2.784332452178323904e-03
-2.898561599685101943e-03
-2.894649980668813957e-03
-2.773574119377216884e-03
-2.540547640755430256e-03
-2.204824695925895663e-03
-1.779361215445244898e-03
-1.280345937604056902e-03
-7.266177248003976913e-04
-1.389896677553241326e-04
4.604962546630681029e-04
1.049357757505014121e-03
1.605476355042287449e-03
2.107888726226682125e-03
2.537537523588631518e-03
2.877955230385706789e-03
3.115857017678864537e-03
3.241621742984149984e-03
3.249644153432088532e-03
3.138545871550645419e-03
2.911237692642070982e-03
2.574830935752172537e-03
2.140400882746999398e-03
1.622610526543710784e-03
1.039207748329058333e-03
4.104134829613085211e-04
-2.417777438921254020e-04
-8.943604480107665827e-04
-1.524117310906300884e-03
-2.108426834865517480e-03
-2.626051263174325988e-03
-3.057877185931382781e-03
-3.387582904123690071e-03
-3.602209185308062611e-03
-3.692613423619239051e-03
-3.653791296517078669e-03
-3.485054647761299477e-03
-3.190059358100870435e-03
-2.776682215785959348e-03
-2.256751084292005216e-03
-1.645637799411916579e-03
-9.617280322214258499e-04
-2.257866600300734118e-04
5.397591565519878516e-04
1.311594113959426659e-03
2.066319047127670311e-03
2.781257224492379200e-03
3.435234463079269492e-03
4.009305792010246783e-03
4.487403269874718978e-03
4.856882328084590611e-03
5.108947571581153035e-03
5.238943195353512258e-03
5.246497922022500156e-03
5.135519465892697533e-03
4.914038803649658019e-03
4.593909796433466239e-03
4.190374777867566548e-03
3.721511420101889303e-03
3.207580350430730247e-03
2.670296468776276865e-03
2.132049589422767982e-03
1.615101805176842381e-03
1.140789786429024025e-03
7.287600528711937059e-04
3.962640980155409005e-04
1.575381467361306603e-04
2.328935741100456036e-05
3.065469199570701464e-07
9.120914958744971365e-05
2.943432732004478032e-04
6.038285563760210396e-04
1.009754242597203470e-03
1.498517652532737904e-03
2.053293241226434099e-03
2.654615845442420859e-03
3.281057719444419821e-03
3.909975665207783384e-03
4.518302100905943405e-03
5.083352365783135735e-03
5.583619984415749173e-03
5.999532029056532483e-03
6.314138110711454283e-03
6.513708849071092946e-03
6.588222837157965694e-03
6.531725017654979419e-03
6.342543887675970021e-03
6.023359889575908427e-03
5.581122554168931223e-03
5.026819256931065044e-03
4.375103641920393555e-03
3.643796680265265486e-03
2.853277788047262845e-03
2.025787276049532872e-03
1.184664506347780748e-03
3.535483793953718597e-04
-4.444319086815580726e-04
-1.187447561506945869e-03
-1.855714706680258426e-03
-2.432166745656084116e-03
-2.903031057698610574e-03
-3.258289939981603555e-03
-3.492009724107964907e-03
-3.602526629866338332e-03
-3.592482938008380311e-03
-3.468712309272725149e-03
-3.241978362989723743e-03
-2.926575770141107841e-03
-2.539807932555207363e-03
-2.101359643206549346e-03
-1.632586800869731966e-03
-1.155748156766502402e-03
-6.932060995771811666e-04
-2.666245671847588226e-04
1.038077291195343109e-04
4.001014729130255090e-04
6.071128558231600990e-04
7.130889275635925173e-04
7.100930103337058617e-04
5.942952127683783295e-04
3.661178109553016140e-04
3.023035516811455048e-05
-4.046053675311818594e-04
-9.258351175352730333e-04
-1.517546258331909075e-03
-2.161020896873628791e-03
-2.835388742848972323e-03
-3.518356820400184680e-03
-4.186990466434514953e-03
-4.818518246128007665e-03
-5.391132571750372610e-03
-5.884757955168207558e-03
-6.281759952286230381e-03
-6.567569929767805813e-03
-6.731203728055964314e-03
-6.765656006870882436e-03
-6.668156409936683293e-03
-6.440278522264369573e-03
-6.087897746432823637e-03
-5.620999513416843549e-03
-5.053344483294422256e-03
-4.402002398036195495e-03
-3.686770847109910668e-03
-2.929499235700609109e-03
-2.153341563785524364e-03
-1.381964115843424979e-03
-6.387357383275467544e-04
5.407101007134148402e-05
6.760399331916682776e-04
1.209305955183806978e-03
1.639160309112817990e-03
1.954545043410976443e-03
2.148419611838276594e-03
2.217986794726231354e-03
2.164770127827587379e-03
1.994540217371431560e-03
1.717092613639357350e-03
1.345885115041116180e-03
8.975472980827154702e-04
3.912795432731957634e-04
-1.518373038773677031e-04
-7.095973696216032519e-04
-1.259463742063815506e-03
-1.779373123335142772e-03
-2.248522883474508155e-03
-2.648112877069308882e-03
-2.962015973921261480e-03
-3.177353758244485810e-03
-3.284957179432508589e-03
-3.279695974585949275e-03
-3.160665287278258042e-03
-2.931222917084560023e-03
-2.598875874620392660e-03
-2.175020203579066096e-03
-1.674543179233946169e-03
-1.115301821663048981e-03
-5.174960023204172891e-04
9.704187760040797520e-05
7.056157289673576543e-04
1.285466171942389445e-03
1.814574412230002525e-03
2.272441392232407188e-03
2.640814873798791144e-03
2.904338928405746610e-03
3.051103024387229971e-03
3.073071414174542021e-03
2.966377714319114352e-03
2.731474290557446387e-03
2.373131143980069732e-03
1.900284264359140612e-03
1.325738688220354103e-03
6.657365876069588559e-04
-6.059455761369932428e-05
-8.318944512338829556e-04
-1.625300357739102109e-03
-2.417229858855660541e-03
-3.184188649137630923e-03
-3.903575153314814243e-03
-4.554453859676172237e-03
-5.118270359763473637e-03
-5.579483126693624007e-03
-5.926089980962459536e-03
-6.150030881413225299e-03
-6.247453010924488778e-03
-6.218828949498776508e-03
-6.068923872815714174e-03
-5.806613001662809179e-03
-5.444555771710749351e-03
-4.998738210114660879e-03
-4.487899619612074377e-03
-3.932863720483263312e-03
-3.355797744053447100e-03
-2.779425491215966638e-03
-2.226221977466883925e-03
-1.717617925841399482e-03
-1.273242018533494134e-03
-9.102274891743394880e-04
-6.426073773328198381e-04
-4.808196540188299298e-04
-4.313395709218208716e-04
-4.964521219538069532e-04
-6.741725898475017971e-04
-9.583179553733279545e-04
-1.338726654259762405e-03
-1.801618962615243215e-03
-2.330085357951023825e-03
-2.904685712705315503e-03
-3.504138287840475804e-03
-4.106074341941438194e-03
-4.687831866766727779e-03
-5.227260584170242627e-03
-5.703509939964573894e-03
-6.097772421650816260e-03
-6.393956088295059750e-03
-6.579262677494884630e-03
-6.644650959582755478e-03
-6.585169027153904217e-03
-6.400143797904375015e-03
-6.093221009796355794e-03
-5.672254224500244621e-03
-5.149046644395393821e-03
-4.538954704805461815e-03
-3.860367245917612627e-03
-3.134078428292755205e-03
-2.382576279256673306e-03
-1.629271714295834131e-03
-8.976949642530841593e-04
-2.106874825029718054e-04
4.103824336875285320e-04
9.463529023549749428e-04
1.380924980217933251e-03
1.701219520009528401e-03
1.898214920829789220e-03
1.967050500770728405e-03
1.907184926033951046e-03
1.722404205655920324e-03
1.420679027966931934e-03
1.013876489493257486e-03
5.173363643602719563e-04
-5.067319622795727133e-05
-6.696014252956209063e-04
-1.317339503281158555e-03
-1.970998508578149060e-03
-2.607713475978522006e-03
-3.205445374647390711e-03
-3.743752896172994685e-03
-4.204507007187887127e-03
-4.572523232737383397e-03
-4.836089525457363397e-03
-4.987371240455965894e-03
-5.022679048122587024e-03
-4.942590425774182582e-03
-4.751920505561454434e-03
-4.459543340377728447e-03
-4.078069896444000766e-03
-3.623394106898602217e-03
-3.114122948967977100e-03
-2.570910575931752845e-03
-2.015719901526890918e-03
-1.471037580676580513e-03
-9.590699672356937759e-04
-5.009482994420247533e-04
-1.159710434569700965e-04
1.790899740199492288e-04
3.705952460512254402e-04
4.485337689755868572e-04
4.068922548747452850e-04
2.438843469059325669e-04
-3.796828354140973846e-05
-4.319058888678237521e-04
-9.271492843014373687e-04
-1.509259600974101855e-03
-2.160626634196459797e-03
-2.861068760495170775e-03
-3.588523485603578762e-03
-4.319804507518904511e-03
-5.031398845329684150e-03
-5.700276177554593204e-03
-6.304682102533879645e-03
-6.824887593102691927e-03
-7.243868448756026791e-03
-7.547890997158669679e-03
-7.726983577375862167e-03
-7.775277334668304063e-03
-7.691204431053658142e-03
-7.477546766817019450e-03
-7.141333540888129133e-03
-6.693591269155960144e-03
-6.148955043978131252e-03
-5.525154674429719540e-03
-4.842393725079385813e-03
-4.122643217888355416e-03
-3.388874745934478301e-03
-2.664259864530438109e-03
-1.971363800782952817e-03
-1.331361715566866701e-03
-7.633049555325639030e-04
-2.834629750611177348e-04
9.523604935037085703e-05
3.636463538029218769e-04
5.167120615202206758e-04
5.536302768254556216e-04
4.778641425607259643e-04
2.970054672190173065e-04
2.249180384869715887e-05
-3.308120328022589457e-04
-7.451532702965136049e-04
-1.200532325807160796e-03
-1.675423246959001095e-03
-2.147548115135502252e-03
-2.594678186878362179e-03
-2.995433610095326726e-03
-3.330053600176909392e-03
-3.581109995116063191e-03
-3.734139092099506875e-03
-3.778169531298370808e-03
-3.706127635397729689e-03
-3.515105908119221887e-03
-3.206485191112493256e-03
-2.785906108051745822e-03
-2.263090707822555496e-03
-1.651520470186987940e-03
-9.679818732407409216e-04
-2.319953658461015996e-04
5.348523227033985571e-04
1.309649212559490811e-03
2.068946545481313223e-03
2.789567135158835254e-03
3.449405330293752424e-03
4.028190613939434950e-03
4.508188131590971405e-03
4.874811645146327581e-03
5.117127472901887748e-03
5.228231789892009290e-03
5.205488094506347495e-03
5.050616541156826775e-03
4.769632023359015455e-03
4.372633185292387238e-03
3.873449757240278457e-03
3.289160568488671676e-03
2.639499116570154583e-03
1.946167505630932472e-03
1.232082771353733720e-03
5.205819730204023100e-04
-1.653861278354778856e-04
-8.040545185461003830e-04
-1.375588759283903183e-03
-1.862768922139361287e-03
-2.251578806583120779e-03
-2.531681846712518277e-03
-2.696767100834001826e-03
-2.744753270799865988e-03
-2.677843677400467814e-03
-2.502430344525409869e-03
-2.228850635590482691e-03
-1.871005055469092231e-03
-1.445849698698062867e-03
-9.727812194706348444e-04
-4.729359668757225632e-04
3.157206205053848325e-05
5.184476540769954785e-04
9.660171935822487593e-04
1.354009631984293876e-03
1.664288152219397122e-03
1.881506796236568236e-03
1.993668954131097570e-03
1.992568054124488862e-03
1.874094922537423600e-03
1.638400957467746940e-03
1.289911315261159114e-03
8.371875678865338920e-04
2.926445677010119581e-04
-3.278686311672055625e-04
-1.005609177654889037e-03
-1.719583281622888427e-03
-2.447269056572785265e-03
-3.165394071144321097e-03
-3.850740410881597908e-03
-4.480949082186823015e-03
-5.035295607678264874e-03
-5.495409665754680262e-03
-5.845913581901982653e-03
-6.074957316690487823e-03
-6.174631216103735470e-03
-6.141242066966853819e-03
-5.975442783955356441e-03
-5.682211177364563520e-03
-5.270678533027052179e-03
-4.753813992412661560e-03
-4.147975767860006407e-03
-3.472344888246241788e-03
-2.748261280924364173e-03
-1.998485412431885884e-03
-1.246411313601712961e-03
-5.152585130925458733e-04
1.727288624882087047e-04
7.970478194745207398e-04
1.339640293378942032e-03
1.785510419132859631e-03
2.123233719690887158e-03
2.345340448056102214e-03
2.448559730622067946e-03
2.433916040064016285e-03
2.306674702819060205e-03
2.076138438060505347e-03
1.755302146551190922e-03
1.360378135880338426e-03
9.102085092530611855e-04
4.255853990972530468e-04
-7.149704427864906264e-05
-5.586326080478337501e-04
-1.013807146665256145e-03
-1.416188621372031818e-03
-1.746875280362788488e-03
-1.989575679731823282e-03
-2.131196636442708563e-03
-2.162318433864394377e-03
-2.077540554710050578e-03
-1.875685756921872385e-03
-1.559855276033865652e-03
-1.137333158709721501e-03
-6.193430235152024357e-04
-2.066572110411262625e-05
6.408687545290251471e-04
1.344997340257032738e-03
2.069726410474217581e-03
2.792096128734956710e-03
3.488979883922321314e-03
4.137890815126387366e-03
4.717767174990253505e-03
5.209709016748205121e-03
5.597640389791764051e-03
5.868873832827232670e-03
6.014557371305295774e-03
6.029988337078856162e-03
5.914782989142509592e-03
5.672895961527894479e-03
5.312488821138565756e-03
4.845652300328581220e-03
4.287991891296124257e-03
3.658091272409166005e-03
2.976872312822485996e-03
2.266874021360248525e-03
1.551475641809568241e-03
8.540910501338343317e-04
1.973626112389038640e-04
-3.976173312888152400e-04
-9.120301301444168167e-04
-1.329974395565049509e-03
-1.639006973820299499e-03
-1.830562470150511175e-03
-1.900236700584602293e-03
-1.847924226024025588e-03
-1.677805235560823113e-03
-1.398182325015700535e-03
-1.021172976151649842e-03
-5.622685976422591315e-04
-3.977566349835340472e-05
5.258413855178776944e-04
1.112692371643274943e-03
1.698243004912806595e-03
2.260118438831686030e-03
2.776900527433491528e-03
3.228890778476976777e-03
3.598812203450531440e-03
3.872425410370563571e-03
4.039037294883259833e-03
4.091884453428819290e-03
4.028377837135218437e-03
3.850200032647113548e-03
3.563251725673390220e-03
3.177449193478648192e-03
2.706379898437574413e-03
2.166828232966089545e-03
1.578188022167918659e-03
9.617823647113080306e-04
3.401146454882958740e-04
-2.639230285120506853e-04
-8.278562197195820163e-04
-1.330421103959123462e-03
-1.752316157302402731e-03
-2.076886216155031384e-03
-2.290714905049350252e-03
-2.384104632078493016e-03
-2.351427286426029280e-03
-2.191333298172537612e-03
-1.906811678931164987e-03
-1.505098879152558331e-03
-9.974395913456097704e-04
-3.987078125154480332e-04
2.730986278141433847e-04
9.974724369931674620e-04
1.752098676091098147e-03
2.513619512543443808e-03
3.258435193800137894e-03
3.963513259764809595e-03
4.607177724539950232e-03
5.169850660916229870e-03
5.634720289527802087e-03
5.988312250170051317e-03
6.220944125187992738e-03
6.327047375218065525e-03
6.305345492572426817e-03
6.158882214429568791e-03
5.894898890244577687e-03
5.524565381377867165e-03
5.062574000728079296e-03
4.526610796399178731e-03
3.936722778079704971e-03
3.314603327387804100e-03
2.682820896314973454e-03
2.064018080783090216e-03
1.480109189750375420e-03
9.515044780713383110e-04
4.963882717822663479e-04
1.300763205944041254e-04
-1.355250694786073844e-04
-2.923391427475286082e-04
-3.364032966852725792e-04
-2.680081922351498086e-04
-9.168648726028821860e-05
1.839484155707971427e-04
5.465079532248626540e-04
9.802676019880769524e-04
1.466724287037219927e-03
1.985252448152713574e-03
2.513835744718970373e-03
3.029848726708873983e-03
3.510861041674972604e-03
3.935435952453924038e-03
4.283895134228353496e-03
4.539022896011119662e-03
4.686685089321889625e-03
4.716340951630423189e-03
4.621429879475025607e-03
4.399619504736437120e-03
4.052906303944352542e-03
3.587565134557731301e-03
3.013949382950463583e-03
2.346148640967661483e-03
1.601515818065329857e-03
8.000801693559968881e-04
-3.613328389204820352e-05
-8.838541856405976189e-04
-1.719360925589031273e-03
-2.519290636696478076e-03
-3.261436819615879008e-03
-3.925506736843017638e-03
-4.493812128023955826e-03
-4.951869132882864670e-03
-5.288886487812899037e-03
-5.498124974906539245e-03
-5.577115610990685673e-03
-5.527729011093131944e-03
-5.356093572368797462e-03
-5.072365418249596102e-03
-4.690358232967346309e-03
-4.227046021774572525e-03
-3.701956280288558592e-03
-3.136474891563198475e-03
-2.553087157383133760e-03
-1.974581602695331568e-03
-1.423244490842255888e-03
-9.200733068542629040e-04
-4.840367953247342106e-04
-1.314075018611477429e-04
1.248097798113101745e-04
2.753336200430767794e-04
3.149296588206900935e-04
2.425910673622693088e-04
6.156945426786814696e-05
-2.207448482919468179e-04
-5.930888986817946414e-04
-1.040730304323795241e-03
-1.545993260531584867e-03
-2.088888993822039970e-03
-2.647828469756129902e-03
-3.200392337282530284e-03
-3.724131070743874616e-03
-4.197367207641832139e-03
-4.599971502217114691e-03
-4.914085724639989834e-03
-5.124766701266669083e-03
-5.220528947639645027e-03
-5.193766796129707999e-03
-5.041041139943634383e-03
-4.763220656797984356e-03
-4.365472472745295617e-03
-3.857102500829888252e-03
-3.251250955638365983e-03
-2.564453618857555003e-03
-1.816084134861111789e-03
-1.027696784284592817e-03
-2.222926714308965778e-04
5.764650540496602188e-04
1.345059533514783578e-03
2.060923858776685710e-03
2.703211981428095545e-03
3.253509943899479326e-03
3.696462592379878408e-03
4.020293890068985833e-03
4.217202673968747755e-03
4.283620059065081954e-03
4.220319537509302846e-03
4.032375977571748746e-03
3.728975017013411771e-03
3.323079582762429943e-03
2.830965269894051943e-03
2.271640902673326828e-03
1.666174618023071388e-03
1.036949116469190312e-03
4.068722016174709452e-04
-2.014297102045131856e-04
-7.664068380061578138e-04
-1.268342170000555727e-03
-1.690041988315990010e-03
-2.017436594927480165e-03
-2.240070202119446869e-03
-2.351462840810985416e-03
-2.349331630839421141e-03
-2.235663691414351700e-03
-2.016638174496781892e-03
-1.702400196424190895e-03
-1.306694638207049012e-03
-8.463727004959017020e-04
-3.407885629877621669e-04
1.888926464337281814e-04
7.204512553728770240e-04
1.231407246245889032e-03
1.699824346020178609e-03
2.105095751265773519e-03
2.428683874020554339e-03
2.654788102615545774e-03
2.770917091932511428e-03
2.768345441266792818e-03
2.642438667882877033e-03
2.392834998568801365e-03
2.023477518332438690e-03
1.542495459041840628e-03
9.619386975468378551e-04
2.973746773722984321e-04
-4.326382098326707164e-04
-1.207182416250468125e-03
-2.003696148961992603e-03
-2.798746430800824660e-03
-3.568833301223471935e-03
-4.291197053074798096e-03
-4.944600291238237903e-03
-5.510057477598757913e-03
-5.971486462749303961e-03
-6.316259234122142963e-03
-6.535632637109203488e-03
-6.625044026685166301e-03
-6.584261534879631145e-03
-6.417383728514244184e-03
-6.132688703623946289e-03
-5.742337933205788822e-03
-5.261945268734396358e-03
-4.710026215133745857e-03
-4.107346788258765119e-03
-3.476194776644059986e-03
-2.839598942258911556e-03
-2.220523513229155643e-03
-1.641066181263015501e-03
-1.121687687749980348e-03
-6.804999697296531223e-04
-3.326377791720122774e-04
-8.973575840576838297e-05
4.047074620351165733e-05
5.440719138398962540e-05
-4.722544660456899634e-05
-2.594867092616153295e-04
-5.733821228426630098e-04
-9.761915306753434635e-04
-1.451928716387942140e-03
-1.981916139544849000e-03
-2.545454568356558811e-03
-3.120564066048390432e-03
-3.684770284766106501e-03
-4.215908431277635982e-03
-4.692916647910299298e-03
-5.096590921903810037e-03
-5.410274983710144231e-03
-5.620460932522062907e-03
-5.717279455648213195e-03
-5.694862377651996668e-03
-5.551564749844821803e-03
-5.290038613968137127e-03
-4.917155773187986169e-03
-4.443782196661296043e-03
-3.884411885424851867e-03
-3.256672954925333638e-03
-2.580723170468667872e-03
-1.878556049183936413e-03
-1.173241779886829376e-03
-4.881295005185950098e-04
1.539611685768252271e-04
7.315310560205611282e-04
1.225147165355273309e-03
1.618117104377117272e-03
1.897068619554936452e-03
2.052413956925019586e-03
2.078682800977961140e-03
1.974712142439084394e-03
1.743686433343714795e-03
1.393026627980778823e-03
9.341319975274906678e-04
3.819837592091439218e-04
-2.453756029495318160e-04
-9.274690987021397704e-04
-1.642096135017843050e-03
-2.366102681165632281e-03
-3.076183743228930352e-03
-3.749690069112604496e-03
-4.365410862122276470e-03
-4.904305126938020287e-03
-5.350156076610858291e-03
-5.690125729814657363e-03
-5.915190329333052874e-03
-6.020441392923708834e-03
-6.005241919782080065e-03
-5.873232354687922194e-03
-5.632186179572732515e-03
-5.293720274094321047e-03
-4.872870278099219500e-03
-4.387545921177378808e-03
-3.857885492029492804e-03
-3.305532155630627657e-03
-2.752857565298441785e-03
-2.222160063773938321e-03
-1.734865657574575452e-03
-1.310759850992346785e-03
-9.672773436160469682e-04
-7.188745660946468420e-04
-5.765071241391650676e-04
-5.472305422784470852e-04
-6.339383755500165550e-04
-8.352469406295980753e-04
-1.145530776679987324e-03
-1.555107660604042406e-03
-2.050566756650731848e-03
-2.615228460250086998e-03
-3.229719876474300509e-03
-3.872645816533567403e-03
-4.521331843402942932e-03
-5.152613367534833629e-03
-5.743643174326198975e-03
-6.272689113348411949e-03
-6.719894018173247323e-03
-7.067971243095157868e-03
-7.302811453019836252e-03
-7.413979406448240744e-03
-7.395083320105154401e-03
-7.244003862509670183e-03
-6.962974736448530010e-03
-6.558512004773985743e-03
-6.041194608211699485e-03
-5.425303732440362077e-03
-4.728333622103919956e-03
-3.970390938547162588e-03
-3.173503658295610992e-03
-2.360863673986109482e-03
-1.556029577724035067e-03
-7.821174974838151356e-04
-6.100827147312130883e-05
5.874013311496506518e-04
1.145877181958675564e-03
1.600432459623477022e-03
1.940798006793916647e-03
2.160761981527617188e-03
2.258366989605746673e-03
2.235957879974484128e-03
2.100078619933937098e-03
1.861221956145901095e-03
1.533440726691034667e-03
1.133834537486944072e-03
6.819298834958027310e-04
1.989755282740396369e-04
-2.928220762643327221e-04
-7.710964484945054005e-04
-1.214123775634322940e-03
-1.601602439489821419e-03
-1.915381971477255916e-03
-2.140115814250644934e-03
-2.263814940732512999e-03
-2.278282859339619826e-03
-2.179416694823029400e-03
-1.967363731588797106e-03
-1.646527876005207235e-03
-1.225425758364881348e-03
-7.163974693672626320e-04
-1.351820253785013509e-04
4.996275974045586484e-04
1.167230793740863838e-03
1.845344400882384427e-03
2.510981121280198361e-03
3.141254031099163617e-03
3.714178988765412699e-03
4.209446825000122405e-03
4.609138248340339215e-03
4.898356401159483647e-03
5.065754880586843464e-03
5.103942695617732887e-03
5.009751937989001362e-03
4.784358749197353301e-03
4.433253301019904162e-03
3.966059792146056293e-03
3.396212713869412383e-03
2.740500669262293902e-03
2.018493666576250470e-03
1.251873886337801466e-03
4.636932998355008766e-04
-3.224159239368649997e-04
-1.083050634972054869e-03
-1.795837270179627583e-03
-2.440195805998314569e-03
-2.998040414571966159e-03
-3.454392362351469282e-03
-3.797883766708455133e-03
-4.021134651792128076e-03
-4.120990185366361740e-03
-4.098609878124904841e-03
-3.959405714301436618e-03
-3.712831475497462355e-03
-3.372030733068548825e-03
-2.953355935456558959e-03
-2.475775532046643225e-03
-1.960189996252012078e-03
-1.428680800194960521e-03
-9.037187398009115811e-04
-4.073594301440236314e-04
3.954576330067937837e-05
4.180956368373938553e-04
7.120157001879227031e-04
9.082415988278594310e-04
9.973889066440203705e-04
9.740927755386348010e-04
8.372054944908954334e-04
5.898449953334918006e-04
2.392925714110867401e-04
-2.032566348969056316e-04
-7.230816544766074418e-04
-1.302448642474793306e-03
-1.921230792884016589e-03
-2.557613497125674207e-03
-3.188860033633478773e-03
-3.792110948038698772e-03
-4.345189096738585194e-03
-4.827382122007169846e-03
-5.220174911582027046e-03
-5.507906342359666571e-03
-5.678327255276172970e-03
-5.723040063894430964e-03
-5.637804541606070488e-03
-5.422699016554016413e-03
-5.082131265271978143e-03
-4.624698658265933952e-03
-4.062902388953796434e-03
-3.412725726596242942e-03
-2.693090995077095789e-03
-1.925214225800998737e-03
-1.131880015783370092e-03
-3.366619156781389252e-04
4.368844208607949040e-04
1.166027142261121322e-03
1.829635008710434963e-03
2.408897976956449888e-03
2.887966401361356100e-03
3.254486544130658510e-03
3.500013720675571906e-03
3.620288693052457155e-03
3.615367715134844978e-03
3.489601759745653703e-03
3.251465740774536154e-03
2.913243797220675581e-03
2.490581747041353648e-03
2.001922470022712321e-03
1.467844077646697065e-03
9.103241304975128682e-04
3.519557509194060161e-04
-1.848568402331284694e-04
-6.786951177092574814e-04
-1.109887405595161563e-03
-1.461207673603586929e-03
-1.718487449447152985e-03
-1.871119371035242975e-03
-1.912434705157289080e-03
-1.839941581660988357e-03
-1.655415578908680033e-03
-1.364839476230042450e-03
-9.781942806427665598e-04
-5.091088528317673154e-04
2.561958160414456488e-05
6.066172191818842811e-04
1.212617006290002408e-03
1.821209536510841895e-03
2.409635172860065920e-03
2.955589600124736583e-03
3.438014536472465930e-03
3.837845848362058439e-03
4.138692800493348062e-03
4.327424580982109498e-03
4.394643486761004927e-03
4.335028121706638142e-03
4.147534511167685033e-03
3.835448011956866902e-03
3.406284122140956945e-03
2.871541587030525342e-03
2.246316371204949529e-03
1.548789939933895542e-03
7.996096962068304208e-04
2.118319748142970444e-05
-7.630892031684677248e-04
-1.529616489426843372e-03
-2.255425866924360995e-03
-2.918950143379318851e-03
-3.500766098458077836e-03
-3.984258054169707852e-03
-4.356183475947962049e-03
-4.607120865425615858e-03
-4.731784328059946559e-03
-4.729193867788844714e-03
-4.602695513189125273e-03
-4.359830638147215928e-03
-4.012059120587491493e-03
-3.574346100315516257e-03
-3.064626872216938414e-03
-2.503168716599410079e-03
-1.911852074925945132e-03
-1.313396300211523704e-03
-7.305571481123511110e-04
-1.853241593877711594e-04
3.018539175185515171e-04
7.127885034539619032e-04
1.032190145012060623e-03
1.248204654446607737e-03
1.352827645897997869e-03
1.342182947991978677e-03
1.216655148848330009e-03
9.808716469013527110e-04
6.435348603355032192e-04
2.171105043519212970e-04
-2.826171053151433060e-04
-8.371070991777212859e-04
-1.425721710243619579e-03
-2.026460373506915828e-03
-2.616742489070384477e-03
-3.174211359533932273e-03
-3.677531066083550033e-03
-4.107148291241076964e-03
-4.445992320971548992e-03
-4.680088621892425360e-03
-4.799064414906758710e-03
-4.796528448683123197e-03
-4.670311582510331544e-03
-4.422559663778200326e-03
-4.059675359832188787e-03
-3.592110895903975493e-03
-3.034018874797959637e-03
-2.402773326961834752e-03
-1.718377687228443305e-03
-1.002780357527836971e-03
-2.791217543593969017e-04
4.290608577378179347e-04
1.098642964265461250e-03
1.707708539881379675e-03
2.236304120932480766e-03
2.667124860738813007e-03
2.986108596928407216e-03
3.182917179720422957e-03
3.251288256482557162e-03
3.189245242877338307e-03
2.999158175568474721e-03
2.687653361835378417e-03
2.265375034634213927e-03
1.746607402189979301e-03
1.148770367597046248e-03
4.918066149444345805e-04
-2.025184407261182808e-04
-9.113792949348140148e-04
-1.611688854832621582e-03
-2.280904817459278484e-03
-2.897815672945518520e-03
-3.443278800529310079e-03
-3.900884810102338372e-03
-4.257524872513053504e-03
-4.503841187221994599e-03
-4.634544836776678320e-03
-4.648589930218360519e-03
-4.549197978888986846e-03
-4.343731701490294653e-03
-4.043422736546861337e-03
-3.662962864551528967e-03
-3.219973129445042465e-03
-2.734369531923092761e-03
-2.227647595275694323e-03
-1.722110950888896055e-03
-1.240071055416783500e-03
-8.030461660947971723e-04
-4.309877291509842459e-04
-1.415613777700709848e-04
5.049217584708219284e-05
1.338938681206798889e-04
1.012417319233320165e-04
-5.070958549992536299e-05
-3.209151214427696450e-04
-7.040564903345080186e-04
-1.190708868998498985e-03
-1.767652312803999048e-03
-2.418316581684574855e-03
-3.123343974514153180e-03
-3.861250532647034217e-03
-4.609162523542877435e-03
-5.343602474213890625e-03
-6.041297284315214761e-03
-6.679980171036427501e-03
-7.239158409810601130e-03
-7.700820028833136113e-03
-8.050054749657663267e-03
-8.275567465944580828e-03
-8.370066312684682625e-03
-8.330511767165642290e-03
-8.158218086822606463e-03
-7.858803557505050080e-03
-7.441991317518466612e-03
-6.921267752656157929e-03
-6.313410442088751226e-03
-5.637902199786411564e-03
-4.916251741181749610e-03
-4.171244770427863166e-03
-3.426151715461264562e-03
-2.703919850957084686e-03
-2.026378090178579134e-03
-1.413482276748896562e-03
-8.826273823055396338e-04
-4.480506658008712173e-04
-1.203466572662031768e-04
9.388909492628319184e-05
1.922750913705435077e-04
1.767102936784379665e-04
5.328962501788877398e-05
-1.679284048107412657e-04
-4.732937281232774476e-04
-8.460632831576958383e-04
