1.644036985112760875e-03
1.860902540127506739e-03
2.129180294170750741e-03
2.437850841433443841e-03
2.774508304228217887e-03
3.125800947169036538e-03
3.477904459262287466e-03
3.817011294700221619e-03
4.129818903035189538e-03
4.403999721044027024e-03
4.628636440494205556e-03
4.794607285690588583e-03
4.894907789360706564e-03
4.924897783626917824e-03
4.882464946421837156e-03
4.768099170779334720e-03
4.584875152393365697e-03
4.338343810057540724e-03
4.036336351258867222e-03
3.688687859233729695e-03
3.306890100820361438e-03
2.903685737522412966e-03
2.492618178308000140e-03
2.087552869745296948e-03
1.702186822543954236e-03
1.349563588256010548e-03
1.041610711247343245e-03
7.887158956804568317e-04
5.993567726613746594e-04
4.797972763548063492e-04
4.338613055036885484e-04
4.627916401232453660e-04
5.651990970142904344e-04
7.371037467876332717e-04
9.720667900701405496e-04
1.261408514478622568e-03
1.594504738091177213e-03
1.959151395194821867e-03
2.341984532403796043e-03
2.728941041492371957e-03
3.105744027511491909e-03
3.458395846992814819e-03
3.773661581556696232e-03
4.039526046478635057e-03
4.245608360023841142e-03
4.383519585179424666e-03
4.447150948738815349e-03
4.432882573681250910e-03
4.339705444262422981e-03
4.169252361662294758e-03
3.925736834960495691e-03
3.615802075964091346e-03
3.248285414042224178e-03
2.833906408340873886e-03
2.384889605804984582e-03
1.914535180739359221e-03
1.436752515056218503e-03
9.655730740044930240e-04
5.146596546660214735e-04
9.682920853391549509e-05
-2.763940392733886964e-04
-5.951795163713531622e-04
-8.517312306883649976e-04
-1.040556760471778855e-03
-1.158654891815141981e-03
-1.205615342558591461e-03
-1.183627095028597000e-03
-1.097395065485093617e-03
-9.539680529974357837e-04
-7.624840221087986376e-04
-5.338416730219044427e-04
-2.803098385363822736e-04
-1.508842797788711834e-05
2.481636615559022112e-04
4.958170867312799946e-04
7.147598939715902547e-04
8.928675145887952826e-04
1.019438407373455396e-03
1.085580039387859345e-03
1.084531634789822827e-03
1.011912336320787203e-03
8.658860370157081630e-04
6.472370591764915575e-04
3.593539813948746272e-04
8.122132955387965578e-06
-3.982715244877108127e-04
-8.496143376369945897e-04
-1.334015101659243334e-03
-1.838310280943963957e-03
-2.348515120526203839e-03
-2.850303883963988590e-03
-3.329502431440513766e-03
-3.772575917863201476e-03
-4.167094559970723963e-03
-4.502161188012803426e-03
-4.768785634583374775e-03
-4.960192873824100304e-03
-5.072054143282848579e-03
-5.102632976957822974e-03
-5.052841057013602796e-03
-4.926201948945242541e-03
-4.728724009967316157e-03
-4.468686940120474016e-03
-4.156349468610165583e-03
-3.803588428303315665e-03
-3.423481872394075736e-03
-3.029850844886037165e-03
-2.636775862141648493e-03
-2.258105045678493808e-03
-1.906971135722225485e-03
-1.595334300633507139e-03
-1.333566750242738382e-03
-1.130093693151660618e-03
-9.911032006496380865e-04
-9.203351223498485584e-04
-9.189564257048631404e-04
-9.855273003935606513e-04
-1.116059185411445069e-03
-1.304162653099072639e-03
-1.541279933279829720e-03
-1.816993892577513023e-03
-2.119402602863022789e-03
-2.435546332597849674e-03
-2.751871956210245017e-03
-3.054718463994142257e-03
-3.330806514364824562e-03
-3.567714827598469831e-03
-3.754326680430571800e-03
-3.881230807966726346e-03
-3.941062616580085984e-03
-3.928773702865448123e-03
-3.841820186005683643e-03
-3.680263206047256971e-03
-3.446778018878569449e-03
-3.146571322287311338e-03
-2.787209664079021501e-03
-2.378364900149677018e-03
-1.931485578393714580e-03
-1.459405721488909839e-03
-9.759046769154678920e-04
-4.952334191033564911e-04
-3.162386620051435646e-05
4.012016286592677734e-04
7.905034554798502514e-04
1.124964043613393277e-03
1.395077909411727990e-03
1.593478811682874511e-03
1.715192572316728663e-03
1.757806721319002353e-03
1.721551037082872781e-03
1.609286172020791411e-03
1.426400771383806200e-03
1.180620696473734434e-03
8.817370402677867768e-04
5.412624659241448968e-04
1.720279071315186084e-04
-2.122662440811215966e-04
-5.975287447514816786e-04
-9.697691452851973839e-04
-1.315585258501668180e-03
-1.622629390508047121e-03
-1.880037017536219639e-03
-2.078802911555789439e-03
-2.212091561560174027e-03
-2.275471042281280738e-03
-2.267062166943673539e-03
-2.187597731429367920e-03
-2.040389809779352172e-03
-1.831206284827941984e-03
-1.568060979973232147e-03
-1.260924787114125253e-03
-9.213679554831738939e-04
-5.621461194143927836e-04
-1.967446154352700191e-04
1.611028986556085224e-04
4.979046091128716545e-04
8.008922743008516608e-04
1.058477589444632803e-03
1.260667151000048874e-03
1.399421434707225163e-03
1.468945163858218807e-03
1.465898849330061343e-03
1.389524046230261860e-03
1.241677896737318140e-03
1.026775708896506770e-03
7.516435453059802478e-04
4.252859508119927971e-04
5.857692395380665554e-05
-3.361150713213558339e-04
-7.453549435493710606e-04
-1.155106696778111699e-03
-1.551220744171712389e-03
-1.919925758404077663e-03
-2.248307843319432252e-03
-2.524760252769808581e-03
-2.739387911684703671e-03
-2.884352575237612501e-03
-2.954146539067980734e-03
-2.945785314124941146e-03
-2.858912516210424578e-03
-2.695813293332581344e-03
-2.461335815866707352e-03
-2.162723573075482977e-03
-1.809364341994591872e-03
-1.412464611642225577e-03
-9.846608547611638076e-04
-5.395812494314110959e-04
-9.137318646681741752e-05
3.457869052036056478e-04
7.581842658772796825e-04
1.133039879566055371e-03
1.458951335136939248e-03
1.726285059548970284e-03
1.927506214554826000e-03
2.057434734361622206e-03
2.113418571458468374e-03
2.095418120363536779e-03
2.005998902704507654e-03
1.850232812709971635e-03
1.635511427169164707e-03
1.371277965902022384e-03
1.068687339770518384e-03
7.402062433509268465e-04
3.991673502660733836e-04
5.929327722924441959e-05
-2.657929582705124668e-04
-5.630537891107973130e-04
-8.205021912083684463e-04
-1.027629678924126943e-03
-1.175782165636707908e-03
-1.258470480285032913e-03
-1.271604622099132588e-03
-1.213643509909589522e-03
-1.085654945633190809e-03
-8.912836599310172605e-04
-6.366285312902695680e-04
-3.300332549337485662e-04
1.820222661302601901e-05
3.961794401459137237e-04
7.908157286343100566e-04
1.188300724052817475e-03
1.574578962836188905e-03
1.935841741515381643e-03
2.259010983248832712e-03
2.532198162828957176e-03
2.745122208632099457e-03
2.889471734388036721e-03
2.959198901323273952e-03
2.950734603945818699e-03
2.863117426657567008e-03
2.698031837016815274e-03
2.459754259063704276e-03
2.155008895331594378e-03
1.792738325994394123e-03
1.383796897331018589e-03
9.405776147813844955e-04
4.765855836145702637e-04
5.972911072323950667e-06
-4.569486677568212899e-04
-8.982003993760832427e-04
-1.304617133941850336e-03
-1.664299158853786188e-03
-1.967019452922881897e-03
-2.204572133454627252e-03
-2.371049930231286171e-03
-2.463041008135036930e-03
-2.479738286843976517e-03
-2.422957472601341630e-03
-2.297063216045788694e-03
-2.108806029399021374e-03
-1.867075723127172016e-03
-1.582580046956814836e-03
-1.267459840349337502e-03
-9.348542214052108336e-04
-5.984310927590200460e-04
-2.718994570337430246e-04
3.147932968574902561e-05
2.993642024002917193e-04
5.207743319335523657e-04
6.864809199361857680e-04
7.893370836905876445e-04
8.245342420412872173e-04
7.897759917890620571e-04
6.853633577721073272e-04
5.141884081966525358e-04
2.816364406384641236e-04
-4.599849116201709318e-06
-3.347877159694558329e-04
-6.974938731685591427e-04
-1.079984268086478343e-03
-1.468670120476058862e-03
-1.849584593296101954e-03
-2.208873389651404111e-03
-2.533282078266911597e-03
-2.810623061452801989e-03
-3.030205809818577005e-03
-3.183215272184382761e-03
-3.263025182230767929e-03
-3.265435261903959149e-03
-3.188823985624435284e-03
-3.034211525593197636e-03
-2.805230643373347356e-03
-2.508006516254663275e-03
-2.150949675746254182e-03
-1.744469278155781405e-03
-1.300616716994795231e-03
-8.326720261492646241e-04
-3.546875259069473454e-04
1.189953391473425829e-04
5.742390831193165939e-04
9.975959487413046944e-04
1.376769387334358941e-03
1.701035123572960505e-03
1.961607096367887389e-03
2.151935498922180699e-03
2.267926520263275139e-03
2.308076133939012276e-03
2.273513290955340559e-03
2.167951047907646159e-03
1.997547386401643445e-03
1.770680643263990639e-03
1.497647461861721131e-03
1.190293888286746496e-03
8.615925771408639629e-04
5.251809581544987591e-04
1.948765807917379137e-04
-1.158133485192714774e-04
-3.941710207725334508e-04
-6.287188569141985688e-04
-8.096262966242996975e-04
-9.290582675759006398e-04
-9.814531058606561480e-04
-9.637201733541330730e-04
-8.753502347552454075e-04
-7.184347171467671007e-04
-4.975931709429825926e-04
-2.198114710076977830e-04
1.058035723042387386e-04
4.683445901351240229e-04
8.554877872450343968e-04
1.253927359164104874e-03
1.649844959128800824e-03
2.029397748332227407e-03
2.379207908878792042e-03
2.686836444712301444e-03
2.941224643593619899e-03
3.133087703756320258e-03
3.255246702562301139e-03
3.302887242677188251e-03
3.273735678371954370e-03
3.168146710588399910e-03
2.989099243260620251e-03
2.742100606307389631e-03
2.435002460123924118e-03
2.077734789850026013e-03
1.681967266782494891e-03
1.260709798500761003e-03
8.278662194379387586e-04
3.977567151140343183e-04
-1.537433146354711278e-05
-3.978478720138775571e-04
-7.370199963500439176e-04
-1.021715590453112481e-03
-1.242610698861780624e-03
-1.392550237724388129e-03
-1.466789969321095639e-03
-1.463154301703010378e-03
-1.382104425357562642e-03
-1.226714439189933829e-03
-1.002556340572174345e-03
-7.174979458426233988e-04
-3.814208566075292031e-04
-5.868386673220696813e-06
3.963641836667824818e-04
8.116826408570413558e-04
1.226174259480982288e-03
1.626098755548200910e-03
1.998372549199320565e-03
2.331029351770019450e-03
2.613640924823884548e-03
2.837683257497300958e-03
2.996835324270419321e-03
3.087199950940221205e-03
3.107439049213624530e-03
3.058818484189575627e-03
2.945161008784695153e-03
2.772708923788395202e-03
2.549901288699543689e-03
2.287073505825590325e-03
1.996089823271094462e-03
1.689921655968942837e-03
1.382186525329313128e-03
1.086663800756991829e-03
8.168042417534440540e-04
5.852505589888290158e-04
4.033858288924228267e-04
2.809256224070761938e-04
2.255681787018560397e-04
2.427149224361224884e-04
3.352711598213296146e-04
5.035339805458953662e-04
7.451713380102291655e-04
1.055293086296458594e-03
1.426611530789459415e-03
1.849685913255584872e-03
2.313242311364516711e-03
2.804557790157261726e-03
3.309895391415519986e-03
3.814974765172608924e-03
4.305461998159280067e-03
4.767461520583929878e-03
5.187992898906174967e-03
5.555435850763609795e-03
5.859927930439750438e-03
6.093700990248421961e-03
6.251344666900055837e-03
6.329987697197978630e-03
6.329390744755592109e-03
6.251947518011234488e-03
6.102594171077484891e-03
5.888630190379134065e-03
5.619457069087484442e-03
5.306243949464602844e-03
4.961531969549034735e-03
4.598791195580151543e-03
4.231945680022281518e-03
3.874883298911132798e-03
3.540967552486235480e-03
3.242568441128486963e-03
2.990628857026867392e-03
2.794281684301541668e-03
2.660531020247813242e-03
2.594008680327612899e-03
2.596814508381755336e-03
2.668446073831552516e-03
2.805820202408584353e-03
3.003385566073440635e-03
3.253322364136182910e-03
3.545822073096407956e-03
3.869437434425830255e-03
4.211490385840062182e-03
4.558523608891158936e-03
4.896779835198367473e-03
5.212692078962931352e-03
5.493367578746731830e-03
5.727048450321436598e-03
5.903532867054055687e-03
6.014541966245873228e-03
6.054019580664357636e-03
6.018354247598798300e-03
5.906515670677440870e-03
5.720100806994843877e-03
5.463287918783869997e-03
5.142700153962499049e-03
4.767183390378479900e-03
4.347506083364559293e-03
3.895991590008539979e-03
3.426095810536241085e-03
2.951944904453968933e-03
2.487849239411794519e-03
2.047810565054364144e-03
1.645039643179723073e-03
1.291501200944045928e-03
9.975021183979088189e-04
7.713372487891021444e-04
6.190052528200723318e-04
5.440043770817758022e-04
5.472153080739593396e-04
6.268751846272980870e-04
7.786436599804260825e-04
9.957586820586892748e-04
1.269276519566764133e-03
1.588387612393439476e-03
1.940797170861239835e-03
2.313157182521026652e-03
2.691534686875973834e-03
3.061899910621694674e-03
3.410617163120680927e-03
3.724921298154507121e-03
3.993363056784330484e-03
4.206207699556308716e-03
4.355772975985110380e-03
4.436694607764423565e-03
4.446110004888668976e-03
4.383753801710695008e-03
4.251961892400342273e-03
4.055583853932630961e-03
3.801806857174418706e-03
3.499897270275361631e-03
3.160869044636916304e-03
2.797090541090806182e-03
2.421843612593528768e-03
2.048850434085527136e-03
1.691784701494775459e-03
1.363784370535748615e-03
1.076983052735172022e-03
8.420765328672876002e-04
6.679396415916617324e-04
5.613069526693662686e-04
5.265285375159228960e-04
5.654093794069973630e-04
6.771381175614894950e-04
8.583076603343848220e-04
1.103026986576361411e-03
1.403120257703609642e-03
1.748406302185390735e-03
2.127048716261680916e-03
2.525964348499219400e-03
2.931275888059642863e-03
3.328792729052744512e-03
3.704503290317761634e-03
4.045061566223653871e-03
4.338250883764658769e-03
4.573408637364446971e-03
4.741797137505252696e-03
4.836907594758793096e-03
4.854686600957447418e-03
4.793677182117567215e-03
4.655069488262648589e-03
4.442659348713424300e-03
4.162716146878121977e-03
3.823764643078119731e-03
3.436288386257283552e-03
3.012365100005635638e-03
2.565246809019879927e-03
2.108899405515830567e-03
1.657517773466015039e-03
1.225033442172150829e-03
8.246319996975315023e-04
4.682971520155465323e-04
1.663973774680112608e-04
-7.267036890900658089e-05
-2.427674480435771352e-04
-3.402208109616160214e-04
-3.639435273272480925e-04
-3.154643828415727887e-04
-1.988655479635917118e-04
-2.063054319983753833e-05
2.105921291755958984e-04
4.843013608599674742e-04
7.885208303230288856e-04
1.110228143315796509e-03
1.435820637964047020e-03
1.751601486304764019e-03
2.044269012884654315e-03
2.301392038503778052e-03
2.511854547297273470e-03
2.666254050928032471e-03
2.757239647020475696e-03
2.779777883211689317e-03
2.731337069239936181e-03
2.611983538634780888e-03
2.424386448622309603e-03
2.173730913630885810e-03
1.867542481898959135e-03
1.515429073509998864e-03
1.128749392762803689e-03
7.202194066869444531e-04
3.034706543530096227e-04
-1.074241577459201743e-04
-4.984416698062071015e-04
-8.560973204737153813e-04
-1.167916598642191554e-03
-1.422871592375079793e-03
-1.611767544963747800e-03
-1.727565876807238060e-03
-1.765632354953619717e-03
-1.723901711892444422e-03
-1.602952939746543973e-03
-1.405992612912927231e-03
-1.138746811890068572e-03
-8.092654206940289681e-04
-4.276456378016726305e-04
-5.684368488515466333e-06
4.435283443299254660e-04
9.060606303045925722e-04
1.367619057310047372e-03
1.814041054831084295e-03
2.231782273712492638e-03
2.608381840573630560e-03
2.932889241864443559e-03
3.196237918995713072e-03
3.391552525023146421e-03
3.514379119499716746e-03
3.562830279815170070e-03
3.537640089937316591e-03
3.442127126436601760e-03
3.282066786313886549e-03
3.065477478461523918e-03
2.802328219229393950e-03
2.504177926761081297e-03
2.183759101999264898e-03
1.854520532671461103e-03
1.530145091883729257e-03
1.224059574877677577e-03
9.489537954949316383e-04
7.163258382065322560e-04
5.360694436206342797e-04
4.161180273529519781e-04
3.621578458304786780e-04
3.774203976117749409e-04
4.625613701310250098e-04
6.156304067869854298e-04
8.321327843631308365e-04
1.105180867498136788e-03
1.425730058286340651e-03
1.782890995421932030e-03
2.164307082472583313e-03
2.556584132621761863e-03
2.945757087891743165e-03
3.317777468567999991e-03
3.659004478939013004e-03
3.956682564124663209e-03
4.199388684308553478e-03
4.377433630605945952e-03
4.483203314033372931e-03
4.511428059293064868e-03
4.459370454763788086e-03
4.326925160920414709e-03
4.116627161504153240e-03
3.833568147145900804e-03
3.485223937498567893e-03
3.081198962567311718e-03
2.632896727710038083e-03
2.153127777973121593e-03
1.655668865240681733e-03
1.154788729455987926e-03
6.647570730871540370e-04
1.993538951396498903e-04
-2.286036632006239414e-04
-6.077004242721673923e-04
-9.283128883158344499e-04
-1.182935945624950282e-03
-1.366435184079110507e-03
-1.476215997530942303e-03
-1.512303616332195564e-03
-1.477331302885582414e-03
-1.376437173105494018e-03
-1.217073306300858965e-03
-1.008733879068331087e-03
-7.626118956207629442e-04
-4.911965881707804765e-04
-2.078256389008454469e-04
7.379204312843380860e-05
3.400662264740083630e-04
5.780107368571206798e-04
7.757072658282676472e-04
9.227313205229664434e-04
1.010525355303618089e-03
1.032705979248410523e-03
9.852944460078676310e-04
8.668623234559284189e-04
6.785872155094124260e-04
4.242165632178710420e-04
1.099407761750966286e-04
-2.558198745117924201e-04
-6.627071454925361057e-04
-1.098785272744048826e-03
-1.550957359857091985e-03
-2.005423114214480856e-03
-2.448161890208227793e-03
-2.865424108724540751e-03
-3.244213825515202768e-03
-3.572745528179632410e-03
-3.840859141556786979e-03
-4.040378682843836881e-03
-4.165401979519117726e-03
-4.212511276069862663e-03
-4.180897325070773510e-03
-4.072392587290796923e-03
-3.891412348088450768e-03
-3.644805781879398559e-03
-3.341622149941298348e-03
-2.992800288767318972e-03
-2.610792232458063449e-03
-2.209134119128748283e-03
-1.801979377188438897e-03
-1.403610507944952172e-03
-1.027946530031974108e-03
-6.880633024010571457e-04
-3.957434907738883751e-04
-1.610719033454570751e-04
7.909668420043227538e-06
1.054760531369013099e-04
1.284112033690170893e-04
7.611289776051927830e-05
-4.939398483228604059e-05
-2.435360425950057906e-04
-4.993589852761006007e-04
-8.077784124541631527e-04
-1.157904910037438600e-03
-1.537432036929274994e-03
-1.933073571871753724e-03
-2.331034666339121091e-03
-2.717500363399717300e-03
-3.079124336247209253e-03
-3.403500694850837734e-03
-3.679602305062487991e-03
-3.898170240652551986e-03
-4.052040703900406521e-03
-4.136397944424106618e-03
-4.148944302000568546e-03
-4.089981406218054331e-03
-3.962399682033851400e-03
-3.771576526469731100e-03
-3.525186725052188459e-03
-3.232931754927869435e-03
-2.906197466972943941e-03
-2.557652151947354107e-03
-2.200799087756184942e-03
-1.849499262849541720e-03
-1.517481018709968248e-03
-1.217853815508422371e-03
-9.626431831842843703e-04
-7.623631803788646823e-04
-6.256413717380441240e-04
-5.589094960579276024e-04
-5.661706979747400253e-04
-6.488515149741008910e-04
-8.057438433495631852e-04
-1.033038955375854178e-03
-1.324452415799312133e-03
-1.671435561759476805e-03
-2.063466178007347922e-03
-2.488408225027176259e-03
-2.932928058609821000e-03
-3.382952600331095867e-03
-3.824153448606383652e-03
-4.242440011025329187e-03
-4.624444422368908202e-03
-4.957981300160094890e-03
-5.232466270727587770e-03
-5.439278642696367128e-03
-5.572055560964973495e-03
-5.626907374045650792e-03
-5.602546707041987373e-03
-5.500326754832318005e-03
-5.324187489317329901e-03
-5.080511699477821379e-03
-4.777895940477464021e-03
-4.426844447501919293e-03
-4.039396767055581164e-03
-3.628702178543460107e-03
-3.208555840859971583e-03
-2.792912937157286495e-03
-2.395397859084880988e-03
-2.028825642676242678e-03
-1.704752435733941683e-03
-1.433070756193902248e-03
-1.221663728303291809e-03
-1.076130413646548666e-03
-9.995918596442127796e-04
-9.925846565522647262e-04
-1.053045724443670049e-03
-1.176388851735166120e-03
-1.355670288675610985e-03
-1.581837575620381221e-03
-1.844052866349043607e-03
-2.130079393460410087e-03
-2.426717507584841022e-03
-2.720274982428262829e-03
-2.997055074480628467e-03
-3.243845201756539402e-03
-3.448389082080354721e-03
-3.599825749028694177e-03
-3.689080022469068236e-03
-3.709190710086076107e-03
-3.655564996822573305e-03
-3.526150064379915058e-03
-3.321515882234894225e-03
-3.044846223450006252e-03
-2.701838173839184176e-03
-2.300513609137933360e-03
-1.850949199370620010e-03
-1.364934354522541037e-03
-8.555690508699310233e-04
-3.368155844077442770e-04
1.769800870943030453e-04
6.715806853806298177e-04
1.133346427790125725e-03
1.549703231860565184e-03
1.909573943009219236e-03
2.203757513942534562e-03
2.425242886489954123e-03
2.569446612701564367e-03
2.634365922195472821e-03
2.620641903332214528e-03
2.531530613097068491e-03
2.372783154311632753e-03
2.152438946020414356e-03
1.880539451933590893e-03
1.568772416174005375e-03
1.230059087719552252e-03
8.780989096393075708e-04
5.268876366092766590e-04
1.902257721557093018e-04
-1.187654468922676090e-04
-3.881035589137860151e-04
-6.073637810939313750e-04
-7.680426362565093146e-04
-8.638535711973367552e-04
-8.909442209924234302e-04
-8.480277224254023812e-04
-7.364234944781096557e-04
-5.600060791001442318e-04
-3.250638599379721775e-04
-4.007263735852505289e-05
2.846079758202060871e-04
6.371046666268201418e-04
1.004454038234022612e-03
1.373064849306605741e-03
1.729202640151874431e-03
2.059479723248806241e-03
2.351333326236176684e-03
2.593475089270778737e-03
2.776296121329518193e-03
2.892213376393944473e-03
2.935945165989387300e-03
2.904706107227583538e-03
2.798314628326696758e-03
2.619209217641250455e-03
2.372372800157289147e-03
2.065167845134332440e-03
1.707087937279215322e-03
1.309434471880348543e-03
8.849297591073573875e-04
4.472800522094321852e-04
1.070377049426174485e-05
-4.105585908065884342e-04
-8.027357281816790762e-04
-1.153000796173670123e-03
-1.449914052175185677e-03
-1.683817400292318169e-03
-1.847167037991860779e-03
-1.934792575667652718e-03
-1.944073573086843977e-03
-1.875027327729999419e-03
-1.730304857025799720e-03
-1.515095230541246406e-03
-1.236941616710019289e-03
-9.054754992473168680e-04
-5.320783827253999397e-04
-1.294828445141639950e-04
2.886730874858570248e-04
7.083226195259229117e-04
1.115461241994247441e-03
1.496634947331463867e-03
1.839408520820456699e-03
2.132797510487659601e-03
2.367648758034092069e-03
2.536956178068173855e-03
2.636100744663016308e-03
2.663006302789937534e-03
2.618205774316179936e-03
2.504815470538939923e-03
2.328418445538437374e-03
2.096861014044569538e-03
1.819969602253318020e-03
1.509197893398977943e-03
1.177216673994723774e-03
8.374607958443727653e-04
5.036491727912268583e-04
1.892946770026190115e-04
-9.277884575661704200e-05
-3.308954713628941332e-04
-5.149458764279917552e-04
-6.367510837530945909e-04
-6.903584817491200537e-04
-6.722596990127718483e-04
-5.815226541361886905e-04
-4.198331090442763112e-04
-1.914442262815167772e-04
9.696414445175822842e-05
4.365115605953341464e-04
8.164205784802877532e-04
1.224387241762048273e-03
1.647005519658317459e-03
2.070230855523819483e-03
2.479866613544815489e-03
2.862056406543059175e-03
3.203765079253846453e-03
3.493231516308372645e-03
3.720377428682588097e-03
3.877157812086392489e-03
3.957840811717847247e-03
3.959207198492855143e-03
3.880662475718615976e-03
3.724257693621771913e-03
3.494618245011119582e-03
3.198783136676702256e-03
2.845960365036440121e-03
2.447206961235865157e-03
2.015044907494148961e-03
1.563026370594899081e-03
1.105263471420299057e-03
6.559390492073914397e-04
2.288155423354689029e-04
-1.632408292903334956e-04
-5.087039340158927298e-04
-7.977841261382631957e-04
-1.022763313154302503e-03
-1.178256985515811024e-03
-1.261394063256411711e-03
-1.271908295571651335e-03
-1.212138050470387609e-03
-1.086934543299532003e-03
-9.034817627259758349e-04
-6.710344481571832789e-04
-4.005833451226882233e-04
-1.044595141598920140e-04
2.041083950757909752e-04
5.114683442815933087e-04
8.040339183575468058e-04
1.068770966548002362e-03
1.293664774201249475e-03
1.468151349265725504e-03
1.583497665881261271e-03
1.633117497017529682e-03
1.612811726344633764e-03
1.520924677254883572e-03
1.358410941403192813e-03
1.128810327110532511e-03
8.381317695128218332e-04
4.946502365396402128e-04
1.086237158037044702e-04
-3.080598296490769366e-04
-7.422931922660672057e-04
-1.180203969062575738e-03
-1.607636039637463628e-03
-2.010641619929779897e-03
-2.375966665003329502e-03
-2.691512624214526059e-03
-2.946758377721032246e-03
-3.133127575508438956e-03
-3.244288510178406151e-03
-3.276376015737291793e-03
-3.228127613830784719e-03
-3.100929130666504191e-03
-2.898768177079780878e-03
-2.628097109787966290e-03
-2.297610260830192357e-03
-1.917943223471182176e-03
-1.501304711303550962e-03
-1.061053867316627758e-03
-6.112378086245780391e-04
-1.661055834829067894e-04
2.603844585588989749e-04
6.550466538907686286e-04
1.005922514943620536e-03
1.302691834042694636e-03
1.537026033901241337e-03
1.702871422910601836e-03
1.796652470937046882e-03
1.817388025054362741e-03
1.766716436272268084e-03
1.648828760926222608e-03
1.470312422096959693e-03
1.239910854332292728e-03
9.682075990913013158e-04
6.672459655538867489e-04
3.500976289750508137e-04
3.039532750707339128e-05
-2.781539243134259877e-04
-5.622580054660223248e-04
-8.095140594445789269e-04
-1.008851404008306689e-03
-1.150927421348225347e-03
-1.228462519706569923e-03
-1.236502394424914171e-03
-1.172598366007371285e-03
-1.036899445716000113e-03
-8.321528747839302548e-04
-5.636130930529352837e-04
-2.388623042307274746e-04
1.324510945253584704e-04
5.389470700170879546e-04
9.679097882547152767e-04
1.405730868165438628e-03
1.838384529751523879e-03
2.251917992008459300e-03
2.632939938465610284e-03
2.969089932843916105e-03
3.249472331786924535e-03
3.465039482643826434e-03
3.608910768393051340e-03
3.676616306839327122e-03
3.666256748539969273e-03
3.578573555115486821e-03
3.416927273764734999e-03
3.187184545122674455e-03
2.897517777201969076e-03
2.558124476081067092e-03
2.180876037098125348e-03
1.778908270017684696e-03
1.366167971422779619e-03
9.569313959814400783e-04
5.653114613436982516e-04
2.047709148015959719e-04
-1.123415202876818213e-04
-3.752158065870828552e-04
-5.749512257980063552e-04
-7.048600389142263035e-04
-7.606935772493082521e-04
-7.407828861152061101e-04
-6.460890372180984765e-04
-4.801613909532576139e-04
-2.490053149142308197e-04
3.913596292897899599e-05
3.740776799365933599e-04
7.440576185016882418e-04
1.136155141920384319e-03
1.536750464310647360e-03
1.932008024242601232e-03
2.308366988936180406e-03
2.653021668010642660e-03
2.954374971511707949e-03
3.202448993819978669e-03
3.389238309868146479e-03
3.508993580121526953e-03
3.558425505560167124e-03
3.536821967759571153e-03
3.446074234186777968e-03
3.290611298293303830e-03
3.077244646118689614e-03
2.814928882995325690e-03
2.514446605456130152e-03
2.188028561151487538e-03
1.848922410335628562e-03
1.510925206700028823e-03
1.187895989774972062e-03
8.932655811171761554e-04
6.395607775078531940e-04
4.379596328481778593e-04
2.978934339186245853e-04
2.267093417248869543e-04
2.294055470114255389e-04
3.084482500697372821e-04
4.636769101415165115e-04
6.923011188936590080e-04
9.889892439188946449e-04
1.346045774414481033e-03
1.753671194719097883e-03
2.200295321091914023e-03
2.672972464270762481e-03
3.157824615098039824e-03
3.640517168721233831e-03
4.106750563487235328e-03
4.542750653577553969e-03
4.935740679193057791e-03
5.274378343121215174e-03
5.549142725202354728e-03
5.752657523709433021e-03
5.879939343383587882e-03
5.928562375659257241e-03
5.898733745458843714e-03
5.793276928210485885e-03
5.617523860793623147e-03
5.379119568115993399e-03
5.087746190916292953e-03
4.754776122813059690e-03
4.392866446688725550e-03
4.015508915241862431e-03
3.636551275969086144e-03
3.269706742457015834e-03
2.928068826587219928e-03
2.623648555632925646e-03
2.366950310947688214e-03
2.166601168614008810e-03
2.029046744575436958e-03
1.958324213235734627e-03
1.955920461058234441e-03
2.020720350225530589e-03
2.149046906589438012e-03
2.334792021728955037e-03
2.569633083943160569e-03
2.843327938707955211e-03
3.144077831160831463e-03
3.458945597853934923e-03
3.774314435932399087e-03
4.076371153014817471e-03
4.351596940319496856e-03
4.587248445168406845e-03
4.771812256258826934e-03
4.895416844214642293e-03
4.950187488368812394e-03
4.930531716339371651e-03
4.833345215824303917e-03
4.658130962913905639e-03
4.407027350525144493e-03
4.084744287806768397e-03
3.698409464867513131e-03
3.257330123992032908e-03
2.772678638366012603e-03
2.257112868519492357e-03
1.724344551686305630e-03
1.188670800000327880e-03
6.644850761061378086e-04
1.657847340561392074e-04
-2.943076659078815160e-04
-7.039925421656174865e-04
-1.053195317584185338e-03
-1.333908244378511103e-03
-1.540460094233979567e-03
-1.669704306266034605e-03
-1.721119041157541255e-03
-1.696815674977088283e-03
-1.601455472639501647e-03
-1.442077396373473916e-03
-1.227843116247571845e-03
-9.697081887472637019e-04
-6.800309540198705687e-04
-3.721328821541758326e-04
-5.982579736748416420e-05
2.430774332700843783e-04
5.232515834925224960e-04
7.683299858339549381e-04
9.673411715605535581e-04
1.111095924435946940e-03
1.192511180965085196e-03
1.206859425942266714e-03
1.151934846069994738e-03
1.028130424505112198e-03
8.384232830881237220e-04
5.882687972400045626e-04
2.854072082819816142e-04
-6.041047289116058261e-05
-4.377676458369954672e-04
-8.339862657015502737e-04
-1.235575766003387714e-03
-1.628711000007753047e-03
-1.999722422397190360e-03
-2.335581301796008525e-03
-2.624362926761902772e-03
-2.855671537099222033e-03
-3.021012051828036223e-03
-3.114095527931700844e-03
-3.131067604834832790e-03
-3.070651887114152732e-03
-2.934203197695114864e-03
-2.725668791326702617e-03
-2.451458842813260697e-03
-2.120230703319805031e-03
-1.742594439665753111e-03
-1.330749929999949441e-03
-8.980681879451067650e-04
-4.586315421564660230e-04
-2.674874075354112968e-05
3.835380702965068963e-04
7.589372598679190686e-04
1.087365598310807875e-03
1.358364111367911780e-03
1.563457365892658921e-03
1.696443632243870275e-03
1.753605788376992689e-03
1.733835605789015716e-03
1.638667090369325639e-03
1.472217735595755155e-03
1.241039769819722062e-03
9.538866306344558239e-04
6.214028671039514232e-04
2.557483509650499689e-04
-1.298300231085442347e-04
-5.214641310191704682e-04
-9.051515785652029973e-04
-1.267246759971743823e-03
-1.594938808459145070e-03
-1.876699694061628168e-03
-2.102686773037710111e-03
-2.265085692310283335e-03
-2.358381645387920729e-03
-2.379549489793682943e-03
-2.328156082070091670e-03
-2.206371265195661811e-03
-2.018887146841835158e-03
-1.772748523047685664e-03
-1.477100417882689460e-03
-1.142861616304388607e-03
-7.823356628342458203e-04
-4.087729919138012136e-04
-3.589957000071979055e-05
3.225713954562365628e-04
6.534275302470544250e-04
9.444280072926009625e-04
1.184740363963643611e-03
1.365328073555858524e-03
1.479275246682614821e-03
1.522037041003397899e-03
1.491606960802613173e-03
1.388595140255648955e-03
1.216214823714164119e-03
9.801774736975269950e-04
6.885001397491637230e-04
3.512317966825004864e-04
-1.989179876820193482e-05
-4.118526778018352609e-04
-8.108005169820521954e-04
-1.202532055748242040e-03
-1.572983308875930495e-03
-1.908717358433062406e-03
-2.197390662552376264e-03
-2.428181568867690109e-03
-2.592166042454456965e-03
-2.682627465259010933e-03
-2.695289671581618893e-03
-2.628465071347074050e-03
-2.483112685503404467e-03
-2.262804071782978203e-03
-1.973598343737179364e-03
-1.623830668432346084e-03
-1.223821656965971578e-03
-7.855178309100357709e-04
-3.220757598988305552e-04
1.525955636575144873e-04
6.243180863797622923e-04
1.079136867069745718e-03
1.503803830236493657e-03
1.886236166973498081e-03
2.215933341384199347e-03
2.484338114010753093e-03
2.685128958077730599e-03
2.814433650971095470e-03
2.870956587890285527e-03
2.856015390153201355e-03
2.773485561170004575e-03
2.629655167170900226e-03
2.432994674390005600e-03
2.193850049020774212e-03
1.924069916625708535e-03
1.636579889522864206e-03
1.344919022967684371e-03
1.062754688788883090e-03
8.033929119878996904e-04
5.793013751488498668e-04
4.016618517444882960e-04
2.799677981127934086e-04
2.216812511571428744e-04
2.319611001530058267e-04
3.134722992673929544e-04
4.662827501835387078e-04
6.878515109967292627e-04
9.731087860036658887e-04
1.314624933340369749e-03
1.702862606391309427e-03
2.126503229868850157e-03
2.572836404602867923e-03
3.028198627743236473e-03
3.478445984621627435e-03
3.909444275592328238e-03
4.307559427588250264e-03
4.660131027400816507e-03
4.955912402279770076e-03
5.185461842739193250e-03
5.341471271488939382e-03
5.419020851313009757e-03
5.415750616799843396e-03
5.331943119277673254e-03
5.170514189359452784e-03
4.936912138014558013e-03
4.638928922361787270e-03
4.286429884116801925e-03
3.891011518852692357e-03
3.465599253082917667e-03
3.023999305401074526e-03
2.580420313965604753e-03
2.148981469234449368e-03
1.743224361022320795e-03
1.375645616208922206e-03
1.057266672433583923e-03
7.972557294969699615e-04
6.026150896451800895e-04
4.779448045909113693e-04
4.252908714011166720e-04
4.440832550209727198e-04
5.311658660931627921e-04
6.809173992262493487e-04
8.854587519284498349e-04
1.134939709663802723e-03
1.417894804252914105e-03
1.721655828486964900e-03
2.032806504306502657e-03
2.337663324792243254e-03
2.622765673283686608e-03
2.875357998312414332e-03
3.083847102083887154e-03
3.238218473183048472e-03
3.330397030421824913e-03
3.354539593957330066e-03
3.307248793679017952e-03
3.187700879499231598e-03
2.997682917050105336e-03
2.741538029596072082e-03
2.426020571368154265e-03
2.060066276015621537e-03
1.654485405763247681e-03
1.221589627656549919e-03
7.747656683208405766e-04
3.280106664668374456e-04
-1.045545125181431348e-04
-5.091769602969006651e-04
-8.729511898020363495e-04
-1.184269587183983240e-03
-1.433228072191413153e-03
-1.611972754066362014e-03
-1.714975434450615767e-03
-1.739228298924585170e-03
-1.684350967391889508e-03
-1.552606141478536997e-03
-1.348823286943412469e-03
-1.080233008683994817e-03
-7.562179024623693745e-04
-3.879885914263298116e-04
1.180372558804522248e-05
4.295046648706185078e-04
8.509286912017489761e-04
1.261849285609090415e-03
1.648490106085202756e-03
1.997999967060490583e-03
2.298895032290139764e-03
2.541452766373917486e-03
2.718043882058630411e-03
2.823390694480175465e-03
2.854742873398849294e-03
2.811964479859416222e-03
2.697529283103780161e-03
2.516424568017864259e-03
2.275966850263931238e-03
1.985536003160425465e-03
1.656237159153143212e-03
1.300502279199154719e-03
9.316453968883491596e-04
5.633871665993901452e-04
2.093654195772801313e-04
-1.173510791217977859e-04
-4.047285934775739745e-04
-6.421977320845463633e-04
-8.210310353915636558e-04
-9.346555681572889587e-04
-9.788895303431371757e-04
-9.520945644788860601e-04
-8.552383941068596954e-04
-6.918655726240239938e-04
-4.679773444898021988e-04
-1.918248084116153714e-04
1.263773869530674613e-04
4.748067966024182868e-04
8.404459272778090021e-04
1.209537524942380475e-03
1.568066452786758512e-03
1.902251275975745280e-03
2.199028326054115572e-03
2.446511278304848089e-03
2.634410130290012510e-03
2.754394889359312176e-03
2.800391211355015252e-03
2.768797614302854170e-03
2.658616636116674890e-03
2.471495318076275590e-03
2.211673570505117911e-03
1.885842202444714625e-03
1.502915560185469693e-03
1.073726709442232932e-03
6.106558079958821026e-04
1.272046547358474718e-04
-3.624677147241464549e-04
-8.440321523420157238e-04
-1.303482213657512594e-03
-1.727615439137654679e-03
-2.104486279736190839e-03
-2.423814840037465633e-03
-2.677337161227714025e-03
-2.859084815112855702e-03
-2.965584057679796111e-03
-2.995967609469487886e-03
-2.951995191520373138e-03
-2.837982142571898042e-03
-2.660638663566143765e-03
-2.428825366408130307e-03
-2.153233735733661551e-03
-1.846002742358067612e-03
-1.520285082989119175e-03
-1.189778284339686621e-03
-8.682371391804367088e-04
-5.689845940581674845e-04
-3.044382605270122642e-04
-8.566917198129728184e-05
7.799172418456834337e-05
1.792855246409109579e-04
2.132841234385954993e-04
1.775666735900822447e-04
7.230755643210890968e-05
-9.972723785848592107e-05
-3.332752027938494857e-04
-6.207605569241647029e-04
-9.525592178087677244e-04
-1.317336225250539472e-03
-1.702443788570480931e-03
-2.094366005217165524e-03
-2.479194659470621443e-03
-2.843119417843430717e-03
-3.172915230288679729e-03
-3.456409841292297242e-03
-3.682915009042197693e-03
-3.843606299819059616e-03
-3.931838124090377730e-03
-3.943382947471504515e-03
-3.876586264328586370e-03
-3.732431871328075260e-03
-3.514515119340502931e-03
-3.228925044722945510e-03
-2.884039472218963285e-03
-2.490240229709734208e-03
-2.059558413026788513e-03
-1.605262088956199490e-03
-1.141400840583135529e-03
-6.823230706045546254e-04
-2.421829322158367166e-04
1.655458797717081904e-04
5.285324855212685490e-04
8.360111682185957394e-04
1.079148959065398322e-03
1.251345623252897487e-03
1.348455579079802045e-03
1.368924017110871843e-03
1.313832491781296912e-03
1.186852428825645959e-03
9.941082172381355241e-04
7.439547211397594655e-04
4.466770439799638013e-04
1.141230999233279041e-04
-2.407181003237078727e-04
-6.041776420263660031e-04
-9.623911890979133755e-04
-1.301789755190269722e-03
-1.609579543762221969e-03
-1.874194023499397123e-03
-2.085702381237342952e-03
-2.236160026076297429e-03
-2.319888851992329970e-03
-2.333677430669236965e-03
-2.276894115127370971e-03
-2.151509089568469629e-03
-1.962024594628354081e-03
-1.715315778002712843e-03
-1.420387755309573084e-03
-1.088057405209143062e-03
-7.305710632107339109e-04
-3.611715277191229864e-04
6.370429117339869093e-06
3.582436066500807072e-04
6.810858675729572704e-04
9.624583961496615972e-04
1.191288074041864636e-03
1.358262439926658308e-03
1.456163358546612874e-03
1.480127670632621403e-03
1.427825652095617275e-03
1.299550989406766163e-03
1.098219077316237285e-03
8.292736564028318829e-04
5.005050188756316821e-04
1.217861090533008160e-04
-2.952642785287048176e-04
-7.376794461829716282e-04
-1.191589985635334260e-03
-1.642700660799981116e-03
-2.076782314723879010e-03
-2.480161607702026545e-03
-2.840191468867158363e-03
-3.145685818484055332e-03
-3.387303369083317656e-03
-3.557867096623777703e-03
-3.652608225601778908e-03
-3.669326215496962820e-03
-3.608459177534646331e-03
-3.473062287384818050e-03
-3.268694981204086671e-03
-3.003220916473138286e-03
-2.686527733475079904e-03
-2.330176460980085476e-03
-1.946992872374374165e-03
-1.550615129813451417e-03
-1.155013582822368148e-03
-7.739995605501764128e-04
-4.207403795376443278e-04
-1.072975679822052268e-04
1.557955091637428739e-04
3.599018237145077716e-04
4.985817582722380792e-04
5.678165370112777440e-04
5.661461933158680980e-04
4.947172521681565682e-04
3.572384719085894191e-04
1.598462146530728236e-04
-8.911581576021183893e-05
-3.793947259874241688e-04
-6.991940012306810176e-04
-1.035593649933877133e-03
-1.375010171109126945e-03
-1.703680192606553487e-03
-2.008150797102893452e-03
-2.275759316331627154e-03
-2.495085741396926675e-03
-2.656361855042331088e-03
-2.751822706919314007e-03
-2.775988072133214832e-03
-2.725863985882872112e-03
-2.601057246919543341e-03
-2.403798831720812407e-03
-2.138875352861135427e-03
-1.813470917225984804e-03
-1.436924879552191076e-03
-1.020413934257971295e-03
-5.765696403665955538e-04
-1.190447376007244297e-04
3.379565928817937774e-04
7.801681050431534580e-04
1.193753394263306986e-03
1.565783135632931380e-03
1.884680968745880512e-03
2.140622440254725048e-03
2.325873058296928485e-03
2.435053644269363944e-03
2.465323712649086178e-03
2.416476479450897254e-03
2.290942193923488183e-03
2.093699697808981686e-03
1.832099329464578459e-03
1.515603393795349977e-03
1.155453304530909683e-03
7.642750717943519543e-04
3.556369652425994937e-04
-5.642514427862808284e-05
-4.578981322226581552e-04
-8.352804780564991030e-04
-1.176052509676666670e-03
-1.469111566399201787e-03
-1.705156844822832123e-03
-1.877010458116950544e-03
-1.979863477459150884e-03
-2.011438355997463654e-03
-1.972062068609614204e-03
-1.864647432089132362e-03
-1.694583290465886093e-03
-1.469537446117967581e-03
-1.199179277150480604e-03
-8.948317979731214029e-04
-5.690653943995808116e-04
-2.352475102019606281e-04
9.293589280708541367e-05
4.019702885745375046e-04
6.789967407204898974e-04
9.122732450185546110e-04
1.091597047439823260e-03
1.208673091641852696e-03
1.257415637115856391e-03
1.234172430850575663e-03
1.137863529275999789e-03
9.700298583145189248e-04
7.347897627783918969e-04
4.387050212574317501e-04
9.056097603056968010e-05
-2.989315617952448744e-04
-7.175022292693837133e-04
-1.151742069939202954e-03
-1.587564822336042436e-03
-2.010692412268750076e-03
-2.407147672384162343e-03
-2.763737056972272871e-03
-3.068506468196975038e-03
-3.311154249630542112e-03
-3.483386901244663308e-03
-3.579205074373132886e-03
-3.595109845387929777e-03
-3.530222057425383853e-03
-3.386310562689057255e-03
-3.167728387016911437e-03
-2.881259061793241261e-03
-2.535878512972559486e-03
-2.142440852783057074e-03
-1.713299083030264680e-03
-1.261873996513888279e-03
-8.021863751067617124e-04
-3.483688660425192157e-04
8.582537302585227165e-05
4.875000594318420208e-04
8.450624930590338625e-04
1.148623955604828649e-03
1.390339796543669333e-03
1.564677316883322095e-03
1.668602094375758876e-03
1.701676254129467526e-03
1.666065276333064714e-03
1.566453139830800137e-03
1.409868814200379312e-03
1.205430221143637863e-03
9.640146794886308513e-04
6.978674255186062634e-04
4.201619713666899960e-04
1.445277527639687604e-04
-1.154383356701046016e-04
-3.466593543446736415e-04
-5.370475551523205132e-04
-6.759389507344248406e-04
-7.544779418135190256e-04
-7.659384782984918205e-04
-7.059704544428925966e-04
-5.727626590801820211e-04
-3.671165270335272936e-04
-9.242806469743651207e-05
2.454214580633457248e-04
6.382622589666021862e-04
1.075913380653939532e-03
1.546530931822870554e-03
2.037015062945650087e-03
2.533461446941258615e-03
3.021641473225410938e-03
3.487494354854588259e-03
3.917613928362435015e-03
4.299713109094838344e-03
4.623049744976604446e-03
4.878798961364751857e-03
5.060358961678232750e-03
5.163579577256827147e-03
5.186905563803581413e-03
5.131429626071267597e-03
5.000853312603627428e-03
4.801357147614805816e-03
4.541384544481092897e-03
4.231347063501886795e-03
3.883261329813808907e-03
3.510330319149984092e-03
3.126483665726514493e-03
2.745893079711984094e-03
2.382479831285546322e-03
2.049431533756907158e-03
1.758745129966205909e-03
1.520812065717238150e-03
1.344060153588765190e-03
1.234664642001389017e-03
1.196338577579796406e-03
1.230209768690479228e-03
1.334788621981905163e-03
1.506027938202132580e-03
1.737472530150409571e-03
2.020493377292626770e-03
2.344598068661713289e-03
2.697806612000840706e-03
3.067079396380720680e-03
3.438782268003847450e-03
3.799172378637019273e-03
4.134887738651208192e-03
4.433423277484110914e-03
4.683576687998223555e-03
4.875848391084298093e-03
5.002781565811610653e-03
5.059230292066307401e-03
5.042546373295634168e-03
4.952678258352600019e-03
4.792178563587467729e-03
4.566119901246383506e-03
4.281921935598039311e-03
3.949095701334630684e-03
3.578914120582876897e-03
3.184020243619484908e-03
2.777986923386191378e-03
2.374843338563574057e-03
1.988584944542568129e-03
1.632684015305480105e-03
1.319617921527409211e-03
1.060431671740280721e-03
8.643500458227291322e-04
7.384529153404775781e-04
6.874251341369656126e-04
7.133897725295104512e-04
8.158305509480797205e-04
9.916062060818756508e-04
1.235056303986422190e-03
1.538194812922217061e-03
1.890984676124148490e-03
2.281683788893610655e-03
2.697250284721615203e-03
3.123792959172227556e-03
3.547051080715961976e-03
3.952886809941471603e-03
4.327773008595645066e-03
4.659259383115831391e-03
4.936400667995888281e-03
5.150131885807581432e-03
5.293577576317086766e-03
5.362284201863725536e-03
5.354367628888375037e-03
5.270570561851749616e-03
5.114227961469059586e-03
4.891141703625936053e-03
4.609368915540765568e-03
4.278931450262174474e-03
3.911456723454526108e-03
3.519762540816400841e-03
3.117400506146863343e-03
2.718174050286167008e-03
2.335648009099185012e-03
1.982666973232563232e-03
1.670899323245575918e-03
1.410422961730470586e-03
1.209367290816349121e-03
1.073624010274626655e-03
1.006636897467387288e-03
1.009277960203002877e-03
1.079814324269315947e-03
1.213967035166924101e-03
1.405059729887403290e-03
1.644251982449664810e-03
1.920849156791324362e-03
2.222677916602494586e-03
2.536514237853046416e-03
2.848548926845536310e-03
3.144874329218114335e-03
3.411975169603571022e-03
3.637206313767988187e-03
3.809240700202039340e-03
3.918471730385002239e-03
3.957355999778534340e-03
3.920684339232576726e-03
3.805771645759476601e-03
3.612558824639011679e-03
3.343623241945842262e-03
3.004097290026859143e-03
2.601497885957385070e-03
2.145472841836948072e-03
1.647472956668993242e-03
1.120361280512418255e-03
5.779732014636712297e-04
3.464272774784547728e-05
-4.952884795590616019e-04
-9.979621643429275289e-04
-1.460477462721697720e-03
-1.871331257593401420e-03
-2.220809517332466600e-03
-2.501315953388641954e-03
-2.707626528061483732e-03
-2.837060941906870831e-03
-2.889565139036455715e-03
-2.867701986068624601e-03
-2.776550497441046712e-03
-2.623517183476525329e-03
-2.418066175748149506e-03
-2.171377629058590750e-03
-1.895946411053054791e-03
-1.605135181118966118e-03
-1.312697556536879771e-03
-1.032288109908144780e-03
-7.769764010494531643e-04
-5.587821027332161034e-04
-3.882475379162124256e-04
-2.740626324405559186e-04
-2.227554476556393818e-04
-2.384591564705829114e-04
-3.227636446455446270e-04
-4.746569506519360271e-04
-6.905586062103464314e-04
-9.644437160888997065e-04
-1.288053432885890052e-03
-1.651184451875997109e-03
-2.042047378782440269e-03
-2.447681406705852318e-03
-2.854410762091695239e-03
-3.248326912820651696e-03
-3.615779625674082377e-03
-3.943859647315031518e-03
-4.220856073520400098e-03
-4.436672355532125453e-03
-4.583186339096144771e-03
-4.654541690345424809e-03
-4.647360464537164497e-03
-4.560869334621117654e-03
-4.396935019957562765e-03
-4.160007635287168645e-03
-3.856973904865173761e-03
-3.496925343514717226e-03
-3.090849484615611643e-03
-2.651254930368658006e-03
-2.191743317619155272e-03
-1.726543151866571707e-03
-1.270021797679936944e-03
-8.361926787815992124e-04
-4.382349087490580112e-04
-8.804213774016322359e-05
2.041836228671115461e-04
4.302790116486516526e-04
5.843950503655050924e-04
6.631919822861491627e-04
6.659464322111129791e-04
5.945671758891871682e-04
4.535190074830188628e-04
2.496574124414561221e-04
-8.020123213747874097e-06
-3.086974170272154157e-04
-6.401261451437013960e-04
-9.890620716444722266e-04
-1.341735637418743805e-03
-1.684340392408222985e-03
-2.003522132536291606e-03
-2.286851580776154934e-03
-2.523264031377063163e-03
-2.703450536932000201e-03
-2.820186919048321521e-03
-2.868589065252231084e-03
-2.846285560947781762e-03
-2.753501605122661393e-03
-2.593051270415492379e-03
-2.370238383071266754e-03
-2.092669503542836026e-03
-1.769985571715787520e-03
-1.413521633886803772e-03
-1.035906591718225699e-03
-6.506170179974693274e-04
-2.715006963868267162e-04
8.771339405521858239e-05
4.139014512483519918e-04
6.950105062657948316e-04
9.204870138666736493e-04
1.081653324657273849e-03
1.172018810504963857e-03
1.187514702897419063e-03
1.126644375556201585e-03
9.905437641675109324e-04
7.829497638129746893e-04
5.100776682741968871e-04
1.804119018913212871e-04
-1.955826675784063176e-04
-6.058187640766471600e-04
-1.037001585420252057e-03
-1.475086039571631364e-03
-1.905760357627151683e-03
-2.314939181397000084e-03
-2.689248890765892023e-03
-3.016488207067460729e-03
-3.286047973982676468e-03
-3.489275446668737603e-03
-3.619770362864450312e-03
-3.673602458521117546e-03
-3.649442841374766437e-03
-3.548604652420450038e-03
-3.374991621777110630e-03
-3.134956350642151106e-03
-2.837073311922688919e-03
-2.491834547944723512e-03
-2.111278749766682186e-03
-1.708566734245758282e-03
-1.297518210433769260e-03
-8.921260804093711404e-04
-5.060653038696646608e-04
-1.522135432404075200e-04
1.577996098333425950e-04
4.139990303970786985e-04
6.084118404473099449e-04
7.353443925730799181e-04
7.915787599024996790e-04
7.764818589310051866e-04
6.920233962605765957e-04
5.427020281341789557e-04
3.353823408357768741e-04
7.904838772471384570e-05
-2.155175547280745955e-04
-5.361197266007456568e-04
-8.695836072311317498e-04
-1.202225354633601473e-03
-1.520339476693541520e-03
-1.810687608448267524e-03
-2.060971229285436107e-03
-2.260271715123376643e-03
-2.399442263923204800e-03
-2.471437918163688682e-03
-2.471572076137370285e-03
-2.397690459126603987e-03
-2.250256393455611365e-03
-2.032344373753698728e-03
-1.749542087621110218e-03
-1.409764289644523626e-03
-1.022985001958638240e-03
-6.008973810401945989e-04
-1.565131258423932523e-04
2.962845781174219470e-04
7.432189547910245889e-04
1.170111667805690458e-03
1.563371782086834128e-03
1.910464559959972443e-03
2.200343699543991314e-03
2.423831902238779770e-03
2.573936464535369131e-03
2.646088863876009355e-03
2.638299969173996465e-03
2.551225460638939166e-03
2.388139187240316194e-03
2.154815413333971245e-03
1.859324095739807664e-03
1.511746377133947128e-03
1.123820274331939744e-03
7.085289830446474648e-04
2.796462283927448602e-04
-1.487454074692714720e-04
-5.627463054629818764e-04
-9.491245497848940175e-04
-1.295776611715230122e-03
-1.592147846562404299e-03
-1.829598084452853119e-03
-2.001699522574975926e-03
-2.104456501565053587e-03
-2.136439488742385498e-03
-2.098828599833235230e-03
-1.995365163218535288e-03
-1.832213055421386301e-03
-1.617734700508129163e-03
-1.362189618431056994e-03
-1.077366123224972501e-03
-7.761591162063841490e-04
-4.721088097592971594e-04
-1.789165876743657605e-04
9.004498968797442979e-05
3.222108210341695454e-04
5.062737235171593884e-04
6.325908856270991490e-04
6.935320251145347600e-04
6.837570061247976155e-04
6.004131417064856834e-04
4.432452225449788532e-04
2.146143715312856786e-04
-8.057498057904149968e-05
-4.350374826166832597e-04
-8.393529651696501719e-04
-1.282287674228773083e-03
-1.751179418786149048e-03
-2.232373173486891689e-03
-2.711691907503251380e-03
-3.174926174345775020e-03
-3.608325337685762933e-03
-3.999073248562062116e-03
-4.335731731686294672e-03
-4.608636363951249502e-03
-4.810230697264231137e-03
-4.935327231998373407e-03
-4.981286011208242367e-03
-4.948104589463367051e-03
-4.838416232679445053e-03
-4.657396417968302609e-03
-4.412580912723052667e-03
-4.113601807428436327e-03
-3.771850748589508726e-03
-3.400081166083277449e-03
-3.011963423889490229e-03
-2.621608469761143711e-03
-2.243076660267479244e-03
-1.889888954219445154e-03
-1.574557581682177118e-03
-1.308152610610727054e-03
-1.099919572636202329e-03
-9.569615178622089408e-04
-8.839966085003492409e-04
-8.831997119846642444e-04
-9.541335087002921975e-04
-1.093771490866051691e-03
-1.296612007414019207e-03
-1.554879317813067643e-03
-1.858804567543563069e-03
-2.196976796238696295e-03
-2.556751634544983734e-03
-2.924703323550552087e-03
-3.287104172049415407e-03
-3.630414605168923864e-03
-3.941766586688161787e-03
-4.209423429725179383e-03
-4.423199838227899472e-03
-4.574827415859938559e-03
-4.658252790572255109e-03
-4.669857865402061992e-03
-4.608594436060038484e-03
-4.476028417986189015e-03
-4.276292094567970756e-03
-4.015946023067243700e-03
-3.703755402482974447e-03
-3.350388707075041030e-03
-2.968049115473885176e-03
-2.570051622660484217e-03
-2.170360628004267163e-03
-1.783104180195552689e-03
-1.422081880666073222e-03
-1.100283672182593084e-03
-8.294363608236233858e-04
-6.195937507563829393e-04
-4.787847460543648813e-04
-4.127317456653727124e-04
-4.246491976099770263e-04
-5.151293727497646691e-04
-6.821193653160498912e-04
-9.209901338056035360e-04
-1.224695173723671336e-03
-1.584013275880103919e-03
-1.987866880460014817e-03
-2.423704891026206426e-03
-2.877936556675364868e-03
-3.336401243801775333e-03
