-8.122591034279433644e-04
-4.926012027179959901e-04
-1.488151385008083197e-04
2.096797600501977695e-04
5.730611649579667004e-04
9.314363723660419765e-04
1.275176829648402323e-03
1.595242896758780485e-03
1.883487516563273588e-03
2.132928210198200506e-03
2.337977925414532962e-03
2.494626709438195911e-03
2.600567902498810736e-03
2.655264493417836165e-03
2.659953376330542307e-03
2.617587424234510581e-03
2.532717474335262342e-03
2.411318425730332900e-03
2.260565608053752718e-03
2.088569321680602917e-03
1.904076914926726167e-03
1.716152900045691491e-03
1.533848377908725129e-03
1.365871414145251785e-03
1.220269974162944927e-03
1.104138582104874020e-03
1.023359034948671505e-03
9.823843068395717547e-04
9.840732623018519191e-04
1.029582013343857509e-03
1.118315767176158255e-03
1.247942887988862277e-03
1.414470712401901930e-03
1.612380490353070277e-03
1.834816747305487421e-03
2.073824452499354980e-03
2.320625698531388319e-03
2.565926208688569955e-03
2.800240938878425807e-03
3.014227367484787357e-03
3.199014792657033351e-03
3.346518092027551960e-03
3.449724939918813720e-03
3.502946402843570839e-03
3.502022113099438703e-03
3.444472807713991683e-03
3.329594860300806244e-03
3.158493462071958018e-03
2.934053254248334460e-03
2.660847402233910280e-03
2.344988255515443980e-03
1.993924780865332681e-03
1.616193818466138757e-03
1.221133825805885160e-03
8.185710860264081446e-04
4.184893198861852734e-04
3.069421990826851684e-05
-3.355153986705699609e-04
-6.716583690119584671e-04
-9.703530395258174856e-04
-1.225560424033241350e-03
-1.432780180267667148e-03
-1.589192615170808079e-03
-1.693741806911236523e-03
-1.747156996784552177e-03
-1.751911566846783364e-03
-1.712121105505001913e-03
-1.633384196730806003e-03
-1.522571574319070290e-03
-1.387571090407464704e-03
-1.236997493961375372e-03
-1.079877245931254448e-03
-9.253194701788641265e-04
-7.821846224864913936e-04
-6.587625370885674334e-04
-5.624711785088512984e-04
-4.995866976845245166e-04
-4.750142909645828880e-04
-4.921079271595790207e-04
-5.525452916386019292e-04
-6.562623576727426734e-04
-8.014499017686617811e-04
-9.846121049979930998e-04
-1.200685202533393649e-03
-1.443212035153095419e-03
-1.704566393275824040e-03
-1.976219294950505839e-03
-2.249037865462698640e-03
-2.513606339495196105e-03
-2.760557927296528914e-03
-2.980905901402169760e-03
-3.166362283626414711e-03
-3.309632942504953275e-03
-3.404678734053671104e-03
-3.446933504808019286e-03
-3.433471284073786635e-03
-3.363116769329621471e-03
-3.236495192520626001e-03
-3.056019776070461897e-03
-2.825817171504301211e-03
-2.551593444096724242e-03
-2.240445247890692111e-03
-1.900622753867732377e-03
-1.541252582770339481e-03
-1.172030393918175326e-03
-8.028938432746780037e-04
-4.436873108050032712e-04
-1.038300847582405333e-04
2.080004311675224355e-04
4.841594484940715901e-04
7.182893364026949733e-04
9.055291176462872127e-04
1.042671637522979726e-03
1.128262958221824038e-03
1.162640554190162018e-03
1.147909027233912083e-03
1.087854247757290022e-03
9.877989842257376037e-04
8.544051310663750140e-04
6.954295140454650609e-04
5.194418762074133090e-04
3.355149698288716433e-04
1.528976542104702849e-04
-1.931750863076850313e-05
-1.725204789305285992e-04
-2.988923234805299436e-04
-3.916853198043019789e-04
-4.454647425552170923e-04
-4.563038411208124572e-04
-4.219251616674162941e-04
-3.417832510885490584e-04
-2.170858384837807790e-04
-5.075274975092696969e-05
1.526860030843426447e-04
3.872493806729537628e-04
6.457161360358080072e-04
9.198798936289871806e-04
1.200839531430371700e-03
1.479314668804920753e-03
1.745975179455585896e-03
1.991773153733531181e-03
2.208265645328844236e-03
2.387916857034916036e-03
2.524369137689812942e-03
2.612673252421664552e-03
2.649469812779814588e-03
2.633115462316718003e-03
2.563749346823494552e-03
2.443297488967351508e-03
2.275414861285140339e-03
2.065367133174555395e-03
1.819856180250114218e-03
1.546795414167311889e-03
1.255042748746975061e-03
9.541005023621559325e-04
6.537926950772520937e-04
3.639309913572327890e-04
9.398093752812362086e-05
-1.472598663930488371e-04
-3.519604380388481526e-04
-5.135215148828217811e-04
-6.267978497022308948e-04
-6.882699599157272342e-04
-6.961593605354877631e-04
-6.504832885788481948e-04
-5.530470445547423612e-04
-4.073742598774158716e-04
-2.185775712732550106e-04
6.825731667680560825e-06
2.611465947351150748e-04
5.357974347810566095e-04
8.215961242620882076e-04
1.109090052310298530e-03
1.388888890329409822e-03
1.651994389018986457e-03
1.890115641746776534e-03
2.095958762512771002e-03
2.263480827371656436e-03
2.388099184523993605e-03
2.466848806307020067e-03
2.498482181047859650e-03
2.483508260224356109e-03
2.424169115896665852e-03
2.324355149935344259e-03
2.189461853539672719e-03
2.026193167312071233e-03
1.842318366815756930e-03
1.646391030385447284e-03
1.447439977786725953e-03
1.254643053443966648e-03
1.076995231844899044e-03
9.229827242074777668e-04
8.002745574891411296e-04
7.154424866073583016e-04
6.737191096961999640e-04
6.788027190652704858e-04
7.327157841029638668e-04
8.357220840121586721e-04
9.863054537982613758e-04
1.181210948334841240e-03
1.415547042248960045e-03
1.682945344434219354e-03
1.975772290166302216e-03
2.285385451702663575e-03
2.602425543747029398e-03
2.917133948076987716e-03
3.219684685849771074e-03
3.500519258013541201e-03
3.750672671671487993e-03
3.962079276777441539e-03
4.127847742453690134e-03
4.242495580824482901e-03
4.302135040769049928e-03
4.304603894862858889e-03
4.249536570408767033e-03
4.138373162329096223e-03
3.974306038684444903e-03
3.762165932577186955e-03
3.508251530709457274e-03
3.220108544749163918e-03
2.906266017694193130e-03
2.575939111748784885e-03
2.238708794493229296e-03
1.904189645350411707e-03
1.581697416333711394e-03
1.279927985384161785e-03
1.006658937138734571e-03
7.684842088740745543e-04
5.705910765921289735e-04
4.165872685205074255e-04
3.083842328411381690e-04
2.461406149432958813e-04
2.282678860242523273e-04
2.514978835089724113e-04
3.110098509838577115e-04
4.006124772913812826e-04
5.129745042957214183e-04
6.398957682527501786e-04
7.726091204446097456e-04
9.021025885146839295e-04
1.019450428766316592e-03
1.116141406497853138e-03
1.184392737220193569e-03
1.217438622991566261e-03
1.209783207543610201e-03
1.157409020199718502e-03
1.057933538130470356e-03
9.107083146041453428e-04
7.168571338633494393e-04
4.792517905524219021e-04
2.024262783376281358e-04
-1.075676681268695123e-04
-4.433586771079111146e-04
-7.965006071300429705e-04
-1.157755654528669440e-03
-1.517405835651605738e-03
-1.865581981240616808e-03
-2.192598764025202075e-03
-2.489284066078284365e-03
-2.747291187547215401e-03
-2.959382996163054374e-03
-3.119678096514456444e-03
-3.223850425140152142e-03
-3.269275305560563269e-03
-3.255116869402430429e-03
-3.182353800190053719e-03
-3.053742513351809327e-03
-2.873719073956755490e-03
-2.648243296003292401e-03
-2.384590488680262722e-03
-2.091098145090641760e-03
-1.776876443360892420e-03
-1.451492693704565769e-03
-1.124640773606882865e-03
-8.058071150287976492e-04
-5.039449241317775973e-04
-2.271680214311956082e-04
1.752500123138479166e-05
2.244866766990722979e-04
3.896083847840128671e-04
5.104533657030430570e-04
5.863304099372738292e-04
6.183056916818384157e-04
6.091523834777884351e-04
5.632398725077909438e-04
4.863665178873063477e-04
3.855418688346431066e-04
2.687260364456562278e-04
1.445354148003300952e-04
2.192512761457234265e-05
-9.014060675056743315e-05
-1.830185750176411023e-04
-2.487054998328539239e-04
-2.801345593267805549e-04
-2.714390384898578406e-04
-2.181738076646969494e-04
-1.174868020105681796e-04
3.176557112023791277e-05
2.289632037753147609e-04
4.717292344757404148e-04
7.559989866799366690e-04
1.076148540134094431e-03
1.425178484585646601e-03
1.794946469029100669e-03
2.176440446922354131e-03
2.560083088686966081e-03
2.936056737380691919e-03
3.294637560105819363e-03
3.626527221855028321e-03
3.923170491533197954e-03
4.177047678936935890e-03
4.381931679404668309e-03
4.533100638923831353e-03
4.627498803403119060e-03
4.663839927259733759e-03
4.642649624978060184e-03
4.566245184506026802e-03
4.438653548467240244e-03
4.265470331561275336e-03
4.053664804447012701e-03
3.811337663621708078e-03
3.547440057139321281e-03
3.271463689644584557e-03
2.993112839719242520e-03
2.721969752586555005e-03
2.467165099738974354e-03
2.237065016050542726e-03
2.038985640768567215e-03
1.878945121933303869e-03
1.761461728143489920e-03
1.689405093284264371e-03
1.663905755581821530e-03
1.684326107483225974e-03
1.748293719044804974e-03
1.851795810229958910e-03
1.989331503419763773e-03
2.154116461665852439e-03
2.338332681755295704e-03
2.533414628367259593e-03
2.730361621946175276e-03
2.920065473027355467e-03
3.093641821861786365e-03
3.242753513003260226e-03
3.359914614566212460e-03
3.438764371318400476e-03
3.474301435823526525e-03
3.463070115516737185e-03
3.403292057035810572e-03
3.294938703342167353e-03
3.139741937060827517e-03
2.941142492222005664e-03
2.704177900189623680e-03
2.435313857482466690e-03
2.142224889061625399e-03
1.833531960869394691e-03
1.518506207561865244e-03
1.206749132474429012e-03
9.078604651404374769e-04
6.311052981056783492e-04
3.850921540333751038e-04
1.774732551318245616e-04
1.467749301967027735e-05
-9.831454462816760498e-05
-1.581456039479124578e-04
-1.632007105848598972e-04
-1.136658517844806125e-04
-1.152432320118213296e-05
1.395091508128373792e-04
3.341142379496844176e-04
5.655463774725615587e-04
8.258673929490952317e-04
1.106217290787131404e-03
1.397117757168363401e-03
1.688796758244533137e-03
1.971522911802409475e-03
2.235937958817585999e-03
2.473375732297404019e-03
2.676156496131531105e-03
2.837846391658611564e-03
2.953472953999360801e-03
3.019689200989605048e-03
3.034880600773071264e-03
2.999211226589853542e-03
2.914607538848513167e-03
2.784680420502015467e-03
2.614588255460233851e-03
2.410845905444626829e-03
2.181086335940836396e-03
1.933783300322285603e-03
1.677944854692962895e-03
1.422788496757244631e-03
1.177409364306434333e-03
9.504531702168781109e-04
7.498053827363006414e-04
5.823075881948053690e-04
4.535110181570769453e-04
3.674759179141881549e-04
3.266238238436949305e-04
3.316479599545431745e-04
3.814849239737335383e-04
4.733486821238675445e-04
6.028257046833058238e-04
7.640279281689313839e-04
9.497981997614622163e-04
1.151961016565572005e-03
1.361609781063071812e-03
1.569420510455795878e-03
1.765981006506441237e-03
1.942123946616806235e-03
2.089252215381450298e-03
2.199645063698614598e-03
2.266734350343109841e-03
2.285341165325377715e-03
2.251864518797840747e-03
2.164415455229454222e-03
2.022891861341918548e-03
1.828991311017014957e-03
1.586161458359557118e-03
1.299489675381105235e-03
9.755357567952590864e-04
6.221135067010623862e-04
2.480288106771964514e-04
-1.372166806520686792e-04
-5.237459275286383614e-04
-9.016397661034821712e-04
-1.261271442132850520e-03
-1.593630749649499988e-03
-1.890626476168121928e-03
-2.145356616856241606e-03
-2.352336949942549112e-03
-2.507680024850133214e-03
-2.609218351998182292e-03
-2.656567538029443350e-03
-2.651127213893983772e-03
-2.596019782039627258e-03
-2.495969186580728090e-03
-2.357124010438188446e-03
-2.186831152480163670e-03
-1.993368067355440806e-03
-1.785643000399592855e-03
-1.572873768918572716e-03
-1.364256390118537190e-03
-1.168635208721981872e-03
-9.941861215410447913e-04
-8.481240339378787792e-04
-7.364448304061851653e-04
-6.637109283534089847e-04
-6.328879530778314458e-04
-6.452382765881328405e-04
-7.002751662352165504e-04
-7.957791611025403101e-04
-9.278761093206738288e-04
-1.091174134511717396e-03
-1.278954730313110666e-03
-1.483411280908056165e-03
-1.695926639335905775e-03
-1.907380022475105947e-03
-2.108472450111014123e-03
-2.290059301585491928e-03
-2.443478310107735293e-03
-2.560861470785346684e-03
-2.635419898363489458e-03
-2.661691614934917540e-03
-2.635743543432739634e-03
-2.555320584159064250e-03
-2.419936502834392315e-03
-2.230903394819202731e-03
-1.991298639923408820e-03
-1.705870450262736123e-03
-1.380885263282142063e-03
-1.023922268028024064e-03
-6.436222036786494113e-04
-2.493991703843782392e-04
1.488745124708629847e-04
5.411994217734469176e-04
9.177845818569481959e-04
1.269375757999417244e-03
1.587565053086050729e-03
1.865071023030813197e-03
2.095979558908142408e-03
2.275937157540078651e-03
2.402289869379410636e-03
2.474163114513828685e-03
2.492479627847910516e-03
2.459914960463339614e-03
2.380792149924177304e-03
2.260919301301507738e-03
2.107375818348200709e-03
1.928254820571772112e-03
1.732370813999581068e-03
1.528942897535253299e-03
1.327264640440080617e-03
1.136372229741879677e-03
9.647225430602075855e-04
8.198924504723677578e-04
7.083099009778670314e-04
6.350262310822450424e-04
6.035376842118045284e-04
6.156624008769944704e-04
6.714771913236602247e-04
7.693163031354582817e-04
9.058322194595122730e-04
1.076116345519104005e-03
1.273875338192692001e-03
1.491656879385871038e-03
1.721116957194472521e-03
1.953319260329561529e-03
2.179056162076101200e-03
2.389180009773273199e-03
2.574933071094634256e-03
2.728264532066836980e-03
2.842123392282171375e-03
2.910716944360633787e-03
2.929725727924228050e-03
2.896467371010212795e-03
2.810003520626041564e-03
2.671186056365678491e-03
2.482640906863678269e-03
2.248689973874503506e-03
1.975213836370457669e-03
1.669459981301542068e-03
1.339803215873483890e-03
9.954665915121205071e-04
6.462125533891102105e-04
3.020150729982101659e-04
-2.727581177809071042e-05
-3.322653577586396527e-04
-6.043298298390033067e-04
-8.359055646694514563e-04
-1.020741314791730582e-03
-1.154105088124131144e-03
-1.232938290002384999e-03
-1.255951819099679952e-03
-1.223660799853440754e-03
-1.138356781352054762e-03
-1.004018420749413143e-03
-8.261638215187011407e-04
-6.116497378268674449e-04
-3.684247145051337238e-04
-1.052448424120021049e-04
1.686378849770808937e-04
4.438036719119631810e-04
7.109979633049432965e-04
9.614577469837549961e-04
1.187219672493020897e-03
1.381399185194667712e-03
1.538430894441966158e-03
1.654261757368918201e-03
1.726490317573441948e-03
1.754447132569296594e-03
1.739213588928970131e-03
1.683578467155813193e-03
1.591933803690744401e-03
1.470113728479776390e-03
1.325181958511207833e-03
1.165175430505922208e-03
9.988130963223076399e-04
8.351801286259666855e-04
6.833986490685795825e-04
5.522965663058765134e-04
4.500861800013169524e-04
3.840638670866947883e-04
3.603414298826844876e-04
3.836185780261161873e-04
4.570045763124233520e-04
5.818953689885697587e-04
7.579105480450638518e-04
9.828924367363740290e-04
1.252967383362795081e-03
1.562667180529199885e-03
1.905106418041496545e-03
2.272209617145406688e-03
2.654980248654685310e-03
3.043802268813889517e-03
3.428763665965175837e-03
3.799990738220467013e-03
4.147981444469927247e-03
4.463926201435162826e-03
4.740004937046739600e-03
4.969650039868477379e-03
5.147766036552999143e-03
5.270898342628966421e-03
5.337345213275541608e-03
5.347209007727814385e-03
5.302385003967053853e-03
5.206488185004933683e-03
5.064720587834991607e-03
4.883683884983827314e-03
4.671143783720733272e-03
4.435754512287849380e-03
4.186753056991863141e-03
3.933633869807838350e-03
3.685815446308177319e-03
3.452310454430876710e-03
3.241410966024457167e-03
3.060399809777518149e-03
2.915298144766442952e-03
2.810658080671010403e-03
2.749407588347218753e-03
2.732753108376086842e-03
2.760143239782826899e-03
2.829294747333397850e-03
2.936279938802905179e-03
3.075672310024149363e-03
3.240745310844231602e-03
3.423717221004898142e-03
3.616033506751803548e-03
3.808676713385313918e-03
3.992492982101292047e-03
4.158523695224070928e-03
4.298330572786155691e-03
4.404302771714446382e-03
4.469935168645852025e-03
4.490068016552345269e-03
4.461079518546778172e-03
4.381024512049538043e-03
4.249714345110471372e-03
4.068735087918873977e-03
3.841403384165151258e-03
3.572661433189803885e-03
3.268914728152982722e-03
2.937818182985294478e-03
2.588018091282717151e-03
2.228858910137354165e-03
1.870065096832207365e-03
1.521409103086963704e-03
1.192377119387328255e-03
8.918442437544748646e-04
6.277704222319374985e-04
4.069277838310112350e-04
2.346688960550311152e-04
1.147440368285529682e-04
4.917386479144441290e-05
3.818193251908276464e-05
8.018939416893603074e-05
1.718720836563238357e-04
3.082779579379969683e-04
4.830007887561856136e-04
6.884040192289643317e-04
9.158869478712902256e-04
1.156183923431308063e-03
1.399686081142702612e-03
1.636774365002184638e-03
1.858152189005376305e-03
2.055166106620921924e-03
2.220103281561016436e-03
2.346455369249656354e-03
2.429139598675261573e-03
2.464669347167040836e-03
2.451268273377397479e-03
2.388924054251885705e-03
2.279379890611023946e-03
2.126064128894883040e-03
1.933960517127665969e-03
1.709423695177816633e-03
1.459946439953493068e-03
1.193886877976724865e-03
9.201652815324859328e-04
6.479411310967512615e-04
3.862818186346887207e-04
1.438346593794537264e-04
-7.148623641513806269e-05
-2.527872014390854412e-04
-3.944462366852767490e-04
-4.923193648488142062e-04
-5.438948261012419450e-04
-5.483896598338674870e-04
-5.067852366872384329e-04
-4.218004465523811797e-04
-2.978034351972421974e-04
-1.406649380933538453e-04
4.244169066551896699e-05
2.432867855733538733e-04
4.528684173851021087e-04
6.617242597270711580e-04
8.602603747586335834e-04
1.039085421440548614e-03
1.189338596128586235e-03
1.302999830907022438e-03
1.373171392764964069e-03
1.394321024773396023e-03
1.362478113888144224e-03
1.275376011825914103e-03
1.132535518124831936e-03
9.352865920558295094e-04
6.867275204166124053e-04
3.916229557329700857e-04
5.624437737922389786e-05
-3.118414582884183753e-04
-7.040286940551638076e-04
-1.110964229514940131e-03
-1.522865068887805599e-03
-1.929850077881300032e-03
-2.322274566906763760e-03
-2.691056022068442823e-03
-3.027979618484919616e-03
-3.325972861691839800e-03
-3.579339787177756530e-03
-3.783946567513333473e-03
-3.937352081298859004e-03
-4.038878928528603918e-03
-4.089622465300798981e-03
-4.092397603903532438e-03
-4.051625306024131921e-03
-3.973162810707543333e-03
-3.864083610650253815e-03
-3.732414951358008735e-03
-3.586842115910896141e-03
-3.436389921419396708e-03
-3.290092650956623777e-03
-3.156664048865580417e-03
-3.044179003709804755e-03
-2.959778131894490703e-03
-2.909405670550687349e-03
-2.897589918844870743e-03
-2.927273973438233867e-03
-2.999702738718002491e-03
-3.114370217520721473e-03
-3.269028972581744519e-03
-3.459761467020024649e-03
-3.681110820275996891e-03
-3.926266430185178583e-03
-4.187297985395445343e-03
-4.455429692645674657e-03
-4.721345130095868162e-03
-4.975512060477478571e-03
-5.208515834091541861e-03
-5.411389706300764359e-03
-5.575930497861106283e-03
-5.694988535604607327e-03
-5.762721707796706824e-03
-5.774804721542290895e-03
-5.728586215016658045e-03
-5.623188200216114839e-03
-5.459544328499906299e-03
-5.240375610785838814e-03
-4.970104411910571118e-03
-4.654709697731927720e-03
-4.301528568395231698e-03
-3.919010989820842158e-03
-3.516436272081575106e-03
-3.103601180592653348e-03
-2.690490557088149725e-03
-2.286941937492271114e-03
-1.902315861643502116e-03
-1.545183368122763495e-03
-1.223041563251533103e-03
-9.420671678430627902e-04
-7.069166130499273705e-04
-5.205796243444688835e-04
-3.842913574990385484e-04
-2.975060981129081048e-04
-2.579333786814313849e-04
-2.616351800254729069e-04
-3.031807437372314225e-04
-3.758535041453436301e-04
-4.719028228737871854e-04
-5.828316403272139042e-04
-6.997099013453858801e-04
-8.135027108748008832e-04
-9.154016613844370579e-04
-9.971476649109582008e-04
-1.051333922859979623e-03
-1.071678365481452564e-03
-1.053255965779180490e-03
-9.926827418990219736e-04
-8.882449583690259047e-04
-7.399689604798469428e-04
-5.496291601617141242e-04
-3.206938628886609561e-04
-5.821080732240765596e-05
2.313635938884969203e-04
5.403853467054092795e-04
8.602865681778949607e-04
1.181872548167167518e-03
1.495641775980839942e-03
1.792117718460800374e-03
2.062180719887842309e-03
2.297388385438082527e-03
2.490273209169684490e-03
2.634607000663254789e-03
2.725622823711933759e-03
2.760186645253701575e-03
2.736912651047604048e-03
2.656218154821255763e-03
2.520316140736453183e-03
2.333145661002282434e-03
2.100242484866182355e-03
1.828554485853121220e-03
1.526208187755769517e-03
1.202234598759281030e-03
8.662638873426838516e-04
5.281995433370447650e-04
1.978833845615049708e-04
-1.152369113163856417e-04
-4.024261598192695796e-04
-6.559548133345286750e-04
-8.693566852484604620e-04
-1.037642285940972367e-03
-1.157460357601155631e-03
-1.227202009856771369e-03
-1.247043869116241628e-03
-1.218928790837655110e-03
-1.146484870809829325e-03
-1.034885652329622322e-03
-8.906564851762723998e-04
-7.214338773744683820e-04
-5.356863258555850894e-04
-3.424064596340233480e-04
-1.507853318054450044e-04
3.011968057729981236e-05
1.917116886952204349e-04
3.261643246454297776e-04
4.267040943774479947e-04
4.878551241065908189e-04
5.056376948805326420e-04
4.777135830979032391e-04
4.034730926751415453e-04
2.840607117572998414e-04
1.223384816137621563e-04
-7.721164787387086066e-05
-3.086430595846653734e-04
-5.647518684150063016e-04
-8.373292076109437824e-04
-1.117449554345740061e-03
-1.395784979779193715e-03
-1.662934296406516545e-03
-1.909755549571543181e-03
-2.127690179030103899e-03
-2.309067464661827829e-03
-2.447378557760714404e-03
-2.537510461717747134e-03
-2.575931726131215974e-03
-2.560823307391299312e-03
-2.492149967413417530e-03
-2.371669663221568237e-03
-2.202880550597858915e-03
-1.990907408970874620e-03
-1.742331415593937477e-03
-1.464969180554672769e-03
-1.167608730762669227e-03
-8.597116385335320209e-04
-5.510916759063261066e-04
-2.515811978584589080e-04
2.930311268517461418e-05
2.826834827709380710e-04
5.006220007405590275e-04
6.763887918137716573e-04
8.046880764362412519e-04
8.818342446195727132e-04
9.058718296158934941e-04
8.766352284607409513e-04
7.957461263647106408e-04
6.665487627273312607e-04
4.939853522780915255e-04
2.844160692898921924e-04
4.538994257962162236e-05
-2.146252738498884030e-04
-4.865447553193556133e-04
-7.609891856070558763e-04
-1.028616930469596763e-03
-1.280454142763166187e-03
-1.508211212628119942e-03
-1.704574458556696670e-03
-1.863462826707198549e-03
-1.980240595998954481e-03
-2.051878632194487333e-03
-2.077058541166248648e-03
-2.056216076515841873e-03
-1.991522289386856402e-03
-1.886803093936675543e-03
-1.747400083900851192e-03
-1.579977498218108250e-03
-1.392282124491559534e-03
-1.192864581867217680e-03
-9.907717817797549644e-04
-7.952213783837492819e-04
-6.152696548299466626e-04
-4.594845246163679463e-04
-3.356351508614955313e-04
-2.504091066780613981e-04
-2.091670371707249516e-04
-2.157434716602661933e-04
-2.723008195117861824e-04
-3.792417210051960818e-04
-5.351828812698187707e-04
-7.369913620085214584e-04
-9.798821180094275957e-04
-1.257573419941615447e-03
-1.562494776833767227e-03
-1.886040132007183248e-03
-2.218857519539719700e-03
-2.551165090176018765e-03
-2.873082490762673014e-03
-3.174966042185879342e-03
-3.447736026319235710e-03
-3.683184667368763054e-03
-3.874254067605977826e-03
-4.015274408177295015e-03
-4.102154115660777180e-03
-4.132515375613028327e-03
-4.105770286631837962e-03
-4.023135025457819612e-03
-3.887581562583302189e-03
-3.703728652741012164e-03
-3.477675948961801451e-03
-3.216787078197099869e-03
-2.929429301106672469e-03
-2.624678895998301675e-03
-2.312002603919892461e-03
-2.000926306619996847e-03
-1.700702552279307906e-03
-1.419988580062909447e-03
-1.166546122404025793e-03
-9.469734965648528638e-04
-7.664793613382946038e-04
-6.287060505718276848e-04
-5.356086538380684572e-04
-4.873940570851249734e-04
-4.825220510858501625e-04
-5.177684367501883631e-04
-5.883478802337897438e-04
-6.880921735412581439e-04
-8.096776114908279913e-04
-9.448934716445955926e-04
-1.084942140550522157e-03
-1.220760317977252372e-03
-1.343349989717901359e-03
-1.444107514975708807e-03
-1.515139238407819727e-03
-1.549552507358067932e-03
-1.541711835178705137e-03
-1.487451171682832108e-03
-1.384234778934328308e-03
-1.231261010910091611e-03
-1.029505295977466931e-03
-7.817007515223266560e-04
-4.922570457886129864e-04
-1.671202864562712324e-04
1.864212171571006608e-04
5.599785735818101247e-04
9.443429039375946226e-04
1.329795138055400163e-03
1.706434212881876352e-03
2.064512227003796954e-03
2.394764858905202784e-03
2.688725519825446025e-03
2.939012279113117129e-03
3.139577550912704077e-03
3.285911832569515800e-03
3.375194391700832991e-03
3.406385654176876786e-03
3.380258084288515104e-03
3.299364499716134734e-03
3.167944952187804093e-03
2.991775453262879823e-03
2.777963858230268583e-03
2.534700068429256159e-03
2.270969308672125472e-03
1.996238525952285202e-03
1.720126893093236941e-03
1.452071953602023392e-03
1.201003092391634457e-03
9.750337560498426731e-04
7.811831851220172891e-04
6.251373826317936557e-04
5.110576641863362295e-04
4.414434638387472725e-04
4.170541649869236814e-04
4.368926537433514765e-04
4.982511260306235566e-04
5.968174950645060203e-04
7.268386194460706596e-04
8.813345783237935870e-04
1.052356428882432774e-03
1.231278355545652962e-03
1.409113913222580922e-03
1.576845220990741661e-03
1.725753507439579081e-03
1.847739360456051661e-03
1.935621394219028514e-03
1.983402801971488778e-03
1.986496388276565769e-03
1.941900129509543157e-03
1.848317045305327561e-03
1.706215115806938333e-03
1.517825081436230579e-03
1.287076139875857703e-03
1.019471732686029562e-03
7.219097151624142769e-04
4.024531540354089301e-04
7.005973004036431646e-05
-2.657208244648268103e-04
-5.950706997264953394e-04
-9.082380882035836654e-04
-1.195869705730676167e-03
-1.449330141572287289e-03
-1.660996882619471086e-03
-1.824520705615859193e-03
-1.935042340937675976e-03
-1.989357839721623156e-03
-1.986026869501482644e-03
-1.925420159155446804e-03
-1.809704441970750666e-03
-1.642765431451201179e-03
-1.430071531552190491e-03
-1.178483055409578536e-03
-8.960136317341406680e-04
-5.915521491340823253e-04
-2.745549671667744983e-04
4.528083937934979921e-05
3.583517759541922018e-04
6.554780762395305592e-04
9.282181646398301664e-04
1.169156448606720536e-03
1.372154394252145249e-03
1.532556128689869981e-03
1.647341409177256397e-03
1.715220646446200111e-03
1.736668702867522236e-03
1.713896334025997959e-03
1.650760329615560138e-03
1.552615559638196707e-03
1.426114169354868698e-03
1.278959019888791003e-03
1.119620075866371118e-03
9.570237407701848728e-04
8.002260892388602439e-04
6.580815101389705934e-04
5.389184350690950009e-04
4.502335784002237367e-04
3.984154657213944458e-04
3.885070003978869767e-04
4.240154488593559593e-04
5.067765621975853750e-04
6.368776529505628618e-04
8.126423781230633810e-04
1.030677815013223168e-03
1.285982231137019430e-03
1.572109820055583038e-03
1.881386675847032067e-03
2.205170480389288899e-03
2.534144842572697270e-03
2.858638010847252501e-03
3.168954822815978414e-03
3.455710287985390601e-03
3.710153138679355214e-03
3.924468031673439446e-03
4.092045827153199117e-03
4.207712486088248383e-03
4.267908573010542606e-03
4.270813077843209349e-03
4.216407217360413663e-03
4.106475975865326103e-03
3.944547322219467758e-03
3.735771220157477462e-03
3.486742654512171163e-03
3.205274853788106764e-03
2.900130630871023719e-03
2.580721227544170802e-03
2.256783183620993897e-03
1.938044518136669081e-03
1.633891881320387925e-03
1.353050299000932910e-03
1.103286686993051402e-03
8.911474774467599818e-04
7.217395014075833094e-04
5.985617539144144628e-04
5.233938830533832725e-04
4.962452550454769015e-04
5.153663233898326656e-04
5.773218457499730907e-04
6.771233242042025077e-04
8.084159686600233315e-04
9.637135723978885755e-04
1.134673009821606958e-03
1.312398678381501791e-03
1.487766157941933362e-03
1.651753688331699527e-03
1.795769793006355471e-03
1.911965513219504934e-03
1.993520258056582541e-03
2.034891202165305807e-03
2.032017442547010867e-03
1.982471713505211050e-03
1.885554299133472556e-03
1.742325811064902386e-03
1.555577644510162949e-03
1.329741112690445252e-03
1.070738411972007188e-03
7.857806118969401553e-04
4.831197243127719853e-04
1.717635187360808525e-04
-1.388369395953133211e-04
-4.391160927201530903e-04
-7.197275210978091925e-04
-9.718707167429387669e-04
-1.187599548423937243e-03
-1.360101606449808185e-03
-1.483938630926288612e-03
-1.555239587027847700e-03
-1.571839606181951645e-03
-1.533359905108735988e-03
-1.441225859086252411e-03
-1.298622569296188894e-03
-1.110389450853154110e-03
-8.828575015222473637e-04
-6.236349164432514452e-04
-3.413485211516272769e-04
-4.535004051218707475e-05
2.546025492760794129e-04
5.486774677582260517e-04
8.273037772053686836e-04
1.081496555197614812e-03
1.303161252214196306e-03
1.485366624477037906e-03
1.622576734647904716e-03
1.710833948213045987e-03
1.747886571205656270e-03
1.733256715117210099e-03
1.668246069444362769e-03
1.555879437910158251e-03
1.400788074751431423e-03
1.209036966177745153e-03
9.879021652917882070e-04
7.456060376287169857e-04
4.910197477454381412e-04
2.333434633519076290e-04
-1.822446782597431005e-05
-2.548177292053490544e-04
-4.682200193113789793e-04
-6.511596245963244267e-04
-7.975702205330535656e-04
-9.028087270172709903e-04
-9.638225523727758041e-04
-9.792603372924539758e-04
-9.495222935776055379e-04
-8.767483530364321214e-04
-7.647445250454507288e-04
-6.188500305461418953e-04
-4.457498596098031021e-04
-2.532393162731046490e-04
-4.994880094610681855e-05
1.549615217972006719e-04
3.521264628090879515e-04
5.323085639008522281e-04
6.867271928989995486e-04
8.073724260506537354e-04
8.872926947403410227e-04
9.208460889849842158e-04
9.039064799844962698e-04
8.340172036433826956e-04
7.104868811083138880e-04
5.344239767332799925e-04
3.087088375663186958e-04
3.790414634656058372e-05
-2.718931245460053927e-04
-6.132531232508011852e-04
-9.776608899594615813e-04
-1.355801864418014827e-03
-1.737875183315645052e-03
-2.113923849054052517e-03
-2.474170261292975032e-03
-2.809345415566122297e-03
-3.111000295709407532e-03
-3.371788611042230398e-03
-3.585711033317872005e-03
-3.748312437226320858e-03
-3.856825294430019785e-03
-3.910254257057329576e-03
-3.909399026187108939e-03
-3.856814761964010192e-03
-3.756711478865587192e-03
-3.614796005675136557e-03
-3.438062100057207287e-03
-3.234536121850502439e-03
-3.012987223723716159e-03
-2.782612258222740779e-03
-2.552706483021340879e-03
-2.332331640451741107e-03
-2.129993075832588203e-03
-1.953337238645999532e-03
-1.808880192489931236e-03
-1.701776669128386710e-03
-1.635637777115053629e-03
-1.612403766323288780e-03
-1.632276316187312440e-03
-1.693712725319443174e-03
-1.793482206677889535e-03
-1.926782311801429007e-03
-2.087411396235199987e-03
-2.267991070152172717e-03
-2.460230822313904785e-03
-2.655225523459466951e-03
-2.843775358916335230e-03
-3.016716950228741628e-03
-3.165254029599094167e-03
-3.281276042831025256e-03
-3.357653475849102249e-03
-3.388499512071027620e-03
-3.369388804478274865e-03
-3.297525645956846975e-03
-3.171855591822390474e-03
-2.993116567380897999e-03
-2.763827611574466367e-03
-2.488215591007095912e-03
-2.172082390443475387e-03
-1.822617170129587402e-03
-1.448160203969164894e-03
-1.057926508301704378e-03
-6.616988793499685526e-04
-2.695010289911709618e-04
1.087377941918636669e-04
4.635150130393338912e-04
7.860721841806343584e-04
1.068686655602316691e-03
1.304927263522596536e-03
1.489865171409039679e-03
1.620232524197674296e-03
1.694523417467539133e-03
1.713033700493140146e-03
1.677838272993547111e-03
1.592706723011749585e-03
1.462960311046187416e-03
1.295275357722629542e-03
1.097439967042038210e-03
8.780726488897748440e-04
6.463127358841973431e-04
4.114934741410532140e-04
1.828092706533731172e-04
-3.101121938126028769e-05
-2.220146908249535358e-04
-3.833046090292863139e-04
-5.092845807730962118e-04
-5.958551417793063465e-04
-6.405570636744755634e-04
-6.426561617354469968e-04
-6.031666390911821340e-04
-5.248121612077760127e-04
-4.119260408356258552e-04
-2.702940515068513261e-04
-1.069454022036754213e-04
7.010077363686656069e-05
2.521244988725544322e-04
4.300194370860549757e-04
5.946217208609543003e-04
7.370415580474970127e-04
8.489859496259018028e-04
9.230611612623132673e-04
9.530442973661120993e-04
9.341144066454182878e-04
8.630349639796439836e-04
7.382812752813589343e-04
5.601082802775612761e-04
3.305563152409900750e-04
5.339457051633297174e-05
-2.659958399198825499e-04
-6.207951641242979686e-04
-1.002968645852119096e-03
-1.403532734723106010e-03
-1.812854609144317264e-03
-2.220974580325476601e-03
-2.617940143055255166e-03
-2.994140029623259310e-03
-3.340626621720902377e-03
-3.649415481396096634e-03
-3.913751561945054760e-03
-4.128332824982340436e-03
-4.289483480012698177e-03
-4.395270825431979445e-03
-4.445561643258474048e-03
-4.442016214903790096e-03
-4.388020207835912831e-03
-4.288556856602208228e-03
-4.150023950216542683e-03
-3.980002068204051627e-03
-3.786982212016890524e-03
-3.580062397377441457e-03
-3.368623856672324068e-03
-3.161998210860468908e-03
-2.969137282599635698e-03
-2.798297125516384549e-03
-2.656747342155664580e-03
-2.550515872772268679e-03
-2.484178189987236961e-03
-2.460698274149029745e-03
-2.481326925702616402e-03
-2.545560957722662124e-03
-2.651164674572211583e-03
-2.794252856314047122e-03
-2.969432309658234966e-03
-3.169996990542143546e-03
-3.388169822958605679e-03
-3.615382699284042881e-03
-3.842584806571005315e-03
-4.060568428055212446e-03
-4.260300754371537310e-03
-4.433250026229447992e-03
-4.571694527030854133e-03
-4.669003543236638527e-03
-4.719880391208768587e-03
-4.720558937405482797e-03
-4.668946667652128235e-03
-4.564709233675750752e-03
-4.409293455565561730e-03
-4.205887915452689516e-03
-3.959322464918969137e-03
-3.675910109800287900e-03
-3.363236756112573510e-03
-3.029906129007046978e-03
-2.685248748887626713e-03
-2.339005109997100307e-03
-2.000994112697703463e-03
-1.680778319581879583e-03
-1.387337719255850180e-03
-1.128763386146024953e-03
-9.119817303278163114e-04
-7.425189624853522231e-04
-6.243139931197550906e-04
-5.595862912855854333e-04
-5.487633057880911009e-04
-5.904699682630477984e-04
-6.815806258779711843e-04
-8.173315676193960641e-04
-9.914901887698444102e-04
-1.196574857476893905e-03
-1.424117774662920100e-03
-1.664961616014808783e-03
-1.909579565058995045e-03
-2.148407530688703666e-03
-2.372176919529227646e-03
-2.572236318006068841e-03
-2.740850831444826587e-03
-2.871468614209657377e-03
-2.958945278194566927e-03
-2.999718346487281317e-03
-2.991925672868125247e-03
-2.935463714512391228e-03
-2.831983655902404161e-03
-2.684825562550147149e-03
-2.498892917257950971e-03
-2.280471983105804724e-03
-2.037002372849787933e-03
-1.776806916113617173e-03
-1.508790343664446164e-03
-1.242117402140697959e-03
-9.858817344986559907e-04
-7.487771858639090655e-04
-5.387831100409506708e-04
-3.628747616050602767e-04
-2.267689794552942353e-04
-1.347141307488134397e-04
-8.933173261093567755e-05
-9.151535729253856659e-05
-1.403904180160412719e-04
-2.333362979968396644e-04
-3.660700988601939265e-04
-5.327891235119819845e-04
-7.263671482048013025e-04
-9.385976512753363941e-04
-1.160475517958591603e-03
-1.382507389572775998e-03
-1.595039818573569523e-03
-1.788593763792198539e-03
-1.954193734590744906e-03
-2.083680076611193165e-03
-2.169993478832779252e-03
-2.207421751232095837e-03
-2.191800240504261296e-03
-2.120658871879503582e-03
-1.993310671288867249e-03
-1.810878668619630722e-03
-1.576260237862667181e-03
-1.294030118093360011e-03
-9.702855037886670177e-04
-6.124386188363850018e-04
-2.289640247691083802e-04
1.708905040683804182e-04
5.774194329564081608e-04
9.807902226310479758e-04
1.371377831727295339e-03
1.740091281308929743e-03
2.078680878498072315e-03
2.380015377158368854e-03
2.638319410052144230e-03
2.849362921848922967e-03
3.010596016915390027e-03
3.121224550923190448e-03
3.182223873851145607e-03
3.196290301086744581e-03
3.167732073029388019e-03
3.102303685336540388e-03
3.006989457378008573e-03
2.889743985995129032e-03
2.759198642939061832e-03
2.624344464425314855e-03
2.494202608387014429e-03
2.377493990252644261e-03
2.282319736164852269e-03
2.215863712513561380e-03
2.184127615800533946e-03
2.191707964341051227e-03
2.241622863183587513e-03
2.335194667413621403e-03
2.471992707902279443e-03
2.649838136294848517e-03
2.864870766461735056e-03
3.111675614143370218e-03
3.383464741357060466e-03
3.672308070730287942e-03
3.969405115326766868e-03
4.265388132012371686e-03
4.550646101357925730e-03
4.815658203235146165e-03
5.051325120364158483e-03
5.249286573940106088e-03
5.402213973603524517e-03
5.504067931689103979e-03
5.550311618505750569e-03
5.538072478397784715e-03
5.466246631463732991e-03
5.335542289831157747e-03
5.148460650099083609e-03
4.909214910249991987e-03
4.623590223395447445e-03
4.298749466339944238e-03
3.942991595762653477e-03
3.565471022446882639e-03
3.175887796363743680e-03
2.784159414816356638e-03
2.400085706568428484e-03
2.033018484479238129e-03
1.691547489264023235e-03
1.383213573561048806e-03
1.114259118620198555e-03
8.894243691735842679e-04
7.117967612066016577e-04
5.827184588728120083e-04
5.017552758188644890e-04
4.667280042311391149e-04
4.738049873961346688e-04
5.176526251390330515e-04
5.916384713850897240e-04
6.880797404156216868e-04
7.985284477332032236e-04
9.140831285461715333e-04
1.025716146681728697e-03
1.124605061830397448e-03
1.202456382500375742e-03
1.251810300834741135e-03
1.266315674090383618e-03
1.240965562654320177e-03
1.172285019348195479e-03
1.058464500904704713e-03
8.994341811425063307e-04
6.968765196226253374e-04
4.541766067387541109e-04
1.763119903190010253e-04
-1.303141866547193224e-04
-4.580909171358444557e-04
-7.984603231978989676e-04
-1.142212784416640021e-03
-1.479805874109223641e-03
-1.801695937475668134e-03
-2.098670698307911024e-03
-2.362171240482872914e-03
-2.584592078375875374e-03
-2.759548793747057353e-03
-2.882103848834823186e-03
-2.948942646683242082e-03
-2.958493648948201139e-03
-2.910988317644233169e-03
-2.808458751979955523e-03
-2.654673070851638547e-03
-2.455010769368608844e-03
-2.216282377674030045e-03
-1.946499698732589555e-03
-1.654604630422505489e-03
-1.350166025631995741e-03
-1.043055161380063590e-03
-7.431111351175999098e-04
-4.598078571473694772e-04
-2.019342502482338866e-04
2.270119686431345055e-05
2.075312303800921215e-04
3.474469098075454437e-04
4.389634201318456594e-04
4.803288708515994097e-04
4.715723330738922150e-04
4.144894949637113832e-04
3.125665014235932005e-04
1.708447093387570771e-04
-4.268840815662626291e-06
-2.052385352576908744e-04
-4.236765114898408797e-04
-6.506484572647624944e-04
-8.769981132026503055e-04
-1.093679055223065882e-03
-1.292082080388030820e-03
-1.464346676574579832e-03
-1.603645617095017127e-03
-1.704432666299882972e-03
-1.762644678205668551e-03
-1.775850971856595241e-03
-1.743344718315574960e-03
-1.666173109998035163e-03
-1.547105232157251547e-03
-1.390538743375017983e-03
-1.202348620250398787e-03
-9.896832558114730151e-04
-7.607150501945565430e-04
-5.243542310300961917e-04
-2.899359336966371046e-04
-6.689151283509114573e-05
1.355843867469220393e-04
3.088593189350982531e-04
4.451696607639481478e-04
5.378976053923875504e-04
5.818087910273408081e-04
5.732422089034370409e-04
5.102457020951657422e-04
3.926522701380632391e-04
2.220944654919810527e-04
1.956334234255513102e-06
-2.627354608751935293e-04
-5.654775682403221943e-04
-8.985071626526554452e-04
-1.253062889257523620e-03
-1.619680447138939451e-03
-1.988512511143492121e-03
-2.349661839013698211e-03
-2.693515949890905141e-03
-3.011071705927149782e-03
-3.294238483014595882e-03
-3.536109367084347248e-03
-3.731190932746332976e-03
-3.875583611981761427e-03
-3.967106391318156455e-03
-4.005361525770897123e-03
-3.991737058503218305e-03
-3.929347113034269146e-03
-3.822912103603332435e-03
-3.678583112638352231e-03
-3.503716638484082480e-03
-3.306607653151950529e-03
-3.096190368018678866e-03
-2.881717234040610462e-03
-2.672427462630217344e-03
-2.477216717258624856e-03
-2.304319581366618894e-03
-2.161015956861862819e-03
-2.053371705183543953e-03
-1.986022639160667583e-03
-1.962009450876473111e-03
-1.982669371866636714e-03
-2.047588369927361238e-03
-2.154615561415299148e-03
-2.299939333680961311e-03
-2.478222505749896800e-03
-2.682791782489310235e-03
-2.905874850928464974e-03
-3.138876793967387141e-03
-3.372686115068950635e-03
-3.597999626117572014e-03
-3.805654785954350541e-03
-3.986957812472274529e-03
-4.133996035865750499e-03
-4.239923509621642238e-03
-4.299209829891766435e-03
-4.307843400283413622e-03
-4.263481972780905696e-03
-4.165545140635228821e-03
-4.015245490985707572e-03
-3.815557272516005224e-03
-3.571123621352463237e-03
-3.288105540026314833e-03
-2.973977864253357726e-03
-2.637279309058319053e-03
-2.287325294326248912e-03
-1.933893553836391142e-03
-1.586893485533248617e-03
-1.256030770796095781e-03
-9.504789568067625524e-04
-6.785694529549016283e-04
-4.475107480769544704e-04
-2.631466327662067457e-04
-1.297618458424522250e-04
-4.994190415980644809e-05
-2.449197841732650774e-05
-5.241761096581171175e-05
-1.309679071837188333e-04
-2.557396456578503712e-04
-4.208386207497551851e-04
-6.190925288387333445e-04
-8.423079067553284130e-04
-1.081562090811105919e-03
-1.327519941342622653e-03
-1.570764213675149507e-03
-1.802127982133317537e-03
-2.013017455782323533e-03
-2.195713865336661880e-03
-2.343643838163629936e-03
-2.451608786673904056e-03
-2.515965275772772021e-03
-2.534750056950228498e-03
-2.507745399658246194e-03
-2.436482446751383514e-03
-2.324182496481599913e-03
-2.175638292580299969e-03
-1.997039509954650488e-03
-1.795748582655622323e-03
-1.580034764373678194e-03
-1.358775778669100336e-03
-1.141137555027542340e-03
-9.362433177236975180e-04
-7.528436703496086150e-04
-5.989992865342875237e-04
-4.817873779685726866e-04
-4.070422797399304762e-04
-3.791392992892846699e-04
-4.008294608459483238e-04
-4.731309950383587749e-04
-5.952814359607234897e-04
-7.647520649359158557e-04
-9.773242559436687207e-04
-1.227225108718132344e-03
-1.507317677862796915e-03
-1.809339192788164859e-03
-2.124178980903396272e-03
-2.442186414243276236e-03
-2.753498146377150041e-03
-3.048373228942782755e-03
-3.317524419223199638e-03
-3.552434121585205593e-03
-3.745643941729473372e-03
-3.891007754787173013e-03
-3.983899464037636388e-03
-4.021368211723969945e-03
-4.002235641592394484e-03
-3.927131839979129159e-03
-3.798468727495447721e-03
-3.620351861461223487e-03
-3.398433763552525209e-03
-3.139713932186925446e-03
-2.852292563327269142e-03
-2.545086621336797340e-03
-2.227518216589250821e-03
-1.909186212664415591e-03
-1.599532569307778301e-03
-1.307515107480934722e-03
-1.041298153484644228e-03
-8.079718883553146502e-04
-6.133102186418328775e-04
-4.615756306776926717e-04
-3.553778400386812305e-04
-2.955911588713078155e-04
-2.813334424036787254e-04
-3.100073144601906902e-04
-3.774021859533846241e-04
-4.778534467323892337e-04
-6.044532046076196057e-04
-7.493051361734282424e-04
-9.038144656249722441e-04
-1.059002854384566861e-03
-1.205837109247388014e-03
-1.335560130602004647e-03
-1.440012442122671002e-03
-1.511932971984422756e-03
-1.545228481608999045e-03
-1.535202135776014831e-03
-1.478733139164310588e-03
-1.374401078873001584e-03
-1.222550550133595128e-03
-1.025293735364970127e-03
-7.864507816005320787e-04
-5.114300019178089031e-04
-2.070520364091296131e-04
1.186759264919464742e-04
4.568280157433076425e-04
7.978603010287991723e-04
1.131933694024658821e-03
1.449247864690585705e-03
1.740374520873476123e-03
1.996578418776909138e-03
2.210114898522938347e-03
2.374493558177990463e-03
2.484698862543227409e-03
2.537359988286328957e-03
2.530863981886240233e-03
2.465408289197877981e-03
2.342990835774257617e-03
2.167338021128510390e-03
1.943773161364596583e-03
1.679029996989256195e-03
1.381017803288692950e-03
1.058546332132143455e-03
7.210202171987464609e-04
3.781135402663426937e-04
3.943594702906420921e-05
-2.857980072629831602e-04
-5.890847194306172117e-04
-8.629215668057750588e-04
-1.101060971239514654e-03
-1.298719631511791039e-03
-1.452735631615429800e-03
-1.561667962389793381e-03
-1.625835015205295310e-03
-1.647290748006455859e-03
-1.629739410949297002e-03
-1.578391874472396140e-03
-1.499768651372117116e-03
-1.401456574510178289e-03
-1.291827717626356726e-03
-1.179730471380477548e-03
-1.074163663780991918e-03
-9.839452093299283497e-04
-9.173869636656567820e-04
-8.819872434689601456e-04
-8.841518525171618032e-04
-9.289534557119097716e-04
-1.019937798678203491e-03
-1.158983628241781662e-03
-1.346221286291163178e-03
-1.580012892200990601e-03
-1.856994869233241207e-03
-2.172181383831464467e-03
-2.519125130107901546e-03
-2.890129879974531139e-03
-3.276507402796530622e-03
-3.668869800818107089e-03
-4.057447062521519696e-03
-4.432418749139389880e-03
-4.784248230843422128e-03
-5.104007796170456634e-03
-5.383683274294015671e-03
-5.616447523748836074e-03
-5.796893228165878563e-03
-5.921216861406277884e-03
-5.987347391390508179e-03
-5.995015224110489954e-03
-5.945758979100125401e-03
-5.842869861814276727e-03
-5.691275580760860389e-03
-5.497367871391062137e-03
-5.268779660614709114e-03
-5.014119666294342657e-03
-4.742673713511219927e-03
-4.464083211686218668e-03
-4.188012033068338504e-03
-3.923813435782717157e-03
-3.680208669465654704e-03
-3.464988488703346463e-03
-3.284747993515116718e-03
-3.144664045238300225e-03
-3.048323011423952414e-03
-2.997604827131458011e-03
-2.992627384218667606e-03
-3.031753144107879588e-03
-3.111657687228371744e-03
-3.227457740371823293e-03
-3.372894137664055048e-03
-3.540563244840908442e-03
-3.722188677512886477e-03
-3.908923731651144096e-03
-4.091673868122687983e-03
-4.261427890464635111e-03
-4.409586150836473581e-03
-4.528274223884620579e-03
-4.610630998419309144e-03
-4.651061034457868587e-03
-4.645442286869373369e-03
-4.591281862624876052e-03
-4.487814301639216769e-03
-4.336038887494611180e-03
-4.138694633297299204e-03
-3.900173774571751625e-03
-3.626376758805280060e-03
-3.324513774395803419e-03
-3.002859738366511246e-03
-2.670471296518227289e-03
-2.336875724407765521e-03
-2.011742605880834176e-03
-1.704549773200127270e-03
-1.424255197793493962e-03
-1.178986316101863141e-03
-9.757576680802565374e-04
-8.202267378460787947e-04
-7.164965513805597597e-04
-6.669719518182003551e-04
-6.722745959567711770e-04
-7.312196619370331472e-04
-8.408550995219531230e-04
-9.965620666688877402e-04
-1.192213055778217241e-03
-1.420382195100034417e-03
-1.672600385979877181e-03
-1.939646368852170110e-03
-2.211863555067228836e-03
-2.479491561755213860e-03
-2.733000874507202083e-03
-2.963418955632371628e-03
-3.162636417868933819e-03
-3.323682584086916098e-03
-3.440960828160827961e-03
-3.510435503143415070e-03
-3.529763960688483623e-03
-3.498369090850356189e-03
-3.417449896463285470e-03
-3.289929788207955532e-03
-3.120344469094352060e-03
-2.914673393947036888e-03
-2.680120766392310536e-03
-2.424853803544070076e-03
-2.157707495126232142e-03
-1.887866256717329883e-03
-1.624533685060655392e-03
-1.376602038635201799e-03
-1.152333074385416623e-03
-9.590614714006138412e-04
-8.029312784484650238e-04
-6.886746624316672592e-04
-6.194407497076492245e-04
-5.966805938427228659e-04
-6.200923333947194228e-04
-6.876284907784931729e-04
-7.955651822092670196e-04
-9.386308355843643722e-04
-1.110189924121977000e-03
-1.302475291847416446e-03
-1.506860940312349960e-03
-1.714165724075241521e-03
-1.914977315304921494e-03
-2.099985083509556000e-03
-2.260310219891854908e-03
-2.387821528298808386e-03
-2.475425802949576468e-03
-2.517322599649863407e-03
-2.509214450988874780e-03
-2.448465133500497045e-03
-2.334200411395270097e-03
-2.167347693594556379e-03
-1.950613177932367971e-03
-1.688397243661663230e-03
-1.386651014181077999e-03
-1.052679070482957519e-03
-6.948951800922645132e-04
-3.225395502040302276e-04
5.463254025964893608e-05
4.266798740187034526e-04
7.838107177869841659e-04
1.116712838263683250e-03
1.416866607073263536e-03
1.676830283480061287e-03
1.890487539283423630e-03
2.053248613751655974e-03
2.162198111400252462e-03
2.216184324920079940e-03
2.215847014104550816e-03
2.163582727429023099e-03
2.063448940460876988e-03
1.921010427875176384e-03
1.743133308444298757e-03
1.537734034092464114e-03
1.313492170779755660e-03
1.079537085365212066e-03
8.451195643295149459e-04
6.192799153780236291e-04
4.105242231054889463e-04
2.265201408880469086e-04
7.382291311841147549e-05
-4.235874105737880840e-05
-1.183486519445761231e-04
-1.521345900369805958e-04
-1.434404003653774566e-04
-9.373633811648779575e-05
-6.187232930372635678e-06
1.144597078501241334e-04
2.620435272322588259e-04
4.292086663941242775e-04
6.076669460979005222e-04
7.884931902338762058e-04
9.624441168688505511e-04
1.120289302609548104e-03
1.253142598868560702e-03
1.352782358726954031e-03
1.411949221239808825e-03
1.424610982645432671e-03
1.386185233609449558e-03
1.293711918092003586e-03
1.145969720948930484e-03
9.435321566050247025e-04
6.887613412193871378e-04
3.857396117721050488e-04
4.014133102468926163e-05
-3.409506888787374942e-04
-7.492777726568028126e-04
-1.175678890721048881e-03
-1.610395570691536922e-03
-2.043397592367772637e-03
-2.464718119418022636e-03
-2.864786590856472498e-03
-3.234747774065193076e-03
-3.566755865928153846e-03
-3.854233402589303352e-03
-4.092085970803244731e-03
-4.276865261631052247e-03
-4.406874816112885465e-03
-4.482214819142960049e-03
-4.504764431773863702e-03
-4.478102338815743988e-03
-4.407368351257597711e-03
-4.299070965950599343e-03
-4.160847675880961077e-03
-4.001186476975669357e-03
-3.829118373832091429e-03
-3.653891699524812030e-03
-3.484639698247102811e-03
-3.330053051804198871e-03
-3.198068853769772853e-03
-3.095586954673153028e-03
-3.028223638261069023e-03
-3.000111276449768209e-03
-3.013750995059900298e-03
-3.069923520438165663e-03
-3.167661333883296012e-03
-3.304283108025952639e-03
-3.475489212419525121e-03
-3.675514931233439704e-03
-3.897336009264733454e-03
-4.132919304534740830e-03
-4.373509740940002312e-03
-4.609943478332522056e-03
-4.832976294749379530e-03
-5.033615638644358715e-03
-5.203444676724809648e-03
-5.334926940015949880e-03
-5.421680847370828789e-03
-5.458714438122795783e-03
-5.442612037072063619e-03
-5.371666256761032342e-03
-5.245950655104829850e-03
-5.067330443875813807e-03
-4.839410812506442922e-03
-4.567424616178135909e-03
-4.258063300662706836e-03
-3.919256924472477172e-03
-3.559910921893740497e-03
-3.189608765948547236e-03
-2.818290885149224954e-03
-2.455921020209944627e-03
-2.112151647493869765e-03
-1.796000129460386709e-03
-1.515546877557214173e-03
-1.277666043005762581e-03
-1.087798112730253581e-03
-9.497723211580523951e-04
-8.656850451506405402e-04
-8.358383899950995715e-04
-8.587410678414736463e-04
-9.311714900159262249e-04
-1.048300817648730246e-03
-1.203871617300412847e-03
-1.390425823242039897e-03
-1.599573983887193906e-03
-1.822296326983858985e-03
-2.049265067097613691e-03
-2.271176638568779636e-03
-2.479082193429789620e-03
-2.664704768749327594e-03
-2.820731999230398877e-03
-2.941074112093270548e-03
-3.021078162123500346e-03
-3.057691002459527775e-03
-3.049565287330438697e-03
-2.997104803415669497e-03
-2.902447556665806172e-03
-2.769387226633455816e-03
-2.603235764023733786e-03
-2.410631973448530870e-03
-2.199302819834430579e-03
-1.977785857118617100e-03
-1.755122543578585591e-03
-1.540533231507776454e-03
-1.343085264095513192e-03
-1.171365856675109056e-03
-1.033171274395389486e-03
-9.352232496222425816e-04
-8.829226299075434038e-04
-8.801489445398084314e-04
-9.291129701591088145e-04
-1.030267520001802977e-03
-1.182279642067441804e-03
-1.382065260325844027e-03
-1.624885105384606598e-03
-1.904498633475212952e-03
-2.213370600443104620e-03
-2.542923111855557253e-03
-2.883824376045170373e-03
-3.226304099756821878e-03
-3.560484531171135333e-03
-3.876715605204411955e-03
