2.350522250056846178e-03 6.564032262090899357e-04
2.197722019526812502e-03 1.299861766139642967e-04
1.761926685703603520e-03 -4.579317480412141666e-04
1.090480113297443918e-03 -9.913678292036761514e-04
2.741086281184613354e-04 -1.364296057448494181e-03
-5.697326833437849720e-04 -1.501101908372534655e-03
-1.318550114058612529e-03 -1.371273477487521420e-03
-1.867442824088425728e-03 -9.955373476309850936e-04
-2.148402732289745980e-03 -4.422678705744817929e-04
-2.142640798875062366e-03 1.851591363307191547e-04
-1.883617922052270664e-03 7.676817882193292001e-04
-1.450218230114764563e-03 1.192886307548017425e-03
-9.513682766286621047e-04 1.376136816123650023e-03
-5.050243008234985660e-04 1.276504232571812857e-03
-2.155148501001903118e-04 9.044810326387890806e-04
-1.535360350806444594e-04 3.200223868763212281e-04
-3.425928371827593848e-04 -3.787157268645192118e-04
-7.544576398513688732e-04 -1.073810921653845819e-03
-1.314507961431667701e-03 -1.649694250456288248e-03
-1.915932896694371064e-03 -2.014772092688119944e-03
-2.440116620539705111e-03 -2.118462311050506308e-03
-2.779335846889991260e-03 -1.960426399944015761e-03
-2.857468229068895089e-03 -1.590258008273976115e-03
-2.644783665718990727e-03 -1.097696056862112243e-03
-2.164009363865019436e-03 -5.952253723817612849e-04
-1.486510477688882722e-03 -1.963695031158417970e-04
-7.192986199855035253e-04 6.203832721922864640e-06
1.468359080050208893e-05 -4.139112761518729498e-05
5.992811730698521886e-04 -3.437044805641997769e-04
9.465594293647636073e-04 -8.547767519528296637e-04
1.012904844651387262e-03 -1.486575276022939493e-03
8.067576921094672454e-04 -2.125450600268945309e-03
3.865237329632883155e-04 -2.653502898095856655e-03
-1.509288532267799349e-04 -2.970817367548310526e-03
-6.889995597096628755e-04 -3.014361627078535923e-03
-1.113757800554035331e-03 -2.769968604987264535e-03
-1.335768680345709222e-03 -2.275135990730620984e-03
-1.307204540636780748e-03 -1.612110441797435807e-03
-1.030999013578748694e-03 -8.925625825521339837e-04
-5.603089255451001180e-04 -2.367494855119585103e-04
1.161356779221511262e-05 2.488963352574528453e-04
5.692186359712774011e-04 4.915157024438241221e-04
9.967522506512897090e-04 4.651787490158379706e-04
1.200456461245883637e-03 1.953288289887339249e-04
1.126665681831088986e-03 -2.465167688042486796e-04
7.723639014525225232e-04 -7.567951769175678290e-04
1.861940654588557700e-04 -1.219988266849635029e-03
-5.402821975737009995e-04 -1.530960103915747147e-03
-1.289430944809573289e-03 -1.615301555937428881e-03
-1.939320410771749100e-03 -1.443819936183987152e-03
-2.386312734481853617e-03 -1.038420882322596030e-03
-2.564207237052218771e-03 -4.682604147237502071e-04
-2.456322151220906823e-03 1.631114701085636400e-04
-2.098238080561876714e-03 7.371872581859199511e-04
-1.570693599437646831e-03 1.142842554244573663e-03
-9.839867457018703235e-04 1.297353414482467666e-03
-4.568429754595704868e-04 1.162111678475085969e-03
-9.375628725295380612e-05 7.500617630809147543e-04
3.490234260736723923e-05 1.234482222483550967e-04
-9.375924727780577013e-05 -6.177035739324356935e-04
-4.508635720834658009e-04 -1.354198123242953203e-03
-9.613486125365628115e-04 -1.969854997143534459e-03
-1.518368086332432931e-03 -2.373076182826881243e-03
-2.003775260935344252e-03 -2.513721256493999662e-03
-2.310805230036036204e-03 -2.392105365046194067e-03
-2.364652943949479419e-03 -2.058427063614499779e-03
-2.137041566477788836e-03 -1.602745407937459675e-03
-1.652012692263224621e-03 -1.137415206306763901e-03
-9.818313180681220373e-04 -7.753171866751256379e-04
-2.337696717030614626e-04 -6.080156728501102080e-04
4.697391979895122055e-04 -6.879894799370928505e-04
1.013831702847476160e-03 -1.018309634468511811e-03
1.312535088735635250e-03 -1.551726411205371636e-03
1.324653259638707090e-03 -2.199345300782914320e-03
1.061218767623985483e-03 -2.847254530439899921e-03
5.831085763530291467e-04 -3.377959737737097796e-03
-1.071755232801900018e-05 -3.692569687352015295e-03
-6.021230674387841389e-04 -3.729533114651517600e-03
-1.076260974746373784e-03 -3.476378087421596458e-03
-1.343344212535314223e-03 -2.972228421357484430e-03
-1.355597510029717297e-03 -2.300616240066682798e-03
-1.116182495777394467e-03 -1.573945533716218561e-03
-6.784094763460755831e-04 -9.125410359180403551e-04
-1.353901326893615223e-04 -4.222408775887390338e-04
3.979031798282065945e-04 -1.747663705576134839e-04
8.067667745554257591e-04 -1.945758527184010978e-04
9.988846499189283669e-04 -4.546814464199498002e-04
9.222392345272626725e-04 -8.822103644764421083e-04
5.754120098762934401e-04 -1.372647402700972238e-03
8.312601055129940734e-06 -1.810051820471246520e-03
-6.868130223476136536e-04 -2.089411089906484387e-03
-1.392404040071660264e-03 -2.136890059886829233e-03
-1.987424217608708184e-03 -1.924133400306041750e-03
-2.369894860454856231e-03 -1.473906159964489442e-03
-2.475864854434846590e-03 -8.559985169307126034e-04
-2.291234998005575382e-03 -1.741655654052755742e-04
-1.854205571888958544e-03 4.534280449695903036e-04
-1.247890014191352934e-03 9.165573472489724422e-04
-5.844978357874067425e-04 1.133848182627265758e-03
1.591564647645540235e-05 1.068288790564480770e-03
4.481083804444472261e-04 7.344011437673211590e-04
6.414302567839358198e-04 1.957089540074952389e-04
5.729794496973992634e-04 -4.470248096457201726e-04
2.716501458378937526e-04 -1.074571464977522491e-03
-1.876883067020540356e-04 -1.571475238779363381e-03
-6.987707647759531029e-04 -1.847555599455296023e-03
-1.144504476949832674e-03 -1.854611789495730009e-03
-1.419621440073384018e-03 -1.595176652588648717e-03
-1.451114893285786796e-03 -1.121672183691977418e-03
-1.212578955465429395e-03 -5.261363029582435263e-04
-7.297245129718958178e-04 7.752485167713900858e-05
-7.601510274603506508e-05 5.753902225859631753e-04
6.407626057003464482e-04 8.753372698883914865e-04
1.298462268442802502e-03 9.246786079745772163e-04
1.783306009589819300e-03 7.202768733919027999e-04
2.011083621693543315e-03 3.092183297892219657e-04
1.942817546137040434e-03 -2.200852338744731641e-04
1.591934845510044935e-03 -7.546829028725370514e-04
1.021593886387102065e-03 -1.178580739938928307e-03
3.326758125127702225e-04 -1.394875609622353314e-03
-3.552834855749292982e-04 -1.344332343150640013e-03
-9.266105515871786219e-04 -1.016881693909035345e-03
-1.291199291857222237e-03 -4.538554678974473741e-04
-1.401297982995597380e-03 2.594721969168422735e-04
-1.260205670428816548e-03 1.009633988024992131e-03
-9.212388082495853205e-04 1.676036635168418618e-03
-4.771726919383201628e-04 2.153367387767679293e-03
-4.216696768175769768e-05 2.371107619524733066e-03
2.703914791831659456e-04 2.306469139682170138e-03
3.699212820451941094e-04 1.988313863340526906e-03
2.063711699753128029e-04 1.491324217989621614e-03
-2.197318991688540935e-04 9.215369213070349289e-04
-8.568257610134553471e-04 3.959871935926977419e-04
-1.611545614684936232e-03 2.032461218345340236e-05
-2.365909352575084387e-03 -1.313552697065156847e-04
-2.999212300960924817e-03 -3.064022056273709230e-05
-3.410495341299206278e-03 2.997869425275393254e-04
-3.537340606543215322e-03 7.904806027045895587e-04
-3.367442865107035492e-03 1.338488462670349823e-03
-2.940770932075896169e-03 1.827020125469867948e-03
-2.341913311984995284e-03 2.147800886376154388e-03
-1.684058821853134588e-03 2.221873366179128763e-03
-1.087644736137853172e-03 2.014901896071166418e-03
-6.577126543634371006e-04 1.544074013299461673e-03
-4.642551204990478120e-04 8.752833155685833377e-04
-5.292680796234300843e-04 1.111172350969125459e-04
-8.229530657110769535e-04 -6.280862654653715038e-04
-1.269779250757785806e-03 -1.226537083887523864e-03
-1.763247446063325504e-03 -1.594435349943736698e-03
-2.186549584430862950e-03 -1.684508659452674684e-03
-2.435200323072519470e-03 -1.500523444167193611e-03
-2.437343685446444197e-03 -1.096168765073517355e-03
-2.167877848687733717e-03 -5.645328766771053356e-04
-1.653711898121568418e-03 -2.017307429299326424e-05
-9.691479164209899390e-04 4.228194150171049430e-04
-2.222521370219464549e-04 6.726007054072436625e-04
4.652140564186712027e-04 6.770734254154236326e-04
9.805119668144747155e-04 4.337878405708756394e-04
1.240998033888717888e-03 -9.630755952133194728e-06
1.209566671691657616e-03 -5.646086010502083825e-04
9.015435352455427502e-04 -1.118573553112223434e-03
3.817263350802652219e-04 -1.556515388329682281e-03
-2.478659618615030430e-04 -1.783068572012064951e-03
-8.672172273903410280e-04 -1.740929444437567912e-03
-1.360874756081270707e-03 -1.422112507415963529e-03
-1.639579618040259545e-03 -8.699052016319576853e-04
-1.656877903147914270e-03 -1.711407955203287745e-04
-1.417575814688637860e-03 5.597584551004981292e-04
-9.764471110693555061e-04 1.201957810760567215e-03
-4.274479738498792258e-04 1.650607850258884249e-03
1.145076381864674510e-04 1.836233667797585725e-03
5.357501199268668163e-04 1.737454672119214706e-03
7.458186015859538838e-04 1.384636243847772123e-03
6.950175053261602870e-04 8.537905696347589547e-04
3.842301761945120502e-04 2.518891344074972714e-04
-1.348788099490535238e-04 -3.036257489972041777e-04
-7.693203455297097570e-04 -7.072460063686494477e-04
-1.402114228551641899e-03 -8.854736912385077416e-04
-1.914224405659294744e-03 -8.107644807384493252e-04
-2.206948368793151642e-03 -5.066982565363224375e-04
-2.220525532639627386e-03 -4.339891657077185648e-05
-1.945443675016499336e-03 4.759266180187890277e-04
-1.424303328533644544e-03 9.347771538312315241e-04
-7.438859603143906270e-04 1.225721056393982078e-03
-1.892477297129620652e-05 1.271093505139906732e-03
6.293537680598336459e-04 1.038099844727094706e-03
1.095861084304769386e-03 5.454558882918845216e-04
1.311173121225403960e-03 -1.397022648406647102e-04
1.254264341875649261e-03 -9.140643836175507252e-04
9.560481239080382675e-04 -1.657240307552028911e-03
4.930641649893197130e-04 -2.254097617961186174e-03
-2.748035679182397840e-05 -2.616123793485088111e-03
-4.884717889541646731e-04 -2.697778014594931235e-03
-7.855106157474444663e-04 -2.504745618679973633e-03
-8.470974460479689574e-04 -2.092540307311183817e-03
-6.485518310430588365e-04 -1.555725545461992621e-03
-2.170189259124440757e-04 -1.009801426981071218e-03
3.733924393540581860e-04 -5.691905991666316913e-04
1.015426907677088484e-03 -3.254939845510485940e-04
1.588844574892893770e-03 -3.301344527135872606e-04
1.983114531743485412e-03 -5.846742547438957705e-04
2.118345725006584059e-03 -1.040637558824372699e-03
1.960492927584945796e-03 -1.608868235187046764e-03
1.527957798274771082e-03 -2.176646193754446477e-03
8.883324746921272179e-04 -2.629315206328202044e-03
1.458977593346036340e-04 -2.872319675878362739e-03
-5.777632630978759686e-04 -2.849469275812205413e-03
-1.166373428932994004e-03 -2.553963718815026838e-03
-1.530520147660931283e-03 -2.030080134337195526e-03
-1.624092981973766997e-03 -1.365193224611577390e-03
-1.452499117029601612e-03 -6.736288093718883129e-04
-1.071113061106157950e-03 -7.539793136511008589e-05
-5.742663270251830094e-04 3.261714856318413723e-04
-7.687408428119410757e-05 4.636789901399460817e-04
3.078103437141112590e-04 3.181361108865255524e-04
4.900896672015748893e-04 -7.766604826282201383e-05
4.212094120816045964e-04 -6.455382853171703602e-04
1.029357503509100574e-04 -1.276811517355730397e-03
-4.124973174892351564e-04 -1.852964512240929491e-03
-1.032068209746021033e-03 -2.268054338915333114e-03
-1.639447792441646196e-03 -2.448702889023677241e-03
-2.116973038544151670e-03 -2.367857043427137875e-03
-2.367955539469768916e-03 -2.049720452357756822e-03
-2.335100813826996788e-03 -1.564927938787672411e-03
-2.011548856246474053e-03 -1.016882383326537598e-03
-1.442441642619271634e-03 -5.218484735042142400e-04
-7.167152226600686984e-04 -1.865807993394138792e-04
4.933668134736820437e-05 -8.773143182921948162e-05
7.336241345772744494e-04 -2.569457941723480698e-04
1.230875023829253656e-03 -6.744790056907994666e-04
1.472031027567651668e-03 -1.272551765878957714e-03
1.436765067916964591e-03 -1.947820629693759655e-03
1.156762707265055748e-03 -2.580611349115370743e-03
7.091588693064147103e-04 -3.057282652771449016e-03
2.013850619654308305e-04 -3.291494061581948585e-03
-2.496918635830244456e-04 -3.240357619810222377e-03
-5.403782261477411541e-04 -2.912420805078792026e-03
-6.002181245687056299e-04 -2.365973260980882252e-03
-4.057056538390317645e-04 -1.698000759775324543e-03
1.495975523308358101e-05 -1.025879264558198205e-03
5.869819639254012867e-04 -4.652750549807879547e-04
1.202978447121036323e-03 -1.084336393156997824e-04
1.743242713005450787e-03 -6.964945454470067646e-06
2.098423509853820056e-03 -1.623793810604779158e-04
2.190325968000179056e-03 -5.261603235253383727e-04
1.986893505224192336e-03 -1.009351620564546493e-03
1.508529284887192602e-03 -1.499835908559339886e-03
8.245540350275578061e-04 -1.884022366802622517e-03
4.046304317624171130e-05 -2.068826895017934937e-03
-7.216140942158044084e-04 -1.999771920029479264e-03
-1.345561416644910522e-03 -1.671767701285063008e-03
-1.742755002363980668e-03 -1.130522984573549550e-03
-1.868316516375889604e-03 -4.643076517598644605e-04
-1.729076155765163101e-03 2.123824916896346459e-04
-1.381749109317516669e-03 7.801745354580123630e-04
-9.216825607780073119e-04 1.137146389113643120e-03
-4.643153517105457536e-04 1.217912846056310328e-03
-1.228716386189427582e-04 1.005861408659302399e-03
1.347794904310779286e-05 5.362251328211612789e-04
-1.031561438531178668e-04 -1.105868693167250246e-04
-4.700353790790940105e-04 -8.241376531157409199e-04
-1.034102122366512607e-03 -1.484722088206959049e-03
-1.701890102379967741e-03 -1.985809819324973156e-03
-2.357161974261760221e-03 -2.253926340753702878e-03
-2.882934658459982043e-03 -2.262213631814944878e-03
-3.183720406370340282e-03 -2.035110014379426166e-03
-3.203768817039497757e-03 -1.643271740641069276e-03
-2.937850468026605849e-03 -1.189707591934014742e-03
-2.432533463468299940e-03 -7.897623546045001199e-04
-1.777702987057381070e-03 -5.487502335336335961e-04
-1.089920290174057390e-03 -5.414844602925901300e-04
-4.907618321269441048e-04 -7.975902944826515194e-04
-8.422910608733001105e-05 -1.295393322275759183e-03
6.250479390463941319e-05 -1.965550817045205734e-03
-6.862222762276672626e-05 -2.703748442120279798e-03
-4.435638440456388370e-04 -3.390067159403668730e-03
-9.830097491211789006e-04 -3.911361064879624594e-03
-1.577765852358298162e-03 -4.182415429478792031e-03
-2.109748803793842081e-03 -4.161883763660199215e-03
-2.474611416995289685e-03 -3.859989836670023496e-03
-2.601707945610129240e-03 -3.336538365003757691e-03
-2.467613225004136428e-03 -2.689611556067072334e-03
-2.100631802324611636e-03 -2.037090680940834616e-03
-1.575440923070477693e-03 -1.494498752555916375e-03
-9.988812115516794606e-04 -1.153355331850715966e-03
-4.895869348029022660e-04 -1.064135955760092071e-03
-1.553160697960942124e-04 -1.227055397401860017e-03
-7.227771892690730386e-05 -1.592411335622475731e-03
-2.703778796107221809e-04 -2.070413795953453436e-03
-7.271854205070620979e-04 -2.548628900902020350e-03
-1.371770211495276608e-03 -2.913723278955718341e-03
-2.097697058357832819e-03 -3.073381019736730509e-03
-2.782726136014758173e-03 -2.974232543628886529e-03
-3.311501127765487107e-03 -2.612390309568545302e-03
-3.596940657742533909e-03 -2.034586809183275193e-03
-3.596293970357987944e-03 -1.329690564292133328e-03
-3.318831715705737248e-03 -6.121987445911838445e-04
-2.823725929529131637e-03 -8.253740520817141879e-07
-2.208530088718105126e-03 4.037660012744288688e-04
-1.590448925270950085e-03 5.378729598483766730e-04
-1.083951699479428253e-03 3.867300943816913243e-04
-7.789735975734244158e-04 -1.271633626756345486e-05
-7.238370016801696366e-04 -5.787607845665475748e-04
-9.161289823835319385e-04 -1.200303393609774335e-03
-1.303263067549806494e-03 -1.757721799463927634e-03
-1.792617783866164724e-03 -2.145302764922190665e-03
-2.269329252405687548e-03 -2.290992687153151595e-03
-2.618364000434451281e-03 -2.169734923809087373e-03
-2.746685951651835905e-03 -1.807877247925794312e-03
-2.601312127396827618e-03 -1.277824399673126729e-03
-2.179828668735452404e-03 -6.839583068638304883e-04
-1.531365280882590650e-03 -1.425022389565603481e-04
-7.478320362035946250e-04 2.408481844470018295e-04
5.293426137835378041e-05 3.912816965714752473e-04
7.489352637372076894e-04 2.793519728001251246e-04
1.236578860661722125e-03 -7.316827811674781346e-05
1.449788267713514366e-03 -5.971756962989387824e-04
1.372045400530789213e-03 -1.189137228181963392e-03
1.039098529465692228e-03 -1.730565968714320229e-03
5.318308418011059900e-04 -2.110387894223379399e-03
-3.935167697537730967e-05 -2.245966701194094823e-03
-5.556502006027240828e-04 -2.098806620659268707e-03
-9.125147390209977297e-04 -1.681959332432565865e-03
-1.039506843843554648e-03 -1.057730417018109062e-03
-9.136206491752434794e-04 -3.261160286851275082e-04
-5.635400926385646407e-04 3.938457936831526551e-04
-6.402827814264595028e-05 9.862845384446610689e-04
4.784847385471131635e-04 1.360069720755875114e-03
9.463811127948438227e-04 1.465670470375883289e-03
1.233516246450151559e-03 1.304119425737438210e-03
1.265761950817491377e-03 9.263937969048273565e-04
1.015531678901674100e-03 4.233412988700336861e-04
5.075261906077291503e-04 -9.193097851684301543e-05
-1.854003418366991451e-04 -5.058598217181592242e-04
-9.554835285983714812e-04 -7.262830971601062259e-04
-1.679906276757580069e-03 -7.002033163670015430e-04
-2.243523054342737647e-03 -4.240860850775374138e-04
-2.560160070208154955e-03 5.526338776513993294e-05
-2.588469467484301630e-03 6.494172299357344131e-04
-2.339345829117894619e-03 1.244988876085394809e-03
-1.873509715488888604e-03 1.725091351011566812e-03
-1.289723372010850291e-03 1.991527747754419028e-03
-7.058759680843954302e-04 1.983511543742676186e-03
-2.365242493056855799e-04 1.689369930755699970e-03
2.885601907561051276e-05 1.149010528939110182e-03
4.278874533731225234e-05 4.466793975635694781e-04
-1.913164272317200224e-04 -3.046247550543148912e-04
-6.199906777121425407e-04 -9.841366353250577924e-04
-1.150084291283672965e-03 -1.485745784958614072e-03
-1.666725421105343065e-03 -1.737617636228434197e-03
-2.055451097496400516e-03 -1.715309485423920826e-03
-2.224310796759535695e-03 -1.445908893599209474e-03
-2.121746866153161222e-03 -1.002422118066965701e-03
-1.746854809464598590e-03 -4.894862217644905828e-04
-1.150068658053989522e-03 -2.312096398353975703e-05
-4.241293206414612762e-04 2.916355363151623605e-04
3.129662895575627398e-04 3.809636013382385403e-04
9.398187899297729938e-04 2.165315109978263597e-04
1.354155941383198940e-03 -1.789107523193444148e-04
1.491782820248837692e-03 -7.356777687242332595e-04
1.338373651298907941e-03 -1.350253351711433241e-03
9.318805193284698243e-04 -1.904874151738470073e-03
3.551094375538698094e-04 -2.289884358402285991e-03
-2.801254544596325701e-04 -2.424627427357583728e-03
-8.542657057330530455e-04 -2.272916275070317911e-03
-1.262662314067951232e-03 -1.850148465062252841e-03
-1.435329960605889049e-03 -1.220713451139458262e-03
-1.350063100689023830e-03 -4.861757159162391462e-04
-1.036434015423837694e-03 2.335370630583117431e-04
-5.699211038732772015e-04 8.223882648313226304e-04
-5.728605483030021909e-05 1.189725439973159452e-03
3.840230769995351583e-04 1.286953426053768189e-03
6.485334681883668387e-04 1.116241597971083695e-03
6.631724099871726423e-04 7.296278095234779272e-04
4.015768286462124709e-04 2.186997852189804820e-04
-1.104337535673859593e-04 -3.031815971654853786e-04
-7.992689707569564875e-04 -7.227412740621284035e-04
-1.557040389543789139e-03 -9.485834181155044804e-04
-2.261555435093087155e-03 -9.287851720358911807e-04
-2.799057066757434410e-03 -6.609531444833614041e-04
-3.085412908866046709e-03 -1.928337725332415894e-04
-3.081749919651688516e-03 3.866411594010581761e-04
-2.801580975523227431e-03 9.641798140790179680e-04
-2.308079121111472187e-03 1.423640352542316408e-03
-1.702019029586004798e-03 1.668150949850873924e-03
-1.102670617630019216e-03 1.638647901021239410e-03
-6.252625553774965057e-04 1.325316737223405147e-03
-3.592812571821979873e-04 7.697638004526236944e-04
-3.517111492045599426e-04 5.749975681553127788e-05
-5.983848284825694225e-04 -6.978500769153849446e-04
-1.045074624793146910e-03 -1.375628101784597511e-03
-1.598111139042802595e-03 -1.870537582362381650e-03
-2.142509136189978038e-03 -2.112116992981435178e-03
-2.564158581371614454e-03 -2.077618948815769702e-03
-2.771868040979313073e-03 -1.795865951093068673e-03
-2.715075070778853652e-03 -1.341363420861254414e-03
-2.393858413619880110e-03 -8.197946928282238196e-04
-1.859344533414404631e-03 -3.476536156455157546e-04
-1.204420209046105830e-03 -2.987936095451347411e-05
-5.464991395291359530e-04 6.026497175229449457e-05
-5.596069088449878021e-06 -1.047453007300832521e-04
3.181482841990467599e-04 -5.013595366639395741e-04
3.632427531370572248e-04 -1.059352871400760744e-03
1.183718426604860215e-04 -1.675132365247162993e-03
-3.755064516158235742e-04 -2.231427463756044654e-03
-1.032886534026042791e-03 -2.619633656980716908e-03
-1.739801849568315024e-03 -2.760574440870508517e-03
-2.375227936885579687e-03 -2.619744891388376979e-03
-2.833752590570927377e-03 -2.214143885292099191e-03
-3.045225553844207837e-03 -1.609393614077700776e-03
-2.987673653828649360e-03 -9.076831989887095735e-04
-2.691043903784275451e-03 -2.288099205233888080e-04
-2.231075059302257448e-03 3.121019788197760582e-04
-1.714468330510264147e-03 6.259961393475195002e-04
-1.258176296350970846e-03 6.663516782396702951e-04
-9.667434164666753246e-04 4.376154321698413939e-04
-9.120008545796635946e-04 -5.988178211394057891e-06
-1.118972637855117228e-03 -5.710353741313182758e-04
-1.560673836710779272e-03 -1.142858362063985198e-03
-2.162797189390373333e-03 -1.607471159081415215e-03
-2.817411343102047775e-03 -1.873308849415043038e-03
-3.403086368279315509e-03 -1.888660089879672186e-03
-3.807643783196409948e-03 -1.651489794276890261e-03
-3.949229757643239226e-03 -1.209791507588106087e-03
-3.791725900606574690e-03 -6.524038287533919433e-04
-3.351582347755067883e-03 -9.203245816976875562e-05
-2.694780148971976166e-03 3.563032079627380475e-04
-1.924497098282947375e-03 5.973123161519675777e-04
-1.161809651503390058e-03 5.737832777977988890e-04
-5.230804858207807259e-04 2.777606093527032211e-04
-9.830721504046672186e-05 -2.475769593697755731e-04
6.547572736670154332e-05 -9.157019556939409704e-04
-2.739179729546368201e-05 -1.612722796771524870e-03
-3.225539808516199227e-04 -2.218550973147681050e-03
-7.264985471530889050e-04 -2.629252931078523634e-03
-1.124849273614833729e-03 -2.776364316398928674e-03
-1.404615527195931341e-03 -2.639519031760203735e-03
-1.476173274958651879e-03 -2.250010784939958722e-03
-1.290802901538490310e-03 -1.684620885002896008e-03
-8.504508222663485339e-04 -1.050888030194443122e-03
-2.078549658303049941e-04 -4.666149642815228642e-04
5.430002253850934810e-04 -3.749661461740312271e-05
1.284301265585828565e-03 1.628916226035673036e-04
1.896405398536720431e-03 1.069553983814085316e-04
2.280263143702879712e-03 -1.818310461935577962e-04
2.376022187260988169e-03 -6.335720335297937399e-04
2.174292322074864586e-03 -1.145448147609528632e-03
1.717938826330665802e-03 -1.601503002236018876e-03
1.094063221208967747e-03 -1.894965482910841281e-03
4.176865868580692054e-04 -1.948872698576216769e-03
-1.897799173975535944e-04 -1.731079768573695089e-03
-6.232071765143818581e-04 -1.260804722596215637e-03
-8.132777993523469546e-04 -6.054590658032931848e-04
-7.391845709907988483e-04 1.316464166448679863e-04
-4.321034704690738886e-04 8.304034420646349635e-04
3.120528294394699607e-05 1.376209326916397798e-03
5.434448646942765995e-04 1.681258607039277930e-03
9.876169266405630809e-04 1.700801319665665948e-03
1.259686962526079118e-03 1.441298333992037297e-03
1.288776403709522133e-03 9.589373877460258093e-04
1.051046652422240723e-03 3.487974548222496068e-04
5.746354332026671957e-04 -2.732816282679715030e-04
-6.529887523430385251e-05 -7.926877024451292261e-04
-7.604949009415253904e-04 -1.117717612978508506e-03
-1.389839416263894583e-03 -1.196845912343385719e-03
-1.842122490827987052e-03 -1.028312842391242675e-03
-2.036991256613720439e-03 -6.602195520928025481e-04
-1.940136108534023423e-03 -1.811175559961314126e-04
-1.569833366087062653e-03 2.971191882744505944e-04
-9.936032155312484685e-04 6.608886198177349978e-04
-3.156116504102021887e-04 8.168235439058737319e-04
3.428038708483057166e-04 7.099547615864330776e-04
8.658047360659766904e-04 3.346247516659872114e-04
1.164633206617719232e-03 -2.639254194392725173e-04
1.194028984164601350e-03 -9.976074389910171130e-04
9.603820240314448788e-04 -1.751661788963650764e-03
5.200886435327305071e-04 -2.405906297226497077e-03
-3.156662846751675904e-05 -2.857044106747266832e-03
-5.788868919625834650e-04 -3.037816744139885169e-03
-1.008086736791806654e-03 -2.929384500508526272e-03
-1.229226196635884805e-03 -2.564597651190003453e-03
-1.193591367501051648e-03 -2.021545519756270601e-03
-9.032213953872611847e-04 -1.408609734590696768e-03
-4.107698266802636963e-04 -8.438550232671261989e-04
1.902800944509796719e-04 -4.326613264448643959e-04
7.831985484324690671e-04 -2.478322540254798180e-04
1.250064707552390325e-03 -3.159442688971285992e-04
1.494120098231166514e-03 -6.125176222120325793e-04
1.458186853783492243e-03 -1.066918099133997051e-03
1.135661221890781839e-03 -1.576054708463456430e-03
5.719968147364705262e-04 -2.024271756531141348e-03
-1.436087548845782795e-04 -2.305659892044864025e-03
-8.947566749104705246e-04 -2.344551948950326578e-03
-1.559495056102510159e-03 -2.110312581178209329e-03
-2.032982715888886818e-03 -1.623610774548738022e-03
-2.246887613230893511e-03 -9.529768352483872912e-04
-2.181857933287155611e-03 -2.022851103043253986e-04
-1.870715921748920037e-03 5.084777930743583727e-04
-1.391781291869649030e-03 1.065527536868766598e-03
-8.535997626027526722e-04 1.382462997901507187e-03
-3.739792430626838905e-04 1.416310872346714014e-03
-5.731333916563700719e-05 1.175402526595103764e-03
2.550472214540291591e-05 7.175969012235633654e-04
-1.492337719263738677e-04 1.391897872728626358e-04
-5.533688496407976505e-04 -4.433882438492015368e-04
-1.112080030598087098e-03 -9.156191639641121476e-04
-1.718004440237331154e-03 -1.186516497023491681e-03
-2.251593564552210186e-03 -1.205725200653343706e-03
-2.603854204050308398e-03 -9.728688618423345829e-04
-2.697165870261400769e-03 -5.373800349525968689e-04
-2.500229254617312991e-03 1.114718357497621786e-05
-2.034309908748875399e-03 5.602475665147922624e-04
-1.369587870197305074e-03 9.962353071114168554e-04
-6.122959254759411133e-04 1.226105628361343547e-03
1.149278748882214592e-04 1.195530437374650590e-03
6.957639340593167222e-04 8.995304679152188888e-04
1.041719763114316074e-03 3.837931668876024818e-04
1.108362780894723339e-03 -2.636228660955711612e-04
9.032156213937424152e-04 -9.286352438723462829e-04
4.838309252114083897e-04 -1.492449990347061595e-03
-5.357823834522977742e-05 -1.853810603719206578e-03
-5.927884740969852117e-04 -1.947977535540359496e-03
-1.019955113242571910e-03 -1.758849479895166403e-03
-1.245491741439214758e-03 -1.321935059504573138e-03
-1.221289500053218853e-03 -7.176144413407017138e-04
-9.500093567975358838e-04 -5.596740239465056079e-05
-4.846831661331870355e-04 5.439603838414277344e-04
8.130386824059647477e-05 9.765295672286679676e-04
6.319535855301285998e-04 1.169285877900085469e-03
1.050758146730859828e-03 1.096405972750464329e-03
1.242978210782168681e-03 7.832713640279102352e-04
1.153873040669093665e-03 3.013124373918638077e-04
7.794243171111512724e-04 -2.458921759725592746e-04
1.675151517790250287e-04 -7.426191497824411424e-04
-5.906683031438474032e-04 -1.083309211331333257e-03
-1.377395068231654710e-03 -1.192946710702227821e-03
-2.070145633947181006e-03 -1.041641001358128722e-03
-2.564258839102780130e-03 -6.506388207144682152e-04
-2.792193529569526357e-03 -8.861993167032727143e-05
-2.735770227239103618e-03 5.410311063727558500e-04
-2.429087028967406945e-03 1.119574559929298807e-03
-1.951569280783380491e-03 1.535229188849778197e-03
-1.412479996776527975e-03 1.704230113610502887e-03
-9.298339368325672779e-04 1.586647443939427377e-03
-6.077167484440015519e-04 1.193972785102874815e-03
-5.163111929314058608e-04 5.870378902768365152e-04
-6.784183146977353952e-04 -1.353413382358744526e-04
-1.065029874282520835e-03 -8.548478307097848649e-04
-1.600792697846574984e-03 -1.455777790230138816e-03
-2.178330704792206824e-03 -1.846604980537981276e-03
-2.678711303991319383e-03 -1.976918807551449574e-03
-2.994177558171667516e-03 -1.846537328799695244e-03
-3.048836692377895549e-03 -1.505079022397782509e-03
-2.813380796784012341e-03 -1.042084572884123365e-03
-2.311044055688933445e-03 -5.695698182786367112e-04
-1.613658897663029865e-03 -2.003244189578798785e-04
-8.285471835720892861e-04 -2.607634307363166336e-05
-7.871714894239266545e-05 -9.966741464946331751e-05
5.198961534161889841e-04 -4.246252097667036624e-04
8.798496108036047824e-04 -9.541154296293427985e-04
9.582265577264264134e-04 -1.599481828312350386e-03
7.642627402629474393e-04 -2.246764292823947434e-03
3.571309287650325376e-04 -2.778073711926580015e-03
-1.656861309228866124e-04 -3.093781154532823045e-03
-6.872238148165634407e-04 -3.131323092284247177e-03
-1.093491951354138517e-03 -2.877063515974224300e-03
-1.295300978623846119e-03 -2.368966840471541015e-03
-1.245320354966287981e-03 -1.689573852997150114e-03
-9.471360403342741216e-04 -9.506074735772546830e-04
-4.545905676399202532e-04 -2.721184099617071726e-04
1.384689780336284667e-04 2.398868615783201087e-04
7.160916546552680093e-04 5.131073921892375257e-04
1.162378534918769371e-03 5.221844384462486811e-04
1.383692830320821599e-03 2.930171260960884490e-04
1.326711507354633515e-03 -1.026493665118754952e-04
9.888916661299656293e-04 -5.613272057267753787e-04
4.193600466866509338e-04 -9.678990306900754105e-04
-2.899535079498078869e-04 -1.217921090631943638e-03
-1.021271116263569980e-03 -1.237882340259207790e-03
-1.652811663979907204e-03 -9.995731062750192950e-04
-2.081400653860897461e-03 -5.258331675469232400e-04
-2.241575199073688081e-03 1.134175168839226958e-04
-2.117577300638413297e-03 8.141209793487330692e-04
-1.745974333015577751e-03 1.457551499622100274e-03
-1.208419402144452577e-03 1.932631623723212811e-03
-6.159301017093944805e-04 2.156871311973222738e-03
-8.766887555853490957e-05 2.091966770072979567e-03
2.717521607832843605e-04 1.751105112618455339e-03
3.921413307812835879e-04 1.196589851713391727e-03
2.510085147849638355e-04 5.282332814505726146e-04
-1.222572210634135246e-04 -1.352914917186535905e-04
-6.521024586754766133e-04 -6.786144965404533038e-04
-1.231330852482853504e-03 -1.011159968997419386e-03
-1.741676119137597518e-03 -1.083904172021379680e-03
-2.076524171612824810e-03 -8.982366862546494173e-04
-2.161473631766762295e-03 -5.052577360713345848e-04
-1.968832040289347166e-03 4.344575756350308707e-06
-1.523292394090038689e-03 5.179094809795116352e-04
-8.977039837482438025e-04 9.225651008052705715e-04
-1.997267999559571938e-04 1.127005645642785697e-03
4.481150810819154481e-04 1.079151348025237734e-03
9.312156155543136783e-04 7.763387379463479150e-04
1.164201544668515276e-03 2.661042986263222098e-04
1.106754053239503242e-03 -3.625931316502471573e-04
7.709507354271957682e-04 -9.960540819491498464e-04
2.187456317677357893e-04 -1.517269021155833938e-03
-4.499290358998311304e-04 -1.828041699625168213e-03
-1.116181652730712306e-03 -1.867616360225132170e-03
-1.664696148050691295e-03 -1.624280318265346884e-03
-2.005514598181403624e-03 -1.137742023929990982e-03
-2.090943137937205983e-03 -4.918299761676295278e-04
-1.924381915853099704e-03 2.011107292804115902e-04
-1.559410727495917246e-03 8.211766449150207595e-04
-1.089308765306051374e-03 1.263258669740818319e-03
-6.289998772670849165e-04 1.456565822314974737e-03
-2.928504639654210852e-04 1.377633129431694815e-03
-1.725337304301255599e-04 1.054360914726438971e-03
-3.191624609062910026e-04 5.603311129640763111e-04
-7.330849815221850922e-04 4.871172279616287591e-07
-1.363288428503042554e-03 -5.091014387367085066e-04
-2.116534507232868331e-03 -8.635481853150894522e-04
-2.874510000966030467e-03 -9.893011184140291722e-04
-3.515756297801658423e-03 -8.583123634365539276e-04
-3.938236580274875366e-03 -4.935374860770298105e-04
-4.078277583438245577e-03 3.528162716526667695e-05
-3.922308096720675090e-03 6.247550397573456947e-04
-3.509178977112259977e-03 1.157418242924174168e-03
-2.922631386027687000e-03 1.524034975718114660e-03
-2.275343836076655375e-03 1.644405313679585170e-03
-1.687581472828992603e-03 1.482736525254151061e-03
-1.264491200241417380e-03 1.054662206979395693e-03
-1.076340665073918313e-03 4.245750482678057203e-04
-1.145439686935364760e-03 -3.062287881252953549e-04
-1.442215512810985029e-03 -1.018357134794731916e-03
-1.891178322717296549e-03 -1.596529244806011360e-03
-2.385639256187833696e-03 -1.950988152698491726e-03
-2.808384719425039214e-03 -2.034073855130141134e-03
-3.054381880232037976e-03 -1.848829599166850433e-03
-3.051204806144912178e-03 -1.448021973912786645e-03
-2.773301665317713834e-03 -9.237702932760165093e-04
-2.247389231446619926e-03 -3.897582915049428286e-04
-1.547940894283115695e-03 4.059514064138941732e-05
-7.836103713928858601e-04 2.758653247097416546e-04
-7.715009707904933994e-05 2.641304948152599537e-04
4.573842657551179143e-04 2.939492935858994613e-06
7.358369523752781617e-04 -4.601526607053608867e-04
7.195569604319767805e-04 -1.036585050946965854e-03
4.224573297631838793e-04 -1.613623587866376465e-03
-9.180208913851599893e-05 -2.075838035002638797e-03
-7.219710934642045459e-04 -2.327154118822056042e-03
-1.348401141413625975e-03 -2.309300933145823874e-03
-1.855639039682796618e-03 -2.013154861648832651e-03
-2.154146191578385112e-03 -1.480824935527134002e-03
-2.197034619324582556e-03 -7.980765086100445908e-04
-1.988656191688308560e-03 -7.851861532314321004e-05
-1.583425631175446394e-03 5.574608598916540488e-04
-1.075108538845670524e-03 1.005034163058594323e-03
-5.786123791019759897e-04 1.194327851139554905e-03
-2.077389455169467020e-04 1.103210870842918911e-03
-5.312225237274711444e-05 7.610658258798272055e-04
-1.645411293306568972e-04 2.428394802648365909e-04
-5.409676285215918139e-04 -3.454916496519922116e-04
-1.130247524286731890e-03 -8.872802153678778850e-04
-1.838485065779667032e-03 -1.277529349959277607e-03
-2.547366110382943798e-03 -1.442943960356220679e-03
-3.136149829862828163e-03 -1.355910822113000607e-03
-3.504174108648104059e-03 -1.039757404792788142e-03
-3.589621162861202693e-03 -5.642923258712071724e-04
-3.380996522141709905e-03 -3.247212399860941855e-05
-2.919152591593395744e-03 4.392791299230319616e-04
-2.289476645377379934e-03 7.433674767685751264e-04
-1.605723635677942882e-03 8.017169713093309866e-04
-9.885543596852789522e-04 5.809241797313682669e-04
-5.428401575885764656e-04 9.900196352361032709e-05
-3.380270250085463078e-04 -5.775734477051748614e-04
-3.952710261391721974e-04 -1.345963058668776802e-03
-6.837732691088002808e-04 -2.085932995545288111e-03
-1.126999543297375894e-03 -2.682109410260581812e-03
-1.617597094306758932e-03 -3.045317864372652089e-03
-2.038173495757768499e-03 -3.128977838718864993e-03
-2.283992107844743866e-03 -2.937458891398418617e-03
-2.283275447313338688e-03 -2.524826378630610352e-03
-2.011260701015212850e-03 -1.984223508149797217e-03
-1.495334850733802921e-03 -1.429908430698803579e-03
-8.102664054767648189e-04 -9.753545983267046960e-04
-6.442664469758033760e-05 -7.115666560321566147e-04
6.203996544430471658e-04 -6.897218424998467073e-04
1.131799050600187408e-03 -9.114262995918646741e-04
1.387802053678750293e-03 -1.328432228615308158e-03
1.352258408766354161e-03 -1.851868817921005885e-03
1.041607016736484110e-03 -2.369236822260712902e-03
5.217600522703122294e-04 -2.765945029414023856e-03
-1.043091811375381492e-04 -2.947305298635728016e-03
-7.159267596008138650e-04 -2.856814586322942509e-03
-1.197365237389517263e-03 -2.487254158126088986e-03
-1.459494894303914542e-03 -1.882495186600359385e-03
-1.456346715607175369e-03 -1.129658846954497819e-03
-1.193459410628990242e-03 -3.431048070838980859e-04
-7.264395171159304275e-04 3.567310463408060808e-04
-1.500176135580275018e-04 8.656535990769182549e-04
4.203162012916556041e-04 1.114965345743001816e-03
8.706089778743336281e-04 1.084027179850008361e-03
1.110440559853148731e-03 8.037544132870474371e-04
1.090442250217289006e-03 3.503947489166638930e-04
8.120107303209034158e-04 -1.692261192883640400e-04
3.273679902233840415e-04 -6.381913124782737003e-04
-2.700530675574333052e-04 -9.518280090038946841e-04
-8.630847189447540639e-04 -1.037658657830906831e-03
-1.332859620633438128e-03 -8.691886716768134659e-04
-1.581237751279406835e-03 -4.709197463042691790e-04
-1.549381871227152986e-03 8.635905790122688124e-05
-1.228965776086101032e-03 6.991079119611589600e-04
-6.638927513293692902e-04 1.250832962708937424e-03
5.780333994689790407e-05 1.634388981554753132e-03
8.203448235071175102e-04 1.772557941928461786e-03
1.501787768125925800e-03 1.632998911874567697e-03
1.996711991168686594e-03 1.234729533474082782e-03
2.235735946213715866e-03 6.449021672029677660e-04
2.198171309821468460e-03 -3.352496099441005183e-05
1.915432010206711243e-03 -6.808974331386852610e-04
1.464563754564757571e-03 -1.183146942007726535e-03
9.531311933576572162e-04 -1.453036965982391297e-03
4.983364095085419249e-04 -1.446358249810339534e-03
2.043345529117287975e-04 -1.170015926754280032e-03
1.420533683942301097e-04 -6.804843492350306231e-04
3.353485540397913283e-04 -7.292829266443861299e-05
7.561262689938668714e-04 5.369448955846336082e-04
1.329365048008790406e-03 1.034862735624031849e-03
1.947093611208267376e-03 1.329631586899963263e-03
2.488683773651357168e-03 1.370348789707636922e-03
2.843620257115017473e-03 1.155925313315615995e-03
2.932438439739016786e-03 7.351187409564955864e-04
2.721866127135217587e-03 1.970747023068101372e-04
2.231301006375517506e-03 -3.458266042587856189e-04
1.529394154140378739e-03 -7.795639507723739611e-04
7.213815644537643250e-04 -1.010412073860512787e-03
-7.044421013705317626e-05 -9.830596029007938452e-04
-7.294328935587460032e-04 -6.914678231740344419e-04
-1.166157478238900652e-03 -1.804041721230114845e-04
-1.334801900775415672e-03 4.626501875940820839e-04
-1.241264175654646163e-03 1.123696728689459667e-03
-9.414530106854748304e-04 1.683463109660478674e-03
-5.301130306699634474e-04 2.039680909182883372e-03
-1.223070643123723693e-04 2.126187857588885625e-03
1.689260276711227870e-04 1.925245064759930399e-03
2.544959459457672279e-04 1.470743208339348211e-03
8.660580937120180255e-05 8.416954145696010307e-04
-3.317767005801830482e-04 1.472522734757776737e-04
-9.471237877843806082e-04 -4.939218663124331698e-04
-1.665195988063283275e-03 -9.760061108484980978e-04
-2.368675364249405585e-03 -1.225881913548927758e-03
-2.939248468281599469e-03 -1.216736444525177031e-03
-3.279959752076270444e-03 -9.728391897897837974e-04
-3.333603068740982178e-03 -5.645932395028699629e-04
-3.093667223307879164e-03 -9.480545302896731079e-05
-2.605759538677519284e-03 3.212164803704636038e-04
-1.959232541353210511e-03 5.779621981313789320e-04
-1.270592175857561011e-03 6.001798065181550507e-04
-6.618205946873437781e-04 3.576150460341886517e-04
-2.377082438502150803e-04 -1.287733084840541600e-04
-6.647660667209883377e-05 -7.903096166777272193e-04
-1.673492219497821343e-04 -1.523157758321620802e-03
-5.074125273155600862e-04 -2.207570346728263567e-03
-1.008348872315152243e-03 -2.730195419429611199e-03
-1.561754817933287123e-03 -3.005225449368115458e-03
-2.050132565158333843e-03 -2.990391624651413290e-03
-2.369568808111777863e-03 -2.694781044863471704e-03
-2.449796752515599491e-03 -2.177001242837520081e-03
-2.267833741718591409e-03 -1.534042456554678829e-03
-1.852604765419129003e-03 -8.829476859883037335e-04
-1.279670433331009643e-03 -3.387606742636629312e-04
-6.570532821381604898e-04 7.074938340136853812e-06
-1.048434643695066865e-04 1.037790467007641566e-04
2.675555219402253561e-04 -4.946449292248921575e-05
3.822317440960664673e-04 -4.037247255407967663e-04
2.076783668189675480e-04 -8.700086932999081743e-04
-2.350124302757485625e-04 -1.336571852572170354e-03
-8.758539523397578398e-04 -1.690566223179609459e-03
-1.608873916584918455e-03 -1.839916728039325908e-03
-2.311792274953745983e-03 -1.731272562163573784e-03
-2.868751857802899572e-03 -1.360623383315955190e-03
-3.191808653704670228e-03 -7.745589802480377494e-04
-3.237124067892343734e-03 -6.192291924070409868e-05
-3.012804997119772604e-03 6.625699409902333298e-04
-2.576918968739300674e-03 1.279659708143773052e-03
-2.026071492186691959e-03 1.687781882803890063e-03
-1.476719062693994562e-03 1.822017861833835628e-03
-1.042765806491805381e-03 1.666172852041121954e-03
-8.136943732334723459e-04 1.255698282802924929e-03
-8.373793482661193600e-04 6.709078215474612375e-04
-1.110843524432373860e-03 2.177240378145074706e-05
-1.580711933899377588e-03 -5.728274333675298325e-04
-2.153280646708976339e-03 -1.007465775960512781e-03
-2.712295042873220582e-03 -1.209921511455181679e-03
-3.141070681673815198e-03 -1.154580345833923233e-03
-3.344765840139132286e-03 -8.669579219566682501e-04
-3.268584343545295236e-03 -4.184956815118749392e-04
-2.908456246129946954e-03 8.737605636051452027e-05
-2.312166665748315898e-03 5.352589794529194218e-04
-1.570710290909587770e-03 8.200902184941289211e-04
-8.014986522386207410e-04 8.674943829312023848e-04
-1.265890489494695629e-04 6.483197072050378689e-04
3.499538558965082508e-04 1.845953387254710290e-04
5.612887209883272652e-04 -4.542282355955635544e-04
4.899906129698099362e-04 -1.164052975936755076e-03
1.709088877286299695e-04 -1.825510897924854502e-03
-3.158405952755097778e-04 -2.326283669866872211e-03
-8.604119952536052772e-04 -2.582144175016265995e-03
-1.344343807492478279e-03 -2.552740729038768981e-03
-1.663245052348148430e-03 -2.249138651516911086e-03
-1.746751212364962367e-03 -1.731692992842361230e-03
-1.571966400234795554e-03 -1.098655270838148380e-03
-1.167843363435398969e-03 -4.676698482637436276e-04
-6.096706236495396530e-04 4.633971447172056078e-05
-4.711029293836958062e-06 3.527119401215788024e-04
5.282867624004715205e-04 4.019436867160270169e-04
8.818204481159055584e-04 1.947494476315193368e-04
9.802999190720157723e-04 -2.184232623834095203e-04
7.947264710710247922e-04 -7.473214358061865039e-04
3.485972295442373199e-04 -1.279367440859880290e-03
-2.860930326619278092e-04 -1.701373154498453909e-03
-1.002006365882996157e-03 -1.921365702169263020e-03
-1.676293019438981381e-03 -1.886382210897998317e-03
-2.193356524888122154e-03 -1.592854610252019158e-03
-2.466254013873461163e-03 -1.087609105346905693e-03
-2.452691655514422156e-03 -4.592827606556801378e-04
-2.162598114942580578e-03 1.782249094526047435e-04
-1.655852881320254598e-03 7.071380852842547608e-04
-1.030609412550694600e-03 1.027983827243358125e-03
-4.044325998845407300e-04 1.078367893862751826e-03
1.081707974320861732e-04 8.447936103344435080e-04
4.175686521836934409e-04 3.652859156997464128e-04
4.760320831690048170e-04 -2.776777995457121269e-04
2.867496522185001163e-04 -9.725945759402743326e-04
-9.688005729487428330e-05 -1.599803970466704296e-03
-5.815420251047145276e-04 -2.053851982324703118e-03
-1.051932075339641857e-03 -2.263123535005948095e-03
-1.392918156512287439e-03 -2.203034534450025016e-03
-1.511732571797215052e-03 -1.900294854534288888e-03
-1.355984789198350516e-03 -1.427444877435298399e-03
-9.240745585452574519e-04 -8.887102181567524493e-04
-2.660229752319924739e-04 -3.998632398094655559e-04
5.254473883858064385e-04 -6.591464809483998065e-05
1.331906453116503842e-03 3.913101876913140618e-05
2.031079373904676189e-03 -1.133864385803977359e-04
2.519450829692015947e-03 -5.010743274209465909e-04
2.731342930695071676e-03 -1.054496397558374061e-03
2.650865965558059801e-03 -1.670147114977381863e-03
2.314489938701320970e-03 -2.229939171564109934e-03
1.803759777753647341e-03 -2.623517903622796070e-03
1.229542121416937403e-03 -2.769179550016500312e-03
7.107935696356968303e-04 -2.629433031489384481e-03
3.518758807839396808e-04 -2.218257444470785218e-03
2.227168206425003249e-04 -1.598678093782162236e-03
3.455745768498556109e-04 -8.711153496540286010e-04
6.909113410961138096e-04 -1.547062161284209385e-04
1.183155008157934802e-03 4.348722299835373071e-04
1.715253907244948788e-03 8.068871026445609837e-04
2.169262920684545022e-03 9.122831898403225594e-04
2.439055828465578127e-03 7.525073480418623898e-04
2.450854785344777631e-03 3.787634578832123084e-04
2.177679996833953996e-03 -1.181503006433744929e-04
1.644972891706032118e-03 -6.254869493562543840e-04
9.263166147499763466e-04 -1.030327522748695395e-03
1.300521897277740130e-04 -1.241355950193015392e-03
-6.206876854253565298e-04 -1.206499810833633508e-03
-1.210758881527096258e-03 -9.230884229949502329e-04
-1.554298635893076007e-03 -4.385976340562531281e-04
-1.610510427838632037e-03 1.581656613618525318e-04
-1.390962435033301411e-03 7.537745902256992852e-04
-9.570267681583892547e-04 1.231627694100626697e-03
-4.079520910317649711e-04 1.494069293413829687e-03
1.381658213668379232e-04 1.480995948383405370e-03
5.669080306535993156e-04 1.181423747324474461e-03
7.892835127675453281e-04 6.358222820612226571e-04
7.585882261095019258e-04 -7.123216159104743951e-05
4.791811893386775136e-04 -8.267001273771043979e-04
5.518868099074541664e-06 -1.510065481981627674e-03
-5.683646059951512168e-04 -2.015700505149530322e-03
-1.126933298181680403e-03 -2.272384959478524532e-03
-1.555351264114511033e-03 -2.256293941954324363e-03
-1.761597714570842547e-03 -1.995006279719259163e-03
-1.694298393902235380e-03 -1.561785533665021458e-03
-1.352886334277533364e-03 -1.061227370471745819e-03
-7.881569851921101100e-04 -6.090014318577255436e-04
-9.310119745465884010e-05 -3.095334088973483461e-04
6.142596524956890191e-04 -2.358622276047335486e-04
1.212797533481020044e-03 -4.154944037772423035e-04
1.600820193523212406e-03 -8.249409237374233849e-04
1.714973868518552061e-03 -1.393976690445363539e-03
1.541936133668025261e-03 -2.018820172130661884e-03
1.120692628805256517e-03 -2.581740255734608740e-03
5.349727400747008362e-04 -2.973378581965445064e-03
-1.027190645974896061e-04 -3.113559651125405014e-03
-6.724500561865315567e-04 -2.966645540484399816e-03
-1.069541520970784549e-03 -2.548523386293131618e-03
-1.224292673041612548e-03 -1.923896639186317616e-03
-1.115014196183037589e-03 -1.194385793723905676e-03
-7.719077987162392598e-04 -4.796833983859035387e-04
-2.710629772817390150e-04 1.046776409765110862e-04
2.802850903001147882e-04 4.687429654068878604e-04
7.644366237790907286e-04 5.646978355842890073e-04
1.075921778237078161e-03 3.954454422223412308e-04
1.141901052866636486e-03 1.358904006389040527e-05
9.363977952257046761e-04 -4.889787667702536747e-04
4.856565704109418961e-04 -9.988982484674222180e-04
-1.363986344582016649e-04 -1.403192290311014966e-03
-8.217576634153498901e-04 -1.610997949159845202e-03
-1.448405860999177602e-03 -1.571057599963285268e-03
-1.903101763581907697e-03 -1.281651668223258165e-03
-2.102546839348632974e-03 -7.910876033427583463e-04
-2.008946427306399635e-03 -1.886495030924633211e-04
-1.637021540207342189e-03 4.122793201542359546e-04
-1.051148363778099237e-03 8.957249174520051866e-04
-3.531699273868930478e-04 1.165188087447232342e-03
3.368111000224763697e-04 1.162085315725418233e-03
9.030223294365520006e-04 8.770688407939329027e-04
1.255719474048298204e-03 3.520763205522366591e-04
1.347888014028412540e-03 -3.272854125777474327e-04
1.183792367435658206e-03 -1.047588917491746111e-03
8.177613893034510950e-04 -1.688675507287681204e-03
3.434490054256664920e-04 -2.146002084131314915e-03
-1.243866726335714386e-04 -2.350024278324087772e-03
-4.721249505309847412e-04 -2.278955932959919432e-03
-6.093220721293656633e-04 -1.962499013504939716e-03
-4.863636237769841317e-04 -1.475847434414483302e-03
-1.043752303680112094e-04 -9.251093700671036112e-04
4.844971072714787750e-04 -4.269167156846967849e-04
1.186501791492810490e-03 -8.608996636465747997e-05
1.883619804305206860e-03 2.440627689976031939e-05
2.455553275353553402e-03 -1.225828958209154804e-04
2.802209642298904985e-03 -5.031848995268430394e-04
2.862431290071436405e-03 -1.047007411126628807e-03
2.625429780548469046e-03 -1.650518093456430869e-03
2.132763295903263457e-03 -2.196761128956537489e-03
1.470484592275986919e-03 -2.577673910879766956e-03
7.529460261722884006e-04 -2.714773413272881381e-03
1.013261179199282692e-04 -2.574289183959697306e-03
-3.790600891110911929e-04 -2.173870381262360714e-03
-6.183758875908324307e-04 -1.579588856841567359e-03
-5.950956855610848098e-04 -8.937969922987754621e-04
-3.396339947802580516e-04 -2.361300352127556484e-04
7.190705735786310279e-05 2.787596909716938756e-04
5.326771949732412833e-04 5.625307697268958247e-04
9.258641478054500462e-04 5.695145295625382662e-04
1.147378463454644783e-03 3.050224989121540567e-04
1.126129051302673283e-03 -1.759641778184175675e-04
8.380376419981532335e-04 -7.794666271491086131e-04
3.111261136834137051e-04 -1.390513174271010722e-03
-3.792984573882541427e-04 -1.895061801856255841e-03
-1.124460292682734905e-03 -2.201684304417859603e-03
-1.802326603494656954e-03 -2.258903034345160002e-03
-2.300395762747029383e-03 -2.064896013210423299e-03
-2.536753751561745228e-03 -1.667732944264269318e-03
-2.475416810829603360e-03 -1.156099305694425127e-03
-2.133058283063605717e-03 -6.422683743656321196e-04
-1.575847142422232222e-03 -2.405503630576895629e-04
-9.069961832494832701e-04 -4.530560460316575104e-05
-2.473751461586393184e-04 -1.126924423499617387e-04
2.871445031810016674e-04 -4.496143191049599940e-04
6.073291624919131392e-04 -1.011968205613807473e-03
6.671168385233813055e-04 -1.712535934170866369e-03
4.719229378319083224e-04 -2.437034560828985931e-03
7.715509353366613917e-05 -3.065297210958901637e-03
-4.227710968556129480e-04 -3.493584448986451849e-03
-9.128241163975355042e-04 -3.653811986387272941e-03
-1.279661830429269266e-03 -3.526064042503615405e-03
-1.433614266452234347e-03 -3.142032374979961476e-03
-1.326169214648425208e-03 -2.578738266514979047e-03
-9.596379253699599673e-04 -1.943733442313296238e-03
-3.871595878197252251e-04 -1.354587898545880041e-03
2.969663871292327665e-04 -9.165527818662331638e-04
9.747985919859337165e-04 -7.026303019484424726e-04
1.526812714198215763e-03 -7.398251194265035701e-04
1.854330388896142240e-03 -1.004179410261145161e-03
1.898074909410852208e-03 -1.425528887169551706e-03
1.649342433333377683e-03 -1.901074781069706518e-03
1.151673762576230220e-03 -2.315196045618500131e-03
4.927087492817144865e-04 -2.561743226166308344e-03
-2.122373669889328351e-04 -2.564584476492296969e-03
-8.417705495678053660e-04 -2.292504235927952851e-03
-1.291104429714601525e-03 -1.765623567252247797e-03
-1.491548735622894506e-03 -1.052115804656276674e-03
-1.423118666357093328e-03 -2.558282123448930704e-04
-1.117887812475596484e-03 5.028579400916915586e-04
-6.534606715607882291e-04 1.109316067387473587e-03
-1.378120686566251048e-04 1.475902243372195517e-03
3.116244015857307439e-04 1.558113108544707153e-03
5.906479369568158697e-04 1.362623450473713325e-03
6.284543664797040841e-04 9.456896888078011529e-04
4.014436743091632197e-04 4.022284557001232783e-04
-6.195304576248235329e-05 -1.523562980174988923e-04
-6.863499461274987726e-04 -6.041527676794249645e-04
-1.363432347373461952e-03 -8.623633604959248834e-04
-1.972282393938324784e-03 -8.764748103887924462e-04
-2.402160135173938421e-03 -6.457264758316174930e-04
-2.573429076642549419e-03 -2.190869218954834643e-04
-2.452664805487801258e-03 3.142523177184236723e-04
-2.059084883732687811e-03 8.420598797247816651e-04
-1.461079657416274741e-03 1.250663723497452869e-03
-7.634962173462967860e-04 1.446868043551319694e-03
