1.869578597330109632e-03 -1.150300563532932491e-03
1.426641240172244699e-03 -9.325987497033808417e-04
8.455901828412822757e-04 -7.340211088525867324e-04
2.258946897511111829e-04 -5.778422720558499225e-04
-3.236995899898295528e-04 -4.792655947722838190e-04
-7.054538299087490189e-04 -4.430822793452443347e-04
-8.508902877647431121e-04 -4.632911398695010248e-04
-7.335676604769090234e-04 -5.247375185222433180e-04
-3.739635687461131909e-04 -6.064480903469638426e-04
1.644568452721587980e-04 -6.860180464154422807e-04
7.872399688450850124e-04 -7.442090357539970016e-04
1.386738263437311235e-03 -7.688777565785750220e-04
1.862332460912107922e-03 -7.574834755354658070e-04
2.139255540535850084e-03 -7.176936783026829436e-04
2.182458939049220295e-03 -6.659691783326405178e-04
2.002901652598288416e-03 -6.243947150512154081e-04
1.655078910772622182e-03 -6.163554552588619301e-04
1.226266993889164707e-03 -6.618804954335970325e-04
8.195302033492836554e-04 -7.735396082040059927e-04
5.337178018288814621e-04 -9.536767058213487230e-04
4.442491420860400584e-04 -1.193512230894717280e-03
5.883361952920666566e-04 -1.474294469742966872e-03
9.574524804854620940e-04 -1.770293266649951725e-03
1.498485069474335928e-03 -2.053081942279341796e-03
2.123361741305058396e-03 -2.296310184292850269e-03
2.725339900550389702e-03 -2.480078283530379873e-03
3.198881569403493746e-03 -2.594098827622438874e-03
3.459358656032843551e-03 -2.639061496474786467e-03
3.458863581807814121e-03 -2.625956460607270677e-03
3.195136369778658544e-03 -2.573497691325724642e-03
2.711921093326448949e-03 -2.504146182245172575e-03
2.090685693306503033e-03 -2.439496751218073623e-03
1.435272707724213458e-03 -2.395910871216180155e-03
8.523852024765489737e-04 -2.381229460589716872e-03
4.315991155754155158e-04 -2.393193014412133869e-03
2.286813803515713121e-04 -2.419871047446963547e-03
2.553659094648938217e-04 -2.442020200463990934e-03
4.775155876266288591e-04 -2.436923014940130857e-03
8.220095934718292530e-04 -2.382976896514817870e-03
1.191042496916008137e-03 -2.264158689895700953e-03
1.481117628913107467e-03 -2.073511899937521743e-03
1.603128030173678331e-03 -1.814986859798836064e-03
1.499712218032611764e-03 -1.503274401609163216e-03
1.156588085400695690e-03 -1.161652119334090783e-03
6.057087536314807296e-04 -8.182374962014856952e-04
-8.036679585613482860e-05 -5.013430066599477812e-04
-8.018312790969538010e-04 -2.347978706550802805e-04
-1.450193534334609773e-03 -3.410734655000116980e-05
-1.928541405898800010e-03 9.583788092442190715e-05
-2.169671732735428508e-03 1.610825644242959030e-04
-2.148658460420055719e-03 1.769103858315797511e-04
-1.887481428866758610e-03 1.644631808628251783e-04
-1.450840014096603341e-03 1.463263657292573254e-04
-9.339432459399110275e-04 1.419249912494892612e-04
-4.445856207622923177e-04 1.636087333311681794e-04
-8.289828265548894459e-05 2.141715843104808389e-04
7.739598160885568200e-05 2.862781856361719065e-04
2.681450687342951805e-06 3.639055315458259430e-04
-2.944840758907503030e-04 4.255249934037458608e-04
-7.580750720979704789e-04 4.484179790746777765e-04
-1.299554736645585316e-03 4.133018890857811044e-04
-1.814997905466227222e-03 3.083824213640312347e-04
-2.205128481846874242e-03 1.320552160489701183e-04
-2.394467645894919096e-03 -1.062659002336847707e-04
-2.345957735933470491e-03 -3.873633308936522655e-04
-2.068283821787486772e-03 -6.852562484553238872e-04
-1.614498328800264377e-03 -9.715056088561292540e-04
-1.072201699200540839e-03 -1.219982881561812579e-03
-5.471320127536474006e-04 -1.411213878693881900e-03
-1.432657566647587951e-04 -1.535489109344331457e-03
5.680605639681447598e-05 -1.594164901560110982e-03
7.512865869563865873e-06 -1.598921069903377467e-03
-2.910091869246652588e-04 -1.569126509841264807e-03
-7.928254351090026873e-04 -1.527820771197488077e-03
-1.414725267669604287e-03 -1.497079892401540369e-03
-2.051749557781696980e-03 -1.493649342695518769e-03
-2.596788507191472029e-03 -1.525674201233382038e-03
-2.960546062038079632e-03 -1.591146761247187128e-03
-3.088098736445372191e-03 -1.678364404615853523e-03
-2.968922366125219259e-03 -1.768307878321876163e-03
-2.638497744893457744e-03 -1.838484515695870593e-03
-2.171200982165833338e-03 -1.867501724929842210e-03
-1.665834786159850912e-03 -1.839496107490038931e-03
-1.226550235929442512e-03 -1.747569406975369236e-03
-9.427811195093721910e-04 -1.595569278955567653e-03
-8.719993735832949795e-04 -1.397865287975729072e-03
-1.028565270077823769e-03 -1.177149446737748087e-03
-1.380791065781994571e-03 -9.606642725249195857e-04
-1.856780574997156808e-03 -7.755589940753856775e-04
-2.357944230963626101e-03 -6.442398454479111251e-04
-2.777634533741473941e-03 -5.805820514697727312e-04
-3.021375774046680240e-03 -5.877088447227778829e-04
-3.024858442751135294e-03 -6.577473809184943140e-04
-2.766290286709647585e-03 -7.735986523295226630e-04
-2.270762803888884233e-03 -9.123789528203065258e-04
-1.605802168747064856e-03 -1.049875901796775953e-03
-8.689412644066810392e-04 -1.165171967461468144e-03
-1.696589373497878975e-04 -1.244558783314959330e-03
3.909020233329400101e-04 -1.284001923003596406e-03
7.386070833731363684e-04 -1.289692354797421095e-03
8.398668698012198581e-04 -1.276585136936957653e-03
7.074862663097287270e-04 -1.265208981214832780e-03
3.977291637647883916e-04 -1.277359485625527034e-03
-8.343610594739982525e-07 -1.331501721181073102e-03
-3.845759711597935442e-04 -1.438764114976554681e-03
-6.548760727444252663e-04 -1.600294554217864679e-03
-7.372008166170363917e-04 -1.806492379527823919e-03
-5.955683665399757673e-04 -2.038275152476573017e-03
-2.396577775830536095e-04 -2.270153931588479983e-03
2.767918789732767317e-04 -2.474548175752378388e-03
8.659940090732166007e-04 -2.626536174739905766e-03
1.422646313457504377e-03 -2.708153632229258999e-03
1.843853703465110280e-03 -2.711437492001382045e-03
2.048670433371822201e-03 -2.639648331029504670e-03
1.993560065064708953e-03 -2.506447914308375727e-03
1.680843173039400958e-03 -2.333193809357016636e-03
1.158528756864886334e-03 -2.144867356837827036e-03
5.115551364853517923e-04 -1.965407760072754046e-03
-1.539088279612479742e-04 -1.813335150965905262e-03
-7.301386252582977958e-04 -1.698488486403652332e-03
-1.127789646075423547e-03 -1.620490898677505497e-03
-1.292329280520869168e-03 -1.569226074724303739e-03
-1.213865201248481374e-03 -1.527226693093818683e-03
-9.285200007171365896e-04 -1.473512358359206848e-03
-5.111028751149409481e-04 -1.388138708633144917e-03
-6.047653225160678353e-05 -1.256583666877323681e-03
3.195999714167553586e-04 -1.073126865450768110e-03
5.405159326857093566e-04 -8.425684073065193777e-04
5.459376021774685079e-04 -5.799473378131546559e-04
3.227702733973707161e-04 -3.082990014502599938e-04
-9.612774254242738986e-05 -5.486213896243268386e-05
-6.379977843956356406e-04 1.535592141759167730e-04
-1.203857303177617794e-03 2.952129350355160199e-04
-1.687212194107577017e-03 3.571316779882661757e-04
-1.994261949651438860e-03 3.372838031719541455e-04
-2.061770305293502380e-03 2.447424751966278652e-04
-1.869214469756006998e-03 9.784625130662234695e-05
-1.442907786417982167e-03 -7.929742649982304457e-05
-8.513089775569381229e-04 -2.613029787616464239e-04
-1.923985535241642313e-04 -4.261429209422436487e-04
4.244961305927982495e-04 -5.590555844819449730e-04
8.989954574213911099e-04 -6.549904471707456788e-04
1.158249323671559040e-03 -7.191360823438778041e-04
1.170298297152329390e-03 -7.654405460794525343e-04
9.496948671600918390e-04 -8.134156404974468048e-04
5.543307608575577441e-04 -8.838426388268291354e-04
7.408088344176022599e-05 -9.942059755167543568e-04
-3.865767889694644876e-04 -1.154733542082980952e-03
-7.286662930471838424e-04 -1.365807718889051284e-03
-8.777297352535672840e-04 -1.617251791396517435e-03
-7.981476770543343910e-04 -1.889641069802831331e-03
-5.000475698294748299e-04 -2.157404131013447406e-03
-3.748872625206913466e-05 -2.393139826295197486e-03
5.017345270506427032e-04 -2.572344389187890094e-03
1.012741351046278146e-03 -2.677663939606800183e-03
1.393511290414057007e-03 -2.701875882708862017e-03
1.564350229210054741e-03 -2.649041455608257701e-03
1.483185581154198044e-03 -2.533615804299515790e-03
1.153789087922575370e-03 -2.377686382556869812e-03
6.253633292914509683e-04 -2.206862471757888803e-03
-1.643788384769875660e-05 -2.045591694518877554e-03
-6.653639939016757834e-04 -1.912785711219077735e-03
-1.214304679862883256e-03 -1.818576756218709314e-03
-1.575182151425426509e-03 -1.762810748364388109e-03
-1.695242259043105559e-03 -1.735552275574801274e-03
-1.566669683827758659e-03 -1.719494393672141123e-03
-1.227716193961389058e-03 -1.693804342828043007e-03
-7.551373438906387476e-04 -1.638663535790568651e-03
-2.493778916101130057e-04 -1.539628183469832559e-03
1.846818020580261307e-04 -1.390970684868330287e-03
4.577667805928300332e-04 -1.197355006986568866e-03
5.132364714038120668e-04 -9.735151368777061019e-04
3.378738755769291387e-04 -7.419844960445448525e-04
-3.560987608708875672e-05 -5.292942533404804617e-04
-5.348302639979004994e-04 -3.613496951024843190e-04
-1.061557971875227296e-03 -2.588510460531550966e-04
-1.510500235825505948e-03 -2.336185535235820571e-04
-1.789474569645957240e-03 -2.865124223621578320e-04
-1.837149465658133958e-03 -4.073382935218629926e-04
-1.634986123944430839e-03 -5.767551361702795637e-04
-1.211112197783318885e-03 -7.698254287618374724e-04
-6.353852610776354517e-04 -9.605386949397708065e-04
-6.571147293169037279e-06 -1.126457259307909325e-03
5.659452025890093600e-04 -1.252611922723742511e-03
9.824637617217673018e-04 -1.333919053971473808e-03
1.171454146123773396e-03 -1.375672061748536065e-03
1.102731033599354442e-03 -1.392026018859330964e-03
7.928349586186769164e-04 -1.402775092463899153e-03
3.016082421649062678e-04 -1.429046286532081270e-03
-2.793779951425227805e-04 -1.488738516078613522e-03
-8.443479453673541271e-04 -1.592584286569174827e-03
-1.293472999722060715e-03 -1.741593086489550595e-03
-1.551831897476194533e-03 -1.926373370439453522e-03
-1.583586791312717934e-03 -2.128473367358514352e-03
-1.398690322366958391e-03 -2.323497449165656814e-03
-1.050854640869252569e-03 -2.485417096346380708e-03
-6.271694242651180582e-04 -2.591267585891100789e-03
-2.313387208323085427e-04 -2.625346596643418455e-03
3.628383496501273037e-05 -2.582123201556190545e-03
9.807431227702029242e-05 -2.467307767287302452e-03
-8.574519907253701917e-05 -2.296879335796155573e-03
-5.091245696016638090e-04 -2.094251665674148714e-03
-1.120859175549470234e-03 -1.886109507146891285e-03
-1.833801915606000227e-03 -1.697696578936705490e-03
-2.540880163038755808e-03 -1.548438822154773369e-03
-3.134895669993431350e-03 -1.448721512811692669e-03
-3.528368963267691782e-03 -1.398419048523613000e-03
-3.669680930238849309e-03 -1.387443327616003043e-03
-3.552464764346043892e-03 -1.398193676422146208e-03
-3.216478593034434973e-03 -1.409430796016316375e-03
-2.739801134441279332e-03 -1.400827469810282579e-03
-2.223834414410412724e-03 -1.357320877359451984e-03
-1.773958108771302470e-03 -1.272429506745918065e-03
-1.479501884247807174e-03 -1.149894607432983950e-03
-1.396829627847063007e-03 -1.003324562561480789e-03
-1.538738571493222535e-03 -8.539001623730974912e-04
-1.872178953945234387e-03 -7.265676198519388854e-04
-2.324722770530204298e-03 -6.454344028304308646e-04
-2.798551999387726037e-03 -6.292359392528136704e-04
-3.189311465920141673e-03 -6.877299649087763485e-04
-3.406249109792109514e-03 -8.197018106736707072e-04
-3.389821531725816049e-03 -1.012961064406253490e-03
-3.123421713863056264e-03 -1.246335085857018217e-03
-2.636998050544697540e-03 -1.493288746342181584e-03
-2.001868716280160148e-03 -1.726493673111302325e-03
-1.317702321326318007e-03 -1.922492114361665358e-03
-6.941191400786078788e-04 -2.065584003735597418e-03
-2.303860727488500886e-04 -2.150213997998490483e-03
2.960018443089922416e-06 -2.181420110273969530e-03
-2.290966553786179423e-05 -2.173273114781736071e-03
-2.899854802251849040e-04 -2.145616547844650650e-03
-7.371008293082521434e-04 -2.119738782441743692e-03
-1.271722579634282715e-03 -2.113810392403685321e-03
-1.787613529050279242e-03 -2.138963649439318965e-03
-2.185019791612483747e-03 -2.196768272197588672e-03
-2.389559530159838206e-03 -2.278591747148717411e-03
-2.366237022457315722e-03 -2.366974038413411762e-03
-2.125930679199795198e-03 -2.438763219518417808e-03
-1.723130233560834102e-03 -2.469423104686912888e-03
-1.245356742512363640e-03 -2.437699888411769267e-03
-7.962752300801060517e-04 -2.329764597850236558e-03
-4.757052763595540426e-04 -2.142045178223836704e-03
-3.603232176723251100e-04 -1.882207960903444161e-03
-4.887194458048685873e-04 -1.568096593355835762e-03
-8.536502236738697505e-04 -1.224821318742938580e-03
-1.402961515802825243e-03 -8.805399410260318985e-04
-2.049020445458196726e-03 -5.617179481980690958e-04
-2.684879010741184676e-03 -2.887525303781276228e-04
-3.204119625866719626e-03 -7.277526360447035807e-05
-3.520634304268908596e-03 8.577565997381532826e-05
-3.584600979336458569e-03 1.965581617099614454e-04
-3.391639386687733161e-03 2.768318541406305719e-04
-2.983419045828117951e-03 3.475531769333980114e-04
-2.439608973524710726e-03 4.288131710478153996e-04
-1.862696700814107324e-03 5.354944882634125230e-04
-1.358552836604883744e-03 6.739815195924757450e-04
-1.016421460341302395e-03 8.405566626035426789e-04
-8.921237973963337328e-04 1.021794768654345816e-03
-9.976526665709775817e-04 1.196887520667457927e-03
-1.299123629522695158e-03 1.341461951775964855e-03
-1.723465073092429007e-03 1.432172184125071312e-03
-2.172573525241567813e-03 1.451194794914130014e-03
-2.542245910477841393e-03 1.389774201916438301e-03
-2.742295053670084932e-03 1.250142119807077113e-03
-2.714029998619519723e-03 1.045440887512141381e-03
-2.441781213951816840e-03 7.976564867949607809e-04
-1.956278168082446062e-03 5.339422444158791695e-04
-1.329229619134306671e-03 2.820175541374955134e-04
-6.601231323057875095e-04 6.550005054181868864e-05
-5.773427412941343692e-05 -9.995846726395174117e-05
3.801615027652996155e-04 -2.090147016425663554e-04
5.850399573370449044e-04 -2.670257086364521428e-04
5.303924025407169866e-04 -2.884298273038201081e-04
2.365912330203400827e-04 -2.934369670247168678e-04
-2.330611388636854805e-04 -3.036679686256276551e-04
-7.843497663523205186e-04 -3.375807340692540352e-04
-1.309955082467951538e-03 -4.065598637252745384e-04
-1.709680434378078309e-03 -5.124192970515754637e-04
-1.909271839391768911e-03 -6.467980742222014879e-04
-1.874270612719972345e-03 -7.925688849568052153e-04
-1.616281418339597133e-03 -9.269958382417688679e-04
-1.190475684906091777e-03 -1.026044471658897096e-03
-6.848110197509649829e-04 -1.069026599891647472e-03
-2.030167579444474213e-04 -1.042696983797438770e-03
1.554231323330568584e-04 -9.440204928438244037e-04
3.144895809606576640e-04 -7.810782583840950900e-04
2.364010424605650276e-04 -5.719320232613100182e-04
-7.086798703439417015e-05 -3.416510990230310391e-04
-5.547558573862766511e-04 -1.180531027096224533e-04
-1.127757853819341682e-03 7.304770466606399170e-05
-1.683727786746214063e-03 2.121980469980851961e-04
-2.117757867102713475e-03 2.894577263846773597e-04
-2.345878971346911784e-03 3.057629128981474882e-04
-2.320856069477057401e-03 2.722556763936689406e-04
-2.041091475727253683e-03 2.077191708895392624e-04
-1.550952046094396502e-03 1.346155796811817566e-04
-9.324587492024591275e-04 7.448728305660748394e-05
-2.899110293368779888e-04 4.360087523566088608e-05
2.696453316143351646e-04 4.966606172722703039e-05
6.564125952610197186e-04 9.025611554342447603e-05
8.145173511322888887e-04 1.532323593739813106e-04
7.322180136314308113e-04 2.190935112025838558e-04
4.437189359796191775e-04 2.648040252528429967e-04
2.225686159514181535e-05 2.683733066994421291e-04
-4.342212031274366260e-04 2.133134029372420800e-04
-8.220662799787457941e-04 9.212384918671866338e-05
-1.052011873136117926e-03 -9.186518752576781129e-05
-1.066520795601693305e-03 -3.246509869695863573e-04
-8.510991730536183282e-04 -5.836994268004803976e-04
-4.374252302799648768e-04 -8.416765121394979886e-04
1.023089132576376014e-04 -1.071077055773044743e-03
6.687794002595354647e-04 -1.248887657780567819e-03
1.154109986433515768e-03 -1.360414566655932141e-03
1.462136418949706472e-03 -1.401564782209478504e-03
1.526523221997697684e-03 -1.379161046022460858e-03
1.323305471917171020e-03 -1.309242823150371174e-03
8.754822690350990127e-04 -1.213685649062491408e-03
2.487920341346700382e-04 -1.115788254764692785e-03
-4.605322040871161725e-04 -1.035670643817258223e-03
-1.143712504456763542e-03 -9.863601298593146355e-04
-1.699687106490447609e-03 -9.713099405051300005e-04
-2.053853198140997115e-03 -9.838215344517768461e-04
-2.171750430758518334e-03 -1.008479126434102613e-03
-2.065103282346762714e-03 -1.024321776466493444e-03
-1.789088057460972055e-03 -1.009147333356534169e-03
-1.431352558811355364e-03 -9.441262298160423829e-04
-1.094878522776516604e-03 -8.178426044598925606e-04
-8.779429777901652868e-04 -6.289870010814824653e-04
-8.549839395374497081e-04 -3.871788179100788701e-04
-1.062004293843086004e-03 -1.117497128284158047e-04
-1.489287845955165890e-03 1.712955202023896473e-04
-2.082816186727628506e-03 4.335794670747408265e-04
-2.754126577755379533e-03 6.491141847538309468e-04
-3.396751619410831591e-03 7.986374810960892266e-04
-3.906133872027208256e-03 8.727160832556080799e-04
-4.199249078982837148e-03 8.730409559095265049e-04
-4.230225114400309322e-03 8.116810628534465921e-04
-3.999000216472617560e-03 7.084468796662874573e-04
-3.551380350747510711e-03 5.868711638720289963e-04
-2.970482517043444935e-03 4.695745006164734063e-04
-2.361180419710849892e-03 3.738977490131266835e-04
-1.830492570199808346e-03 3.086309916018255576e-04
-1.467619922684948496e-03 2.724588630847731376e-04
-1.327405325358051733e-03 2.544149368028134441e-04
-1.420338098063880956e-03 2.362551941379385475e-04
-1.710986855788348233e-03 1.962950299066452790e-04
-2.125147162634050298e-03 1.139750578868484101e-04
-2.564340055287684175e-03 -2.571889153411992582e-05
-2.924905462228337416e-03 -2.288302049555648247e-04
-3.118064645693623387e-03 -4.906620073991843460e-04
-3.087142723019069279e-03 -7.960128412520825567e-04
-2.818680742582622620e-03 -1.121387521556362933e-03
-2.345324730338805251e-03 -1.438779431404415502e-03
-1.739937292972577616e-03 -1.720322844139451088e-03
-1.102040674368351620e-03 -1.942948655191082926e-03
-5.391536194710941105e-04 -2.092175489158833168e-03
-1.465527563028231998e-04 -2.164330811171483616e-03
1.071092721012805067e-05 -2.166792640697243807e-03
-8.986462249311569402e-05 -2.116215733285154669e-03
-4.239043586080749968e-04 -2.035086022465790699e-03
-9.246455863650340909e-04 -1.947261792742768609e-03
-1.495399298895268249e-03 -1.873349919952880431e-03
-2.027629487112447143e-03 -1.826794635100934807e-03
-2.421233939776429919e-03 -1.811419163120261315e-03
-2.603194238376653133e-03 -1.820883272812866185e-03
-2.541072301070176724e-03 -1.840154817621674236e-03
-2.248807283508445255e-03 -1.848709908725780201e-03
-1.783724994519389137e-03 -1.824847098362780261e-03
-1.235336078261086270e-03 -1.750288263333851704e-03
-7.080539409193824935e-04 -1.614183096484105365e-03
-3.011143625213921413e-04 -1.415745852601681901e-03
-8.950799955707465158e-05 -1.165011136925655144e-03
-1.095443489437907935e-04 -8.815512139228653737e-04
-3.517877097290328121e-04 -5.913832071218649193e-04
-7.627085395986922967e-04 -3.226375757077956934e-04
-1.254741952615462180e-03 -1.007944131816714917e-04
-1.722851726207153943e-03 5.562314123149029446e-05
-2.064464821006010802e-03 1.380944532068369504e-04
-2.199001636716054354e-03 1.493193229983096016e-04
-2.083302211952487229e-03 1.023861287673646827e-04
-1.720024172738944361e-03 1.805434363394565328e-05
-1.157417623052921316e-03 -7.932928665384806396e-05
-4.805136543611273074e-04 -1.665049037765972792e-04
2.046121810433726342e-04 -2.256783181829420605e-04
7.905298523026287483e-04 -2.477767264504828924e-04
1.188378971095927546e-03 -2.339684238789731339e-04
1.344264053479840527e-03 -1.951643143092192530e-04
1.249026549065148902e-03 -1.496030839994633610e-04
9.395535807757000825e-04 -1.189865248802215910e-04
4.913858334233076877e-04 -1.239075753316728784e-04
4.034258329946825705e-06 -1.794488628879586435e-04
-4.182046872736648819e-04 -2.917982278667991198e-04
-6.862939823424193606e-04 -4.565357698851742673e-04
-7.435580289646944244e-04 -6.589307146609836661e-04
-5.765970252605311704e-04 -8.762057239797216767e-04
-2.179420911345248887e-04 -1.081353258035783454e-03
2.600550654831293657e-04 -1.247793900012971130e-03
7.589427960285094650e-04 -1.354006003744606668e-03
1.172902654675678658e-03 -1.387260068251965246e-03
1.408946450074494931e-03 -1.345759158727666185e-03
1.404749824459243339e-03 -1.238786738403843245e-03
1.140740996434314947e-03 -1.084838688154648144e-03
6.441497107219325887e-04 -9.080960280130956960e-04
-1.575746362487159911e-05 -7.339070376829989794e-04
-7.403615740259554935e-04 -5.841330046304164109e-04
-1.419902889870854751e-03 -4.732356047353680284e-04
-1.953781287091457732e-03 -4.058414900314381629e-04
-2.269112050950527430e-03 -3.762380533512128637e-04
-2.334034360135468777e-03 -3.698869375396725127e-04
-2.163263332249822611e-03 -3.666582617833127043e-04
-1.814844989194534580e-03 -3.451614120097498553e-04
-1.378738789784489773e-03 -2.873395631338993830e-04
-9.593991509240941797e-04 -1.824444262384111877e-04
-6.556627551468964012e-04 -2.962468003568939417e-05
-5.417574500898927892e-04 1.613759702633886007e-04
-6.530348316262678861e-04 3.715568605510010010e-04
-9.791326716883401102e-04 5.757940526558204828e-04
-1.465864891843371605e-03 7.471880701180932732e-04
-2.025482531472037710e-03 8.618128838117223699e-04
-2.553362393406304921e-03 9.029757627716972386e-04
-2.947961271524245173e-03 8.641884157087647211e-04
-3.130253700411169977e-03 7.502919173356153906e-04
-3.058967457760970298e-03 5.765254679604426809e-04
-2.738725401049487904e-03 3.657163175354463214e-04
-2.219544232871901827e-03 1.441218921672835027e-04
-1.587776344341424459e-03 -6.329167503953597512e-05
-9.502002841122112993e-04 -2.372457103124561749e-04
-4.142620293405599148e-04 -3.673945171406152693e-04
-6.819762326728769954e-05 -4.538145983494951976e-04
3.520998473181542569e-05 -5.064661059682984932e-04
-1.118248904999920561e-04 -5.427403640351980340e-04
-4.710421718140570891e-04 -5.835708021198967059e-04
-9.657718016142148197e-04 -6.488574652050965296e-04
-1.495798833826313123e-03 -7.530857499662773572e-04
-1.956634991802233721e-03 -9.019834185577744589e-04
-2.259540682259572608e-03 -1.090863155494929725e-03
-2.348500744895194899e-03 -1.304978206521153518e-03
-2.210935571194719371e-03 -1.521836523092921127e-03
-1.880117078996414171e-03 -1.715046725742457685e-03
-1.428831400549855201e-03 -1.858977608503966554e-03
-9.554892514581553092e-04 -1.933357100759989892e-03
-5.653166119343277065e-04 -1.926946124311124022e-03
-3.501914652680115318e-04 -1.839595862297863180e-03
-3.709501898829989635e-04 -1.682300863824143363e-03
-6.455209206936147852e-04 -1.475237664197526742e-03
-1.145139015794254889e-03 -1.244157849776656886e-03
-1.799370339141751580e-03 -1.015813993438939144e-03
-2.509000981254552818e-03 -8.132780649015009097e-04
-3.164362964119303914e-03 -6.520304843225423067e-04
-3.665636392989020994e-03 -5.375504254880558415e-04
-3.941294301830040696e-03 -4.648522377005511646e-04
-3.961207954591142687e-03 -4.200430733650708441e-04
-3.741941041015403677e-03 -3.835930449314142732e-04
-3.343239644974928086e-03 -3.346842195263269358e-04
-2.856391094480364729e-03 -2.558000998033992525e-04
-2.386663320456781576e-03 -1.366717282102444309e-04
-2.033155873581747770e-03 2.318119621865920733e-05
-1.869882359119913288e-03 2.138089706920502414e-04
-1.931669297375864392e-03 4.162242581409111852e-04
-2.207542799708775601e-03 6.055756378577240116e-04
-2.642854990401569820e-03 7.555108785096850644e-04
-3.149745609415900791e-03 8.429113220025348865e-04
-3.623954406434443370e-03 8.521064565251932352e-04
-3.964795984651867979e-03 7.777740612925174591e-04
-4.094508694611868199e-03 6.259780632233966947e-04
-3.973306651459821218e-03 4.131467739651525244e-04
-3.607276681426661163e-03 1.631820986554559263e-04
-3.047616055771254755e-03 -9.675785057888976063e-05
-2.381345830928612798e-03 -3.410111607131396873e-04
-1.715248182468923164e-03 -5.498086357983818706e-04
-1.156058854855105279e-03 -7.124926927756099985e-04
-7.906549521725244299e-04 -8.289613647602624884e-04
-6.699795431744826231e-04 -9.090773173194510942e-04
-7.997376933957731082e-04 -9.701678116301983490e-04
-1.139617346086099119e-03 -1.033103365897321832e-03
-1.611175464313918107e-03 -1.117712009216396615e-03
-2.112890377256293993e-03 -1.238411558715533500e-03
-2.539525744610915837e-03 -1.400900513100347211e-03
-2.802136621450644627e-03 -1.600546851706645748e-03
-2.844928062343352743e-03 -1.822791372085543838e-03
-2.655774239020473187e-03 -2.045499314179799900e-03
-2.268407959595101792e-03 -2.242823459583476869e-03
-1.755869135340453868e-03 -2.389853883599475648e-03
-1.216457200933253324e-03 -2.467178648329860276e-03
-7.548531117686761195e-04 -2.464494541704875634e-03
-4.619923396870324536e-04 -2.382584693600363866e-03
-3.975078567644446149e-04 -2.233286914629608721e-03
-5.780764115398007857e-04 -2.037454842376725406e-03
-9.738843555344993581e-04 -1.821291925493977301e-03
-1.513892309080251816e-03 -1.611744466665882610e-03
-2.098912050264623713e-03 -1.431816470871739638e-03
-2.620029621027292373e-03 -1.296682495744799334e-03
-2.978895941023068129e-03 -1.211322509072510845e-03
-3.106052006362531800e-03 -1.170113723216810626e-03
-2.973827115951701867e-03 -1.158443237991753577e-03
-2.601375182375603723e-03 -1.156022401509932329e-03
-2.050901638583293822e-03 -1.141261650257346201e-03
-1.415800103625217393e-03 -1.095864238140394553e-03
-8.029482900530538923e-04 -1.008756624415458767e-03
-3.125169382004210940e-04 -8.785999996315660898e-04
-1.911483096013379818e-05 -7.143974300360601175e-04
4.216162504552399722e-05 -5.340732253103101573e-04
-1.178640504757307679e-04 -3.612867969310577625e-04
-4.447923604888383850e-04 -2.210794449837547341e-04
-8.512934590405486649e-04 -1.351755177784688287e-04
-1.234031465040828779e-03 -1.178269561317446534e-04
-1.493654495946665972e-03 -1.729894940902894276e-04
-1.554056055297192663e-03 -2.933687374899413090e-04
-1.377250691668500905e-03 -4.615222706574363134e-04
-9.710368182408411764e-04 -6.528164838615921426e-04
-3.879850739957126939e-04 -8.396873166186342909e-04
2.840669365903261017e-04 -9.964087228181242074e-04
9.382242433065616193e-04 -1.103477794807283417e-03
1.468389252517186046e-03 -1.150799031656405671e-03
1.789011479690664650e-03 -1.139078219008038450e-03
1.851000961898584003e-03 -1.079175613832731749e-03
1.650799161300511896e-03 -9.895543860103449101e-04
1.230895348685257830e-03 -8.923204729915945078e-04
6.716947168896249439e-04 -8.086160003749436314e-04
7.628044925098772383e-05 -7.542498681338369749e-04
-4.490440987659030138e-04 -7.364029974807893061e-04
-8.147495298303413045e-04 -7.520407916074635423e-04
-9.648273509756400681e-04 -7.883403939729660172e-04
-8.871226991934726049e-04 -8.250568995998532789e-04
-6.153018695902225934e-04 -8.383834527384373967e-04
-2.220890153290707976e-04 -8.055751315344599709e-04
1.949392026062612884e-04 -7.094597109917501329e-04
5.323020479522699898e-04 -5.419776577229690976e-04
7.007083144687329280e-04 -3.060754399918398910e-04
6.424797288682188717e-04 -1.558607232320644758e-05
3.429939864510781443e-04 3.068898544048860024e-04
-1.660304961929893195e-04 6.337123473544339870e-04
-8.120411170244325703e-04 9.368456461074357346e-04
-1.494916883610407279e-03 1.192551196657885967e-03
-2.105491576475724061e-03 1.385255164116820344e-03
-2.545836049539088215e-03 1.509872346312408214e-03
-2.747467300460892676e-03 1.572160694625593770e-03
-2.684043299016570724e-03 1.587053312542751607e-03
-2.376145316856575346e-03 1.575297210765072738e-03
-1.887246223405175845e-03 1.559047830471712269e-03
-1.311630518841576734e-03 1.557264864319799153e-03
-7.565541042226043905e-04 1.581791022787815831e-03
-3.220207669161387863e-04 1.634864320901224626e-03
-8.200195278847762122e-05 1.708541074936933447e-03
-7.065152750246176706e-05 1.786142921782478367e-03
-2.761199798411860702e-04 1.845455752267246728e-03
-6.431322746010016949e-04 1.863074505976210302e-03
-1.083833050346236270e-03 1.819068586719659909e-03
-1.494836515422955873e-03 1.701079780359456830e-03
-1.777242829243914045e-03 1.507069950846350427e-03
-1.855820571169960933e-03 1.246189550611993910e-03
-1.693712550410444431e-03 9.375921005812142602e-04
-1.299869844269564137e-03 6.074072546185732080e-04
-7.277960667829062001e-04 2.844325279868526336e-04
-6.582970943699178751e-05 -4.654522929710262248e-06
5.792046766861776250e-04 -2.396716702090115011e-04
1.101889188382914947e-03 -4.100812770578034770e-04
1.417889758380589966e-03 -5.163318533716172677e-04
1.479697931582984669e-03 -5.691521402614536712e-04
1.285461066214387167e-03 -5.869448683361935815e-04
8.792319552842815409e-04 -5.917860787654305541e-04
3.425919831105698403e-04 -6.047985730581293025e-04
-2.207662857870932704e-04 -6.417849565505364317e-04
-7.045796784903980790e-04 -7.099547604608093948e-04
-1.019981579207004940e-03 -8.063709636488206175e-04
-1.112119800348184166e-03 -9.184135429302669107e-04
-9.702847693131344325e-04 -1.026173560547871157e-03
-6.296375988939195397e-04 -1.106323532258822072e-03
-1.642191154797253180e-04 -1.136728093064782704e-03
3.274273905800003976e-04 -1.100916682522256121e-03
7.412878135274819039e-04 -9.915641023210189624e-04
9.879497958985826184e-04 -8.123108388019670192e-04
1.009905567781742373e-03 -5.775678135004932816e-04
7.927990444890524804e-04 -3.103305386494216076e-04
3.684782163433232929e-04 -3.840352155468749096e-05
-1.907338675849591474e-04 2.102639750720275175e-04
-7.854726689975487144e-04 4.122618914627885459e-04
-1.307933593512376671e-03 5.525505066545968172e-04
-1.662124894843272898e-03 6.267274623524311805e-04
-1.781941602846190929e-03 6.413149621319131277e-04
-1.643641115750987076e-03 6.120253800403092090e-04
-1.270359537857837463e-03 5.603450595178100218e-04
-7.278132884815914855e-04 5.090930387164101364e-04
-1.119979640072254101e-04 4.778038411902404080e-04
4.687897833431390530e-04 4.788149319429989411e-04
9.142080866437853667e-04 5.148040281364492246e-04
1.150574193760811343e-03 5.782448359293943917e-04
1.144483009160824835e-03 6.528843745433957069e-04
9.087695671303150672e-04 7.169600927157411107e-04
4.996956182815155906e-04 7.475434418407925045e-04
5.902766625121523818e-06 7.251812872855669528e-04
-4.687661132616515944e-04 6.379483262789619087e-04
-8.253143581791017817e-04 4.841335882166896386e-04
-9.887020166571434867e-04 2.730413301393503907e-04
-9.223912738071569049e-04 2.374252564599742943e-05
-6.355636802708385883e-04 -2.379996672606682915e-04
-1.816344549745898661e-04 -4.840618549269813534e-04
3.516619511098096370e-04 -6.887432568654014691e-04
8.587436437227660918e-04 -8.331073834401147606e-04
1.236096036671756890e-03 -9.080735046116837281e-04
1.401861786326396263e-03 -9.156848125950473993e-04
1.311398113863713241e-03 -8.683243829330137111e-04
9.658557337835324726e-04 -7.860373314096714709e-04
4.121533619515997237e-04 -6.924746054148778413e-04
-2.656506143098369193e-04 -6.102330363421416002e-04
-9.619604017767945450e-04 -5.564785793064050455e-04
-1.569271124062757367e-03 -5.396838957436337833e-04
-1.998114349249380771e-03 -5.580982516695340984e-04
-2.193553020819851915e-03 -6.002375593631674314e-04
-2.145112199980309456e-03 -6.472978462870654023e-04
-1.888275532316289161e-03 -6.770293244600920392e-04
-1.497274723343322783e-03 -6.683298858907043855e-04
-1.070548105655345743e-03 -6.056789883465735387e-04
-7.116324055142398287e-04 -4.825616669868790882e-04
-5.091162311782720506e-04 -3.032224212340746037e-04
-5.194609224193661671e-04 -8.240405391935845883e-05
-7.559506962523142911e-04 1.568925023676079637e-04
-1.185872482203651282e-03 3.872168856308823379e-04
-1.736466434927677951e-03 5.813390134637632517e-04
-2.308526132224704257e-03 7.169089094598765904e-04
-2.795077600596025148e-03 7.802369539853756288e-04
-3.101603076432276826e-03 7.684903847344675201e-04
-3.163981206701679816e-03 6.899003730524676248e-04
-2.960745981818571626e-03 5.619490148284659930e-04
-2.517340641734315283e-03 4.078861872717029643e-04
-1.901556860081833654e-03 2.522404738656218014e-04
-1.211017075652703282e-03 1.161768215037598819e-04
-5.550631679257259045e-04 1.358060285176505150e-05
-3.447270405065958748e-05 -5.139181584521616917e-05
2.771656476906778988e-04 -8.483563930486415737e-05
3.469009396230473673e-04 -1.015998876657560590e-04
1.881570815729122648e-04 -1.220604078402647680e-04
-1.423170145582625676e-04 -1.677840039698987420e-04
-5.556956541904350434e-04 -2.569155999755265386e-04
-9.483821317560711152e-04 -4.001740926088900060e-04
-1.222084691966300683e-03 -5.982282902766717508e-04
-1.302851457671619188e-03 -8.409636973015113641e-04
-1.155451095255664732e-03 -1.108793239611103373e-03
-7.903683385029379796e-04 -1.375778036814387503e-03
-2.620831250949832319e-04 -1.613981259534758928e-03
3.410460212173342730e-04 -1.798243928588150967e-03
9.133824376830897672e-04 -1.910490594306534472e-03
1.351954353110669874e-03 -1.942760569005145058e-03
1.575964748272891142e-03 -1.898400228111621780e-03
1.542172776770719652e-03 -1.791198467835136221e-03
1.253231703212043333e-03 -1.642635078669409240e-03
7.574005128021471869e-04 -1.477767128890492519e-03
1.396782487255616447e-04 -1.320534160775771113e-03
-4.939672162721894973e-04 -1.189370719674866066e-03
-1.036298020605862019e-03 -1.093954178052622839e-03
-1.398712196398821340e-03 -1.033698579264567732e-03
-1.527597575717544280e-03 -9.982725424952688942e-04
-1.414047686444115616e-03 -9.700341820864237822e-04
-1.095110620084715830e-03 -9.279114230367242625e-04
-6.463449350542647878e-04 -8.519810621441189797e-04
-1.671023001062173566e-04 -7.278665120275214836e-04
2.386668031118683577e-04 -5.501076616762014433e-04
4.824410718475751012e-04 -3.238503882153708586e-04
5.081899363954010341e-04 -6.452123324659833343e-05
3.032313746218069346e-04 2.044655981523849921e-04
-9.917538956696805158e-05 4.555487357257802217e-04
-6.259973605985568639e-04 6.616937158401719511e-04
-1.178190357477773261e-03 8.010278620197101157e-04
-1.649452067279819122e-03 8.605693337800075868e-04
-1.946414442822117560e-03 8.383536213190804012e-04
-2.006450172876754479e-03 7.435623161111422743e-04
-1.809718092661399477e-03 5.946351319480700252e-04
-1.383161679659605011e-03 4.157257588230763501e-04
-7.956970357808636728e-04 2.321734320715462536e-04
-1.454938239459623321e-04 6.584623265719656083e-05
4.582511290417863310e-04 -6.876572240275771351e-05
9.156057597217398362e-04 -1.669730746979637454e-04
1.154427824575461267e-03 -2.343748153621085894e-04
1.143625541596091219e-03 -2.853277163399680705e-04
8.986531468965581939e-04 -3.396983857974070274e-04
4.782107931026841844e-04 -4.185252404165989504e-04
-2.721684122554713921e-05 -5.394250860275401870e-04
-5.128043029370823796e-04 -7.126280011765799734e-04
-8.795007763368624908e-04 -9.384055655184006745e-04
-1.053001709525261701e-03 -1.206393659534506051e-03
-9.979790184965876918e-04 -1.496952050001465386e-03
-7.248713383422238999e-04 -1.784316740478896716e-03
-2.879459416790622643e-04 -2.040960731542857190e-03
2.250018841668406904e-04 -2.242348848580454947e-03
7.093612654316829675e-04 -2.371196233682251395e-03
1.063663674660890153e-03 -2.420432412868737167e-03
1.209004083919803466e-03 -2.394316106471080716e-03
1.104243303804389393e-03 -2.307494115133867495e-03
7.541069714120378787e-04 -2.182184774992203865e-03
2.086404003153607837e-04 -2.044019350480005479e-03
-4.458858861535628867e-04 -1.917326568448113680e-03
-1.102907275737273918e-03 -1.820748704737584333e-03
-1.655326365767313072e-03 -1.764012772066935689e-03
-2.015373112251035281e-03 -1.746459781443671826e-03
-2.130813855186720982e-03 -1.757600564516770139e-03
-1.994450347810817516e-03 -1.779581604875286275e-03
-1.645119934944861556e-03 -1.791081650549767408e-03
-1.160016512920502988e-03 -1.771888248077381012e-03
-6.397943312036399877e-04 -1.707274186855714439e-03
-1.892821114467807672e-04 -1.591331623744707659e-03
1.025351356226517335e-04 -1.428619210988023823e-03
1.794719223845117097e-04 -1.233797457221275182e-03
2.882233238114925884e-05 -1.029309224041297620e-03
-3.162593254016333143e-04 -8.415334204057902528e-04
-7.831279295549414821e-04 -6.961303216177730947e-04
-1.273559394614985716e-03 -6.134515226486586103e-04
-1.682567681183271512e-03 -6.048770454154170622e-04
-1.918559447712328385e-03 -6.707685005620221425e-04
-1.921004151778581484e-03 -8.004232770030742091e-04
-1.672266567299236176e-03 -9.740379922224069644e-04
-1.201352867325503450e-03 -1.166311169362065558e-03
-5.788515841783183676e-04 -1.351006885478114742e-03
9.598279578924761245e-05 -1.505621257789980074e-03
7.135686110090677051e-04 -1.615276090229356880e-03
1.174296725234304705e-03 -1.675112042711136579e-03
1.406958339970924713e-03 -1.690739217485487649e-03
1.381822158334547294e-03 -1.676671971773733769e-03
1.115894577438086583e-03 -1.653057194774457291e-03
6.693757622610037143e-04 -1.641328835109423295e-03
1.339903609812264198e-04 -1.659624905048205602e-03
-3.845911145921029959e-04 -1.718848027222502281e-03
-7.869066467400626314e-04 -1.820128337947635871e-03
-9.986129331661071709e-04 -1.954181346673310431e-03
-9.845686854628886084e-04 -2.102693566348351993e-03
-7.554237559421006585e-04 -2.241483510637519525e-03
-3.654674355846904035e-04 -2.344847976709465206e-03
9.785411379104440592e-05 -2.390277375964198689e-03
5.307623803587296994e-04 -2.362652091968869827e-03
8.331217616653118028e-04 -2.257128047403715674e-03
9.277763581401879183e-04 -2.080165662898944209e-03
7.755786832575307065e-04 -1.848505669247152775e-03
3.832552645972305081e-04 -1.586281750895326753e-03
-1.973904490191544106e-04 -1.320810678259573892e-03
-8.787977579256082972e-04 -1.077849116903896367e-03
-1.553737349224808273e-03 -8.772056589685714835e-04
-2.115133560793188740e-03 -7.295279783971868326e-04
-2.475877717800256759e-03 -6.348613338005701032e-04
-2.584891240707162287e-03 -5.832382769992892034e-04
-2.436406704329163037e-03 -5.571740954112672272e-04
-2.070718366486376007e-03 -5.355812479618655931e-04
-1.566267854324570382e-03 -4.983473153179710652e-04
-1.024570059744633324e-03 -4.306956890682128443e-04
-5.508384909986992727e-04 -3.264900745176407826e-04
-2.339820189934979471e-04 -1.898448988236089052e-04
-1.297623363392620601e-04 -3.472578125527083447e-05
-2.503013331640110018e-04 1.173936811353747388e-04
-5.619236306514686355e-04 2.413827920337179630e-04
-9.917396754094062999e-04 3.130888663006426527e-04
-1.441718248314102172e-03 3.138825400512451256e-04
-1.807577694885553928e-03 2.342540435168075997e-04
-1.998911489169321286e-03 7.577867176785055303e-05
-1.956728948382583863e-03 -1.489236990074507144e-04
-1.665080485847089979e-03 -4.182324706520146925e-04
-1.154556193800858116e-03 -7.051936435736518450e-04
-4.969848092114853740e-04 -9.821251832952868598e-04
2.076740191757236488e-04 -1.225299153280332226e-03
8.497731524765838327e-04 -1.418826324882570917e-03
1.330275551363801958e-03 -1.557021187956623368e-03
1.579072881047086140e-03 -1.644813827445351130e-03
1.567865819657705741e-03 -1.696145350102092313e-03
1.315175358188635677e-03 -1.730665382529716825e-03
8.825430781798119725e-04 -1.769371389200909616e-03
3.626453932578801802e-04 -1.830029411266770583e-03
-1.384235653587543181e-04 -1.923256472842645171e-03
-5.213430077971981753e-04 -2.050018612772556027e-03
-7.124061324343634524e-04 -2.201029150948756279e-03
-6.774432603024561428e-04 -2.358170383342596526e-03
-4.281930652177257492e-04 -2.497676889698667493e-03
-1.991900445235002520e-05 -2.594482999224207234e-03
4.592727655572209590e-04 -2.626914313632853788e-03
9.053850383892209260e-04 -2.580835746817606961e-03
1.218533473550721799e-03 -2.452469123941677757e-03
1.322206492198673561e-03 -2.249343004229442753e-03
1.178124918692700484e-03 -1.989188869267290768e-03
7.938777713506548058e-04 -1.696984694292434648e-03
2.218782067027048714e-04 -1.400696009358748688e-03
-4.501727783680116316e-04 -1.126509781005273188e-03
-1.115518948119650303e-03 -8.944513489130391862e-04
-1.668213320155554399e-03 -7.152012378872261381e-04
-2.022861740068644318e-03 -5.887008277251908495e-04
-2.130514772644170884e-03 -5.047967597178490244e-04
-1.987705453210136721e-03 -4.457878227660025785e-04
-1.636927119344836574e-03 -3.903780315652789637e-04
-1.158465070421836347e-03 -3.182738734677062519e-04
-6.551315380449291258e-04 -2.145425858890833630e-04
-2.327956949457928026e-04 -7.289475873731109503e-05
1.960492985665879088e-05 1.027402820677899783e-04
4.678864485815285162e-05 2.986528498873322222e-04
-1.625739269810017821e-04 4.937283076789727131e-04
-5.739358478814892209e-04 6.633138838998325687e-04
-1.113680401577280899e-03 7.838466259751955502e-04
-1.683361878662009443e-03 8.373658178805825584e-04
-2.178675623952943709e-03 8.150528151413848673e-04
-2.509556085512427460e-03 7.191232682819369282e-04
-2.617587495992386264e-03 5.627067146753944420e-04
-2.487420426381934703e-03 3.677278669700329667e-04
-2.150022465331024278e-03 1.611808088649934834e-04
-1.677137750010924229e-03 -2.950963418067245885e-05
-1.167995149225649430e-03 -1.811732382532978635e-04
-7.307732770182061082e-04 -2.787522256935530971e-04
-4.623241605651855646e-04 -3.176145446161251183e-04
-4.299881577502575897e-04 -3.038981247928074182e-04
-6.589379709857465153e-04 -2.528343065980970749e-04
-1.127444041100568277e-03 -1.853807946164899481e-04
-1.770955157847452395e-03 -1.238138058589210858e-04
-2.494220485199998786e-03 -8.712511796749776655e-05
-3.189158115541903399e-03 -8.710536050392274831e-05
-3.755088739445956898e-03 -1.258633872558535620e-04
-4.117506761166328695e-03 -1.952578345364790430e-04
-4.241839670360745065e-03 -2.783528763791051305e-04
-4.139596918499115902e-03 -3.526247340791116829e-04
-3.865751914847423247e-03 -3.943117536858495699e-04
-3.507861874847699631e-03 -3.830821172484228602e-04
-3.168995544995202585e-03 -3.061310001991953832e-04
-2.947711891520011888e-03 -1.609250661778677868e-04
-2.918891566541288556e-03 4.393345653945659015e-05
-3.119061574352916585e-03 2.898963840389656038e-04
-3.539002615262831428e-03 5.514986036388243480e-04
-4.125049208618988827e-03 8.006650144964730246e-04
-4.788846081566155120e-03 1.011492665255905171e-03
-5.423722269941679865e-03 1.164615858268977944e-03
-5.924590304414529586e-03 1.250341146079549364e-03
-6.207609251087556346e-03 1.269972005527504957e-03
-6.225893857542469031e-03 1.235085441374724879e-03
-5.978299365284504320e-03 1.164909954823036822e-03
-5.509621140209109216e-03 1.082312836536549871e-03
-4.902172156902891501e-03 1.009166689418838567e-03
-4.260332120451119919e-03 9.619808931297990423e-04
-3.690990954613896508e-03 9.486315690238486748e-04
-3.283585021463593379e-03 9.668134927806394966e-04
-3.093499990166101443e-03 1.004509213692928588e-03
-3.131975473566999801e-03 1.042386567404344393e-03
-3.364414357667044886e-03 1.057668558166386698e-03
-3.717407464875922309e-03 1.028738785035446983e-03
-4.093133305726019688e-03 9.396043874269607637e-04
-4.388395772028457452e-03 7.833636545651318341e-04
-4.514684198527573432e-03 5.640122428457153454e-04
-4.415446585493761067e-03 2.962350298170504659e-04
-4.077294590378649150e-03 3.210752624957377534e-06
-3.533008236275468183e-03 -2.871681936350775079e-04
-2.855761555772938585e-03 -5.469590709363844443e-04
-2.145653510543505012e-03 -7.528466501191767492e-04
-1.511086588940158387e-03 -8.899642443016295233e-04
-1.048512365762027361e-03 -9.541484050589251354e-04
-8.243739819564258834e-04 -9.522136092027328955e-04
-8.626610919380813067e-04 -9.002071370108451426e-04
-1.140431768585848955e-03 -8.199854683285383479e-04
-1.592149036402082472e-03 -7.347697491788592744e-04
-2.122012400841618521e-03 -6.645293594225126603e-04
-2.621952602561407331e-03 -6.220731380386669822e-04
-2.991887102326761146e-03 -6.105916876996140066e-04
-3.158407170833051492e-03 -6.231172348067096295e-04
-3.088365655579192962e-03 -6.440022640402633591e-04
-2.794801045232274492e-03 -6.521337765588463599e-04
-2.334085344889938289e-03 -6.252693379863413000e-04
-1.794845616075811234e-03 -5.446667178111103211e-04
-1.280767066674178695e-03 -3.991214977653032079e-04
-8.905442739285463535e-04 -1.876374692905066483e-04
-6.987870694711924464e-04 7.978790229089117287e-05
-7.415065623312111758e-04 3.834248991375606777e-04
-1.008939019114182822e-03 6.968950698006199295e-04
-1.447075194695135155e-03 9.915075712044816962e-04
-1.967613450141091069e-03 1.241042047838360803e-03
-2.464458892204605435e-03 1.426087082241657422e-03
-2.833650026204153054e-03 1.537126903940821271e-03
-2.992943956799197676e-03 1.575805168594950284e-03
-2.897354187812030239e-03 1.554138519491221788e-03
-2.547699703383564124e-03 1.491839266676020037e-03
-1.990545583062657432e-03 1.412262759114699985e-03
-1.309543776466828152e-03 1.337753527274850203e-03
-6.098095638283681109e-04 1.285276146859898501e-03
1.713395277570524226e-06 1.263160841146833977e-03
4.361881442686359970e-04 1.269580672484127383e-03
6.393525967527448079e-04 1.293047136003626189e-03
6.014111315650287745e-04 1.314826594193777140e-03
3.584859795106951769e-04 1.312814137686863468e-03
-1.463656641763635914e-05 1.266123486802543880e-03
-4.190815079761993204e-04 1.159514164146848835e-03
-7.510121253246487827e-04 9.868064256955424128e-04
-9.216770418067638665e-04 7.526248170154151975e-04
-8.745720701783773251e-04 4.721266952230483596e-04
-5.964585365143512978e-04 1.687529261158685772e-04
-1.201439613123859952e-04 -1.295878456766874685e-04
4.815080898749721683e-04 -3.951932748671558465e-04
1.109210085802477116e-03 -6.052286790282908162e-04
1.655947176046934904e-03 -7.455062485378642807e-04
2.027200549831000877e-03 -8.126786576511410651e-04
2.158869063198066464e-03 -8.144426208376029722e-04
2.029495053863307127e-03 -7.677233328889867701e-04
1.664477318872501247e-03 -6.951914349119729230e-04
1.131470008870110681e-03 -6.207780463954700378e-04
5.278336770889763708e-04 -5.650410583418726332e-04
-3.749177829901059137e-05 -5.412618173827813805e-04
-4.642676176045382359e-04 -5.530107403410978268e-04
-6.795588567248855068e-04 -5.936400182436820522e-04
-6.511460940838319960e-04 -6.477945710863613994e-04
-3.932170593079862154e-04 -6.946483275754502390e-04
3.672957149434055973e-05 -7.122444627863798623e-04
5.491716084641334525e-04 -6.821076322848682819e-04
1.039894773202856967e-03 -5.932434038636922972e-04
1.410076909438674883e-03 -4.447550658292434437e-04
1.585313252947483358e-03 -2.465690605061329581e-04
1.529972487057207169e-03 -1.811803604588654978e-05
1.254158537007978892e-03 2.147828309245241511e-04
8.119543784106428123e-04 4.242882655016639356e-04
2.912761725032042472e-04 5.852929531692389106e-04
-2.027440203724530012e-04 6.797282657513654611e-04
-5.677018887283924106e-04 6.995832546007843978e-04
-7.234144199245880723e-04 6.480876822937180421e-04
-6.272704787580481557e-04 5.388411895662293316e-04
-2.825283482102326641e-04 3.930596631108815991e-04
2.620159411333559171e-04 2.354643040106031303e-04
9.209331768163645827e-04 8.959377455857646475e-05
1.587960086401244905e-03 -2.657307961478010518e-05
2.155710242984807540e-03 -1.038573362462575137e-04
2.535574142828494332e-03 -1.433737177511548678e-04
2.674050683318203100e-03 -1.560013852168633036e-04
2.562428408555313987e-03 -1.599401675624415866e-04
2.237994245998456509e-03 -1.768247523423374223e-04
1.776551534136383255e-03 -2.271437565379461846e-04
1.277674216485266039e-03 -3.258432272004857782e-04
8.454987132122286165e-04 -4.789598934083313031e-04
5.686989652540423539e-04 -6.819349171509074461e-04
5.034437270062365813e-04 -9.199408355611155821e-04
6.625693103163513963e-04 -1.170173071550635688e-03
1.013022808967705898e-03 -1.405684998592731869e-03
1.482063448249019760e-03 -1.600052575744023665e-03
1.971049904690058870e-03 -1.731996497013945811e-03
2.374203532148941743e-03 -1.789096574869913393e-03
2.598793701254609352e-03 -1.769903440614012911e-03
2.582920612650598923e-03 -1.684054349394606496e-03
2.307524266536189854e-03 -1.550375805928280813e-03
1.800339947275596698e-03 -1.393334728529337530e-03
1.131043970833188342e-03 -1.238510258797473210e-03
3.985001941174894807e-04 -1.107941446994510941e-03
-2.874876038066756729e-04 -1.016227337514884286e-03
-8.264728426635071937e-04 -9.681114831337201115e-04
-1.145880548572670741e-03 -9.580000164903697008e-04
-1.214244580143603253e-03 -9.714946788920482022e-04
-1.046672351200358085e-03 -9.886392989883598190e-04
-7.015130916863903223e-04 -9.882526624377292474e-04
-2.688706793840161050e-04 -9.525141889673643340e-04
1.468545405177674535e-04 -8.709204502332494081e-04
4.470809459374239670e-04 -7.428494743638165265e-04
5.580018886568107080e-04 -5.782334616139728949e-04
4.447877524524886453e-04 -3.961990461848514814e-04
1.183401029563138120e-04 -2.219197051693311588e-04
-3.666841131921899839e-04 -8.226436547286239279e-05
-9.222058502822197933e-04 -1.055428888775672815e-06
-1.443458202558099094e-03 5.175083501157543876e-06
-1.828951459033317318e-03 -6.986488950726896957e-05
-1.999885499790940262e-03 -2.211251988692556388e-04
-1.915329182976892655e-03 -4.331639318619206081e-04
-1.580286444552423709e-03 -6.829694597544682874e-04
-1.045114376941697456e-03 -9.441208918309706251e-04
-3.963948229150354849e-04 -1.191502625631999648e-03
2.590217515092692693e-04 -1.405686021646774392e-03
8.137893078603922192e-04 -1.576156368840697132e-03
1.179923157783669416e-03 -1.702783824422262476e-03
1.304991952952136392e-03 -1.795271087369266312e-03
1.181589671431336778e-03 -1.870694911135265112e-03
8.483044331110693899e-04 -1.949620406475298731e-03
3.820102883662451721e-04 -2.051537949075377294e-03
-1.170498047916678614e-04 -2.190501135677289362e-03
-5.445576498660139588e-04 -2.371806278129066393e-03
-8.121303884327141535e-04 -2.590356548320044573e-03
-8.642537555644068782e-04 -2.831034426102080337e-03
-6.889278401225978855e-04 -3.071025031014149378e-03
-3.200071573549638309e-04 -3.283662406070482487e-03
1.692089854074858716e-04 -3.443081052943765003e-03
6.799215732023983043e-04 -3.528800882720470409e-03
1.106669778079416230e-03 -3.529384440693773134e-03
1.357490998582172072e-03 -3.444478777587324774e-03
1.371580465231337243e-03 -3.284857868764385919e-03
1.131099815345060992e-03 -3.070457658167317482e-03
6.648906670870991138e-04 -2.826773536037814269e-03
4.338105482289380719e-05 -2.580297948364232256e-03
-6.343603943681404029e-04 -2.353855638075520122e-03
-1.258981152709260330e-03 -2.162711669041344782e-03
-1.731146505573153034e-03 -2.012179492169292091e-03
-1.979952074753650419e-03 -1.897170855042867562e-03
-1.975970424852729456e-03 -1.803760405231305932e-03
-1.736470650783321704e-03 -1.712455312240082411e-03
-1.321831266015668785e-03 -1.602536634746982947e-03
-8.238334057636667509e-04 -1.456635816532701657e-03
-3.480577494640348102e-04 -1.264665134582679956e-03
6.276225865533896150e-06 -1.026343579706253794e-03
1.652071443592429897e-04 -7.518262805723640967e-04
9.408406364101642300e-05 -4.603056842682943617e-04
-1.958875930798017985e-04 -1.768380844233383457e-04
-6.498453824427016627e-04 7.201324965036670742e-05
-1.179795790423194537e-03 2.629011246179673760e-04
-1.681469886018480478e-03 3.798950302905065878e-04
-2.054311783306006067e-03 4.173674352323156049e-04
-2.220808528403888250e-03 3.810205867815764339e-04
-2.141493650603977332e-03 2.868585901153281547e-04
-1.822774949946797535e-03 1.582965439547642783e-04
-1.316095170189646429e-03 2.194928941601828045e-05
-7.085748545149402619e-04 -9.710953080384695678e-05
-1.068992434408163683e-04 -1.797288635974273862e-04
3.825097607895255143e-04 -2.158825082026796230e-04
