5.474101343370479066e-04
2.792736007868430390e-04
9.609342567532420248e-05
7.749738458032173760e-06
2.073436157815685549e-05
1.379127064212843333e-04
3.584131328179525171e-04
6.776476955100401572e-04
1.087463594781234565e-03
1.576420065954982179e-03
2.130181044275096698e-03
2.732009881936573771e-03
3.363348815000549198e-03
4.004462905036951063e-03
4.635125917780899378e-03
5.235324128163668447e-03
5.785953409415641076e-03
6.269485195688592055e-03
6.670577994703905632e-03
6.976613031227336253e-03
7.178135256987867169e-03
7.269184274987157759e-03
7.247503579935758028e-03
7.114620776777964319e-03
6.875795956661798908e-03
6.539840025995413177e-03
6.118809337661778106e-03
5.627587304497903321e-03
5.083367632033442170e-03
4.505057251587250844e-03
3.912619845468164222e-03
3.326382934743653264e-03
2.766332774000001930e-03
2.251421722092231473e-03
1.798912318206397163e-03
1.423781004049830181e-03
1.138202340808597973e-03
9.511317469892465251e-04
8.680013293079660679e-04
8.905394144446557650e-04
1.016720053665487455e-03
1.240844216974599373e-03
1.553749778214309069e-03
1.943142879121936839e-03
2.394039006929064677e-03
2.889298275702825367e-03
3.410236100991516014e-03
3.937287816105951299e-03
4.450703889093513520e-03
4.931251328342437651e-03
5.360896649317842960e-03
5.723446422720978102e-03
6.005122912671503367e-03
6.195054590178068060e-03
6.285664292396910338e-03
6.272941387363403266e-03
6.156588371234940522e-03
5.940036728065724997e-03
5.630331466444158175e-03
5.237888352305240108e-03
4.776132321503246542e-03
4.261029722842504981e-03
3.710530766178088500e-03
3.143941700404863371e-03
2.581248712247068578e-03
2.042417232308147475e-03
1.546691200409168855e-03
1.111916847485185881e-03
7.539146960202393333e-04
4.859217951361889318e-04
3.181237490653228070e-04
2.572929549246516165e-04
3.065457475823216496e-04
4.652269862355511328e-04
7.289261549720455792e-04
1.089624444414316953e-03
1.535967694905573250e-03
2.053655674294638071e-03
2.625934089643853879e-03
3.234172134854283124e-03
3.858505381320422208e-03
4.478521531225304261e-03
5.073965053113411831e-03
5.625436059484649129e-03
6.115058989452828303e-03
6.527097718875069648e-03
6.848495598656073081e-03
7.069321553339407219e-03
7.183106664404226814e-03
7.187059500519595370e-03
7.082152705884508376e-03
6.873077868812099527e-03
6.568070307828787271e-03
6.178609970034406804e-03
5.719008976610053495e-03
5.205900321085707785e-03
4.657645688154901306e-03
4.093683193135753788e-03
3.533837945386086865e-03
2.997619639394366424e-03
2.503531829329802560e-03
2.068417130714390179e-03
1.706861331030466548e-03
1.430677323730052304e-03
1.248486979723763528e-03
1.165415635142458099e-03
1.182909924376975355e-03
1.298685361533777251e-03
1.506805523098325890e-03
1.797890069242717367e-03
2.159444322595960308e-03
2.576298859771973537e-03
3.031143711940653598e-03
3.505138451475292571e-03
3.978576778545539830e-03
4.431582307788852447e-03
4.844811157963735057e-03
5.200136705231655360e-03
5.481292481938586716e-03
5.674450665720225627e-03
5.768715857190395702e-03
5.756516809442200483e-03
5.633882345215586798e-03
5.400591752687375693e-03
5.060194346338812293e-03
4.619897461239166198e-03
4.090326756809023467e-03
3.485167178243490666e-03
2.820697103584715072e-03
2.115231945477870010e-03
1.388496647841965534e-03
6.609490079205354064e-04
-4.692252380751648147e-05
-7.153020199165960585e-04
-1.325725648981342444e-03
-1.861713893073125084e-03
-2.309334317167260897e-03
-2.657675231178168156e-03
-2.899213707314179760e-03
-3.030065116639724110e-03
-3.050105499457662732e-03
-2.962962538935211103e-03
-2.775875510195324487e-03
-2.499429166599214519e-03
-2.147170940339452466e-03
-1.735124921033743411e-03
-1.281219690567311992e-03
-8.046501083284268111e-04
-3.251954525473858696e-04
1.374821503033289965e-04
5.645343886292854361e-04
9.385940773368622349e-04
1.244389706040802904e-03
1.469285664555894551e-03
1.603729194570581136e-03
1.641588388767637255e-03
1.580369380506463448e-03
1.421305104571591498e-03
1.169312513919210615e-03
8.328197509575589914e-04
4.234693329910649458e-04
-4.429223980416570339e-05
-5.537240615296932459e-04
-1.086381710903461077e-03
-1.622768729593891722e-03
-2.143025836430182719e-03
-2.627633699326130303e-03
-3.058104608076272785e-03
-3.417638776659567140e-03
-3.691722239825103932e-03
-3.868645352235035827e-03
-3.939923677708651040e-03
-3.900606473771531593e-03
-3.749461913017252020e-03
-3.489032499812985688e-03
-3.125558687359844025e-03
-2.668773316747161638e-03
-2.131574024651356272e-03
-1.529585041168040086e-03
-8.806236741393434981e-04
-2.040901154698367961e-04
4.796981086910240364e-04
1.150203782517462969e-03
1.787375353782441395e-03
2.372335339385415326e-03
2.888027719999897852e-03
3.319801696970885348e-03
3.655911413472685313e-03
3.887914185337431727e-03
4.010953341748921958e-03
4.023915817607861926e-03
3.929459026197577691e-03
3.733906119102507748e-03
3.447013349734720858e-03
3.081617735797449482e-03
2.653177407621839113e-03
2.179220786687038371e-03
1.678723930124557040e-03
1.171437890796015076e-03
6.771896905477697067e-04
2.151814252497464934e-04
-1.966879180371724004e-04
-5.424541510967190606e-04
-8.086509341762079112e-04
-9.847844467487970772e-04
-1.063703041849141384e-03
-1.041848930295933336e-03
-9.193830789038905452e-04
-7.001789534697012811e-04
-3.916853370543914650e-04
-4.663045678703677671e-06
4.471952139158694509e-04
9.477485012994650397e-04
1.478977840232232558e-03
2.021622947561912877e-03
2.555863148758865267e-03
3.062018584297396609e-03
3.521247097206242974e-03
3.916212340777082412e-03
4.231699651440740985e-03
4.455158059954905485e-03
4.577149400244192798e-03
4.591688728877945866e-03
4.496464075258532408e-03
4.292927769723439702e-03
3.986256095818863782e-03
3.585178626331009255e-03
3.101683168609114995e-03
2.550606603285411611e-03
1.949125898961228927e-03
1.316167083672602081e-03
6.717528293871650276e-04
3.631145765422064391e-05
-5.700284725775606187e-04
-1.128133327458042800e-03
-1.620525001175437615e-03
-2.031983858728160421e-03
-2.350072936437555028e-03
-2.565565075161790540e-03
-2.672758060154684957e-03
-2.669666763334972714e-03
-2.558085590977298655e-03
-2.343519081586996344e-03
-2.034983115840723923e-03
-1.644683731188208370e-03
-1.187584819269044958e-03
-6.808798745463440997e-04
-1.433863211922901438e-04
4.051163453951249515e-04
9.445814009320786624e-04
1.455398364855463875e-03
1.919080450935424726e-03
2.318911908818260120e-03
2.640532578641520238e-03
2.872439184713818094e-03
3.006385815491827151e-03
3.037669573333643368e-03
2.965291404828518905e-03
2.791986499757332946e-03
2.524123220524161076e-03
2.171474133928416161e-03
1.746867201861712496e-03
1.265729389748005296e-03
7.455387240333624698e-04
2.052040405662387997e-04
-3.356057982234592237e-04
-8.571596667165868027e-04
-1.340364422191122696e-03
-1.767443047154559389e-03
-2.122566874690735850e-03
-2.392419691505246523e-03
-2.566673899629981839e-03
-2.638361998769633496e-03
-2.604130319080195065e-03
-2.464366060237544072e-03
-2.223193132399620391e-03
-1.888336892512044313e-03
-1.470862464236470310e-03
-9.847957605801809823e-04
-4.466404398078263269e-04
1.251923266574867487e-04
7.110213387291143593e-04
1.290577810371558052e-03
1.843708898799497828e-03
2.351077707159438673e-03
2.794835268704891091e-03
3.159240999539300078e-03
3.431209909819914021e-03
3.600767426730607391e-03
3.661395916730831885e-03
3.610260786255247226e-03
3.448308256324054619e-03
3.180231399698841242e-03
2.814305641851849900e-03
2.362099497491477150e-03
1.838070682564451816e-03
1.259061754485649859e-03
6.437129502320978200e-04
1.181278965910239069e-05
-6.163908115687275575e-04
-1.220894794959554710e-03
-1.782635918835914117e-03
-2.284152094620677843e-03
-2.710186951456253907e-03
-3.048216473590111865e-03
-3.288879288899070226e-03
-3.426295566242032638e-03
-3.458263385594516001e-03
-3.386325741232532743e-03
-3.215705874035174657e-03
-2.955113245310358495e-03
-2.616426999641485295e-03
-2.214268059176678020e-03
-1.765474896026399294e-03
-1.288501406180161827e-03
-8.027580392649246322e-04
-3.279193278448364317e-04
1.167778619116436028e-04
5.132207107828969453e-04
8.450673492106895723e-04
1.098331556576806912e-03
1.261884711490276426e-03
1.327857347805866785e-03
1.291926189946888612e-03
1.153476555230031290e-03
9.156343796211260065e-04
5.851666935949874620e-04
1.722539863742997626e-04
-3.098576118242869510e-04
-8.453121861975523583e-04
-1.416192000673733133e-03
-2.003138406065408089e-03
-2.586023971927589420e-03
-3.144652322903112619e-03
-3.659461186236736240e-03
-4.112204041175297059e-03
-4.486586507222906778e-03
-4.768835190554076772e-03
-4.948179070873055287e-03
-5.017226571859236678e-03
-4.972225109816850314e-03
-4.813194029316755426e-03
-4.543926267330304809e-03
-4.171858683299136533e-03
-3.707815590729754765e-03
-3.165634465140025090e-03
-2.561686927976758021e-03
-1.914311771948262828e-03
-1.243179871634706975e-03
-5.686132063972500249e-04
8.911817298848639241e-05
7.104966331021346504e-04
1.277430393636658397e-03
1.773876352836948863e-03
2.186390521724701063e-03
2.504586825673474088e-03
2.721488245401200434e-03
2.833758044377754099e-03
2.841803033712325850e-03
2.749745311462125676e-03
2.565263523789583239e-03
2.299309268923309217e-03
1.965708641178680067e-03
1.580662938009171027e-03
1.162166087118127449e-03
7.293592692207645587e-04
3.018454128352586214e-04
-1.010123566194645779e-04
-4.607836693972472506e-04
-7.606309237396125661e-04
-9.859131713415064582e-04
-1.124712657474275478e-03
-1.168265509155768257e-03
-1.111281425391694080e-03
-9.521411151272238249e-04
-6.929645147655972420e-04
-3.395473477249958717e-04
9.883179525513666186e-05
6.097271362546024479e-04
1.177953127116053824e-03
1.786108660823210832e-03
2.415179739668799671e-03
3.045199509730844509e-03
3.655942557259414527e-03
4.227629158167035134e-03
4.741614819136475562e-03
5.181040960285761970e-03
5.531423946958998784e-03
5.781161834487756612e-03
5.921941069150726822e-03
5.949028890169393360e-03
5.861441178731486429e-03
5.661979860543422255e-03
5.357138535497364337e-03
4.956879621677785612e-03
4.474290799475263460e-03
3.925132767402760708e-03
3.327294126258968296e-03
2.700172459235645854e-03
2.064003258518252830e-03
1.439160173385516540e-03
8.454510568561015259e-04
3.014344324590431320e-04
-1.762197153332210713e-04
-5.733024789022840746e-04
-8.785518837158040779e-04
-1.084035092441394069e-03
-1.185413620057095257e-03
-1.182082323828778994e-03
-1.077177356166168082e-03
-8.774528608630257492e-04
-5.930307931421778360e-04
-2.370326900722698107e-04
1.748936454999739688e-04
6.251359023022092648e-04
1.094747715561834693e-03
1.564125669397889093e-03
2.013709066615506759e-03
2.424677889428945073e-03
2.779624439677442528e-03
3.063175071297625368e-03
3.262540178782488351e-03
3.367973121723269285e-03
3.373121959108263922e-03
3.275261625921789023e-03
3.075398377017100719e-03
2.778242802306256365e-03
2.392052326048893594e-03
1.928348679918326803e-03
1.401520224179109587e-03
8.283230300637251138e-04
2.272981877458316491e-04
-3.818742562874660046e-04
-9.790621041807271406e-04
-1.544384494099359292e-03
-2.058907421674583283e-03
-2.505306922316576090e-03
-2.868476670499350498e-03
-3.136058695948717653e-03
-3.298878606932338902e-03
-3.351270053305116774e-03
-3.291277039496426100e-03
-3.120726974380358832e-03
-2.845171871098384469e-03
-2.473699726819021411e-03
-2.018622658352611440e-03
-1.495052685208923642e-03
-9.203799858771215085e-04
-3.136718679741744807e-04
3.049865312011658825e-04
9.151867575167298065e-04
1.496902478109396299e-03
2.031181175496787200e-03
2.500797911562659473e-03
2.890848305660188682e-03
3.189260002103358905e-03
3.387204759310162051e-03
3.479396775705800859e-03
3.464266854143189904e-03
3.344006357352973663e-03
3.124479469339215814e-03
2.815006891818045299e-03
2.428028609069881813e-03
1.978657591108862798e-03
1.484140125416616440e-03
9.632417377774070812e-04
4.355802683997032063e-04
-7.907048078166858691e-05
-5.614820827651023638e-04
-9.936531890734057442e-04
-1.359447673886328206e-03
-1.645166821562293880e-03
-1.840035474632995298e-03
-1.936585077479042929e-03
-1.930920167133017094e-03
-1.822858950273660225e-03
-1.615943021218528997e-03
-1.317315864840794791e-03
-9.374743900017832449e-04
-4.899021920371378867e-04
9.402608994975043127e-06
5.424884095767945049e-04
1.090080380514381071e-03
1.632257849028538035e-03
2.149155057901166316e-03
2.621660731582010299e-03
3.032091917365194872e-03
3.364818467675110766e-03
3.606816255709030007e-03
3.748129710696391278e-03
3.782227433473541334e-03
3.706238396715514759e-03
3.521060415844207061e-03
3.231337049826009562e-03
2.845303699046400608e-03
2.374508248745152948e-03
1.833416000588583474e-03
1.238912687878363211e-03
6.097229396376281640e-04
-3.423547970734169355e-05
-6.725390788863744220e-04
-1.284963661827941920e-03
-1.852182311791876349e-03
-2.356431933127466766e-03
-2.782125048029909353e-03
-3.116385463805038374e-03
-3.349489093374684485e-03
-3.475194534601574840e-03
-3.490951876048961188e-03
-3.397982462689014185e-03
-3.201226875357479369e-03
-2.909162994029243325e-03
-2.533500565506887139e-03
-2.088763021423896936e-03
-1.591771241010507629e-03
-1.061047386501247965e-03
-5.161597370784132537e-04
2.296848818881115466e-05
5.367620691657637010e-04
1.006683827082845324e-03
1.415887567706108690e-03
1.749811025881285167e-03
1.996688018113952114e-03
2.147961844589151535e-03
2.198585446134503768e-03
2.147197793686574790e-03
1.996170328625878482e-03
1.751521829774851068e-03
1.422704697187753388e-03
1.022270152390230245e-03
5.654241014101800845e-04
6.948924195253260595e-05
-4.467077149938765684e-04
-9.635022112353614290e-04
-1.461088023096195673e-03
-1.920219031705928383e-03
-2.322891955843749742e-03
-2.652986085498696637e-03
-2.896837558305834486e-03
-3.043728012165786492e-03
-3.086270445375026254e-03
-3.020678715443465921e-03
-2.846911183320089724e-03
-2.568683418182738862e-03
-2.193349464804555775e-03
-1.731655780063543620e-03
-1.197376406068613409e-03
-6.068421083229856875e-04
2.162007746843517663e-05
6.683173071006842702e-04
1.312869361939782977e-03
1.934911337846349950e-03
2.514796020892106753e-03
3.034271391908245283e-03
3.477109572294457846e-03
3.829665223703689579e-03
4.081343884629177500e-03
4.224963880997392209e-03
4.256999175097632600e-03
4.177694686957915057e-03
3.991050088502411455e-03
3.704672677005963442e-03
3.329504519100984043e-03
2.879433459248097703e-03
2.370801652892592058e-03
1.821828872019071264e-03
1.251970813791087938e-03
6.812349169091421082e-04
1.294776755734606925e-04
-3.842919145309270455e-04
-8.425783625677627821e-04
-1.230011799907162248e-03
-1.533884759517443195e-03
-1.744594812318790928e-03
-1.855977558291176501e-03
-1.865518316184975808e-03
-1.774435110140178216e-03
-1.587630065277836552e-03
-1.313510939198747358e-03
-9.636890705794897306e-04
-5.525643600898163263e-04
-9.681186078020799501e-05
3.852119939435811355e-04
8.741226775733710718e-04
1.350197437422537023e-03
1.794077521185566751e-03
2.187458107532553372e-03
2.513741713761518965e-03
2.758632131334769460e-03
2.910648022341763910e-03
2.961538123604792738e-03
2.906583451686731330e-03
2.744775860706360864e-03
2.478866636903939887e-03
2.115283367530274364e-03
1.663917937292725855e-03
1.137793021542586732e-03
5.526187033841655286e-04
-7.374530728136588584e-05
-7.219030660365719117e-04
-1.371589960135884308e-03
-2.002371111448745383e-03
-2.594346196785978984e-03
-3.128836039464697426e-03
-3.589026962595449899e-03
-3.960550372306154837e-03
-4.231977306179240429e-03
-4.395210659141618112e-03
-4.445761381606705767e-03
-4.382899007298805653e-03
-4.209671268545940592e-03
-3.932792140727628394e-03
-3.562402264397689176e-03
-3.111710161954821252e-03
-2.596526839044198745e-03
-2.034710092919937274e-03
-1.445538010021896842e-03
-8.490336123070247589e-04
-2.652643196356179681e-04
2.863592260776057739e-04
7.877604109410519997e-04
1.222826251824681541e-03
1.577967303827069838e-03
1.842588270705919525e-03
2.009452849470035225e-03
2.074930050288561947e-03
2.039113389805735817e-03
1.905808814174562126e-03
1.682391811401369366e-03
1.379538759603828654e-03
1.010841967777024054e-03
5.923219440887570776e-04
1.418540306592083137e-04
-3.214704530782056739e-04
-7.780261192340454015e-04
-1.208354522775381169e-03
-1.593859654452039424e-03
-1.917473486422475483e-03
-2.164268189880223098e-03
-2.321993511758513231e-03
-2.381520419483216643e-03
-2.337175406880252077e-03
-2.186953685643380774e-03
-1.932603730977341993e-03
-1.579580158424906573e-03
-1.136866523481260124e-03
-6.166741946889765270e-04
-3.402779472944442163e-05
5.937483196383601131e-04
1.247624598437462040e-03
1.907521078689891104e-03
2.552999509445639560e-03
3.163968616012715306e-03
3.721377834704270651e-03
4.207875250577077994e-03
4.608406721981433626e-03
4.910735233440833777e-03
5.105862310340467808e-03
5.188336757307531778e-03
5.156439926893229345e-03
5.012241048003436908e-03
4.761520693010539568e-03
4.413565079209630544e-03
3.980838422498395208e-03
3.478544830414368426e-03
2.924095088372810191e-03
2.336497021636018377e-03
1.735690789586512945e-03
1.141852394587790885e-03
5.746897976355372362e-04
5.275628825368063046e-05
-4.071948522533209124e-04
-7.907918056838400631e-04
-1.086541443465492956e-03
-1.286224933180186644e-03
-1.385177897566388424e-03
-1.382445346968102628e-03
-1.280805997179604392e-03
-1.086665164223582763e-03
-8.098200353100887781e-04
-4.631055895822800295e-04
-6.193362646390474999e-05
3.762588931471632986e-04
8.326328082689229623e-04
1.287619137430414101e-03
1.721617259406641506e-03
2.115694373181756759e-03
2.452261669934098932e-03
2.715703465681780331e-03
2.892937191624600675e-03
2.973884562403766342e-03
2.951837355561091111e-03
2.823704929323974343e-03
2.590134751029112177e-03
2.255501659766811964e-03
1.827766188192729395e-03
1.318206858667705234e-03
7.410357870917571362e-04
1.129110191640880041e-04
-5.476373550517501685e-04
-1.220847238352576122e-03
-1.886408324580391652e-03
-2.524165730456425470e-03
-3.114818835571530036e-03
-3.640590869637800545e-03
-4.085845807731991811e-03
-4.437630977132053789e-03
-4.686126378903814234e-03
-4.824984992560288344e-03
-4.851552148492495505e-03
-4.766956286743957716e-03
-4.576067923727888953e-03
-4.287328262891208774e-03
-3.912453449435134706e-03
-3.466024823092701910e-03
-2.964979514089670972e-03
-2.428019215939142446e-03
-1.874957832415485078e-03
-1.326030834588247213e-03
-8.011905022500280440e-04
-3.194117155579565513e-04
1.019674099811762949e-04
4.478469758430730224e-04
7.058878027919159373e-04
8.669367148000138926e-04
9.253397451509759279e-04
8.791323347081088022e-04
7.300999045211724846e-04
4.837067288011747714e-04
1.488956505833350513e-04
-2.622342906455068720e-04
-7.348609710936975827e-04
-1.251967805256534293e-03
-1.794949302474356219e-03
-2.344272285038209291e-03
-2.880169545163539010e-03
-3.383341581910056378e-03
-3.835641776715409314e-03
-4.220720947524176161e-03
-4.524608646156967617e-03
-4.736210781648831844e-03
-4.847706086059274527e-03
-4.854827485905913523e-03
-4.757018477610551813e-03
-4.557458987758837739e-03
-4.262959774984887221e-03
-3.883729039537238761e-03
-3.433019387534090583e-03
-2.926667492540304533e-03
-2.382542560360253071e-03
-1.819922901953140073e-03
-1.258822442026566978e-03
-7.192907487357715502e-04
-2.207111013944277472e-04
2.188788144695220320e-04
5.834197845585639003e-04
8.593953387457842381e-04
1.036307642765527852e-03
1.107048325189425751e-03
1.068151234146909583e-03
9.199182519556829175e-04
6.664137404820045206e-04
3.153277899228148877e-04
-1.222869623780128805e-04
-6.323957494605350876e-04
-1.198466030028310378e-03
-1.802038843755252896e-03
-2.423367183137674352e-03
-3.042099052725554757e-03
-3.637981323143269722e-03
-4.191559760918901756e-03
-4.684850751225480212e-03
-5.101961224418041785e-03
-5.429635113894605916e-03
-5.657707248650539929e-03
-5.779448828665963503e-03
-5.791792431257119025e-03
-5.695428718572404479e-03
-5.494771512571696749e-03
-5.197792516538617992e-03
-4.815731529802141572e-03
-4.362692364829653079e-03
-3.855138680331519994e-03
-3.311307450166793044e-03
-2.750560672803954027e-03
-2.192698088780938200e-03
-1.657255038247496372e-03
-1.162810109448507130e-03
-7.263268837491608856e-04
-3.625528856200724293e-04
-8.349683885413997433e-05
1.019974164771413408e-04
1.885653819388623947e-04
1.745136837946448770e-04
6.188243351044593957e-05
-1.436240433940996937e-04
-4.328357030955252809e-04
-7.934375648591268388e-04
-1.210401550269148011e-03
-1.666514257010416871e-03
-2.142982178321553143e-03
-2.620093161487088446e-03
-3.077910924076531982e-03
-3.496978284286102884e-03
-3.859004452442508885e-03
-4.147512285344380836e-03
-4.348422804229245923e-03
-4.450556471753153512e-03
-4.446033636571618611e-03
-4.330560083848624883e-03
-4.103587652624056045e-03
-3.768344255497202248e-03
-3.331732209259995626e-03
-2.804098396702137813e-03
-2.198884268228098061e-03
-1.532167899905097349e-03
-8.221141046599727284e-04
-8.835181311198888113e-05
6.486995128470330468e-04
1.368530886362828583e-03
2.051247715093422377e-03
2.678252026258046408e-03
3.232879150831800743e-03
3.700966616969417807e-03
4.071335378655172033e-03
4.336166577633618693e-03
4.491260697226547721e-03
4.536170087414161806e-03
4.474200277156144614e-03
4.312280086888277755e-03
4.060705150371981750e-03
3.732763889543142324e-03
3.344259103318556435e-03
2.912941987203708158e-03
2.457878466905139697e-03
1.998770098544123790e-03
1.555253377479279752e-03
1.146202051490527582e-03
7.890569257558580421e-04
4.992066804750594153e-04
2.894414310458622887e-04
1.694982081506929937e-04
1.457143104277225029e-04
2.208006985926309548e-04
3.937433895552003814e-04
6.598363197913678820e-04
1.010844536316120312e-03
1.435292002647737186e-03
1.918863936350958610e-03
2.444909577274449481e-03
2.995027762253184116e-03
3.549714776311524867e-03
4.089051764117553750e-03
4.593407595232791747e-03
5.044132531306770931e-03
5.424218361911932462e-03
5.718901847055846664e-03
5.916190287515507920e-03
6.007290769537310809e-03
5.986928002649030169e-03
5.853539570184026347e-03
5.609341704944439955e-03
5.260263236814684447e-03
4.815749976198909280e-03
4.288446335117912164e-03
3.693765287654666475e-03
3.049361682518032975e-03
2.374527305758655782e-03
1.689528832500483951e-03
1.014911806908241898e-03
3.707949794034498623e-04
-2.238203323201293227e-04
-7.517017184730757570e-04
-1.197975220702358727e-03
-1.550632345861895686e-03
-1.800936843144139302e-03
-1.943717049144414854e-03
-1.977533614047057194e-03
-1.904716787445530097e-03
-1.731272011377241443e-03
-1.466657180868733302e-03
-1.123439427021007912e-03
-7.168434969260599737e-04
-2.642076006561655662e-04
2.156341647963651417e-04
7.030211349379688560e-04
1.178163650905759280e-03
1.621844409980365085e-03
2.016098988287455367e-03
2.344851663961772074e-03
2.594484239120827505e-03
2.754317910640922962e-03
2.816991290522683627e-03
2.778721319654230658e-03
2.639437926351980487e-03
2.402787709227748557e-03
2.076006517507817013e-03
1.669665399930489198e-03
1.197298834633784680e-03
6.749282813667853258e-04
1.204977692149061894e-04
-4.467586808638976045e-04
-1.006995607197331156e-03
-1.540456826310897471e-03
-2.028173733548090628e-03
-2.452636680938951284e-03
-2.798415868290638452e-03
-3.052709949813380095e-03
-3.205803088958671283e-03
-3.251414399877702345e-03
-3.186927482683573655e-03
-3.013491959466861082e-03
-2.735993401612645416e-03
-2.362892649293462863e-03
-1.905940099519962431e-03
-1.379774919491539176e-03
-8.014231737121171742e-04
-1.897123951462871940e-04
4.353769415208998865e-04
1.053400375285165266e-03
1.644154756577956853e-03
2.188375227754639149e-03
2.668399517234281565e-03
3.068776322424188099e-03
3.376796514363803771e-03
3.582928599813476646e-03
3.681143229591993422e-03
3.669115427844944072e-03
3.548297499446943608e-03
3.323860101849558830e-03
3.004503584688757861e-03
2.602146243586921960e-03
2.131500444640796119e-03
1.609551502061940063e-03
1.054957595773251509e-03
4.873917791867288609e-04
-7.315084692413739102e-05
-6.070565015554804395e-04
-1.095781973044764220e-03
-1.522505590982149021e-03
-1.872717105460852596e-03
-2.134725803251763358e-03
-2.300069059391540802e-03
-2.363807015346288364e-03
-2.324693068948141539e-03
-2.185214216724577947e-03
-1.951499853411755312e-03
-1.633102246410875202e-03
-1.242656403048214130e-03
-7.954312780283120509e-04
-3.087880792011474837e-04
1.984353118509593421e-04
7.065921960553453798e-04
1.195923747097814164e-03
1.647260080055428432e-03
2.042701087161186754e-03
2.366253136454653586e-03
2.604399273948940219e-03
2.746582898564331032e-03
2.785587909851026077e-03
2.717801955250826948e-03
2.543353499248868742e-03
2.266117857728899409e-03
1.893591932254120062e-03
1.436641979961264482e-03
9.091332040531644593e-04
3.274540915929793211e-04
-2.900478856933956691e-04
-9.236994848836730830e-04
-1.553181680721111690e-03
-2.158232650387145561e-03
-2.719349167123285942e-03
-3.218461869406750737e-03
-3.639560785617932271e-03
-3.969249234848775190e-03
-4.197206731703411603e-03
-4.316544708792354954e-03
-4.324042623495111606e-03
-4.220256203970841440e-03
-4.009494066579192412e-03
-3.699663545961675779e-03
-3.301991158534342986e-03
-2.830627509598812423e-03
-2.302150499894485818e-03
-1.734984247442837883e-03
-1.148754090243625818e-03
-5.636002714282902556e-04
5.256474788347884064e-07
5.245569980792184721e-04
9.909764564665492041e-04
1.384425466125590708e-03
1.692237295956160702e-03
1.904875076499612302e-03
2.016259490596322961e-03
2.023974664704874041e-03
1.929345078340079494e-03
1.737380831851906325e-03
1.456593228571312652e-03
1.098687174433232716e-03
6.781412172013951594e-04
2.116899870071631056e-04
-2.822727779852564280e-04
-7.843496522881373981e-04
-1.274830371990460804e-03
-1.734393850815314558e-03
-2.144796709843385489e-03
-2.489524139104921062e-03
-2.754380228562388049e-03
-2.927997026724702637e-03
-3.002244432939958022e-03
-2.972526504516473378e-03
-2.837953740448109340e-03
-2.601385250180194599e-03
-2.269339276230407463e-03
-1.851775153767608621e-03
-1.361754296753693843e-03
-8.149920410477287528e-04
-2.293160013460623383e-04
3.759501231074824368e-04
9.806557443391890078e-04
1.564522173449321360e-03
2.107846551133778397e-03
2.592186288486646260e-03
3.001000065469278198e-03
3.320222953437218343e-03
3.538755533091998261e-03
3.648849889416479718e-03
3.646378975094468310e-03
3.530979917126750474e-03
3.306066254771743065e-03
2.978708685924201169e-03
2.559388502812762027e-03
2.061632355141345026e-03
1.501541133350153085e-03
8.972294709654049516e-04
2.681954931870337362e-04
-3.653571206680012720e-04
-9.832210259922938723e-04
-1.565886482470521491e-03
-2.095217459146902703e-03
-2.555078914930646993e-03
-2.931893308662006196e-03
-3.215106875893844127e-03
-3.397549374414676922e-03
-3.475674736332847771e-03
-3.449674240336650551e-03
-3.323458287203255156e-03
-3.104507468122021888e-03
-2.803598197496292351e-03
-2.434412579018930406e-03
-2.013046231890175571e-03
-1.557431380853759734e-03
-1.086695483925843994e-03
-6.204779311962681275e-04
-1.782288177129755669e-04
2.214855782820420414e-04
5.616462156293371491e-04
8.273903031874572413e-04
1.006544506799061760e-03
1.090063608992883305e-03
1.072359194446796064e-03
9.515067893996107494e-04
7.293241441063418214e-04
4.113178647669533776e-04
6.500216818612972181e-06
-4.729175266767358596e-04
-1.011944489108710429e-03
-1.593327690538661693e-03
-2.198149547257012212e-03
-2.806484467351013506e-03
-3.398091564762189491e-03
-3.953119245143091320e-03
-4.452796997167542299e-03
-4.880090167529230194e-03
-5.220294791118664825e-03
-5.461551644498118321e-03
-5.595261517346858740e-03
-5.616387153996302284e-03
-5.523631284380529742e-03
-5.319484501693465608e-03
-5.010141300779317325e-03
-4.605287207130851976e-03
-4.117764439602634129e-03
-3.563127802430811168e-03
-2.959106344891376719e-03
-2.324989625286922896e-03
-1.680960054364911667e-03
-1.047394679300666168e-03
-4.441608369519357922e-04
1.100696831855224427e-04
5.984639774251078979e-04
1.006606370788024367e-03
1.322991547466213997e-03
1.539415240237046109e-03
1.651248841978059882e-03
1.657588371806804298e-03
1.561272632757598321e-03
1.368769982960219228e-03
1.089937747331440462e-03
7.376627604563309754e-04
3.273956972046774194e-04
-1.234044302819691527e-04
-5.958960827143459536e-04
-1.070529321003442329e-03
-1.527744568409033967e-03
-1.948671462668482863e-03
-2.315803251243474768e-03
-2.613623041201718067e-03
-2.829159903966003108e-03
-2.952455295031623361e-03
-2.976923393568684396e-03
-2.899592686379230677e-03
-2.721220284620547505e-03
-2.446274924112673554e-03
-2.082789204537481391e-03
-1.642086208046578512e-03
-1.138390043038270839e-03
-5.883339297580652627e-04
-1.038303825630511844e-05
5.758077198512104441e-04
1.150078461251616019e-03
1.692467682554024818e-03
2.183909558698157553e-03
2.606900761309777041e-03
2.946113434204839822e-03
3.188932845948221854e-03
3.325900874781483052e-03
3.351049777017166796e-03
3.262114530683286797e-03
3.060616297225571790e-03
2.751814056491680253e-03
2.344526085926399231e-03
1.850827512175054739e-03
1.285634502446516593e-03
6.661896319923307297e-04
1.146642384940909027e-05
-6.584861136517772360e-04
-1.323236026325032635e-03
-1.962673808572620165e-03
-2.557705982805164469e-03
-3.090912609967343475e-03
-3.547145743119180152e-03
-3.914047907136828687e-03
-4.182472491422776183e-03
-4.346791380796712762e-03
-4.405079101987259896e-03
-4.359167090864522233e-03
-4.214566237091540296e-03
-3.980260478734695337e-03
-3.668378737812204478e-03
-3.293756750443723770e-03
-2.873404202824550533e-03
-2.425895901513292364e-03
-1.970708367255299791e-03
-1.527525152535273538e-03
-1.115535277305183554e-03
-7.527494165321148289e-04
-4.553578489824585372e-04
-2.371527108885078047e-04
-1.090348422054425795e-04
-7.862254612495383349e-05
-1.499760083495866626e-04
-3.234470666077108106e-04
-5.956596251470180382e-04
-9.596214275343767364e-04
-1.404963294567113281e-03
-1.918297463902471356e-03
-2.483682490797606626e-03
-3.083178431515985925e-03
-3.697472863494823646e-03
-4.306555810293091410e-03
-4.890419921784823834e-03
-5.429761371231878533e-03
-5.906656901928113504e-03
-6.305193288085380807e-03
-6.612027138394576536e-03
-6.816855407959009593e-03
-6.912780109673895279e-03
-6.896554420113440616e-03
-6.768701527808278218e-03
-6.533502027944887783e-03
-6.198850270859541066e-03
-5.775984660937713046e-03
-5.279101316865155227e-03
-4.724864588935506760e-03
-4.131831541176871417e-03
-3.519810518853996179e-03
-2.909176229869959735e-03
-2.320165290864986511e-03
-1.772176872054306461e-03
-1.283102895125844915e-03
-8.687112021344162854e-04
-5.421032566019488332e-04
-3.132653260281142993e-04
-1.887288192623181281e-04
-1.713516274736274526e-04
-2.602280778026240873e-04
-4.507306027495146770e-04
-7.346816138408766156e-04
-1.100649506817598941e-03
-1.534358377327873146e-03
-2.019197043253899079e-03
-2.536809491906190372e-03
-3.067746019246463899e-03
-3.592152203944386918e-03
-4.090471535864187262e-03
-4.544137042869145042e-03
-4.936227648281422097e-03
-5.252066230315529348e-03
-5.479738400885236088e-03
-5.610513802652516632e-03
-5.639155142559792826e-03
-5.564104117526787185e-03
-5.387537705509194003e-03
-5.115292841398424474e-03
-4.756662112963163172e-03
-4.324067635434390884e-03
-3.832624535890852713e-03
-3.299609350576593585e-03
-2.743851973978088127e-03
-2.185072480999969164e-03
-1.643186078888276376e-03
-1.137600565825131003e-03
-6.865309390856420141e-04
-3.063551979705252983e-04
-1.103394633403080582e-05
1.883858331250699153e-04
2.841654073304105722e-04
2.721534560564146596e-04
1.519399455512954883e-04
-7.312072371880914273e-05
-3.960181526756209949e-04
-8.063222109823517565e-04
-1.290538906699582530e-03
-1.832573439086772685e-03
-2.414284260621407750e-03
-3.016108786043910066e-03
-3.617738876197203017e-03
-4.198822480568067603e-03
-4.739666905858668476e-03
-5.221919120738842748e-03
-5.629199311156832600e-03
-5.947665538038746785e-03
-6.166489762509219652e-03
-6.278228608355867699e-03
-6.279075918553998770e-03
-6.168988303070674709e-03
-5.951679323800251886e-03
-5.634482563468727091e-03
-5.228088417465824589e-03
-4.746163869917514183e-03
-4.204868612943455167e-03
-3.622284497378910548e-03
-3.017778337115262395e-03
-2.411320421330032712e-03
-1.822782637530574344e-03
-1.271240819273886666e-03
-7.743057807524456396e-04
-3.475064914843571488e-04
-3.747013488041538165e-06
2.471437652688808322e-04
3.987538229538109547e-04
4.483091517976022997e-04
3.967666201148689620e-04
2.487753058613363828e-04
1.250767195472290982e-05
-3.006334817063059401e-04
-6.764219979280947266e-04
-1.098314986080584348e-03
-1.548041307429154183e-03
-2.006251267333957616e-03
-2.453204711717393415e-03
-2.869473376403900225e-03
-3.236632835615448067e-03
-3.537919757676732599e-03
-3.758831389182238757e-03
-3.887646211002419340e-03
-3.915847469711023626e-03
-3.838434689588113985e-03
-3.654112194105983182e-03
-3.365347974251519172e-03
-2.978300783210352173e-03
-2.502617953676121530e-03
-1.951110963578960803e-03
-1.339320059631840445e-03
-6.849831356695833262e-04
-7.427418076667451118e-06
6.730947839098862804e-04
1.336103044383786086e-03
1.961594137300014772e-03
2.530731043280587487e-03
3.026491556562647175e-03
3.434253815803049639e-03
3.742298290672784692e-03
3.942208681395754921e-03
4.029157728115313059e-03
4.002067957182144087e-03
3.863641770935855209e-03
3.620259862849272738e-03
3.281751550707374520e-03
2.861045105246976493e-03
2.373710353251414461e-03
1.837409605263190613e-03
1.271276166715834934e-03
6.952422249757483127e-04
1.293396747586732145e-04
-4.070016113609591871e-04
-8.956334751660099004e-04
-1.320323311858974825e-03
-1.667319850939575536e-03
-1.925831062793985533e-03
-2.088397458169179328e-03
-2.151147717271133502e-03
-2.113927712473860979e-03
-1.980298428914283992e-03
-1.757402884963857326e-03
-1.455706748583645346e-03
-1.088621774887352754e-03
-6.720252996308017550e-04
-2.236926688020573540e-04
2.373374617528789966e-04
6.914426676898401689e-04
1.119117275742271883e-03
1.501669261366000421e-03
1.821889049190586864e-03
2.064666723794713558e-03
2.217535964568127706e-03
2.271125584846372426e-03
2.219502792180964856e-03
2.060396080123413909e-03
1.795289879328903788e-03
1.429387589341564544e-03
9.714442246474711082e-04
4.334744778539342553e-04
-1.696536309419634670e-04
-8.207253393978378641e-04
-1.500768270046159893e-03
-2.189703512733776752e-03
-2.867035903136552939e-03
-3.512559362690307642e-03
-4.107052635343460059e-03
-4.632941090659618497e-03
-5.074901449282704508e-03
-5.420388284058583889e-03
-5.660063888210961278e-03
-5.788116484961462749e-03
-5.802455662334031136e-03
-5.704778215617239967e-03
-5.500502117456784745e-03
-5.198570952829671514e-03
-4.811135691431911096e-03
-4.353124964387204525e-03
-3.841718915191200644e-03
-3.295745069695459571e-03
-2.735017398463920890e-03
-2.179641731409265142e-03
-1.649311859642773725e-03
-1.162620981792903546e-03
-7.364126103883935660e-04
-3.851936672600391430e-04
-1.206303138991133422e-04
4.885584016653876302e-05
1.183770289172295272e-04
8.674401496988398338e-05
-4.349956833048446506e-05
-2.661743839053477140e-04
-5.716906218196367122e-04
-9.473933585025400873e-04
-1.378015896717249295e-03
-1.846225152515590167e-03
-2.333239927815290715e-03
-2.819500351319786588e-03
-3.285364975834762207e-03
-3.711811049517039530e-03
-4.081113366234416853e-03
-4.377477849961617859e-03
-4.587607613718758595e-03
-4.701181599415921869e-03
-4.711228968197929412e-03
-4.614386064147016527e-03
-4.411026889479851068e-03
-4.105262462461050504e-03
-3.704809024801533537e-03
-3.220729662276611890e-03
-2.667058339594241545e-03
-2.060319472671161452e-03
-1.418959823979268516e-03
-7.627125811568969370e-04
-1.119158578925814928e-04
5.131905441867162625e-04
1.093165509324465524e-03
1.610039611238693949e-03
2.047937196580562700e-03
2.393625779348785079e-03
2.636973521089578526e-03
2.771298789006684804e-03
2.793599562244698624e-03
2.704654663217200689e-03
2.508993278540156378e-03
2.214733845663134117e-03
1.833297955088617360e-03
1.379009293878390857e-03
8.685916806484008604e-04
3.205837744430038564e-04
-2.453090439994458838e-04
-8.089029221928834869e-04
-1.350239818016209497e-03
-1.850283156668333347e-03
-2.291580510779560667e-03
-2.658870110821927833e-03
-2.939609964357736607e-03
-3.124411077534792504e-03
-3.207359635431567078e-03
-3.186216891511008641e-03
-3.062489804106100985e-03
-2.841369989275852916e-03
-2.531543175739081088e-03
-2.144875887141255068e-03
-1.695990380555823917e-03
-1.201742787052516911e-03
-6.806227931198864742e-04
-1.520959518089391596e-04
3.640882767014457606e-04
8.485984542932203337e-04
1.283208413705230972e-03
1.651445691508163097e-03
1.939178370551155033e-03
2.135119716212273509e-03
2.231232872482510812e-03
2.223021387283925787e-03
2.109695338696996637e-03
1.894207194696573716e-03
1.583156105747703405e-03
1.186563942156146790e-03
7.175308847620334631e-04
1.917826008259063218e-04
-3.728751612179929996e-04
-9.571754773113608965e-04
-1.541060994109888938e-03
-2.104383036757102171e-03
-2.627604601535290726e-03
-3.092482617220869597e-03
-3.482705581858592993e-03
-3.784464241743189239e-03
-3.986935322008340610e-03
-4.082661361300348596e-03
-4.067813339941085682e-03
-3.942326894336217399e-03
-3.709907336390423464e-03
-3.377903290275064644e-03
-2.957053359106891210e-03
-2.461114679757737435e-03
-1.906386359358907146e-03
-1.311144467198017884e-03
-6.950083516889020646e-04
-7.826045545449294028e-05
5.188565719040718911e-04
1.076840871053528917e-03
1.577605956738459009e-03
2.005105292698730786e-03
2.345885016850063256e-03
2.589545495617594228e-03
2.729095582863300552e-03
2.761187220195030628e-03
2.686222209776434333e-03
2.508327471090923948e-03
2.235199702445462254e-03
1.877824944809208243e-03
1.450082929486255648e-03
9.682501285002414072e-04
4.504189759449958347e-04
-8.414633444534048491e-05
-6.156948485462993784e-04
-1.124690592386723897e-03
-1.592506413089498632e-03
-2.002085557645041057e-03
-2.338547759228002364e-03
-2.589718547300103209e-03
-2.746563190313718820e-03
-2.803510024079668324e-03
-2.758651797589693061e-03
-2.613817945360704699e-03
-2.374515221298393892e-03
-2.049738745052819520e-03
-1.651660056092395376e-03
-1.195203084002203131e-03
-6.975228746576946949e-04
-1.774053231656295645e-04
3.453910637518459387e-04
8.508283180716832289e-04
1.319292788377834057e-03
1.732284883968708512e-03
2.073070611643656504e-03
2.327272066605715756e-03
2.483376174199310605e-03
2.533143840001154425e-03
2.471905151871393001e-03
2.298730266809694694e-03
2.016469968075615665e-03
1.631664441518796034e-03
1.154323434526812603e-03
5.975854647548674899e-04
-2.273201895181074100e-05
-6.886758026900595235e-04
-1.380774412282613408e-03
-2.078708365843646468e-03
-2.762009737154200693e-03
-3.410766567818719966e-03
-4.006307498071598472e-03
-4.531842680836810876e-03
-4.973038576862062396e-03
-5.318506546718634528e-03
-5.560188176948590959e-03
-5.693623896770405417e-03
-5.718095531699480746e-03
-5.636637857881776799e-03
-5.455918811082354630e-03
-5.185992606271091002e-03
-4.839934476346036130e-03
-4.433369885708075830e-03
-3.983914770830010790e-03
-3.510546476125878546e-03
-3.032927480134177574e-03
-2.570705659254005938e-03
-2.142815656128760869e-03
-1.766805878539203390e-03
-1.458214753802606484e-03
-1.230018134757425528e-03
-1.092167257040618615e-03
-1.051233471028357319e-03
-1.110172226829053786e-03
-1.268214608335939061e-03
-1.520890239138539268e-03
-1.860180775823001668e-03
-2.274798624324006740e-03
-2.750581123028897606e-03
-3.270986386197506299e-03
-3.817673434889940192e-03
-4.371146284979298205e-03
-4.911439416624845816e-03
-5.418820595487434943e-03
-5.874486403955166136e-03
-6.261226092177565872e-03
-6.564030464984828631e-03
-6.770624443046940541e-03
-6.871904607563246101e-03
-6.862266363789141718e-03
-6.739809223270419765e-03
-6.506412972362370789e-03
-6.167682015927599369e-03
-5.732759801613580668e-03
-5.214019780051612138e-03
-4.626643680268028268e-03
-3.988101826049595885e-03
-3.317553649678031853e-03
-2.635189354136567314e-03
-1.961535735671933890e-03
-1.316750433261958640e-03
-7.199292761320159190e-04
-1.884509408098585664e-04
2.626181785823039454e-04
6.210380931981175981e-04
8.778103803641500343e-04
1.027479894735395562e-03
1.068312516710721166e-03
1.002342768003174111e-03
8.352896830995870051e-04
5.763439403863625243e-04
2.378337662521383573e-04
-1.652186285099499930e-04
-6.156344869652313713e-04
-1.094690938846867162e-03
-1.582786922511184502e-03
-2.060139219140868540e-03
-2.507484170151211191e-03
-2.906760452813856276e-03
-3.241748956228883427e-03
-3.498647306557440585e-03
-3.666558884057190618e-03
-3.737879174552566786e-03
-3.708565899376068883e-03
-3.578283444319077435e-03
-3.350416516865855829e-03
-3.031952547445297512e-03
-2.633236953886322965e-03
-2.167609847373931468e-03
-1.650936916701016945e-03
-1.101050939757380106e-03
-5.371235068942306103e-04
2.101100984790475138e-05
5.535555305042939855e-04
1.041449826626314554e-03
1.467045023554339189e-03
1.814729377314134966e-03
2.071483362086678180e-03
2.227344578184041468e-03
2.275766147592322292e-03
2.213855993798879377e-03
2.042488574124665633e-03
1.766285099968420511e-03
1.393462886710914589e-03
9.355590591201294517e-04
4.070382393163588051e-04
-1.752020915188811853e-04
-7.924112818821604353e-04
-1.424629993810797284e-03
-2.051376956537931482e-03
-2.652353983656357845e-03
-3.208144607502262484e-03
-3.700881907839521055e-03
-4.114862190843989430e-03
-4.437083071051159400e-03
-4.657687156881811993e-03
-4.770295846815871682e-03
-4.772221592387725780e-03
-4.664551241056013112e-03
-4.452097587498279538e-03
-4.143220877775829862e-03
-3.749526565369355920e-03
-3.285449951714475639e-03
-2.767742304724076820e-03
-2.214876498090153061e-03
-1.646393031057233509e-03
-1.082209374158998264e-03
-5.419168680355546022e-04
-4.408983500736162603e-05
3.943688685676804279e-04
7.588229118418118348e-04
1.037417298500780630e-03
1.221494878810765313e-03
1.305899966612241109e-03
1.289158423103999637e-03
1.173527901944540919e-03
9.649165038039639493e-04
6.726727034438637325e-04
3.092539269528508505e-04
-1.102145872931032267e-04
-5.684751621952192045e-04
-1.046748502713207990e-03
-1.525398529468539400e-03
-1.984627894932709628e-03
-2.405179773813809815e-03
-2.769021296591173478e-03
-3.059984635786035766e-03
-3.264343236059041951e-03
-3.371302949689949577e-03
-3.373390818870443657e-03
-3.266727831117007767e-03
-3.051176038375578384e-03
-2.730354831631702246e-03
-2.311525746838268783e-03
-1.805349784101512815e-03
-1.225525688922019137e-03
-5.883218153471877088e-04
8.798208000470382917e-05
7.837236076153869914e-04
1.478535099765484941e-03
2.152045868269847079e-03
2.784584809533484188e-03
3.357858787710352264e-03
3.855583073947432479e-03
4.264041797919415969e-03
4.572558818306095632e-03
4.773862555677590991e-03
4.864332044524055307e-03
4.844115620789261542e-03
4.717118121494751071e-03
4.490857077593104693e-03
4.176192968729237898e-03
3.786943018377628492e-03
3.339392085351209662e-03
2.851717810077328708e-03
2.343350175091028168e-03
1.834287933761149115e-03
1.344395868953193003e-03
8.927075113300288450e-04
4.967577519081507742e-04
1.719687321769364750e-04
-6.888947559087910816e-05
-2.161445096883203403e-04
-2.635580801286030797e-04
-2.085412806872902723e-04
-5.224132816346706634e-05
2.005032860243117533e-04
5.413376324828749094e-04
9.586890111808105998e-04
1.438178949725095468e-03
1.963134058719259983e-03
2.515177803603987992e-03
3.074882414500373830e-03
3.622458046010522490e-03
4.138454991613070046e-03
4.604454298042660008e-03
5.003722529963829276e-03
5.321807690159640822e-03
5.547055361386100253e-03
5.671026930781893419e-03
5.688805188341245281e-03
5.599176537244352284e-03
5.404683377512257969e-03
5.111544774003412561e-03
4.729448135773090499e-03
4.271219154520207104e-03
3.752381516832934034e-03
3.190621768688456025e-03
2.605178035765621462e-03
2.016173973068581451e-03
1.443921238567620006e-03
9.082148907091772746e-04
4.276463599940513380e-04
1.895803158744480826e-05
-3.035379794167547204e-04
-5.284565249177816150e-04
-6.477342166347067713e-04
-6.569085061820575250e-04
-5.552712951103554000e-04
-3.458917107959681714e-04
-3.550726510248613035e-05
3.657127788667781723e-04
8.445235323165736514e-04
1.385067615587041437e-03
1.969429073279987952e-03
2.578258663442003964e-03
3.191448617317441030e-03
3.788833236445104946e-03
4.350890792233925650e-03
4.859422151191795589e-03
5.298182368151037672e-03
5.653443141411490340e-03
5.914466449817168056e-03
6.073872807364718608e-03
6.127891266820638394e-03
6.076482450475262365e-03
5.923330338265432246e-03
5.675703145032328853e-03
5.344188208388654139e-03
4.942310225708099018e-03
4.486046268329020939e-03
3.993254619868762123e-03
3.483037506757922543e-03
2.975060106849616685e-03
2.488849755013762891e-03
2.043099959264884150e-03
1.655003672848810031e-03
1.339639242717739678e-03
1.109430608870294686e-03
9.737007268086849375e-04
9.383339180558435480e-04
1.005559035775573963e-03
1.173861097837134229e-03
1.438024536557677181e-03
1.789306600643688488e-03
2.215734882214865416e-03
2.702518590121071908e-03
3.232559202554215021e-03
3.787042646975361318e-03
4.346092295754303177e-03
4.889459931871890062e-03
5.397230505358830560e-03
5.850516014586372091e-03
6.232114224149286341e-03
6.527109159672887448e-03
6.723392356398054208e-03
6.812086611505209499e-03
6.787857402673431496e-03
6.649101067771385001e-03
6.398003155063107517e-03
6.040464898715914785e-03
5.585900391460004583e-03
5.046911553199192463e-03
4.438852272596676210e-03
3.779296978261336218e-03
3.087432241209886463e-03
2.383392703580020436e-03
1.687564575759859832e-03
1.019881076963860024e-03
3.991344731440371781e-04
-1.576712187776121987e-04
-6.359042195232728935e-04
-1.023805249432735778e-03
-1.312886580991822014e-03
-1.498215948213971107e-03
-1.578575416316835419e-03
-1.556489698841935585e-03
-1.438122986012396309e-03
-1.233047957329673136e-03
-9.538951316537426636e-04
-6.158949022910055514e-04
-2.363283659508526877e-04
1.660937489818371869e-04
5.719022295912134460e-04
9.615670209717837487e-04
1.316196855949340865e-03
1.618216294648057267e-03
1.851996388954479586e-03
2.004416813043966537e-03
2.065339703994203014e-03
2.027978551907892810e-03
1.889149158427978975e-03
1.649393817111371053e-03
1.312974313939478752e-03
8.877339455224003174e-04
3.848333451207761480e-04
-1.816306684778988025e-04
-7.951099020027097269e-04
-1.437176305732631131e-03
-2.088160203786638101e-03
-2.727832900640293594e-03
-3.336109769106357457e-03
-3.893749203487191675e-03
-4.383022962580329987e-03
-4.788334425773278606e-03
-5.096763106626740238e-03
-5.298516348318817876e-03
-5.387272373718676038e-03
-5.360402665866204411e-03
-5.219065879009721944e-03
-4.968169978086334725e-03
-4.616203918029968163e-03
-4.174944741913952893e-03
-3.659050338639485873e-03
-3.085552103844492553e-03
-2.473265251676006523e-03
-1.842137407274759692e-03
-1.212558269281620738e-03
-6.046544927357469946e-04
-3.759445771394200400e-05
4.710727600727563670e-04
9.060211015096079207e-04
1.254672814691345714e-03
1.507626969544718139e-03
1.658976235082630602e-03
1.706500874928060024e-03
1.651733220517176198e-03
1.499890421101232043e-03
1.259677886232847804e-03
9.429703680695043517e-04
5.643819187574495438e-04
1.407398521164392267e-04
-3.095187976200160966e-04
-7.670071120044627761e-04
-1.212081239689227936e-03
-1.625542123725506188e-03
-1.989321359554444002e-03
-2.287127096091239910e-03
-2.505027294306596836e-03
-2.631949854884547448e-03
-2.660082041879284140e-03
-2.585155160636742194e-03
-2.406604471833480828e-03
-2.127598698310017092e-03
-1.754938054123690496e-03
-1.298824335666388854e-03
-7.725111012134083452e-04
-1.918461706605719026e-04
4.252775459125563177e-04
1.059543666209811089e-03
1.690884633153071775e-03
2.299181144996737675e-03
2.864964216686521382e-03
3.370095274926623603e-03
3.798400455252246011e-03
4.136236870352789571e-03
4.372970998873484255e-03
4.501352419559180931e-03
4.517769779136340119e-03
4.422380005399162949e-03
4.219106215111653561e-03
3.915504364055777051e-03
3.522503282751654301e-03
3.054027175005903823e-03
2.526513772162201129e-03
1.958344989526160113e-03
1.369209994899825422e-03
7.794229651527563195e-04
2.092193923797750106e-04
-3.219444491029341011e-04
-7.960643761533111630e-04
-1.197209982536170123e-03
-1.512073403866548557e-03
-1.730425984874309556e-03
-1.845466900068621014e-03
-1.854051565463601513e-03
-1.756791891534254793e-03
-1.558024918391266332e-03
-1.265650985929799065e-03
-8.908471628194048267e-04
-4.476660284839088007e-04
4.746608146563677678e-05
5.763337342673078168e-04
1.119579427917852948e-03
1.657390268672647837e-03
2.170200191509389243e-03
2.639383074532345060e-03
3.047912419840276103e-03
3.380964447590703841e-03
3.626443435707077216e-03
3.775410865297221773e-03
3.822403305786700907e-03
3.765627875776109308e-03
3.607028408958655105e-03
3.352219988622422240e-03
3.010294130408406460e-03
2.593501429326591431e-03
2.116822784570194377e-03
1.597444223802545670e-03
1.054153730356641215e-03
5.066812136640064463e-04
-2.499524070545349440e-05
-5.213525197205774384e-04
-9.640103756473142067e-04
-1.336379939300804190e-03
-1.624250106671794487e-03
-1.816291225479297819e-03
-1.904458402922990044e-03
-1.884280270260714745e-03
-1.755023050684968678e-03
-1.519724143785214495e-03
-1.185094009653492233e-03
-7.612897482996343421e-04
-2.615682638680324589e-04
2.981688792700850407e-04
8.999230079173627930e-04
1.524219161703477482e-03
2.150778481498027538e-03
2.759218655114512898e-03
3.329757928416285720e-03
3.843898065492037247e-03
4.285062379460359908e-03
4.639166529831925852e-03
4.895102138035290797e-03
5.045116327152853949e-03
5.085073938086900544e-03
5.014593284517962490e-03
4.837050739107784381e-03
4.559454038205715612e-03
4.192188790838137502e-03
3.748647118864548329e-03
3.244751483257129338e-03
2.698390421859218295e-03
2.128786008097076528e-03
1.555815229898346343e-03
9.993090997815225456e-04
4.783540842604662880e-04
1.062035613786553936e-05
-3.882595700796681072e-04
-7.052400284520685993e-04
-9.303199591012621499e-04
-1.056893182127345045e-03
-1.081978907303140971e-03
-1.006324399441893471e-03
-8.343762030339567891e-04
-5.741209394792218604e-04
-2.368012644525135154e-04
1.634830486765572171e-04
6.102749043330542474e-04
1.085343025458471384e-03
1.569327981637852519e-03
2.042428439630306763e-03
2.485103558460325518e-03
2.878766882245362320e-03
3.206447378765468932e-03
3.453394420106872288e-03
3.607605463308239269e-03
3.660257895081783525e-03
3.606029860556274422e-03
3.443298784011688922e-03
3.174210573513811320e-03
2.804617031104943842e-03
2.343883607042982452e-03
1.804574178731417015e-03
1.202023843289260884e-03
5.538146362076702255e-04
-1.208275102529934224e-04
-8.016934955367173692e-04
-1.468286371188098124e-03
-2.100526945679259856e-03
-2.679445005136896901e-03
-3.187831984559995509e-03
-3.610832273773095791e-03
-3.936452491258546002e-03
-4.155970931859459538e-03
-4.264232890481351596e-03
-4.259821560843047791e-03
-4.145098565987690581e-03
-3.926112742973809043e-03
-3.612380417946643545e-03
-3.216544907979603830e-03
-2.753927214994812515e-03
-2.241983686546357869e-03
-1.699689674805460529e-03
-1.146870814623964343e-03
-6.035053733466045570e-04
-8.902213492117732815e-05
3.783815665511802186e-04
7.823777587052213774e-04
1.109079330858345723e-03
1.347525095834354149e-03
1.490061420440755551e-03
1.532607059790903632e-03
1.474791927370672912e-03
