8.908609730636954209e-04 -3.534307597894611195e-04
1.206675240975870486e-03 -2.492885592506324192e-04
1.274922105324942509e-03 -2.902761882045735726e-04
1.063442198630227230e-03 -4.619006532359718311e-04
5.939619064652273701e-04 -7.220900935298790388e-04
-6.180200745060129537e-05 -1.009394550226323751e-03
-7.955365638443528346e-04 -1.254913547962227104e-03
-1.482692665453649514e-03 -1.395685963027586520e-03
-2.005958414875073058e-03 -1.386999603397868434e-03
-2.277402521862598693e-03 -1.211281459027353704e-03
-2.255095511365691040e-03 -8.818761841847636571e-04
-1.951061068252849147e-03 -4.409876387553530791e-04
-1.429050488992058719e-03 4.783688807432479300e-05
-7.925592327764496717e-04 5.112669997932549337e-04
-1.653513174822826472e-04 8.796154084633391480e-04
3.318248602089766269e-04 1.099597801932989099e-03
6.039252268924776273e-04 1.144019776000640941e-03
5.994124933314745347e-04 1.016565365766714316e-03
3.198072055800074134e-04 7.507882764552207579e-04
-1.808151468747055089e-04 4.035035043051220650e-04
-8.062797072992059898e-04 4.383604544300456199e-05
-1.436734783960464529e-03 -2.599956707715307203e-04
-1.951547278481591393e-03 -4.536565243790279195e-04
-2.252330345793899027e-03 -5.069734417617947604e-04
-2.281738032109989316e-03 -4.195703294064790593e-04
-2.034463704965329411e-03 -2.207942083755216043e-04
-1.558355932768626861e-03 3.605003867963759963e-05
-9.454374465996378402e-04 2.840598691518730033e-04
-3.145254638261046551e-04 4.557224931843523370e-04
2.112571950331995109e-04 4.960631981308389216e-04
5.278224093877769904e-04 3.734568831468345631e-04
5.698885209739024214e-04 8.604681743837544819e-05
3.234383425310034550e-04 -3.374541613790183825e-04
-1.714978640275986559e-04 -8.427414782949616207e-04
-8.282646151803148889e-04 -1.359743047874582833e-03
-1.529807247019640635e-03 -1.815439523058042914e-03
-2.150634068992568395e-03 -2.147262576359921203e-03
-2.580361372822902091e-03 -2.314543214630747706e-03
-2.744388762444398798e-03 -2.305850573511745386e-03
-2.617795920663326410e-03 -2.140838801609999675e-03
-2.229835554235008038e-03 -1.866258404687493782e-03
-1.658177810095499190e-03 -1.546892119139724794e-03
-1.014001799521540821e-03 -1.253135065783775402e-03
-4.207626191465461876e-04 -1.047572915079076402e-03
9.340662899493153148e-06 -9.731000664401068517e-04
1.967358385524383899e-04 -1.044826800570960654e-03
1.096368864614996694e-04 -1.247305534344018019e-03
-2.298816151903984367e-04 -1.537597835954592797e-03
-7.500473335188759250e-04 -1.853596717834858935e-03
-1.343003319865841445e-03 -2.126022562814701942e-03
-1.885294161592087400e-03 -2.291814487270353931e-03
-2.261345549829225227e-03 -2.306373912305476840e-03
-2.385489952298408284e-03 -2.152333811310887593e-03
-2.218365468314601428e-03 -1.843184528881563642e-03
-1.774579488938740277e-03 -1.421060762625108278e-03
-1.120181942190608994e-03 -9.490999061883909418e-04
-3.604216829313902962e-04 -4.998101167845534366e-04
3.799011855303597186e-04 -1.416424962165116572e-04
9.797728228566632974e-04 7.369750778852461690e-05
1.344580440488643124e-03 1.208034903382790423e-04
1.423728843969548300e-03 5.182901950433129075e-06
1.219929644115531767e-03 -2.379361432484848582e-04
7.884106907437282968e-04 -5.503770433131832326e-04
2.262015811597911468e-04 -8.620818303672265863e-04
-3.464702801266426749e-04 -1.104377329910126914e-03
-8.091453464334611746e-04 -1.222929410672667300e-03
-1.064106439934970390e-03 -1.187934734133548522e-03
-1.055008372435756354e-03 -9.996237206760794081e-04
-7.776325066417567574e-04 -6.880374195104418597e-04
-2.807281156429043776e-04 -3.071262568004957580e-04
3.432196377806911287e-04 7.570528553673582439e-05
9.755469719158612555e-04 3.926209252966384009e-04
1.493968564081480776e-03 5.884679981066650960e-04
1.795861351788240407e-03 6.314942362539270344e-04
1.817863460366341694e-03 5.196281026273045014e-04
1.548073527149821261e-03 2.811249371608889858e-04
1.028536006274346961e-03 -3.055175517816795065e-05
3.475366639029847399e-04 -3.466525047470217133e-04
-3.768387175211203180e-04 -5.959959586963630611e-04
-1.018775612091731442e-03 -7.183271685019087648e-04
-1.468259517774837515e-03 -6.756558338077855606e-04
-1.651613943284543700e-03 -4.594315046471612440e-04
-1.545165620004656376e-03 -9.219968269360764856e-05
-1.179456067641436890e-03 3.765735757901775825e-04
-6.332082576976494738e-04 8.797181526116363637e-04
-1.819639747626940023e-05 1.344873908289344897e-03
5.421113612028428778e-04 1.707935692793229087e-03
9.360891812288648977e-04 1.924887781576370589e-03
1.085208919641488011e-03 1.979792389076518583e-03
9.589875480683850671e-04 1.887426260779583032e-03
5.807948549075656747e-04 1.690073713188731432e-03
2.342119377021458686e-05 1.449091786200491653e-03
-6.047551085602101981e-04 1.232853713702735266e-03
-1.180380219253850723e-03 1.103363133365346544e-03
-1.588612029151456303e-03 1.104083393087730829e-03
-1.745031837673048734e-03 1.251296243850134795e-03
-1.611827677955328083e-03 1.530635682376040680e-03
-1.205180332448588113e-03 1.899462303462493180e-03
-5.924481312849644299e-04 2.294636896706838628e-03
1.203223828478333418e-04 2.644228749578550041e-03
8.082014836825971577e-04 2.880947996491123146e-03
1.350753559840411986e-03 2.954763694076367134e-03
1.654566886636009296e-03 2.842322167880429167e-03
1.670676404515568890e-03 2.551384629815345566e-03
1.403586735761168207e-03 2.119444669034795288e-03
9.101927156103023411e-04 1.606786707791345520e-03
2.888070428839380741e-04 1.085297556238895480e-03
-3.396228205737936287e-04 6.251458340804239965e-04
-8.545481991954078944e-04 2.818463212347691298e-04
-1.158738943392676997e-03 8.615211433821211382e-05
-1.196747560342513450e-03 3.868087048145159822e-05
-9.654205302871032195e-04 1.102840366074334913e-04
-5.144663910678305609e-04 2.480797324047224355e-04
6.302615952484038871e-05 3.859969557879409756e-04
6.483230239867186643e-04 4.578242042789464734e-04
1.119671643808688253e-03 4.102812730654970506e-04
1.375532257844265744e-03 2.136287072124479951e-04
1.354010428592078603e-03 -1.322040557881975446e-04
1.044806414222592111e-03 -5.971417757292023709e-04
4.914133608835878847e-04 -1.126236902747117588e-03
-2.168577373007396004e-04 -1.649702925694835742e-03
-9.615223512716385406e-04 -2.095814674640763924e-03
-1.617090680604893254e-03 -2.404238557881977975e-03
-2.074568608674973863e-03 -2.537272888532740578e-03
-2.261847607942540049e-03 -2.486872654883222518e-03
-2.157128616406007744e-03 -2.276129726527906846e-03
-1.792843431194830837e-03 -1.954927772237068529e-03
-1.249335809190094343e-03 -1.590592642917585319e-03
-6.395026878027865310e-04 -1.255305109697651966e-03
-8.730677672813438699e-05 -1.012654519964630365e-03
2.957686904830492819e-04 -9.058733524757444115e-04
4.318635506953985657e-04 -9.499732825921215849e-04
2.914788636606104391e-04 -1.129263708898977855e-03
-1.009803568086041188e-04 -1.400713812572676725e-03
-6.719057621804201078e-04 -1.702512238296982833e-03
-1.312537155347228476e-03 -1.966194004614531081e-03
-1.899701014876871170e-03 -2.130028683250388081e-03
-2.319305358171917276e-03 -2.151125156236138435e-03
-2.488137726221835346e-03 -2.013951580394242151e-03
-2.369833844083393468e-03 -1.733648494615678669e-03
-1.981987841969629592e-03 -1.353499665717956433e-03
-1.393051914940089588e-03 -9.370324422466573414e-04
-7.096064415806106144e-04 -5.562374012315855071e-04
-5.640485824918864757e-05 -2.781331358474444741e-04
4.470342246019991250e-04 -1.522167343043229074e-04
7.088611348552448926e-04 -2.011742201000633196e-04
6.821129032301020577e-04 -4.166094125977696117e-04
3.734592312360804443e-04 -7.606008913090099447e-04
-1.581753791575674127e-04 -1.172794616060087065e-03
-8.128492742568582544e-04 -1.581692914342856414e-03
-1.468571004705874691e-03 -1.918007179159382210e-03
-2.004403689346304085e-03 -2.127551923395250982e-03
-2.323331349568908202e-03 -2.181245582825666260e-03
-2.370558227927723610e-03 -2.080332023638554063e-03
-2.143777796434001570e-03 -1.855842212057189859e-03
-1.693469555543488346e-03 -1.562406477712368702e-03
-1.113170738920465095e-03 -1.267597665577444369e-03
-5.215689828482956199e-04 -1.038831640644758639e-03
-3.981132566341122510e-05 -9.303138626306093001e-04
2.316687918229650301e-04 -9.725115610646084150e-04
2.324131623131168306e-04 -1.166152161057825657e-03
-4.636398805404591886e-05 -1.481890723151566653e-03
-5.598642017478441032e-04 -1.865714722059759727e-03
-1.217946593482717313e-03 -2.249066964564954470e-03
-1.901968833309184651e-03 -2.561772788757133313e-03
-2.487044439805967573e-03 -2.745325336389417038e-03
-2.865507574653631314e-03 -2.764013488978203474e-03
-2.967147358278655715e-03 -2.611784149005851735e-03
-2.772384727708420565e-03 -2.313536883447853652e-03
-2.315900361069138207e-03 -1.920601882286001932e-03
-1.680029348519825397e-03 -1.501252380638176155e-03
-9.791749432082176661e-04 -1.128041860827915443e-03
-3.381932071974183811e-04 -8.643566871740553320e-04
1.311590829959686545e-04 -7.527226777012261316e-04
3.512552135622973738e-04 -8.070714981856705848e-04
2.931283090416157873e-04 -1.010422659717875350e-03
-1.824774286613545758e-05 -1.318411343895049175e-03
-5.089220310103325165e-04 -1.667985460174127837e-03
-1.070230351209848670e-03 -1.989616837048700793e-03
-1.579652739719712533e-03 -2.220706544083755288e-03
-1.924309619929635319e-03 -2.317638930862697157e-03
-2.022641383370050051e-03 -2.264195718719537540e-03
-1.840159933502640271e-03 -2.074731752742353490e-03
-1.396283057080932762e-03 -1.791507084989898274e-03
-7.609509494245698166e-04 -1.476677852942238130e-03
-4.165910299578650289e-05 -1.200461155162728258e-03
6.366432920778956114e-04 -1.027715019792807593e-03
1.154988943701795116e-03 -1.005476127242275249e-03
1.422729680030790974e-03 -1.153818039852210538e-03
1.394550159124576623e-03 -1.461765325071640899e-03
1.078940037390937806e-03 -1.889042882888403727e-03
5.365228923277472802e-04 -2.373336005948432480e-03
-1.314402688056865061e-04 -2.841694199271574579e-03
-8.021957411808431672e-04 -3.223927958855972182e-03
-1.354665791258731836e-03 -3.465470965523602485e-03
-1.692256021072035448e-03 -3.537281810534691640e-03
-1.760985516327574513e-03 -3.440920156654349738e-03
-1.559510335515817449e-03 -3.207845942667797521e-03
-1.139146651430226120e-03 -2.893083839789928422e-03
-5.938940937670573539e-04 -2.564461598626289248e-03
-4.235387661443476125e-05 -2.289468276958100783e-03
3.950285173843536349e-04 -2.122228083994899886e-03
6.190806760866297571e-04 -2.093062580484515191e-03
5.709967920153875658e-04 -2.202622614650349715e-03
2.437853576676566117e-04 -2.421704720461020921e-03
-3.161032429705994563e-04 -2.696788898301124768e-03
-1.017283879339127674e-03 -2.960249867808235295e-03
-1.740473798057739878e-03 -3.143307482967948319e-03
-2.360839259592721444e-03 -3.189261897630412367e-03
-2.771425154936953995e-03 -3.064503758676318922e-03
-2.903235181194853930e-03 -2.765209663083410905e-03
-2.738163470024587015e-03 -2.318448837016640757e-03
-2.312331194766825866e-03 -1.777484048664920149e-03
-1.709197531886245307e-03 -1.212148037644762222e-03
-1.043749604293278677e-03 -6.961083199434270818e-04
-4.407642625310932835e-04 -2.934217567494589764e-04
-1.125611660880970061e-05 -4.691435056353447826e-05
1.684312276039271611e-04 2.942401977075567894e-05
7.093508444838605292e-05 -4.739967668163395584e-05
-2.771206648735573090e-04 -2.330644921472162668e-04
-8.003672256144248910e-04 -4.647551491985374948e-04
-1.389182025627533606e-03 -6.734398503775940398e-04
-1.920679718894742569e-03 -7.972738685179962728e-04
-2.282222406868750914e-03 -7.935845743695319268e-04
-2.392991270951745110e-03 -6.471634823217816595e-04
-2.219528894367866351e-03 -3.732915528563696128e-04
-1.782303378285164533e-03 -1.492267693010881349e-05
-1.152045714932787863e-03 3.654421410361179535e-04
-4.365487895299539293e-04 6.976506226788299018e-04
2.395769332825416599e-04 9.173105054771455574e-04
7.583616388070956935e-04 9.781733440756049634e-04
1.030709572440661808e-03 8.611410783439911801e-04
1.013199953122840852e-03 5.781838382867607708e-04
7.162754244824201836e-04 1.704198873013457833e-04
2.022678730785552057e-04 -2.992869520391372570e-04
-4.263652421761681723e-04 -7.578196984974398635e-04
-1.046368210188750297e-03 -1.135223904303150682e-03
-1.536920899459148651e-03 -1.377516275486412181e-03
-1.802383060620768454e-03 -1.456470914292342864e-03
-1.790246456663086797e-03 -1.374540017761103185e-03
-1.500900186588396317e-03 -1.163986749929854644e-03
-9.873652477288697837e-04 -8.804032753751804292e-04
-3.450540969376378960e-04 -5.918492395052727967e-04
3.065000039302048177e-04 -3.656741996560470892e-04
8.464784325369117870e-04 -2.555248671630714133e-04
1.175847691847257698e-03 -2.910017345425054214e-04
1.236290835683832813e-03 -4.719266331513235872e-04
1.021409743665971500e-03 -7.683082734219581333e-04
5.780720803100491967e-04 -1.126012482911354371e-03
-2.356574785565825557e-06 -1.477062278126475749e-03
-6.012390084710157127e-04 -1.752614916061422893e-03
-1.095092236087640307e-03 -1.896154940343840276e-03
-1.378968661194692694e-03 -1.874400189753492024e-03
-1.386366393953578080e-03 -1.683849741657130741e-03
-1.101898799826635071e-03 -1.351727031371573792e-03
-5.643234048354060133e-04 -9.311318670481824643e-04
1.406452140452170495e-04 -4.913109760627540692e-04
8.963804247934679861e-04 -1.048805923671103455e-04
1.577211886493823682e-03 1.655884844459871649e-04
2.071980804384249922e-03 2.790921820590572732e-04
2.304826878399441996e-03 2.236479119935311450e-04
2.249276435002867634e-03 1.827938496438903963e-05
1.932970058871479957e-03 -2.908369317186150667e-04
1.432140737072470048e-03 -6.393275947615828384e-04
8.568944322302008212e-04 -9.569791113117571751e-04
3.300865947028732610e-04 -1.181152183880433649e-03
-3.619937639340992629e-05 -1.268710596956876659e-03
-1.621119042323781491e-04 -1.204204705061069592e-03
-1.536022964006788193e-05 -1.002760045697682727e-03
3.824949532593487772e-04 -7.071255162861399962e-04
9.599846980915814924e-04 -3.794427080010298364e-04
1.609165733912688075e-03 -8.929872347524181681e-05
2.206004032496626174e-03 9.967038551576498130e-05
2.633850031939521420e-03 1.420830084522789038e-04
2.805561102174604100e-03 1.968577976269253807e-05
2.680081947684233995e-03 -2.548899524635245056e-04
2.270342022605700578e-03 -6.402083582560669228e-04
1.640972199373853021e-03 -1.073560667028026876e-03
8.962697641954910609e-04 -1.482530650785174797e-03
1.606864686137117991e-04 -1.798412852955441404e-03
-4.444706253831297001e-04 -1.968951288295986510e-03
-8.237193262296638261e-04 -1.967994482936747704e-03
-9.251750926576243891e-04 -1.800245846086582753e-03
-7.500576088372204854e-04 -1.500216090472022631e-03
-3.521377998665128472e-04 -1.125581124188929603e-03
1.727632140208806204e-04 -7.462068978028109541e-04
7.052281433680585455e-04 -4.309217960499640279e-04
1.125149786917004199e-03 -2.345422507487512085e-04
1.334746110913015253e-03 -1.876078712283696208e-04
1.277320640803194336e-03 -2.907679344167338111e-04
9.482109170348706779e-04 -5.148789981266232085e-04
3.958477075699659499e-04 -8.067907436404357343e-04
-2.872789628454512872e-04 -1.099718928767072544e-03
-9.820388646963576669e-04 -1.326234706757844009e-03
-1.565168946536561398e-03 -1.431403215097686987e-03
-1.932607863472066015e-03 -1.383575271342526308e-03
-2.019238862071523130e-03 -1.180779771511022893e-03
-1.811301306423940879e-03 -8.514969796748200889e-04
-1.349118319726519844e-03 -4.496566946691837679e-04
-7.196206948369046185e-04 -4.479885320259372698e-05
-4.007842436061487658e-05 2.907496008533745190e-04
5.638847159832229700e-04 4.952622915344413387e-04
9.818361991064243101e-04 5.290385673101803991e-04
1.139187201859152712e-03 3.817100586372304365e-04
1.011048306865604826e-03 7.405121114337903914e-05
6.266713996453189854e-04 -3.460442399153418748e-04
6.364322588434280633e-05 -8.126556299141696714e-04
-5.670635470772153724e-04 -1.254273058591427476e-03
-1.142345091972096511e-03 -1.607225015155735711e-03
-1.550496778863698528e-03 -1.827554614617387264e-03
-1.712558595352959082e-03 -1.899098363800843289e-03
-1.597429492549781596e-03 -1.836241846503472311e-03
-1.227885126564268355e-03 -1.680835978326747186e-03
-6.763567234403809790e-04 -1.493864402391997890e-03
-5.126840070625966143e-05 -1.343447551964885257e-03
5.234810405687466157e-04 -1.291463474717447716e-03
9.320067874007840949e-04 -1.381328164666954794e-03
1.088448665093029368e-03 -1.629259144067098401e-03
9.533342091717618514e-04 -2.020686844274774494e-03
5.411930871686207716e-04 -2.512503759253084581e-03
-8.202246621226893988e-05 -3.040735900980454012e-03
-8.112270613973432409e-04 -3.532194060966803006e-03
-1.521879397806899688e-03 -3.917908226480767628e-03
-2.093327025610069482e-03 -4.145810020526686894e-03
-2.431404324273215775e-03 -4.190269356132730015e-03
-2.486011087074027019e-03 -4.056685909376779586e-03
-2.260349613066641762e-03 -3.780271021411725670e-03
-1.810077557743573328e-03 -3.419254237304716719e-03
-1.232542946113681639e-03 -3.043802892416202534e-03
-6.481452362234174907e-04 -2.722753379866527188e-03
-1.773566658464580895e-04 -2.510665587436074209e-03
8.224084830938532820e-05 -2.437649333907173678e-03
7.455169806011531161e-05 -2.503885355084617056e-03
-2.043283771807540092e-04 -2.679873161836039078e-03
-7.053270459819750140e-04 -2.912352498429841667e-03
-1.335679624019411654e-03 -3.134769744027883498e-03
-1.976524985491397157e-03 -3.280299071698690797e-03
-2.505480675085026109e-03 -3.294943669699108933e-03
-2.819921085087062369e-03 -3.148226613592719665e-03
-2.856548581279119443e-03 -2.839437055746049481e-03
-2.603548548509848452e-03 -2.398238924674071272e-03
-2.103022758470449172e-03 -1.879516958381496471e-03
-1.443235530634313793e-03 -1.353426470198398684e-03
-7.421354783210317579e-04 -8.925220602220466188e-04
-1.252671086013866508e-04 -5.583944371848620228e-04
2.977515029453554635e-04 -3.903386874101963128e-04
4.537373739607951199e-04 -3.981938554178958336e-04
3.195606140939083028e-04 -5.607051582131249937e-04
-7.370073310529175279e-05 -8.297158147598140531e-04
-6.468500719554674382e-04 -1.139393043752545253e-03
-1.287747758652198465e-03 -1.418740980555316562e-03
-1.872694864049225015e-03 -1.605032285540814894e-03
-2.289972577451419508e-03 -1.655617618252064847e-03
-2.461077297101583669e-03 -1.555880589111588224e-03
-2.355628641417626713e-03 -1.321836841478319161e-03
-1.997126529986919911e-03 -9.968911124817270240e-04
-1.458467095565455255e-03 -6.433732227910796738e-04
-8.480672252160540141e-04 -3.304633072373891998e-04
-2.892266346630863660e-04 -1.208008690748443251e-04
1.033623238256861730e-04 -5.832183686185212716e-05
2.455060495493697516e-04 -1.596354453166335969e-04
9.965318237609263781e-05 -4.105824320022400178e-04
-3.177712471896048350e-04 -7.686346604421519495e-04
-9.392350355324435938e-04 -1.170689677026025451e-03
-1.658633944581135384e-03 -1.544791437268291240e-03
-2.351125465428314729e-03 -1.823564091731425148e-03
-2.896512138762959848e-03 -1.956820276698037920e-03
-3.201753291556711390e-03 -1.920960462734722270e-03
-3.218348931519786002e-03 -1.723386234229183720e-03
-2.951310165045686711e-03 -1.401093128888999256e-03
-2.458023095386803643e-03 -1.013709384648440494e-03
-1.837226173672190524e-03 -6.322972441902008096e-04
-1.210192207678623989e-03 -3.260345207570836167e-04
-6.976813947506287951e-04 -1.492942858325463362e-04
-3.970315528368172867e-04 -1.315640505966917968e-04
-3.637247739091040676e-04 -2.721071747816256438e-04
-6.009211533656237236e-04 -5.403704512021086396e-04
-1.058940755235909369e-03 -8.820530817472994065e-04
-1.644790386813323266e-03 -1.229679752116798761e-03
-2.239928923757314103e-03 -1.515667328958066138e-03
-2.722904147910041803e-03 -1.685402412205336178e-03
-2.992570873436320184e-03 -1.707845014421516434e-03
-2.987489360907012899e-03 -1.581642378492148070e-03
-2.697825646832012481e-03 -1.335587623185612331e-03
-2.167494635661041009e-03 -1.023329439966213323e-03
-1.486133898426175194e-03 -7.133285512444550829e-04
-7.724213652994709259e-04 -4.759577716246553899e-04
-1.518889643012542780e-04 -3.701846340321834905e-04
2.665735493910532505e-04 -4.323559610948883971e-04
4.110821266745726382e-04 -6.692072021023080927e-04
2.601396466334704536e-04 -1.056420855240451130e-03
-1.534933331592959298e-04 -1.543009005242618539e-03
-7.491664094826294478e-04 -2.060693577495712435e-03
-1.413736072910728959e-03 -2.536512874313630057e-03
-2.023073021748642616e-03 -2.906273244488916975e-03
-2.465605683375314289e-03 -3.126305776599071738e-03
-2.663441023561093513e-03 -3.181309776812432741e-03
-2.587063449806227544e-03 -3.086806520157421574e-03
-2.260829556711765019e-03 -2.885747879883051974e-03
-1.758220180462092544e-03 -2.639931579086722893e-03
-1.187751540463142467e-03 -2.417858329193044511e-03
-6.722167421280783942e-04 -2.281339789005390820e-03
-3.251925391206515227e-04 -2.273402532005065757e-03
-2.292647411475722072e-04 -2.409787306522760773e-03
-4.201008287803330646e-04 -2.675661371792052625e-03
-8.793916931661004566e-04 -3.028173644842173905e-03
-1.538005469744141863e-03 -3.404374914377073565e-03
-2.288763048884188880e-03 -3.733008214179881195e-03
-3.006423070234856814e-03 -3.947940248998925254e-03
-3.571098974369506067e-03 -4.000692589684059532e-03
-3.890680508345174208e-03 -3.869700334184843216e-03
-3.918020099615926975e-03 -3.564544082483475564e-03
-3.659635158096116551e-03 -3.124351365704832774e-03
-3.174283087483402432e-03 -2.610666196173408449e-03
-2.561682557959382277e-03 -2.096131449793602747e-03
-1.943519486073063199e-03 -1.651120338625071404e-03
-1.440336086019520243e-03 -1.330840444504923122e-03
-1.148679894215403436e-03 -1.165343372605845158e-03
-1.122839445967098579e-03 -1.154322178785418922e-03
-1.364623840614165437e-03 -1.267671646209132807e-03
-1.823119417804905905e-03 -1.451694997672122118e-03
-2.404466760571503849e-03 -1.639771413872836980e-03
-2.989803114463711158e-03 -1.765454247420164937e-03
-3.457968482942425266e-03 -1.775509975118083920e-03
-3.708671036967056342e-03 -1.640419769722959147e-03
-3.681719997037028423e-03 -1.360346826932420233e-03
-3.368678394074581077e-03 -9.654321021804801234e-04
-2.814723176667427093e-03 -5.103561298831669427e-04
-2.110354272926617553e-03 -6.419155591688626436e-05
-1.374516344673781592e-03 3.025359074587664855e-04
-7.323231320433306983e-04 5.311303183927653781e-04
-2.915965740284366323e-04 5.858376818331634652e-04
-1.226577513074281374e-04 4.606824358747059218e-04
-2.451915647670329084e-04 1.807312643310006114e-04
-6.246684044305938219e-04 -2.024590327871443585e-04
-1.178997325554272547e-03 -6.203529807876041399e-04
-1.794148873012256420e-03 -1.000112715642953801e-03
-2.345788288804872071e-03 -1.278046428831242348e-03
-2.722822766454620000e-03 -1.411290945123711872e-03
-2.848404957781425911e-03 -1.385525436640865256e-03
-2.694417514752377608e-03 -1.217265221917986084e-03
-2.286698667322399799e-03 -9.503110713320226614e-04
-1.700022788609577198e-03 -6.470360833931475611e-04
-1.043790452398658851e-03 -3.761694814378001989e-04
-4.411421908646249394e-04 -1.993995718470902489e-04
-5.455814291420446605e-06 -1.593410916193968747e-04
1.813170957439672916e-04 -2.711530344238488599e-04
8.436792450089132880e-05 -5.194008523121283662e-04
-2.771807154533568497e-04 -8.607627660332480609e-04
-8.337063273659572893e-04 -1.232072053562110765e-03
-1.478093413409499544e-03 -1.562175437211851207e-03
-2.085858445759452250e-03 -1.785363672217995992e-03
-2.538587241842870518e-03 -1.853831285461031561e-03
-2.746251278651015790e-03 -1.746804798215911142e-03
-2.664181039657179291e-03 -1.474608183965606285e-03
-2.301485352495692173e-03 -1.076891610903973851e-03
-1.719324463019508958e-03 -6.153534705284246153e-04
-1.019364807440497310e-03 -1.623273054911387125e-04
-3.246015226353597856e-04 2.126126717751857615e-04
2.438211180046299074e-04 4.554992960739529494e-04
5.894043493381811820e-04 5.378492415506616001e-04
6.583914431429469579e-04 4.617075424815790833e-04
4.497433217828688580e-04 2.589135472266305385e-04
1.510884396431933386e-05 -1.526396398058224376e-05
-5.511995723913886737e-04 -2.929089169571043034e-04
-1.130321384016629146e-03 -5.066078977783064052e-04
-1.601618426625445873e-03 -6.024708747677845998e-04
-1.865782840808022890e-03 -5.505510161815791153e-04
-1.863900773184103479e-03 -3.506854630251886058e-04
-1.588855997750867515e-03 -3.264712640585254238e-05
-1.086908182346886867e-03 3.494239522221356874e-04
-4.491412261866595864e-04 7.272566417600703423e-04
2.056044076673138794e-04 1.031413974785447578e-03
7.530884118122900626e-04 1.204531254167293553e-03
1.087087316436769185e-03 1.212317618951958779e-03
1.139440555990336480e-03 1.050233861921596838e-03
8.929326655685908363e-04 7.445767981220346565e-04
3.845738311882471692e-04 3.477585501383825893e-04
-3.013419726979174379e-04 -7.133257627632349574e-05
-1.049087496957521555e-03 -4.400723478959487679e-04
-1.733261836670423744e-03 -6.955380059309610114e-04
-2.242341734697241538e-03 -7.961071019458500903e-04
-2.499568824915626014e-03 -7.290302441186919270e-04
-2.477222333469910817e-03 -5.125524048336727641e-04
-2.201579917895418476e-03 -1.921892916153023802e-04
-1.747633085027184251e-03 1.681285551174194529e-04
-1.224564015630999350e-03 4.983602350885387973e-04
-7.547402268442854898e-04 7.357717607240372298e-04
-4.502110435083740442e-04 8.369207103382915545e-04
-3.911629006812821809e-04 7.859352941990375031e-04
-6.104194955676837432e-04 5.975178041072864987e-04
-1.086927998536289797e-03 3.141027143350096779e-04
-1.749470687347275816e-03 -2.292078359240006359e-06
-2.489904728071594148e-03 -2.819761181861742518e-04
-3.183428092015625453e-03 -4.610008501829197629e-04
-3.712038497545258435e-03 -4.935331233758151991e-04
-3.986746846844952015e-03 -3.608390421505660293e-04
-3.964341535101053443e-03 -7.517018601244985533e-05
-3.655530779971065750e-03 3.221914923062968493e-04
-3.122921603548350911e-03 7.683684755735823184e-04
-2.469217415758443845e-03 1.190403535744045515e-03
-1.817867165937189040e-03 1.518685541949204350e-03
-1.289827306119478842e-03 1.699752583228623286e-03
-9.808329380265440843e-04 1.706057558294208579e-03
-9.434773198145247636e-04 1.540856211478384887e-03
-1.177487799212227279e-03 1.237300610871890603e-03
-1.630033735674276405e-03 8.519175039090347203e-04
-2.206002041807974927e-03 4.537132533251047738e-04
-2.786288365357541576e-03 1.109740381783133872e-04
-3.250634063305106458e-03 -1.217348587759198124e-04
-3.500678390933340076e-03 -2.139059289754475851e-04
-3.478854711586393950e-03 -1.648035889799317078e-04
-3.179546713925453152e-03 -3.473536897207016739e-06
-2.650386554228962872e-03 2.169530247121684091e-04
-1.983443959117929273e-03 4.295788756319922743e-04
-1.297970100359205391e-03 5.667256288534590174e-04
-7.179599233694000399e-04 5.731195980984863996e-04
-3.487786195701890989e-04 4.167750841383241630e-04
-2.572761018426240366e-04 9.550642460735955710e-05
-4.591538956877354739e-04 -3.621730598962920582e-04
-9.159766271732668660e-04 -9.019449926714460291e-04
-1.542395078476195384e-03 -1.453456183590882186e-03
-2.222215178137126185e-03 -1.943125633227888718e-03
-2.830273217677750728e-03 -2.307573818702028743e-03
-3.255979003830837548e-03 -2.505141777619874534e-03
-3.424073556302694582e-03 -2.523328773367475991e-03
-3.308675982759074277e-03 -2.380749475622398383e-03
-2.937965307586061503e-03 -2.123248441716954569e-03
-2.388616604190780830e-03 -1.814914932994602737e-03
-1.771050963424650529e-03 -1.525705489950395823e-03
-1.208298259229823816e-03 -1.318022641713675978e-03
-8.124809903133579838e-04 -1.234794312650927062e-03
-6.633776964911194864e-04 -1.291312808992274401e-03
-7.931303168873691731e-04 -1.472378860679418675e-03
-1.179996005595728087e-03 -1.735290178546496824e-03
-1.752330737878037177e-03 -2.018105876265974350e-03
-2.402053940483791887e-03 -2.251617733437535560e-03
-3.005047365573719573e-03 -2.372756073728476186e-03
-3.444627589200508280e-03 -2.336885174003703290e-03
-3.633648632600477817e-03 -2.126652308210685849e-03
-3.531049649144758426e-03 -1.755706195202142751e-03
-3.149713467598723796e-03 -1.266571404408788765e-03
-2.554146085315158344e-03 -7.230713771379449406e-04
-1.848413659409146349e-03 -1.987247044677123583e-04
-1.156617423628044294e-03 2.366982480769038301e-04
-5.995991615092056710e-04 5.299227381719338967e-04
-2.722830096105173601e-04 6.538167974755356836e-04
-2.259384163640163617e-04 6.121202528468230831e-04
-4.587169400600522255e-04 4.383681186117929286e-04
-9.162487338476080472e-04 1.892190935088459763e-04
-1.502179720890179336e-03 -6.654193424242559355e-05
-2.096648295132926346e-03 -2.612406825314941448e-04
-2.579197277052714191e-03 -3.412802799859403690e-04
-2.851777407849702579e-03 -2.773813607666175815e-04
-2.857481808753960326e-03 -7.015649517269097451e-05
-2.591459740777893837e-03 2.500351089654022536e-04
-2.101939504066077224e-03 6.289222753923396497e-04
-1.481163898885637766e-03 9.987369613115863916e-04
-8.479525746498356529e-04 1.291232389232552669e-03
-3.251919803371123349e-04 1.450832924320550211e-03
-1.651508821063686107e-05 1.445418638533676201e-03
1.341250148680583031e-05 1.272694712578611130e-03
-2.487346599565356219e-04 9.609313385236895955e-04
-7.622558373022328502e-04 5.639254026290577582e-04
-1.439937126885420431e-03 1.511291924776839743e-04
-2.164345389524505343e-03 -2.051934364164159164e-04
-2.809822951304186481e-03 -4.433598584545908822e-04
-3.266024003054768428e-03 -5.236824030137173739e-04
-3.458542085147833008e-03 -4.357489804498758173e-04
-3.362729068305247808e-03 -2.001982676286289580e-04
-3.008095298680261206e-03 1.353415197988026104e-04
-2.472463959367911766e-03 5.053773499223716738e-04
-1.866992544216417634e-03 8.390092535703894475e-04
-1.314903344050939726e-03 1.073361319609931943e-03
-9.279556223279769676e-04 1.165442962757431110e-03
-7.851192266346838141e-04 1.100196270192519950e-03
-9.174918758643377508e-04 8.932087365962288264e-04
-1.302319342065521440e-03 5.875820219639753565e-04
-1.867253232506750757e-03 2.455549965420758974e-04
-2.504041630946685776e-03 -6.352646880678478915e-05
-3.089060737333972767e-03 -2.766080076566202568e-04
-3.506799270147539435e-03 -3.491489213028437736e-04
-3.671847262416014050e-03 -2.638456816905856723e-04
-3.545223083772074471e-03 -3.419667675415489529e-05
-3.141943655653739106e-03 2.977751659478709650e-04
-2.528400106858764117e-03 6.692189386562533799e-04
-1.810030757566878385e-03 1.008122154546024600e-03
-1.111619952121132258e-03 1.246745480170825034e-03
-5.539471169157127346e-04 1.334288761367730027e-03
-2.312011937983928043e-04 1.246395948475200258e-03
-1.934304995153352056e-04 9.897039710006576806e-04
-4.373445726095100388e-04 6.005777661446123038e-04
-9.072032399361740999e-04 1.382731236632875728e-04
-1.505618386930221387e-03 -3.261773661776032449e-04
-2.112217348974129542e-03 -7.232516440957087933e-04
-2.606628771382128035e-03 -9.978851501788905953e-04
-2.891433969266095014e-03 -1.119629658072117005e-03
-2.910734102242498213e-03 -1.088105453380475976e-03
-2.660814474238238150e-03 -9.327207108923850527e-04
-2.190884610711388292e-03 -7.067184317920618009e-04
-1.593752908244828450e-03 -4.766861985474409491e-04
-9.882015595102083133e-04 -3.095237597985520074e-04
-4.964000276499135316e-04 -2.593452774960208632e-04
-2.206357890740700319e-04 -3.568057172868972738e-04
-2.237712929375724157e-04 -6.028819352425091862e-04
-5.171314239580228692e-04 -9.682953966924051463e-04
-1.058119607262540326e-03 -1.398694891865166811e-03
-1.758019283243172611e-03 -1.824626428836727829e-03
-2.498509447897513669e-03 -2.174410314323385347e-03
-3.153773352907227219e-03 -2.387494059357726621e-03
-3.614020637013509556e-03 -2.425758577804395556e-03
-3.805975611611889676e-03 -2.280641449868176483e-03
-3.706458821553345467e-03 -1.974731668129920716e-03
-3.346496595167790505e-03 -1.557535590641092541e-03
-2.805186498380855993e-03 -1.096215910041764595e-03
-2.194485875380402205e-03 -6.630556861172407813e-04
-1.637808793951010117e-03 -3.220180137154687351e-04
-1.246488395850137198e-03 -1.169416444261806758e-04
-1.098565039828206186e-03 -6.360174823787090315e-05
-1.223919358595750928e-03 -1.471319315627745089e-04
-1.598567008047523542e-03 -3.252874477343729105e-04
-2.149196149700622043e-03 -5.369226762897269176e-04
-2.767088253013338592e-03 -7.140680057887336361e-04
-3.328785076182838587e-03 -7.953093048071880732e-04
-3.719586320656714275e-03 -7.379263304207468298e-04
-3.855425547041043972e-03 -5.264814287518653673e-04
-3.698978186258579208e-03 -1.762222153467191024e-04
-3.266946919279503821e-03 2.693557298687265312e-04
-2.627139680660329005e-03 7.463337606725178788e-04
-1.885887853067963645e-03 1.182109369154384559e-03
-1.168180970762726714e-03 1.508834271596325204e-03
-5.942731636519986167e-04 1.676013091986680061e-03
-2.571845642556358502e-04 1.659881940950748945e-03
-2.053515049918869500e-04 1.467794419810483815e-03
-4.337046453687085946e-04 1.136786351049995586e-03
-8.848587468607261274e-04 7.265911972388542197e-04
-1.460183733166715587e-03 3.084273119682663308e-04
-2.038656336972765031e-03 -4.832275974618442400e-05
-2.499919159659428226e-03 -2.890230185341866780e-04
-2.747178147240290132e-03 -3.838458215361680416e-04
-2.725600985344299541e-03 -3.330864127331136524e-04
-2.432731754931850149e-03 -1.667316966223862272e-04
-1.918949858543237026e-03 6.162647733625127762e-05
-1.277887270427782501e-03 2.853717951100679306e-04
-6.286204331951153945e-04 4.379247032253655433e-04
-9.301140795379600999e-05 4.658014179168945123e-04
2.275078793442101340e-04 3.391881670400525043e-04
2.713083185342094784e-04 5.801881265208501479e-05
2.842031098081263668e-05 -3.476041247049189726e-04
-4.573758222943157458e-04 -8.227332783073100031e-04
-1.096627211537856434e-03 -1.297644669689239100e-03
-1.770930104229478117e-03 -1.700750554530211685e-03
-2.355135669160649588e-03 -1.971917263269209932e-03
-2.740841304005378100e-03 -2.073670443322209352e-03
-2.856725170474053339e-03 -1.998168749874493916e-03
-2.681879025302091879e-03 -1.768626830190770218e-03
-2.249619655137749183e-03 -1.434917993501513877e-03
-1.641061439845282240e-03 -1.064187566726488513e-03
-9.696705275386659131e-04 -7.282512539348709240e-04
-3.597278744898720158e-04 -4.901602711129089338e-04
7.721916296981289063e-05 -3.924716282118768636e-04
2.634570770056114501e-04 -4.494380452511139747e-04
1.697631873809023195e-04 -6.445889595163066619e-04
-1.791548190677377328e-04 -9.341526127790555217e-04
-7.094647726653322516e-04 -1.255662732138387297e-03
-1.312348523592309990e-03 -1.540111362327741418e-03
-1.864792356900289803e-03 -1.725337913140260852e-03
-2.253088363958317790e-03 -1.768110597368167339e-03
-2.394591863252825727e-03 -1.652604425113444239e-03
-2.253609650344010149e-03 -1.393662813622404632e-03
-1.848404775410324597e-03 -1.034218345028585506e-03
-1.247985357964251623e-03 -6.373550777461320545e-04
-5.592792086622980349e-04 -2.745104936288139848e-04
9.288350856107767482e-05 -1.204730891688583425e-05
5.891953720515245027e-04 1.012646642409031645e-04
8.382747611267117507e-04 4.348737298366558545e-05
7.938101079987328317e-04 -1.762755995409577212e-04
4.632036747368997384e-04 -5.194969793635064587e-04
-9.391803450619165029e-05 -9.253682542565680371e-04
-7.770422508103088603e-04 -1.322118517221622033e-03
-1.463807493267525479e-03 -1.640371941750836011e-03
-2.033134956710966768e-03 -1.826021133873374346e-03
-2.388073823772265784e-03 -1.850186124480416401e-03
-2.474035745891368498e-03 -1.714381252401496469e-03
-2.288967756600047629e-03 -1.449920012247192134e-03
-1.883540248713004572e-03 -1.111679197521295726e-03
-1.351318139731520632e-03 -7.674117321879763342e-04
-8.107807969073857696e-04 -4.846402237900837356e-04
-3.826004014207155454e-04 -3.176209454252394097e-04
-1.664868143333424894e-04 -2.968540132169973081e-04
-2.219895484746946084e-04 -4.231326226144436174e-04
-5.568985110926344753e-04 -6.672637940963676260e-04
-1.125446561190168336e-03 -9.755180950491395457e-04
-1.836661012694809896e-03 -1.279779820349799145e-03
-2.571289416488396762e-03 -1.510477784892645756e-03
-3.204101158083884088e-03 -1.609849005691969251e-03
-3.627348080191499131e-03 -1.543023110334525508e-03
-3.770947307698003115e-03 -1.304826536006875419e-03
-3.615569391829137613e-03 -9.210146492226878182e-04
-3.196157432688316417e-03 -4.436936629617797617e-04
-2.595213798290837807e-03 5.820683305202833816e-05
-1.927127557797316849e-03 5.116138304173383639e-04
-1.316511143231469030e-03 8.527504402644122674e-04
-8.746480566768854124e-04 1.038798996502351187e-03
-6.785100870722749616e-04 1.055588583116379067e-03
-7.563149850723120335e-04 9.198608995469907072e-04
-1.082356195734092159e-03 6.756950169886131270e-04
-1.582079752200466535e-03 3.857774083864379646e-04
-2.146442393409178206e-03 1.191792757669706384e-04
-2.652826930703044202e-03 -6.203607301638938958e-05
-2.988548744189987137e-03 -1.148323215504760660e-04
-3.072496245895814208e-03 -2.356329452210352820e-05
-2.870801188499776200e-03 1.969088782245437394e-04
-2.403564985604282177e-03 5.039352239982418900e-04
-1.741360733400825270e-03 8.351285620504073862e-04
-9.921667275293395618e-04 1.120216723875088610e-03
-2.811993599171260395e-04 1.294455900851425919e-03
2.725417610138800104e-04 1.311062768022750857e-03
5.785804754722795838e-04 1.150308362352236817e-03
5.919032067546855982e-04 8.235473704332415840e-04
3.213267450936181310e-04 3.714141154117206315e-04
-1.722870795866732153e-04 -1.434801685794598824e-04
-7.876300843977244786e-04 -6.479740962710386128e-04
-1.402162876477317573e-03 -1.071752269839986111e-03
-1.895308384027127868e-03 -1.360183932862353822e-03
-2.171233386381946247e-03 -1.484183294000019455e-03
-2.176906601970566863e-03 -1.445234833867460860e-03
-1.912017136463584153e-03 -1.274642385409183176e-03
-1.428879100681915149e-03 -1.027154233104189338e-03
-8.223449904228612639e-04 -7.701808732039977989e-04
-2.116428178057369255e-04 -5.706558864705129795e-04
2.824183344072266197e-04 -4.820357356378345177e-04
5.605523518752259741e-04 -5.339069116012003496e-04
5.640289259948763189e-04 -7.261739345107485035e-04
2.860252301214507306e-04 -1.028933013760408282e-03
-2.268589953009632039e-04 -1.388058199345816070e-03
-8.832155758206907369e-04 -1.735443748657225114e-03
-1.563945537841129017e-03 -2.001963289176089591e-03
-2.144643894007213641e-03 -2.130690421926264080e-03
-2.519017281360500134e-03 -2.087874406764602449e-03
-2.618903859126634100e-03 -1.869588199325138362e-03
-2.427107401667379007e-03 -1.502784204027985543e-03
-1.980617227714384729e-03 -1.040550803778937617e-03
-1.363605059827235119e-03 -5.524597802447264033e-04
-6.915246359424352153e-04 -1.118234410310255458e-04
-8.932359929051812870e-05 2.177352140662213885e-04
3.321089019995414771e-04 3.938662898808046762e-04
4.968022650392979814e-04 4.030474791204306860e-04
3.779260582618248349e-04 2.626888328303001287e-04
2.684805394802584032e-06 1.739900264017169192e-05
-5.530358969793373837e-04 -2.698708845790303212e-04
-1.179252740388969959e-03 -5.301203896479611674e-04
-1.752930466192198760e-03 -7.016947498594231381e-04
-2.161499145420869242e-03 -7.422389169537494660e-04
-2.324384091686279748e-03 -6.369419035995153335e-04
-2.208465925741213455e-03 -4.015064295950092387e-04
-1.834537842443397177e-03 -7.927901243883872084e-05
-1.273532133905437916e-03 2.669171916122312690e-04
-6.332256682997712723e-04 5.667000045618715565e-04
-3.793742951707656814e-05 7.555379428313346250e-04
3.949410902789214899e-04 7.871097913772755889e-04
5.771413051271096504e-04 6.422693702204131366e-04
4.662377560617421727e-04 3.329124636294207573e-04
7.372789205703847437e-05 -9.999289825107278038e-05
-5.370587569102678411e-04 -5.938473590465789213e-04
-1.262827363336215501e-03 -1.075931671079504055e-03
-1.979715777842855611e-03 -1.476817722722228911e-03
-2.566553822600270082e-03 -1.743148821679894617e-03
-2.927583734679421561e-03 -1.847378357480842451e-03
-3.010344361329542109e-03 -1.792631691585541264e-03
-2.815338055600983581e-03 -1.611779118882871896e-03
-2.395655622300792501e-03 -1.360903256854674795e-03
-1.846636421188477348e-03 -1.108404824968992758e-03
-1.287527761071338012e-03 -9.218156649646594902e-04
-8.386227143018327654e-04 -8.548208543680032700e-04
-5.982115786853283573e-04 -9.369509300211501315e-04
-6.237173002504898135e-04 -1.167898344052191797e-03
-9.205925934178040698e-04 -1.517535345222530661e-03
-1.441086331689507300e-03 -1.931629591154975911e-03
-2.093117423235413537e-03 -2.342173634088270950e-03
-2.757579817541410891e-03 -2.680369523321372068e-03
-3.310805054882392899e-03 -2.889805808923765276e-03
-3.647931316539382469e-03 -2.937326666665323292e-03
-3.702755345168061082e-03 -2.819528846106602281e-03
-3.460308568909534546e-03 -2.563649159691290449e-03
-2.959775390645310363e-03 -2.222666714543737859e-03
-2.287199269017885835e-03 -1.865539062359793804e-03
-1.559354898364397187e-03 -1.564412576157885992e-03
-9.018365781484716324e-04 -1.381220241582543744e-03
-4.255072214812969430e-04 -1.356196208777661876e-03
-2.057621786959954596e-04 -1.500473906137021968e-03
-2.685285002040865669e-04 -1.794161922903990489e-03
-5.856444657903747686e-04 -2.190255502242590725e-03
-1.080487750999792936e-03 -2.623637551845790263e-03
-1.642779876154405348e-03 -3.023460555967181964e-03
-2.149757079289970393e-03 -3.326561863685659464e-03
-2.489692465283199502e-03 -3.489370471051007980e-03
-2.583309412646343090e-03 -3.496050387030540108e-03
-2.399025976821862922e-03 -3.361339621954139746e-03
-1.959138698052293077e-03 -3.127549559874580592e-03
-1.335770504314625880e-03 -2.856296514429407848e-03
-6.373463145587573032e-04 -2.616535971885121988e-03
1.184564244423660928e-05 -2.471171259236695783e-03
4.951386571156166962e-04 -2.464779336929287263e-03
7.255726411636740855e-04 -2.614785781464239785e-03
6.623976928280905872e-04 -2.907768658800406834e-03
3.188702009484117340e-04 -3.301600392786520777e-03
-2.401366541520303472e-04 -3.733031647554333442e-03
-9.102584683053796619e-04 -4.129290877282554631e-03
-1.567209132699288153e-03 -4.421512628261274440e-03
-2.090093555168333079e-03 -4.557460927475584338e-03
-2.384054822938904989e-03 -4.511146850635472383e-03
-2.397973666679435907e-03 -4.287526539601668740e-03
-2.133875328968689884e-03 -3.921396395378659236e-03
-1.646269331038080312e-03 -3.470699757780520023e-03
-1.031553828796843595e-03 -3.005516290949574506e-03
-4.094973380706404785e-04 -2.594821418668183648e-03
9.968956736453515530e-05 -2.293523982144863704e-03
3.983453881762433549e-04 -2.132236164352347731e-03
4.300531083694873313e-04 -2.111710911238266417e-03
1.904953341600791085e-04 -2.202996840979617142e-03
-2.715901602524130581e-04 -2.353276612212294814e-03
-8.635385967924092852e-04 -2.496277211098523515e-03
-1.466244060348519595e-03 -2.565273682123469547e-03
-1.956693691467827675e-03 -2.506215667711275599e-03
-2.231284019635414867e-03 -2.288481967525276238e-03
-2.225504187452994210e-03 -1.911216780491844201e-03
-1.926257746705856014e-03 -1.404037451250925205e-03
-1.374487596168977224e-03 -8.219690889919436735e-04
-6.576037685464277641e-04 -2.355546050639929832e-04
1.068562904735382972e-04 2.819974643157732524e-04
7.932459746558940096e-04 6.682035598421744898e-04
1.291342754279422135e-03 8.827076297567831159e-04
1.526946481811957681e-03 9.145445826205628962e-04
1.475648883393315073e-03 7.838962735204527783e-04
1.167173494846522781e-03 5.380132272557092057e-04
6.794707015400293544e-04 2.420786728948659755e-04
1.236921569975878436e-04 -3.325228494430035927e-05
-3.771045507588748806e-04 -2.252774454603162762e-04
-7.114834445805805251e-04 -2.910943091877743298e-04
-8.009302989380696555e-04 -2.156272549272017719e-04
-6.148881840451310898e-04 -1.431817049135251582e-05
-1.766781475460899205e-04 2.700245123491686267e-04
4.408185608044985901e-04 5.756160153587267002e-04
1.128900856812045531e-03 8.337290425995571956e-04
1.763609914688103655e-03 9.820846711372020581e-04
2.229219564858276204e-03 9.770559004417377763e-04
2.440206217605642158e-03 8.023636116691668704e-04
2.357536529182652045e-03 4.726084180427611733e-04
1.996186048752255759e-03 3.095953691207282521e-05
1.422461606025511322e-03 -4.585717303054008542e-04
7.416300342217542951e-04 -9.228205828890153522e-04
7.819060768645780344e-05 -1.292915267103597003e-03
-4.474790635432796633e-04 -1.516943860320229317e-03
-7.416876160094359408e-04 -1.569450299579819297e-03
-7.549385910844035649e-04 -1.455967975691002236e-03
-4.910740935297325509e-04 -1.211737648220296724e-03
-6.328104584058967183e-06 -8.948563219668062693e-04
6.015256270162841609e-04 -5.751568328619420176e-04
1.211871078308401645e-03 -3.209248543656794328e-04
1.704247863145026687e-03 -1.859680915371337813e-04
1.981290992408141910e-03 -1.994843403104346611e-04
1.987265662276939231e-03 -3.606437673290581588e-04
1.718685097291434418e-03 -6.389068394365537539e-04
1.224999336148700291e-03 -9.800120989614535556e-04
5.992237314426307124e-04 -1.316493351462131277e-03
-3.971829241176537580e-05 -1.580727331326033320e-03
-5.695938714598726546e-04 -1.718033125491012000e-03
-8.881197925441691125e-04 -1.697334422800599648e-03
-9.324751345339509206e-04 -1.517356939929138514e-03
-6.913690808848663508e-04 -1.207178794203779288e-03
-2.073744308851417726e-04 -8.210210593318754708e-04
4.309201303278987561e-04 -4.282567499905730779e-04
1.105458654474389532e-03 -1.005224582934300314e-04
1.690839972432839084e-03 1.016337391995179558e-04
2.077830588150907879e-03 1.400457162679447955e-04
2.193822554686278032e-03 6.030383525791821811e-06
2.016368800720143555e-03 -2.780446626996139039e-04
1.577238852739560292e-03 -6.630215623691419974e-04
9.562324027128459285e-04 -1.082233130876252914e-03
2.659269514617864619e-04 -1.464047523146350463e-03
-3.697482618524299686e-04 -1.745303250453588990e-03
-8.390515581248522703e-04 -1.883093961650739038e-03
-1.063621498944043470e-03 -1.862676155985718224e-03
-1.013308281599448711e-03 -1.700008259219321820e-03
-7.118345971274570201e-04 -1.438447007612797578e-03
-2.322140937540035125e-04 -1.140234160387249658e-03
3.172040413767539323e-04 -8.743935718480670563e-04
8.134199577187887272e-04 -7.033387118482347300e-04
1.142277888813808496e-03 -6.707350606732869185e-04
1.220318247315006766e-03 -7.929241558019353448e-04
1.010844757873376578e-03 -1.055541432907186779e-03
5.311589742605619816e-04 -1.415976131710431620e-03
-1.504136165737436789e-04 -1.811214740145242197e-03
-9.271491804480035950e-04 -2.169589316618655318e-03
-1.673818809831571688e-03 -2.424211733469951342e-03
-2.270089440580694631e-03 -2.525554604133654294e-03
-2.623008124699755320e-03 -2.450800040449980979e-03
-2.684318721064566336e-03 -2.208188078769115180e-03
-2.459338194397094925e-03 -1.835542006665501821e-03
-2.005717421739356288e-03 -1.393248947149284709e-03
-1.422326177842667908e-03 -9.530224661256390473e-04
-8.303712542566064328e-04 -5.845711981720072168e-04
-3.503265253454184054e-04 -3.426926306356092898e-04
-7.904590609722809101e-05 -2.572294697464884384e-04
-7.139457958739003213e-05 -3.277829426733267545e-04
-3.298773597893052412e-04 -5.241758222611092328e-04
-8.042277966582262816e-04 -7.925686259802849735e-04
-1.401034557245776435e-03 -1.066061612340556391e-03
-2.001580066790445769e-03 -1.277765638070530591e-03
-2.484510450088587598e-03 -1.373857503328329999e-03
-2.749040120756187505e-03 -1.324138595268445524e-03
-2.734292337037781077e-03 -1.128088825023080850e-03
-2.431108020482047882e-03 -8.152614291654441351e-04
-1.884080727300992651e-03 -4.399365389546338895e-04
-1.183425950146989617e-03 -7.103945468510196965e-05
-4.482175666468553549e-04 2.207727281650152026e-04
1.958411878751295000e-04 3.764150997339283169e-04
6.399098684662968446e-04 3.595531732224064485e-04
8.123243173822714078e-04 1.635400893113709035e-04
6.918912221243191888e-04 -1.872009795896960858e-04
3.116519548724622701e-04 -6.416127380734128888e-04
-2.475920896466665385e-04 -1.131421341035733150e-03
-8.727625208608826533e-04 -1.583757186999108345e-03
-1.440060290269630549e-03 -1.934595338065194436e-03
-1.838511185523214984e-03 -2.140478009132876225e-03
-1.991040606986525189e-03 -2.186307901307936452e-03
-1.869086543622125451e-03 -2.087745961532020030e-03
-1.497984180077368763e-03 -1.887769385689303924e-03
-9.521039240957139462e-04 -1.648051779373843227e-03
-3.406657708149180572e-04 -1.436807912238153521e-03
2.130807552990945757e-04 -1.315414796259617262e-03
5.953647951854245876e-04 -1.326352170035908573e-03
7.236344811300002245e-04 -1.484755093951005758e-03
5.624075346971069145e-04 -1.775186685938054398e-03
1.302250418690272145e-04 -2.154249718682974685e-03
-5.036143727051892952e-04 -2.558549196945063796e-03
-1.231927804692143930e-03 -2.916503679577892201e-03
-1.929697410814414787e-03 -3.161773073956829910e-03
-2.477505532858857371e-03 -3.245763149656731052e-03
-2.783923919797605048e-03 -3.146840336871600200e-03
-2.802622982725220049e-03 -2.874511715631244968e-03
-2.540966223707308291e-03 -2.467776864506031516e-03
-2.058466581514485985e-03 -1.987960256120478112e-03
-1.455400299548380164e-03 -1.507376536744901071e-03
-8.537367374109393987e-04 -1.095968729414091743e-03
-3.739966223339150075e-04 -8.084420374894410585e-04
-1.124212630909016304e-04 -6.743210811373603637e-04
-1.227754382667723635e-04 -6.928040640594229031e-04
-4.062283629370638804e-04 -8.333785276859960976e-04
-9.112266602301064868e-04 -1.042072100126469622e-03
-1.543380438411479658e-03 -1.252144605798939181e-03
-2.183486833052104403e-03 -1.397187094009948952e-03
-2.710273884876526675e-03 -1.424137959580175535e-03
-3.023553275869531650e-03 -1.303742582728073789e-03
-3.063392583734764370e-03 -1.036467726885365601e-03
-2.821671082655023872e-03 -6.527434957886786744e-04
-2.343825078398094341e-03 -2.074808092183470743e-04
-1.720446305743838058e-03 2.301025031702553397e-04
-1.070318334302091008e-03 5.894242769948828276e-04
-5.180974156338287017e-04 8.118009373787551291e-04
-1.708587231630510038e-04 8.615203961924668054e-04
-9.794436268605087939e-05 7.326278050758230822e-04
-3.179250431313020674e-04 4.501373875861948860e-04
-7.951411134733000607e-04 6.543758709523638949e-05
-1.446475671547836454e-03 -3.532450823524948560e-04
-2.157075909703540413e-03 -7.335236927278907058e-04
-2.802045447994761483e-03 -1.012276505368510599e-03
-3.270000743701337829e-03 -1.147286214912880643e-03
-3.484032630796595267e-03 -1.124897437349737291e-03
-3.416106266884608080e-03 -9.622514258760921091e-04
-3.092176028514317943e-03 -7.036839989478370794e-04
-2.587050779735729569e-03 -4.119778170918863419e-04
-2.009986395203112921e-03 -1.561341881747925269e-04
-1.483738824066857141e-03 2.011906699244661242e-06
-1.121049739442545436e-03 1.979155304890757409e-05
-1.003023345105814824e-03 -1.179624346857120060e-04
-1.163495057713773281e-03 -3.958279789964770558e-04
-1.582358293004659886e-03 -7.705435576148643830e-04
-2.189119269200489812e-03 -1.179078128951026360e-03
-2.876012802567640223e-03 -1.550495329417748980e-03
-3.518201278767744446e-03 -1.819366385702357418e-03
-3.997237225157521806e-03 -1.938191627758397047e-03
-4.223351258599534336e-03 -1.886476894320057458e-03
-4.152348798091670158e-03 -1.674743226336697019e-03
-3.793918871676485623e-03 -1.342706387352637963e-03
-3.209783517228277910e-03 -9.519655387668025850e-04
-2.502038983227905175e-03 -5.745790494133000328e-04
-1.793896140693941642e-03 -2.796832993838699885e-04
-1.206465765787614842e-03 -1.206801952477598713e-04
-8.359823227535726538e-04 -1.254109524693822891e-04
-7.357759514449036930e-04 -2.911680270352178836e-04
-9.064024484395447750e-04 -5.854810117776143661e-04
-1.295795542166374706e-03 -9.525193043250503814e-04
-1.809407357228419227e-03 -1.323891345282394907e-03
-2.328411122407460752e-03 -1.631788469947346998e-03
-2.732513137996842902e-03 -1.821978374010759785e-03
-2.923047941404064744e-03 -1.864182718067506099e-03
-2.841976824929946799e-03 -1.757869862981483160e-03
-2.483185559439463237e-03 -1.532363101307428720e-03
-1.893935488656105833e-03 -1.241242386073250882e-03
