7.506689366281783533e-04 -1.390923291910678265e-04
6.309696794548345141e-04 -6.041513968351664354e-04
4.651916892518860331e-04 -1.020143529907925964e-03
2.998804250178051115e-04 -1.337092775712557784e-03
1.805523670947804110e-04 -1.521236167555784814e-03
1.426896145987613038e-04 -1.561024025751264451e-03
2.046607834430804384e-04 -1.468976661963055427e-03
3.639170624190612990e-04 -1.279052163582397768e-03
5.971913121078411537e-04 -1.040028376329088034e-03
8.646691182390976423e-04 -8.061552815458777801e-04
1.117347470045825051e-03 -6.268491258134317907e-04
1.306191876226211112e-03 -5.373794006114889074e-04
1.391360814656445941e-03 -5.523100955026246641e-04
1.349752210800584740e-03 -6.629335125469162492e-04
1.179442877673175403e-03 -8.391774228861140173e-04
9.001786843331758062e-04 -1.035617933520968171e-03
5.498195703602871054e-04 -1.200451786952272393e-03
1.774081051596367964e-04 -1.285720397480985804e-03
-1.658316364791584591e-04 -1.256840058846576003e-03
-4.358673354786772201e-04 -1.099623494842215474e-03
-6.038367658570191433e-04 -8.234525264130430552e-04
-6.611290351205610736e-04 -4.599902416631482249e-04
-6.206156658079524250e-04 -5.766572528067842872e-05
-5.138078043586866671e-04 3.270348033226599927e-04
-3.844873200977103078e-04 6.398313120549057806e-04
-2.800270851340000227e-04 8.385334589667516785e-04
-2.420529178706746273e-04 9.006808893274940823e-04
-2.982237604345642969e-04 8.275004798394794588e-04
-4.566941647817853865e-04 6.434367059425068680e-04
-7.043143381597273718e-04 3.913480604057673778e-04
-1.008914211622826329e-03 1.242815329320181347e-04
-1.325243475894915526e-03 -1.046164818941702139e-04
-1.603445956792518695e-03 -2.521431952778544080e-04
-1.798465433228342049e-03 -2.931369640636340927e-04
-1.878602193273298891e-03 -2.250998041041488065e-04
-1.831598978202207424e-03 -6.847466583992161890e-05
-1.667101341178653297e-03 1.374687583691319975e-04
-1.415022573445869720e-03 3.423533527639932485e-04
-1.120117534976039280e-03 4.945491844029062996e-04
-8.337864139864113299e-04 5.512885798147975584e-04
-6.046529605875810599e-04 4.871170920255027425e-04
-4.696929942421021291e-04 2.990706659112124239e-04
-4.475842046299923155e-04 7.589229675203834537e-06
-5.355273013454826900e-04 -3.470154922877102680e-04
-7.101311313551246073e-04 -7.118778561962203419e-04
-9.321849569816854832e-04 -1.031304257336179741e-03
-1.154405356616930705e-03 -1.257072694899882565e-03
-1.330682478577645961e-03 -1.357361778108925020e-03
-1.425067188401367554e-03 -1.322623288233629440e-03
-1.418790608305808354e-03 -1.167289784264054046e-03
-1.313981173898846368e-03 -9.269959175204852721e-04
-1.133370855389336700e-03 -6.518400926213783336e-04
-9.160429477719621988e-04 -3.969613597972659110e-04
-7.100247480030846738e-04 -2.122133084898446135e-04
-5.631272924330065930e-04 -1.328863142774362434e-04
-5.137677017044057787e-04 -1.732296938488526181e-04
-5.835144167032522370e-04 -3.239940075334589117e-04
-7.727707764493812331e-04 -5.544515468795698085e-04
-1.060419457844806283e-03 -8.185043015759861434e-04
-1.407501504176703229e-03 -1.063714142582511662e-03
-1.764240766516493326e-03 -1.241536260340243185e-03
-2.079091998566147230e-03 -1.316808906591205360e-03
-2.308108338638582141e-03 -1.274693377346089191e-03
-2.422863891584566519e-03 -1.123741265591381069e-03
-2.415440938962761311e-03 -8.944998310028271947e-04
-2.299547101681050174e-03 -6.339119275810612460e-04
-2.107560315221075013e-03 -3.965641752172578238e-04
-1.884070057510540660e-03 -2.344349798645325566e-04
-1.677146003642382855e-03 -1.870793542928202765e-04
-1.528994706748110655e-03 -2.741062008823581461e-04
-1.467779735454382076e-03 -4.913711434021499590e-04
-1.502159216454336966e-03 -8.116060067279756880e-04
-1.619578894734693009e-03 -1.189367528028044668e-03
-1.788646328470493716e-03 -1.569371578244668254e-03
-1.965137615915739031e-03 -1.896639609759804591e-03
-2.100498736289565464e-03 -2.126542287694958497e-03
-2.151229732854156428e-03 -2.232845981366832645e-03
-2.087371336346414454e-03 -2.212247029999658225e-03
-1.898482188332060831e-03 -2.084544615031682941e-03
-1.595968694807940692e-03 -1.888429557786143725e-03
-1.211319024979925444e-03 -1.673696907723216812e-03
-7.905673437350764759e-04 -1.491367522098031428e-03
-3.860273891799415242e-04 -1.383599706931284458e-03
-4.685098865088622869e-05 -1.375311436366352929e-03
1.898107345663096893e-04 -1.469109231294575850e-03
3.053799368419059094e-04 -1.644492904241042506e-03
3.029238687444995963e-04 -1.861494782631529891e-03
2.061539062819621720e-04 -2.068071212664913342e-03
5.455039542631816556e-05 -2.209852347345641829e-03
-1.044552852788311454e-04 -2.240408231631584729e-03
-2.247537884282012604e-04 -2.130089861970824085e-03
-2.705239479623207811e-04 -1.871772053078875342e-03
-2.231893860044439513e-04 -1.482409854810153504e-03
-8.504486417990867082e-05 -1.000111223077177099e-03
1.211362662321645561e-04 -4.772759476737626922e-04
3.564396699080660930e-04 2.890590596942412341e-05
5.732703427401312710e-04 4.668042642330534316e-04
7.245205395900781130e-04 7.995968195308019106e-04
7.727054792309099966e-04 1.011672940254939364e-03
6.973317789748594790e-04 1.110991685567252682e-03
4.990970027542592728e-04 1.126958608185395228e-03
2.001176707741636799e-04 1.104234932444522798e-03
-1.598658129391009118e-04 1.093663046622815127e-03
-5.305978058517721958e-04 1.142038182673946016e-03
-8.603932227841649093e-04 1.282674303968581783e-03
-1.105489974789983405e-03 1.528561280971779592e-03
-1.237907104731868040e-03 1.869418992080191296e-03
-1.250330422119799202e-03 2.273215103963060254e-03
-1.157109836401710393e-03 2.691866881768877756e-03
-9.911881520239403630e-04 3.070053740802456375e-03
-7.975505637630302428e-04 3.355476684117690914e-03
-6.244418118005610118e-04 3.508625141134708546e-03
-5.140194258196642508e-04 3.510203271505819064e-03
-4.942169436518038458e-04 3.364809242662575219e-03
-5.733605011299067493e-04 3.100168787388865414e-03
-7.385594263518342230e-04 2.762064515269832717e-03
-9.581754394749231619e-04 2.405915933308959420e-03
-1.187901358302833037e-03 2.086597920281311590e-03
-1.379295362901590723e-03 1.848417704213985071e-03
-1.489150582359358502e-03 1.717139317429795461e-03
-1.487920356759630082e-03 1.695555957811667068e-03
-1.365597214516409055e-03 1.763438260262634562e-03
-1.133924776795329579e-03 1.881857517552705788e-03
-8.245153776436670457e-04 2.001054358670117852e-03
-4.832208691134809160e-04 2.070352181215089505e-03
-1.618132004862386851e-04 2.048227833002998731e-03
9.145934006487090907e-05 1.910622876661548317e-03
2.406612892936375804e-04 1.655912751845146740e-03
2.686492076293137349e-04 1.305585006815226717e-03
1.800223309760979880e-04 9.004914527498027177e-04
-6.573465984131008147e-09 4.933784976126572887e-04
-2.305998540302385698e-04 1.391060696291703284e-04
-4.631931451644587228e-04 -1.155952965601753091e-04
-6.508033944122366314e-04 -2.408906503905865540e-04
-7.569814439277840678e-04 -2.294696005893273431e-04
-7.627125535576272791e-04 -9.797008971690774346e-05
-6.699582283116243923e-04 1.160762279281187122e-04
-5.011701023389571880e-04 3.612035845696286965e-04
-2.948707131615711666e-04 5.815650799838830484e-04
-9.814206440859733500e-05 7.272774626124740675e-04
4.255037433901847320e-05 7.636070738043635765e-04
9.045427609586135457e-05 6.772663997126006277e-04
2.581777886508736155e-05 4.786382031444649885e-04
-1.500205814563771367e-04 1.995154966328735956e-04
-4.145226020130872891e-04 -1.132053788717528569e-04
-7.278517201928087722e-04 -4.066753423002694061e-04
-1.040055550969252443e-03 -6.323457004336049741e-04
-1.300178913513692349e-03 -7.553746838945810029e-04
-1.465590738758487666e-03 -7.613995126784512931e-04
-1.509767195942987496e-03 -6.593860631581904613e-04
-1.427064925770134187e-03 -4.800121616452778222e-04
-1.233587237519911690e-03 -2.698875875827644669e-04
-9.639848097121747833e-04 -8.270361022459063634e-05
-6.648009897631448201e-04 3.101226391460151083e-05
-3.856247239565550162e-04 3.359508597024652571e-05
-1.697278641148814793e-04 -9.244441200048528033e-05
-4.595978627964126140e-05 -3.408812314650242490e-04
-2.343273673201782831e-05 -6.826875038517467471e-04
-9.000147496602818554e-05 -1.071227871977427663e-03
-2.148209677733674456e-04 -1.450762694501071207e-03
-3.544924296352091166e-04 -1.766657398681173614e-03
-4.616273848648190948e-04 -1.975373862129127956e-03
-4.942005489554752388e-04 -2.052361363103999501e-03
-4.239121048571426928e-04 -1.996362499584529784e-03
-2.419668529601845595e-04 -1.829328198314315347e-03
3.883362784769294265e-05 -1.591967001309559787e-03
3.860917680215250397e-04 -1.335779875285876810e-03
7.535386953191958778e-04 -1.113096441292029228e-03
1.089408404358886261e-03 -9.670059384654698881e-04
1.345884824936795839e-03 -9.230949812462922906e-04
1.487841344419775415e-03 -9.845607256628399230e-04
1.499225400813347870e-03 -1.131627492422220254e-03
1.385885578092451841e-03 -1.325378529223882268e-03
1.174311008782123831e-03 -1.515277046050073463e-03
9.065255396849658098e-04 -1.648950549265194897e-03
6.321057770270230129e-04 -1.682382430891837029e-03
3.988352364319630366e-04 -1.588576202294049097e-03
2.437635747874535583e-04 -1.363045602552427887e-03
1.863616908253955999e-04 -1.025083588088867518e-03
2.250651868305081371e-04 -6.145613850923000755e-04
3.378557352317212862e-04 -1.848542571194274498e-04
4.867640648310130524e-04 2.067766538001327532e-04
6.254346101779600410e-04 5.095358273079048875e-04
7.083111924997120140e-04 6.882289772054378096e-04
6.996953929468849526e-04 7.294637311846656220e-04
5.809528206999604958e-04 6.437517582899162337e-04
3.544928269588917520e-04 4.631242287869046566e-04
4.375804407159486747e-05 2.347212455257982784e-04
-3.107842164469942639e-04 1.157719876441608720e-05
-6.588992748512107010e-04 -1.576462609727763767e-04
-9.497259479035530727e-04 -2.380300412066763864e-04
-1.141078364572628828e-03 -2.150920141802148975e-04
-1.207154659445858810e-03 -9.753599344541365439e-05
-1.143198961701028925e-03 8.446601827074456427e-05
-9.662386827086421291e-04 2.851321597115863567e-04
-7.117608325555653710e-04 4.519577928232034196e-04
-4.269585564061776023e-04 5.359444060787605735e-04
-1.618269948463201837e-04 5.012278126178658236e-04
4.020670779841144845e-05 3.322754532465328477e-04
1.503476858086810058e-04 3.728164409969996493e-05
1.596690009844601047e-04 -3.528915577976722345e-04
8.053263696560333026e-05 -7.900376454920937479e-04
-5.606670348291254954e-05 -1.217196126240188475e-03
-2.067245013942962885e-04 -1.578894952331350021e-03
-3.242293242017148334e-04 -1.831117070644587997e-03
-3.669077161801559536e-04 -1.949115375554668923e-03
-3.069321163199480260e-04 -1.931607386127625215e-03
-1.360089576784663306e-04 -1.800565844451122808e-03
1.326398461129214682e-04 -1.596654481125981588e-03
4.663867559046697532e-04 -1.371181699981317229e-03
8.190093901711294460e-04 -1.176102993491082854e-03
1.139110384777406587e-03 -1.053970941964892365e-03
1.379559575825035043e-03 -1.029740020615410112e-03
1.506177116668810934e-03 -1.105980592031072067e-03
1.504018653100751626e-03 -1.262409247710561625e-03
1.380076389770353625e-03 -1.459823669723812282e-03
1.161887102506200262e-03 -1.647694526218637786e-03
8.923116924532227068e-04 -1.773972860126433147e-03
6.214743077741121920e-04 -1.795250431627214410e-03
3.973854324187618128e-04 -1.685342277900604702e-03
2.570211301780052750e-04 -1.440658298232623102e-03
2.195429471803333858e-04 -1.081337642681377657e-03
2.829364477127646648e-04 -6.479211706418024248e-04
4.246979879283651216e-04 -1.941815102451975778e-04
6.064319108662275448e-04 2.225425539770131862e-04
7.814792042309870110e-04 5.516881922636718283e-04
9.041241496210158457e-04 7.585397248290387182e-04
9.386264033685302226e-04 8.303217329744894473e-04
8.663589248140059901e-04 7.781701722353539206e-04
6.896909677622778314e-04 6.346172000681664328e-04
4.318720362204225773e-04 4.470738301221707984e-04
1.329305019199080232e-04 2.685510825601211313e-04
-1.576440108330987109e-04 1.473817949883092634e-04
-3.900554009719230282e-04 1.178929834669090139e-04
-5.234649501648358776e-04 1.937970910564286746e-04
-5.336142580726550063e-04 3.655540485643604632e-04
-4.173665745843863246e-04 6.022026197806130401e-04
-1.933079051219482414e-04 8.573117144138277159e-04
1.017061272025901003e-04 1.077920789163077341e-03
4.194054706066538255e-04 1.214771140690655213e-03
7.090679285340971243e-04 1.231884272325190974e-03
9.268959351651868874e-04 1.113666121273740534e-03
1.044037953768156080e-03 8.681835704774181449e-04
1.051742348233662867e-03 5.259838105033607649e-04
9.626754589549480151e-04 1.346706622803199235e-04
8.081626530404178218e-04 -2.497447914099110611e-04
6.318836359118263106e-04 -5.730910746063194597e-04
4.812250209393107792e-04 -7.929497096342381316e-04
3.979368628035382435e-04 -8.863667643491577285e-04
4.098715509866520485e-04 -8.539103537269931597e-04
5.253781974937154564e-04 -7.193128336464556325e-04
7.314223074456605283e-04 -5.247713327160190636e-04
9.957944080454415522e-04 -3.228010840719355585e-04
1.272996145168819870e-03 -1.661873553976077594e-04
1.512694933265942149e-03 -9.794033885959210674e-05
1.669150644777824119e-03 -1.431552987985444539e-04
1.709832406676572731e-03 -3.043180145059464479e-04
1.621595477521715076e-03 -5.609417308184902733e-04
1.413248683324451038e-03 -8.736002784810263091e-04
1.114024838499892700e-03 -1.191588343401902336e-03
7.682408838571795065e-04 -1.462751937307229643e-03
4.271545621501553203e-04 -1.643620237362686297e-03
1.395540103486108156e-04 -1.707912131139752068e-03
-5.714456553803173595e-05 -1.651797992267979359e-03
-1.436131434429903505e-04 -1.494911265818772619e-03
-1.218787974310901420e-04 -1.276909096502313852e-03
-1.453172556680498869e-05 -1.050224129400184571e-03
1.399662138234316385e-04 -8.703711502030862888e-04
2.949745223397000696e-04 -7.856357833450392479e-04
4.049024010439201938e-04 -8.280902502393359477e-04
4.342157190556127978e-04 -1.007630889472945629e-03
3.645083105639642350e-04 -1.310161130198097103e-03
1.982904985290302323e-04 -1.700259983277874242e-03
-4.122978879711187809e-05 -2.127828219542006113e-03
-3.143380856157457735e-04 -2.537452753194159756e-03
-5.721880715435607393e-04 -2.878716626528099714e-03
-7.659671375057431134e-04 -3.115504517815249723e-03
-8.561195521001618326e-04 -3.232545430208989389e-03
-8.198815289662585507e-04 -3.237958819428174602e-03
-6.557006033902908031e-04 -3.161328510509865859e-03
-3.837001666518681433e-04 -3.047676760499139822e-03
-4.209739885350336657e-05 -2.948488146478852462e-03
3.197522957193970738e-04 -2.911492388663636764e-03
6.503737053582584436e-04 -2.971150811648822897e-03
9.055529049848203785e-04 -3.141658282256127189e-03
1.056313070014798343e-03 -3.413796291269570286e-03
1.093983835772708614e-03 -3.756243530398467156e-03
1.031413852808190073e-03 -4.121105954473820200e-03
9.001067514894288630e-04 -4.452628799076339093e-03
7.438326962200224324e-04 -4.697449743424099433e-03
6.099349057435365061e-04 -4.814459607756577803e-03
5.399866041655268555e-04 -4.782410105730632542e-03
5.615762730900283927e-04 -4.603833403014919931e-03
6.827846271235449077e-04 -4.304535070214264916e-03
8.904060553874292884e-04 -3.928758551905226458e-03
1.152257084952636136e-03 -3.530937153549786652e-03
1.423139236169713041e-03 -3.165593961622813462e-03
1.653330272498644690e-03 -2.877299091764921012e-03
1.797997623220211512e-03 -2.692581172402870072e-03
1.825751640382613930e-03 -2.615318420389114301e-03
1.724717721291558342e-03 -2.626474434916121516e-03
1.504974660342214571e-03 -2.688219964621783864e-03
1.196893240453368677e-03 -2.751650408204011841e-03
8.456840481558462568e-04 -2.766627148080274406e-03
5.031800864548728732e-04 -2.691868073911403078e-03
2.184023105238204433e-04 -2.503365099484698274e-03
2.868580858685293791e-05 -2.199523129249705226e-03
-4.696245304017026764e-05 -1.802035842544605273e-03
-1.102636245516698055e-05 -1.352321270757144865e-03
1.134250661986666714e-04 -9.041815232029956802e-04
2.875305271077825860e-04 -5.140668452311543618e-04
4.643992885802802201e-04 -2.307789058687012909e-04
5.983651640509602158e-04 -8.655568609184185504e-05
6.539710473365832654e-04 -9.122019075945850611e-05
6.129753964581495995e-04 -2.304966600629765631e-04
4.780476607880120347e-04 -4.688105177056578086e-04
2.724477952321553969e-04 -7.560410215054754000e-04
3.574672620336199114e-05 -1.036948864759693317e-03
-1.836043321184058826e-04 -1.261496161891264688e-03
-3.374497028127259593e-04 -1.394108886997844337e-03
-3.871122991837435377e-04 -1.420133574692398776e-03
-3.108431689440711810e-04 -1.348272709479466248e-03
-1.081236177265964995e-04 -1.208545846378519676e-03
1.999993776892676858e-04 -1.046171698755356131e-03
5.746138941256007842e-04 -9.125395764914381088e-04
9.659862045498376296e-04 -8.549902497847572478e-04
1.322620656684864518e-03 -9.073520783910339485e-04
1.600629466750880681e-03 -1.083035327940569002e-03
1.771647437869550840e-03 -1.372003051732116749e-03
1.827802411048260866e-03 -1.742202495147928288e-03
1.782809791033159764e-03 -2.145195746099007577e-03
1.668993189702930790e-03 -2.524932363291945703e-03
1.530804179542027705e-03 -2.828010704663429763e-03
1.416076389933381644e-03 -3.013491535113760247e-03
1.366677342426558415e-03 -3.060410867376491331e-03
1.410334465851449497e-03 -2.971573138330312839e-03
1.555188281503925738e-03 -2.772908581220847636e-03
1.788108136252184724e-03 -2.508516992648840861e-03
2.077092116446749379e-03 -2.232335306043691479e-03
2.377298064480744006e-03 -1.998004141738053858e-03
2.639563656579445045e-03 -1.848848079873897151e-03
2.819800767752600554e-03 -1.809861529850871143e-03
2.887482392749196689e-03 -1.883211111824608687e-03
2.831610860901144239e-03 -2.048098586564129665e-03
2.663031739696927139e-03 -2.265001870743285194e-03
2.412648642057144740e-03 -2.483482076655526075e-03
2.125869367321156413e-03 -2.652068920842327784e-03
1.854326660585292304e-03 -2.728343188881128447e-03
1.646432410755810198e-03 -2.687297761751979153e-03
1.538544715424012329e-03 -2.526385031348122364e-03
1.548411145040959466e-03 -2.266286549816492416e-03
1.672120712849730446e-03 -1.947251531344793354e-03
1.885133065689872153e-03 -1.621690813343026243e-03
2.147181968752408330e-03 -1.344423014331898271e-03
2.410117324122456120e-03 -1.162415414561095931e-03
2.627194485018427995e-03 -1.105959099376957510e-03
2.762046666204593867e-03 -1.182947748080031246e-03
2.795637470037455261e-03 -1.377343245782955460e-03
2.729874331706929908e-03 -1.652120006454354390e-03
2.587197341202182241e-03 -1.956133316029924542e-03
2.406221411941391643e-03 -2.233615396245355531e-03
2.234258532055339707e-03 -2.434506635419971324e-03
2.118139036505878835e-03 -2.523672455933731115e-03
2.095074301481953706e-03 -2.487268273748084041e-03
2.185296698559179886e-03 -2.335055781098344368e-03
2.387877262609548745e-03 -2.098240932139428493e-03
2.680520801745056234e-03 -1.823252264497398625e-03
3.023385836958871527e-03 -1.562646932835059631e-03
3.366215244688858677e-03 -1.364875511704269221e-03
3.657436969307330601e-03 -1.264852311450275629e-03
3.853521296164976601e-03 -1.277124817509820180e-03
3.926832529761306763e-03 -1.392942921568557672e-03
3.870497716990876479e-03 -1.581789216908129590e-03
3.699379369226446328e-03 -1.797085799569533762e-03
3.446976122092629876e-03 -1.985000924367946989e-03
3.158845389580444262e-03 -2.094690509504606654e-03
2.883799514392258647e-03 -2.088036293130685669e-03
2.664547228627687277e-03 -1.947036181190393064e-03
2.529555869615567661e-03 -1.677445283709493896e-03
2.487677167082541583e-03 -1.307974494662414921e-03
2.526554623304189378e-03 -8.851931542124737845e-04
2.615112956956425726e-03 -4.650943944193281334e-04
2.709655674302736093e-03 -1.029124837512463428e-04
2.762412227859441065e-03 1.568885461675906387e-04
2.730911075275945128e-03 2.885689456651306813e-04
2.586397358060104831e-03 2.895140535000193492e-04
2.319693744526558302e-03 1.802591061963263602e-04
1.943386197929708285e-03 1.439944002136020495e-07
1.489911565622276460e-03 -2.005687512392845739e-04
1.005899336746156770e-03 -3.706101412766065199e-04
5.438288723026555617e-04 -4.677678983462442994e-04
1.525716465117854049e-04 -4.671824223524198702e-04
-1.314006745226340865e-04 -3.662969943244111150e-04
-2.904871605888568542e-04 -1.855183874944765776e-04
-3.288912377987361526e-04 3.554234750285988152e-05
-2.714696277112451641e-04 2.455407683586879105e-04
-1.587216293480862731e-04 3.911690456895424491e-04
-3.887339878174745668e-05 4.273755387571460127e-04
4.143938237322498247e-05 3.260975793955334144e-04
4.612308711862559210e-05 8.185094145708775521e-05
-4.348464764924119506e-05 -2.868869791548709302e-04
-2.250926774404116344e-04 -7.407683388594621301e-04
-4.759666275630239840e-04 -1.226562640812758160e-03
-7.573722313433347599e-04 -1.686726838205395871e-03
-1.022106163767653791e-03 -2.069755518681917674e-03
-1.223682912150303882e-03 -2.339362048537985475e-03
-1.325431506011459908e-03 -2.480763483895669606e-03
-1.307771995326102894e-03 -2.502890776736224621e-03
-1.172285397953219763e-03 -2.436117413831754685e-03
-9.417973494684629254e-04 -2.325948023792156604e-03
-6.564500579113209666e-04 -2.223873033812706883e-03
-3.664965679531746257e-04 -2.177131397222256941e-03
-1.231719913039112891e-04 -2.219329280660784030e-03
3.063925330987790456e-05 -2.363699433213203079e-03
6.818202488474407828e-05 -2.600284675618221106e-03
-1.640973794233950307e-05 -2.897584487263508111e-03
-2.072659348584725779e-04 -3.208357023030977955e-03
-4.700001253584820985e-04 -3.478480407261698264e-03
-7.583816362371586899e-04 -3.657196168864007557e-03
-1.023193017370367447e-03 -3.706794255480000671e-03
-1.221593541158768389e-03 -3.609903122120563905e-03
-1.325215070286235629e-03 -3.373000268977765104e-03
-1.325458083102610575e-03 -3.025472774124048688e-03
-1.234987202203529418e-03 -2.614398627290610930e-03
-1.085146549843969558e-03 -2.196028750842787293e-03
-9.197891149858845958e-04 -1.825573316822066234e-03
-7.866945048548568131e-04 -1.547216256173930722e-03
-7.282071464093868140e-04 -1.386238084178084348e-03
-7.728755065562076948e-04 -1.344727641064739476e-03
-9.296840679081124674e-04 -1.401683729779101221e-03
-1.185979361731934103e-03 -1.517476611500602349e-03
-1.509492167683489138e-03 -1.641814241387835188e-03
-1.854082421276030289e-03 -1.723695206841943878e-03
-2.168128273914080723e-03 -1.721455071989878675e-03
-2.403979640145945031e-03 -1.610996264010041215e-03
-2.526694340458784764e-03 -1.390636864715194196e-03
-2.520409918752990718e-03 -1.081655289376461755e-03
-2.391150853782355017e-03 -7.244243151056489185e-04
-2.165544655002773090e-03 -3.708646244814865875e-04
-1.885693690505735407e-03 -7.464649135490125480e-05
-1.601176134601445386e-03 1.190038300287642658e-04
-1.359691604050739227e-03 1.819601014379529803e-04
-1.198122240905400478e-03 1.086712891931061113e-04
-1.135699905616013167e-03 -8.258629253871742392e-05
-1.170569964311627071e-03 -3.529236858716019130e-04
-1.280397696788818877e-03 -6.499198784279198093e-04
-1.426896677518922889e-03 -9.172361458554843588e-04
-1.563414789287795661e-03 -1.104952862768239855e-03
-1.644133659430556480e-03 -1.178681071444006309e-03
-1.633131079344184991e-03 -1.125733223047857383e-03
-1.511581380254730603e-03 -9.571942285625382237e-04
-1.281720995562030683e-03 -7.055098649956681890e-04
-9.668188553803682469e-04 -4.180577687253279667e-04
-6.071478791543671915e-04 -1.479261249196810917e-04
-2.527113919458132347e-04 5.634712868773548381e-05
4.590666236341939266e-05 1.601261151464248569e-04
2.468427761568943359e-04 1.493448015360885174e-04
3.246516316446940338e-04 3.322532580545385856e-05
2.749484104486874187e-04 -1.574692688646501409e-04
1.151207707570327645e-04 -3.763169796810141758e-04
-1.190215847849562830e-04 -5.701381728478857255e-04
-3.800240704844898461e-04 -6.892278364676545201e-04
-6.177080596924979222e-04 -6.969769245951133382e-04
-7.885479177772727021e-04 -5.770553829081097709e-04
-8.637317687255590803e-04 -3.367900314989887532e-04
-8.343841049448521511e-04 -6.090038629739317859e-06
-7.129669833818932673e-04 3.678849785366348222e-04
-5.306012406018974659e-04 7.293136176969694084e-04
-3.308226641275352313e-04 1.023941187830126887e-03
-1.609638916825924249e-04 1.209020718647602684e-03
-6.280298218417344237e-05 1.261093471732281299e-03
-6.425885207571020805e-05 1.180144658275366666e-03
-1.737157160879199309e-04 9.893558066211103220e-04
-3.780608066449343287e-04 7.305081536267503655e-04
-6.448162410613348348e-04 4.559138659266336849e-04
-9.279701556973605700e-04 2.184081336916569339e-04
-1.176411030346592246e-03 6.130099627689922139e-05
-1.343375271842986874e-03 1.019392507545084127e-05
-1.395125146790321749e-03 6.821157410601087420e-05
-1.317218618876070391e-03 2.155508983386868671e-04
-1.117187236099504702e-03 4.134308105411285770e-04
-8.231168877601434310e-04 6.116908186707570739e-04
-4.784005398986161846e-04 7.585947451907669708e-04
-1.336553842040523552e-04 8.109767990428336714e-04
1.626677296232024246e-04 7.428012802441303838e-04
3.732085161802932058e-04 5.505065656847400214e-04
4.784707032000278751e-04 2.541120931222406814e-04
4.801687318823182060e-04 -1.061312822473950293e-04
4.005216343792895872e-04 -4.769237073537684144e-04
2.776362791448381542e-04 -8.015820743317367400e-04
1.578633174364477360e-04 -1.030369294430111748e-03
8.658284086185137184e-05 -1.129541293608670545e-03
9.917434093751915231e-05 -1.087408100251859109e-03
2.138906969833702159e-04 -9.162699299263890856e-04
4.279952059918895862e-04 -6.498691851491595348e-04
7.179024051349729586e-04 -3.368471055359337609e-04
1.043304693209906684e-03 -3.144891731360008064e-05
1.354511207611910385e-03 2.167592077772565167e-04
1.601616137781523320e-03 3.722125882769649220e-04
1.743766044802245140e-03 4.199446379023568082e-04
1.756775660588721444e-03 3.682102397702079200e-04
1.637652899793348629e-03 2.466424803220279073e-04
1.405177535846859147e-03 1.002966805289671798e-04
1.096423684646832515e-03 -1.928411603228404178e-05
7.598827510128495924e-04 -6.428271075638748028e-05
4.464857248794313195e-04 -1.575260772073826948e-07
2.002200940875985833e-04 1.872895450366366885e-04
5.011214222795483397e-05 4.886761638105595806e-04
5.085750018363980468e-06 8.722575566441627100e-04
5.266320132226793215e-05 1.289380377257066208e-03
1.617452398091346038e-04 1.683151286413343264e-03
2.889346392689438468e-04 1.998690218465081544e-03
3.871962161163301514e-04 2.193037801617878525e-03
4.152036529570082889e-04 2.242851196002790086e-03
3.455935218571915164e-04 2.148440452038082905e-03
1.705541091412049784e-04 1.933389271477650240e-03
-9.631818811524280608e-05 1.639838811636030753e-03
-4.222546619223838745e-04 1.320332880151531534e-03
-7.612262744087377499e-04 1.027772349517808506e-03
-1.062418615327984182e-03 8.053829396523869274e-04
-1.279670074460043713e-03 6.785962474068997149e-04
-1.380089704456818542e-03 6.503798960973713019e-04
-1.350225112570654657e-03 7.008979024192236789e-04
-1.198613113744075856e-03 7.915608334578411176e-04
-9.542292887982029232e-04 8.726926435514691669e-04
-6.611276552377820699e-04 8.933549378021638995e-04
-3.702816524635830272e-04 8.114597515980850363e-04
-1.301662695618899810e-04 6.022463519054387831e-04
2.214166418662685733e-05 2.635065974455564003e-04
6.766713496305157283e-05 -1.834414595391528320e-04
8.783312710489827278e-06 -6.972272528425111672e-04
-1.316053272155700399e-04 -1.223702121852265163e-03
-3.147792854902725385e-04 -1.705648037480671925e-03
-4.939173159027793799e-04 -2.093092796285862291e-03
-6.233368130031953069e-04 -2.352288306030935090e-03
-6.675024831081632221e-04 -2.471660807412777786e-03
-6.080887720740031557e-04 -2.463614121115501564e-03
-4.477506728824727370e-04 -2.361850947211849728e-03
-2.098816276462764558e-04 -2.214724466339873347e-03
6.560191351765168528e-05 -2.075882612512844078e-03
3.296561971404484998e-04 -1.993978410410295575e-03
5.332895739615228911e-04 -2.003394976266028877e-03
6.367899059214884513e-04 -2.117740039574033620e-03
6.172537188527337480e-04 -2.327338880672056090e-03
4.729909283387418806e-04 -2.601196027966376240e-03
2.239691138744522904e-04 -2.893048585567709399e-03
-9.179017346428071378e-05 -3.150358165685186729e-03
-4.251854072983870907e-04 -3.324531017283860902e-03
-7.250647371805488996e-04 -3.380422626275082255e-03
-9.476084417827264610e-04 -3.303317997675938450e-03
-1.064295397482184361e-03 -3.102056470938172744e-03
-1.066953579327793245e-03 -2.807699830213719692e-03
-9.689472360092873677e-04 -2.467986450512506778e-03
-8.022851708944716631e-04 -2.138612467422446907e-03
-6.112069429652191351e-04 -1.872982325003577685e-03
-4.434705224636167030e-04 -1.712361666337762663e-03
-3.409997591731978635e-04 -1.678290338633933211e-03
-3.316706251655626020e-04 -1.768686500898041143e-03
-4.237987579571591916e-04 -1.958375226330243656e-03
-6.043783545048395794e-04 -2.203938637563340134e-03
-8.414110095611247037e-04 -2.451967824891237557e-03
-1.089887393416053745e-03 -2.649154192006573753e-03
-1.300291632937575258e-03 -2.752311083257001894e-03
-1.428019155727702858e-03 -2.736431192024225620e-03
-1.441924333796631638e-03 -2.599258519153981213e-03
-1.330377581468796498e-03 -2.361514833137058796e-03
-1.103681729843329455e-03 -2.062744461307598927e-03
-7.923855216486763459e-04 -1.753571794884391591e-03
-4.418077001957168440e-04 -1.485845840524491115e-03
-1.038015708671622349e-04 -1.302546735528882288e-03
1.726885270616772316e-04 -1.229374500432841308e-03
3.504994168634617113e-04 -1.269621834288939006e-03
4.108792682740914260e-04 -1.403310762281719361e-03
3.566299500219766313e-04 -1.590765198036764132e-03
2.111762607207406635e-04 -1.779950935646716116e-03
1.374786888135667731e-05 -1.916200403832212093e-03
-1.884045055799789042e-04 -1.952486937380012392e-03
-3.492761539537019271e-04 -1.858308060383436888e-03
-4.330961178652483791e-04 -1.625499288223776310e-03
-4.213269185117759943e-04 -1.269879665416301503e-03
-3.163451719488773314e-04 -8.284179429683248639e-04
-1.411017394940636163e-04 -3.524548648853392200e-04
6.517729227798170022e-05 1.017377680346070144e-04
2.544364079823119166e-04 4.832778168895323105e-04
3.789735369673728608e-04 7.559246833015681542e-04
4.006199185695739819e-04 9.045173810698918689e-04
2.981759913843101727e-04 9.373877420056227726e-04
7.169115520060814501e-05 8.843007429610443308e-04
-2.572284619062476505e-04 7.903216259820115309e-04
-6.491492221712328150e-04 7.067812852336108950e-04
-1.053877850699313883e-03 6.810611617900773785e-04
-1.419538366596830286e-03 7.471425137828008193e-04
-1.701948774111921702e-03 9.187200641465313343e-04
-1.872531944182474371e-03 1.186194095595179349e-03
-1.923272912338647948e-03 1.518120069945582285e-03
-1.867794067369534308e-03 1.866849968156107653e-03
-1.738354510406119611e-03 2.177304766004365538e-03
-1.579351101546701275e-03 2.397223291529169704e-03
-1.438560371296816178e-03 2.486951694869395362e-03
-1.357787305631385924e-03 2.426923154672499302e-03
-1.364698232854318636e-03 2.221413128300694928e-03
-1.467389620983613856e-03 1.897858975922907037e-03
-1.652725244100446524e-03 1.501870978903990838e-03
-1.888759252395133276e-03 1.088875952347262031e-03
-2.130787571642330132e-03 7.139706853333452731e-04
-2.329881551816900993e-03 4.218999279457966937e-04
-2.442286277955221015e-03 2.390487108323983197e-04
-2.437900762431621099e-03 1.689561838783678813e-04
-2.306229672875006066e-03 1.921903697979818020e-04
-2.058673701541633826e-03 2.705967167773930368e-04
-1.726717782609281208e-03 3.551046212736068538e-04
-1.356352100603149197e-03 3.956021091275918351e-04
-9.997733522461279068e-04 3.509972378316978314e-04
-7.059281340988294608e-04 1.975496707209548931e-04
-5.116792391237216017e-04 -6.611608420264752841e-05
-4.352576075954031187e-04 -4.182752135031294173e-04
-4.732300340193603479e-04 -8.177934074986165916e-04
-6.015473894003234203e-04 -1.211553173729887443e-03
-7.804660446267027828e-04 -1.544216263606428517e-03
-9.624025533513549772e-04 -1.768479030031822399e-03
-1.101227180165653425e-03 -1.853882632639782847e-03
-1.161230515079039825e-03 -1.792511992209448604e-03
-1.124060556181498936e-03 -1.600504799285848434e-03
-9.923132854142968900e-04 -1.315083519346207843e-03
-7.890948527994462447e-04 -9.876693573550735308e-04
-5.536377319770584456e-04 -6.743774015854779634e-04
-3.338018687399561097e-04 -4.256865366537846600e-04
-1.768831224223865392e-04 -2.772326278492839337e-04
-1.204732071263386059e-04 -2.434596314819460674e-04
-1.851068913179869596e-04 -3.153211958226156356e-04
-3.700949786089866088e-04 -4.624576478722550784e-04
-6.533393949047995759e-04 -6.394253834526959172e-04
-9.951735467861673630e-04 -7.947881431729349275e-04
-1.345509582205869394e-03 -8.813377958616618870e-04
-1.652948457803869037e-03 -8.654986580611942135e-04
-1.874137267850149290e-03 -7.341244861500882376e-04
-1.981611445351678588e-03 -4.973917046280103673e-04
-1.968646074301654350e-03 -1.872325468438692988e-04
-1.850206384891145504e-03 1.484025738478638194e-04
-1.659825413529881100e-03 4.543731183537199399e-04
-1.443007096116908326e-03 6.785999573187365434e-04
-1.248409902633960001e-03 7.818023789525516912e-04
-1.118485175008920775e-03 7.448783975888042521e-04
-1.081346283409172172e-03 5.725308241663007664e-04
-1.145410293382242463e-03 2.924508349948928159e-04
-1.297827451961685620e-03 -4.978957310064885389e-05
-1.506995151582360935e-03 -3.991737787456316818e-04
-1.728678220147235062e-03 -7.014139663087959071e-04
-1.914573154617199178e-03 -9.129425984720396410e-04
-2.021689855744930771e-03 -1.008838175794392247e-03
-2.020768435646413085e-03 -9.871934407425322390e-04
-1.902130325084830289e-03 -8.691083447814257953e-04
-1.677847835784076602e-03 -6.943188431694301927e-04
-1.379812738685260104e-03 -5.132989864161810814e-04
-1.054060458358226484e-03 -3.773413631361479466e-04
-7.524152293805982678e-04 -3.285033174912669555e-04
-5.230288202037842657e-04 -3.913311281476410152e-04
-4.015951549033056024e-04 -5.679368249230181374e-04
-4.048956342553873110e-04 -8.373664654552625273e-04
-5.278893075409887966e-04 -1.159384923068666057e-03
-7.448916920930523768e-04 -1.481964664709920247e-03
-1.014612886450705180e-03 -1.751063248052792034e-03
-1.288096044832732004e-03 -1.920839435296063007e-03
-1.518049392956896237e-03 -1.962373274326789912e-03
-1.667802480725339006e-03 -1.869237277889674318e-03
-1.718189955901090228e-03 -1.658860618773997601e-03
-1.671060027110474275e-03 -1.369423468424885073e-03
-1.548745349093518658e-03 -1.052863702869723597e-03
-1.389599984773288131e-03 -7.653132003400094432e-04
-1.240452319468844785e-03 -5.567667187864959151e-04
-1.147408996657987628e-03 -4.619309152355375757e-04
-1.146758278087849515e-03 -4.939770973403746291e-04
-1.257703347611395170e-03 -6.423712029468326042e-04
-1.478310339231458936e-03 -8.751824531680271486e-04
-1.785447719054396440e-03 -1.145424305837802704e-03
-2.138738223865362716e-03 -1.400218276435231425e-03
-2.487784883973344005e-03 -1.591037364146780011e-03
-2.781312573897624062e-03 -1.683082282914825055e-03
-2.976503455858800495e-03 -1.662008967446857409e-03
-3.046767365513275601e-03 -1.536728581657401723e-03
-2.986483718328678937e-03 -1.337746275657027270e-03
-2.811823952246718730e-03 -1.111351116827229753e-03
-2.557504504424125674e-03 -9.107567040411693095e-04
-2.270089573137231993e-03 -7.858708939708333773e-04
-1.999114815165610112e-03 -7.736341725596806692e-04
-1.787714270131705342e-03 -8.907600196204078268e-04
-1.664525369650540244e-03 -1.130257212732315667e-03
-1.638403386162649031e-03 -1.462399215624534147e-03
-1.696943244317909672e-03 -1.839964909023068113e-03
-1.809084294714008055e-03 -2.206767136974380292e-03
-1.931299238470200654e-03 -2.507863783017219572e-03
-2.016188554422849132e-03 -2.699528064219551635e-03
-2.021845270715412306e-03 -2.757100638668603856e-03
-1.920208201733789467e-03 -2.679247261811358236e-03
-1.702812641590641888e-03 -2.487826141204265568e-03
-1.382839843545824194e-03 -2.223399995761795103e-03
-9.930672115446102094e-04 -1.937251812550619531e-03
-5.800973375320217680e-04 -1.681424406564137114e-03
-1.959488652509209215e-04 -1.498676967752733853e-03
1.114078182296079824e-04 -1.414266209700319353e-03
3.067865572805589117e-04 -1.431112813898106038e-03
3.741465566570538991e-04 -1.529271314456867679e-03
3.193807288481465717e-04 -1.669805090937788450e-03
1.690085747876245658e-04 -1.802332367201450476e-03
-3.497498565713895034e-05 -1.874812341869573021e-03
-2.431170025403664599e-04 -1.843714772994152181e-03
-4.078710534645992557e-04 -1.682642168942568520e-03
-4.925363379506420957e-04 -1.387765278417967723e-03
-4.780807163117694247e-04 -9.790346531929514876e-04
-3.665591985865033326e-04 -4.969297019267451473e-04
-1.804853810248312380e-04 4.649335139293340417e-06
4.171913041485773063e-05 4.680114726276318033e-04
2.533285372766900818e-04 8.420150713249919140e-04
4.085220608901538974e-04 1.091171700041437299e-03
4.714459610103357320e-04 1.201801611497042843e-03
4.234030832708705980e-04 1.184086682612158848e-03
2.667988690349327226e-04 1.069642951198601644e-03
2.508681445918161247e-05 9.050824611049572551e-04
-2.612860039633951555e-04 7.427925374962189055e-04
-5.421749700547112303e-04 6.306862750796385234e-04
-7.669027848316110202e-04 6.028714324352059655e-04
-8.935657220498786826e-04 6.730094981783026672e-04
-8.967260902245867329e-04 8.316256845108957810e-04
-7.720401147397869951e-04 1.047880809836378027e-03
-5.369494338362285502e-04 1.275469466992087790e-03
-2.273083622905648030e-04 1.461525871233996382e-03
1.094128174232951239e-04 1.556847637154395309e-03
4.230614325275728607e-04 1.525496622173949830e-03
6.701826277593359027e-04 1.351952471841184195e-03
8.220728427010106157e-04 1.044456578500515750e-03
8.699857919262493893e-04 6.339043565153601152e-04
8.265106292570712811e-04 1.684857078638963342e-04
7.228679129834130216e-04 -2.949220960221546708e-04
6.026429294043761809e-04 -7.009904384243856312e-04
5.131513127710281459e-04 -1.005877392265417704e-03
4.960808249757209633e-04 -1.184997246585127884e-03
5.791906157246440572e-04 -1.237161306385601862e-03
7.706492385251250939e-04 -1.184316294714759035e-03
1.057093020933888572e-03 -1.066939496344727076e-03
1.405781687151508481e-03 -9.359711824317392716e-04
1.770451840537026842e-03 -8.428193363975299175e-04
2.099768028344068532e-03 -8.293353654108152678e-04
2.346778355940773268e-03 -9.196635022491102826e-04
2.477590316212893110e-03 -1.115510253597960886e-03
2.477628902418776806e-03 -1.395731045717747828e-03
2.354295493536923307e-03 -1.720312124132633742e-03
2.135526059370434354e-03 -2.037991918513960918e-03
1.864522206383493813e-03 -2.296075419011459062e-03
1.591651779633476184e-03 -2.450578443407309265e-03
1.365050254175713927e-03 -2.474774933877669971e-03
1.221698809378549654e-03 -2.364521699219611535e-03
1.180663475314904821e-03 -2.139344279826719143e-03
1.239769413697535804e-03 -1.839069504821026161e-03
1.376332958591870671e-03 -1.516633006730602057e-03
1.551804863871147303e-03 -1.228413908781589292e-03
1.719436950786106064e-03 -1.023917038084796224e-03
1.833511397060171759e-03 -9.367467135914571029e-04
1.858375763820153178e-03 -9.785719924662302036e-04
1.775563605344315874e-03 -1.137217460060541141e-03
1.587643197238624215e-03 -1.379233337160389343e-03
1.318056876346602015e-03 -1.656451583564850279e-03
1.006973314731165808e-03 -1.915281166516758730e-03
7.039308614270314499e-04 -2.106978375474408312e-03
4.586587423618240572e-04 -2.196944905818551397e-03
3.118091308227187832e-04 -2.171292038427044546e-03
2.873512966066429268e-04 -2.039428421424530503e-03
3.880657314602672936e-04 -1.832183369713127983e-03
5.949906231865963960e-04 -1.595824357699306400e-03
8.709261466457175445e-04 -1.383106129887538057e-03
1.167335148894078954e-03 -1.243052111880145038e-03
1.433337103761858720e-03 -1.211409894245547934e-03
1.625097170617952535e-03 -1.303595810967581340e-03
1.713838583356457187e-03 -1.511473023370968729e-03
1.690968330874478582e-03 -1.804582143637238926e-03
1.569353588450799267e-03 -2.135600626450551241e-03
1.380515932391142937e-03 -2.449006496984783288e-03
1.168283854506216432e-03 -2.691315063144623324e-03
9.801150109963504675e-04 -2.820958992209317024e-03
8.577409394288724315e-04 -2.815948992375558440e-03
8.289150915907290886e-04 -2.677871678093032316e-03
9.018357057518977061e-04 -2.431473637021537917e-03
1.063307930548231016e-03 -2.119915179807498745e-03
1.281000758364193078e-03 -1.796595781144512578e-03
1.509377975091251781e-03 -1.515100870296110479e-03
1.698185511616120622e-03 -1.319173812508997456e-03
1.801892256713825361e-03 -1.234610613451993548e-03
1.788299481357417172e-03 -1.264609305288680709e-03
1.644690001243829343e-03 -1.389450386223954701e-03
1.380352562006365112e-03 -1.570563247126151654e-03
1.025001775503412349e-03 -1.758201792421913929e-03
6.233896249080970748e-04 -1.901267958104768153e-03
2.271242516535036345e-04 -1.957414181629243098e-03
-1.147607958888211487e-04 -1.901502299731616923e-03
-3.647082695343699128e-04 -1.730807011550944451e-03
-5.033325002361308366e-04 -1.465968145451868000e-03
-5.326494732737904400e-04 -1.147500867339148068e-03
-4.752396593626816634e-04 -8.285142671204112153e-04
-3.695120605861254809e-04 -5.650071580600092742e-04
-2.619762965902964038e-04 -4.055693838508807065e-04
-1.979959834131711722e-04 -3.824304358300204118e-04
-2.127838987336502438e-04 -5.055432227576661620e-04
-3.243531050053983546e-04 -7.608174661938134830e-04
-5.297671017218224783e-04 -1.112832948022933824e-03
-8.054064857287923044e-04 -1.511516170377239735e-03
-1.111207990307842364e-03 -1.901515176342465042e-03
-1.398078382095436535e-03 -2.232498068292287485e-03
-1.617083197604736238e-03 -2.468427529520422770e-03
-1.728672805802315172e-03 -2.594059169659687462e-03
-1.710199722018068951e-03 -2.617438722179251005e-03
-1.560303123480750228e-03 -2.567932166670053827e-03
-1.299328187180799274e-03 -2.490169977192548210e-03
-9.656971910183444327e-04 -2.435061481578252186e-03
-6.089144436063359143e-04 -2.449591027013529529e-03
-2.805231976765086501e-04 -2.567339040083203329e-03
-2.471934869401331159e-05 -2.801534311696344572e-03
1.296092546034452995e-04 -3.141964806699047534e-03
1.739197513923607932e-04 -3.556343683601806242e-03
1.211834526198535928e-04 -3.995883342436762527e-03
2.975884521378942878e-06 -4.404032981572855547e-03
-1.369512909799878097e-04 -4.726735322313104296e-03
-2.513895297854828190e-04 -4.922269453046367732e-03
-2.990234922185138183e-04 -4.968823855135484809e-03
-2.526328072613536055e-04 -4.868372041875207445e-03
-1.045845961545735286e-04 -4.646121799127459970e-03
1.314302125840391649e-04 -4.345645525147547386e-03
4.227514071943316029e-04 -4.020615264466424407e-03
7.237536518528251295e-04 -3.724707216544520007e-03
9.843666647105211911e-04 -3.501585396338386356e-03
1.159499940161751869e-03 -3.376857459865054058e-03
1.217587752152212918e-03 -3.353520677513078651e-03
1.146635215370471039e-03 -3.411753693878171075e-03
9.566178464603072211e-04 -3.513085510406714716e-03
6.777760975619426254e-04 -3.608143166424741463e-03
3.551223089859047123e-04 -3.646501059946888942e-03
4.019355550504652994e-05 -3.586756244365735952e-03
-2.183956107230719665e-04 -3.404910846016970596e-03
-3.838200357701071941e-04 -3.099463146345969415e-03
-4.376604174661057728e-04 -2.692232183251734232e-03
-3.830257528673102689e-04 -2.224748913201209880e-03
-2.435999142490851528e-04 -1.750886998469106332e-03
-5.880217094187478808e-05 -1.327119075329354601e-03
1.240129964418782869e-04 -1.002234941667669256e-03
2.588313349875727312e-04 -8.084611428975802807e-04
3.099654176954601335e-04 -7.556574003086954450e-04
2.590438822585802454e-04 -8.296841824921227793e-04
1.086740413885101965e-04 -9.952474741116447941e-04
-1.179203118454168490e-04 -1.202680663746062044e-03
-3.812206667872637894e-04 -1.397379628075944361e-03
-6.328787363333942357e-04 -1.530106337040630475e-03
-8.249115591185675290e-04 -1.566213417175035729e-03
-9.188846524886057007e-04 -1.492047888081668352e-03
-8.933419015376530947e-04 -1.317327726921328117e-03
-7.480714429780550628e-04 -1.073048599469405380e-03
-5.043945982777560269e-04 -8.053253945200075561e-04
-2.014167710567003650e-04 -5.663436568327823595e-04
1.110571842547885277e-04 -4.041437341397827480e-04
3.816098519884043990e-04 -3.531817190983976276e-04
5.665886130237649193e-04 -4.274641806313135214e-04
6.380070659871641976e-04 -6.175660969912105842e-04
5.884837340850744081e-04 -8.921056591729445515e-04
4.322922036842717338e-04 -1.203405035425459714e-03
2.023328578827406218e-04 -1.496272713579191276e-03
-5.639187594077432362e-05 -1.718250930945075094e-03
-2.955554715590338172e-04 -1.829393097430585639e-03
-4.728693752668200077e-04 -1.809723792336237480e-03
-5.602505673201951461e-04 -1.662971294024300634e-03
-5.492433413492792864e-04 -1.415866898567281779e-03
-4.526652497920315588e-04 -1.113143178253667501e-03
-3.021635169877785829e-04 -8.091762111034832110e-04
-1.421440340296377500e-04 -5.578508038782167399e-04
-2.122338641928790811e-05 -4.025628295745662397e-04
1.717514435729773289e-05 -3.682455932626991753e-04
-5.670285632587387156e-05 -4.569228120483173291e-04
-2.530058229240413504e-04 -6.476221461302466165e-04
-5.600081396833873296e-04 -9.006568789330149155e-04
-9.459480592983627190e-04 -1.165455797563300696e-03
-1.364631992169745931e-03 -1.390449274051127043e-03
-1.763753088342173486e-03 -1.533130246276683678e-03
-2.094358565350354796e-03 -1.568375953989669704e-03
-2.319682971644325322e-03 -1.493446109450955080e-03
-2.421684650339299243e-03 -1.328703209870827186e-03
-2.404057345777877493e-03 -1.113911619879738883e-03
-2.291155876479782864e-03 -9.008103007958434636e-04
-2.123047803754352439e-03 -7.433608940007472221e-04
-1.947635707451481155e-03 -6.875144115820613650e-04
-1.811348330150201616e-03 -7.624324095490992315e-04
-1.750168660584110495e-03 -9.748246451591419332e-04
-1.782701932960017001e-03 -1.307476673417835942e-03
-1.906598871396588801e-03 -1.722249024589117767e-03
-2.099012734996354504e-03 -2.166984417850440284e-03
-2.321003420821995608e-03 -2.585020904144623259e-03
-2.525053000400439857e-03 -2.925516702008279166e-03
-2.664266435705821452e-03 -3.152639941294417027e-03
-2.701510714783349545e-03 -3.251892413083761792e-03
-2.616755989278178162e-03 -3.232379834731935117e-03
-2.411221562624374457e-03 -3.124609161939509525e-03
-2.107533560328929498e-03 -2.974240677497513776e-03
-1.745855476338078723e-03 -2.832988537444487177e-03
-1.376714715908938704e-03 -2.748403129392033503e-03
-1.051873491185302111e-03 -2.754479816192151407e-03
-8.149625913669178044e-04 -2.864881420969302931e-03
-6.936415553030078358e-04 -3.070065944894357496e-03
-6.947600922744937057e-04 -3.338870411855512661e-03
-8.034278755466763965e-04 -3.624256662446993273e-03
-9.861605528424658481e-04 -3.872135415786803064e-03
-1.197498939686186250e-03 -4.031600503219723471e-03
-1.388841828639047387e-03 -4.064636541444309470e-03
-1.517814950644463465e-03 -3.953461350930522616e-03
-1.556398467435544768e-03 -3.704110608091137381e-03
-1.496271892555963139e-03 -3.345582098746587886e-03
-1.350363715985222757e-03 -2.924696141350568903e-03
-1.150313160284793280e-03 -2.497638411658385706e-03
-9.403270277820064294e-04 -2.119778258128948885e-03
-7.685986270464454772e-04 -1.835680990964684567e-03
-6.779187394511497359e-04 -1.671194974223797966e-03
-6.972628086096875968e-04 -1.629100802171416177e-03
-8.359547762103467297e-04 -1.689134931475884177e-03
-1.081521015248717221e-03 -1.812371672033606836e-03
-1.401649810403160414e-03 -1.949122282465927999e-03
-1.749894952552643419e-03 -2.048844309031319817e-03
-2.074053339180449967e-03 -2.070174269482447788e-03
-2.325640184540581946e-03 -1.989174259543275997e-03
-2.468677406946187536e-03 -1.804222294029509364e-03
-2.486140371677542874e-03 -1.536612930665985817e-03
-2.382850896121841387e-03 -1.226748371397005542e-03
-2.184276456371925679e-03 -9.266367012745213051e-04
-1.931469646875809323e-03 -6.901147923531537106e-04
-1.673111588371428097e-03 -5.626459250846770109e-04
-1.456170028740963723e-03 -5.726244265786043473e-04
-1.316943785854524356e-03 -7.258359821853485475e-04
-1.274190571072497582e-03 -1.004126413784058817e-03
-1.325639265883867858e-03 -1.368536423671789766e-03
-1.448545409600291703e-03 -1.766315628619683073e-03
-1.604181646556203855e-03 -2.140495962774899372e-03
-1.745408441039496533e-03 -2.440221017578018698e-03
-1.825885865673826641e-03 -2.629885636155735937e-03
-1.809175408253599435e-03 -2.695366002115548443e-03
-1.676000600449065224e-03 -2.646171765526782703e-03
-1.428283113235200106e-03 -2.513124036223935570e-03
-1.089180945543689058e-03 -2.342010114516805165e-03
-6.991119714002930847e-04 -2.184427242491520423e-03
-3.085061489765183540e-04 -2.087559285418704846e-03
3.135077488641585964e-05 -2.084831447682279366e-03
2.776575179514577125e-04 -2.189220817688134185e-03
4.038615289040141604e-04 -2.390496427451430789e-03
4.043849563649245735e-04 -2.656917086313278532e-03
2.954243412702825641e-04 -2.941069681523062525e-03
1.116783586174471907e-04 -3.188745072168095059e-03
-1.003723092678577363e-04 -3.349171919138582264e-03
-2.913573972704950471e-04 -3.384670042982020934e-03
-4.183963121821754252e-04 -3.277893214918911266e-03
-4.531880241930772140e-04 -3.035286190964441196e-03
-3.872809938990041598e-04 -2.686096193809790929e-03
-2.335279098576681324e-04 -2.277119505534389715e-03
-2.345376923497796879e-05 -1.864170247508926178e-03
1.989590992800041841e-04 -1.501878126911207565e-03
3.858858816364245468e-04 -1.233737606376094460e-03
4.950353987964958326e-04 -1.084282850240019663e-03
4.980039384573051479e-04 -1.054860038252565958e-03
3.860161762958045457e-04 -1.123787483368879434e-03
1.719568994579783047e-04 -1.250863418003169466e-03
-1.117006154974339491e-04 -1.385358581690254720e-03
-4.186867150718339217e-04 -1.475971620148240019e-03
-6.973603731657056432e-04 -1.480854574221895708e-03
-9.001804521765468473e-04 -1.375803568770084728e-03
-9.924377599992168647e-04 -1.159058480662724386e-03
-9.586014931949741243e-04 -8.517988192107460790e-04
-8.050842800394447229e-04 -4.942394201328015367e-04
-5.589069373718806013e-04 -1.380642222159057764e-04
-2.625190947625951352e-04 1.633687145027243456e-04
3.424169967976986454e-05 3.651942901892378198e-04
2.835294150424011385e-04 4.396510000275057712e-04
4.484325565314907242e-04 3.814999455765813235e-04
5.097898876782656040e-04 2.092201544562893173e-04
4.695921618154169815e-04 -3.825317971917471723e-05
3.503308989960049599e-04 -3.086378742983162055e-04
1.904238431555823566e-04 -5.459238725187554042e-04
3.659064224276350162e-05 -7.006900275638289471e-04
-6.536936936752426848e-05 -7.391744105698519821e-04
-7.964216841524430959e-05 -6.493899984916157771e-04
1.241900317150239873e-05 -4.431367893657567943e-04
2.083642567204099577e-04 -1.535378982010697317e-04
4.847239358479325149e-04 1.714260120065463325e-04
8.010866598878737350e-04 4.781528353246201012e-04
1.107415383849437527e-03 7.176710577011752388e-04
1.353224552288866426e-03 8.549620246210077245e-04
1.496888159373785041e-03 8.755841900101093154e-04
1.513322683777449263e-03 7.883434412224745152e-04
1.398595365138790170e-03 6.235037937563420911e-04
1.170589124947830819e-03 4.268787147995515814e-04
8.656006633797488177e-04 2.509248479184803546e-04
5.315168145280962280e-04 1.445289575974584642e-04
2.188606303201698941e-04 1.434277087414867306e-04
-2.859946707917321914e-05 2.630813008379419846e-04
-1.819028325593936672e-04 4.953584162280867155e-04
-2.320920611104946890e-04 8.096691667652743899e-04
-1.915731268123500126e-04 1.158341190315216943e-03
-9.138988249293608342e-05 1.485231084153413022e-03
2.506283042865949714e-05 1.735950992555236778e-03
1.106880915989761336e-04 1.867784331258070607e-03
1.240506373599381627e-04 1.857423234523871433e-03
