7.354353234101573735e-04 -1.374493372465838623e-03
1.062406206822105563e-04 -1.172507193850267802e-03
-3.756168045966974851e-04 -8.535385998042090529e-04
-6.377119490450405869e-04 -4.762840372646358713e-04
-6.521843890674784185e-04 -1.086835553185797379e-04
-4.405659995535349065e-04 1.847328091285420056e-04
-6.919566405823377982e-05 3.548224017393351837e-04
3.638986990975693085e-04 3.768698452023612239e-04
7.481536638200476409e-04 2.549849607732873006e-04
9.820185735316868531e-04 2.103351708273730513e-05
9.928037982236456033e-04 -2.716890330890050402e-04
7.510559065181578869e-04 -5.588352877245002974e-04
2.767231586582154582e-04 -7.774626325936760413e-04
-3.640702921762404252e-04 -8.782032411558148618e-04
-1.071044050282111753e-03 -8.348364422921561749e-04
-1.728311290519785482e-03 -6.494451209482434047e-04
-2.225957122651583096e-03 -3.521748118461755380e-04
-2.480568728678991548e-03 4.362924910265522936e-06
-2.450837029175407730e-03 3.549861051242722489e-04
-2.145280703020953795e-03 6.342650211697643597e-04
-1.620632744403005272e-03 7.889394138283307642e-04
-9.711954416883690402e-04 7.880783915640095141e-04
-3.111774328703519141e-04 6.290575779149153906e-04
2.466469709773983074e-04 3.382188012927531714e-04
6.119218185619805387e-04 -3.391660810620122305e-05
7.333720887755106358e-04 -4.219795898016486619e-04
6.080000596135443861e-04 -7.578691497734137139e-04
2.810860178123901249e-04 -9.833647238971477637e-04
-1.629936799136025001e-04 -1.060854193765484741e-03
-6.173784858143004876e-04 -9.801538259002868462e-04
-9.736052727800458386e-04 -7.601365907331712702e-04
-1.142790689141801215e-03 -4.448683474261277537e-04
-1.073088348625046186e-03 -9.499112205152762927e-05
-7.601006697379377331e-04 2.240077062858990406e-04
-2.482599080791256978e-04 4.544123883227715746e-04
3.770960798601608521e-04 5.573869359884927590e-04
1.005464534718459365e-03 5.204659181629420640e-04
1.521764504008973982e-03 3.600053331851683588e-04
1.827879674729747470e-03 1.181263330560882699e-04
1.861084340868185937e-03 -1.452715153271826043e-04
1.605867475732776495e-03 -3.639159747974976327e-04
1.096917619037680045e-03 -4.778268210560199822e-04
4.127026116215799139e-04 -4.448397886015061325e-04
-3.391432849169507386e-04 -2.488048951154047967e-04
-1.041863356753399035e-03 9.709718999279773506e-05
-1.591265733272847951e-03 5.525537440788978955e-04
-1.914957031539466035e-03 1.057423273264223142e-03
-1.985491676106611054e-03 1.542767448145010043e-03
-1.824959712820406130e-03 1.943530305507785907e-03
-1.500158173837094159e-03 2.210471899163796682e-03
-1.109274846224442886e-03 2.319105038571285179e-03
-7.626208763342736882e-04 2.273951303142862125e-03
-5.610756082505062407e-04 2.107318697807420739e-03
-5.763400187434220175e-04 1.872840330174061884e-03
-8.367520991200022053e-04 1.635004994464889358e-03
-1.321363507348549769e-03 1.456668816608357045e-03
-1.963411368029489238e-03 1.386918588936945224e-03
-2.662538671320443563e-03 1.451589890209056734e-03
-3.303458465180093666e-03 1.648239356004857449e-03
-3.777534972357472678e-03 1.946525939391506805e-03
-4.003200332385896745e-03 2.293930615476199100e-03
-3.941343898597311074e-03 2.625731916136789332e-03
-3.602760643270853241e-03 2.877347591956003030e-03
-3.046246488694333114e-03 2.996703434991861408e-03
-2.367697085960396124e-03 2.954283953347347502e-03
-1.682267865060754677e-03 2.748957395499519642e-03
-1.102964997389802590e-03 2.408466708690530905e-03
-7.197109063560127359e-04 1.984487102233529424e-03
-5.828365583301843740e-04 1.543178928756317380e-03
-6.941133078930347439e-04 1.153016956970853452e-03
-1.007008535175195601e-03 8.721924118036206500e-04
-1.436102207381628228e-03 7.379648409800430072e-04
-1.873866641316494991e-03 7.599716591921489104e-04
-2.211617631024977854e-03 9.187540296041085859e-04
-2.360655700454539555e-03 1.169770418836316422e-03
-2.269581004449315598e-03 1.452130641563843761e-03
-1.934490985733860070e-03 1.700390119867650936e-03
-1.400118888963368738e-03 1.857165505740764402e-03
-7.516881772536300986e-04 1.884178282768417863e-03
-9.901765785708880859e-05 1.769631711428082486e-03
4.441185446308660873e-04 1.530521919298588824e-03
7.814713863163414917e-04 1.209444357573523365e-03
8.525715222391969756e-04 8.665003690777402408e-04
6.443005052893930034e-04 5.678376251514336221e-04
1.935841551556077714e-04 3.729967563286847986e-04
-4.193074993981335801e-04 3.234636867922259171e-04
-1.085592725703187454e-03 4.345999419295896960e-04
-1.688144059765027925e-03 6.924845340875809569e-04
-2.123180509046034177e-03 1.056271849656278397e-03
-2.319391104499047944e-03 1.465626178061250028e-03
-2.250882322271280898e-03 1.851832760007099225e-03
-1.941512030044522264e-03 2.150489393096882522e-03
-1.459803904479345773e-03 2.313383464786325765e-03
-9.054198289243854843e-04 2.317313429421788591e-03
-3.897659052689262608e-04 2.168192023441373184e-03
-1.441781149217626588e-05 1.899661433811627217e-03
1.485368683714286941e-04 1.566489140694696030e-03
7.050598907810783078e-05 1.234000625730588942e-03
-2.279120501561352494e-04 9.655546186892431529e-04
-6.806316583450287838e-04 8.104361593091971181e-04
-1.188486524871414660e-03 7.944625200909410283e-04
-1.637993827304494356e-03 9.150821878926149915e-04
-1.922924738143907443e-03 1.141895149529331384e-03
-1.964596146012825405e-03 1.422495011161450636e-03
-1.727038362266880307e-03 1.692524624880079693e-03
-1.224161581410255096e-03 1.888037948892316246e-03
-5.175567704321555346e-04 1.957823133857487189e-03
2.946619330657063401e-04 1.873348215224704752e-03
1.095871691819894338e-03 1.634440113276836503e-03
1.772413819149757600e-03 1.269614841944762679e-03
2.234472846201996429e-03 8.309890814549300087e-04
2.432422908284911315e-03 3.847289256721260617e-04
2.365561287415796424e-03 -1.163522034083809727e-06
2.081590544662393662e-03 -2.694209273004981395e-04
1.666962171037717107e-03 -3.840662072666664682e-04
1.229924447600208495e-03 -3.369612240048530660e-04
8.794977254096916514e-04 -1.491152796127423680e-04
7.043702406443134566e-04 1.334885314419568408e-04
7.557211204241218432e-04 4.487539222702778118e-04
1.037231882184912147e-03 7.303373255633464206e-04
1.504184653747040216e-03 9.202695334761140135e-04
2.071822680172330858e-03 9.799415541918777336e-04
2.631392664317578137e-03 8.973741091019493080e-04
3.070831656843503194e-03 6.893950889860663272e-04
3.296179466287529631e-03 3.983146440104637538e-04
3.249657909274054034e-03 8.373058667952867451e-05
2.920987160772246967e-03 -1.889800761756132313e-04
2.349787959308427716e-03 -3.612992139834985479e-04
1.618604443509094951e-03 -3.929362274587352034e-04
8.378567478758778674e-04 -2.697679053112022186e-04
1.255592403045743301e-04 -6.838764071542477452e-06
-4.143696108163295259e-04 3.541539621525587522e-04
-7.111137439875382226e-04 7.524224148735468532e-04
-7.396988313806826185e-04 1.119273394958951668e-03
-5.250674818485887452e-04 1.390806736321018554e-03
-1.367334822745158349e-04 1.519729811842435553e-03
3.249586978847483917e-04 1.484058030980638966e-03
7.483544897986864298e-04 1.291060106555025344e-03
1.032082195919735434e-03 9.757063950911423235e-04
1.104619900562992712e-03 5.939184500452995581e-04
9.381233765897439977e-04 2.119012059874414758e-04
5.538907614817982147e-04 -1.064202187549977054e-04
1.842551480006555985e-05 -3.114794488615662193e-04
-5.691583741779985368e-04 -3.773767893947393135e-04
-1.096003338021805332e-03 -3.066553604800849884e-04
-1.457071851867267369e-03 -1.296438869031308846e-04
-1.575318411781360776e-03 1.015054903477672168e-04
-1.416642968244759618e-03 3.229505006113517055e-04
-9.967851045293799755e-04 4.715385451776293564e-04
-3.788425400057192881e-04 4.970822756025787721e-04
3.381286501269296528e-04 3.721993116334723151e-04
1.037287203102005501e-03 9.784521815931314717e-05
1.605526626292281189e-03 -2.965159584881032475e-04
1.954282109079345710e-03 -7.581440327322298877e-04
2.035699672578266273e-03 -1.220675227830052409e-03
1.851120729263024470e-03 -1.616375021006866792e-03
1.450289664814069903e-03 -1.888678547945631114e-03
9.214476703936382148e-04 -2.002650733023589660e-03
3.742004506130282163e-04 -1.951391395996932530e-03
-8.158586522997697890e-05 -1.757177440704556790e-03
-3.568560150790777569e-04 -1.467129678890310897e-03
-4.004076927213119294e-04 -1.144227424436675307e-03
-2.086730694530543502e-04 -8.553736550407831010e-04
1.736146237927368606e-04 -6.587707487828136765e-04
6.619956667204406498e-04 -5.929960866157467326e-04
1.148473729339875501e-03 -6.698437189152471475e-04
1.522251063173077519e-03 -8.722840298448391368e-04
1.691076248644443050e-03 -1.157923167464059702e-03
1.599153792279438529e-03 -1.467301662017625680e-03
1.238214102862206451e-03 -1.735454515823915255e-03
6.496359101139872897e-04 -1.904536791516743934e-03
-8.279386547432919866e-05 -1.935116431611988951e-03
-8.481259486147472212e-04 -1.813988027647632333e-03
-1.528628150268681804e-03 -1.557019818035848893e-03
-2.021454524593872901e-03 -1.206486639395194880e-03
-2.257516031136966046e-03 -8.233858176715459689e-04
-2.213993901103498713e-03 -4.761833324454956429e-04
-1.918139817366881555e-03 -2.281140679013418486e-04
-1.441655684486982088e-03 -1.254344755472874265e-04
-8.867280478766589478e-04 -1.888465222519146751e-04
-3.663706882669437405e-04 -4.097123399302658037e-04
1.719526570937400523e-05 -7.517730106420055739e-04
1.920248527192680837e-04 -1.158043929898977141e-03
1.301042773905333131e-04 -1.561580269913896268e-03
-1.474088818071412179e-04 -1.898074537904042734e-03
-5.743509441245758839e-04 -2.117902573638232033e-03
-1.052330435475454067e-03 -2.195339973113999248e-03
-1.469693996983766808e-03 -2.133207830338411989e-03
-1.723080845393562110e-03 -1.962073169736260579e-03
-1.737474778413214448e-03 -1.734161409636419309e-03
-1.480945603137940204e-03 -1.513140233149149133e-03
-9.712760701925696140e-04 -1.361716597919698356e-03
-2.732058107759082139e-04 -1.329403141271996106e-03
5.132003000935049563e-04 -1.442778433531256496e-03
1.270871738998043555e-03 -1.700093415622015280e-03
1.887285942775529784e-03 -2.071253318643574530e-03
2.275189289283613501e-03 -2.503186244032533890e-03
2.388575767183054484e-03 -2.929589166114413695e-03
2.230910560744008096e-03 -3.283212626644276596e-03
1.854052835048979313e-03 -3.508363899071602777e-03
1.348091468022840581e-03 -3.571266096028023664e-03
8.240262315887129973e-04 -3.466315609475068265e-03
3.925795809285102626e-04 -3.217055765410154877e-03
1.431546978331683581e-04 -2.871683835642975698e-03
1.269254889708635366e-04 -2.493942401595189689e-03
3.472595861555337685e-04 -2.151118783943777989e-03
7.592846579972035341e-04 -1.901422621646956836e-03
1.278674903754395149e-03 -1.783128280731051830e-03
1.797986730829512908e-03 -1.807533547363680479e-03
2.207441316659372859e-03 -1.957062509668565462e-03
2.416208078509049072e-03 -2.188865681509538381e-03
2.370146806981858999e-03 -2.443228871584647317e-03
2.062635622737456383e-03 -2.655191280574451147e-03
1.536420269919171796e-03 -2.767165326711720861e-03
8.761198535461329345e-04 -2.740160881939639973e-03
1.927931637543074455e-04 -2.561480891100422711e-03
-3.965267473935503873e-04 -2.247423702044950514e-03
-7.904687503701410311e-04 -1.840473299748742343e-03
-9.220469996293556786e-04 -1.401502907661675203e-03
-7.709381813141620186e-04 -9.984623532486602317e-04
-3.669983755684788759e-04 -6.936862557194948403e-04
2.156377727910655374e-04 -5.322222321926940551e-04
8.727516658198534137e-04 -5.333862753684613829e-04
1.489836988163896654e-03 -6.871425672399613434e-04
1.963747016598917615e-03 -9.559927107381563892e-04
2.222094264998952882e-03 -1.282017391582155686e-03
2.236731615657770039e-03 -1.597739088395412664e-03
2.028766981308493221e-03 -1.838752098130914557e-03
1.664168772244405516e-03 -1.955732581853601715e-03
1.240803016688334700e-03 -1.923559695371185145e-03
8.693671422655098241e-04 -1.745826715907829998e-03
6.518426034054834815e-04 -1.453894657563074800e-03
6.615595916076783597e-04 -1.100674759509423506e-03
9.286627714996987821e-04 -7.503246566194028602e-04
1.433744939411954293e-03 -4.658169467102711309e-04
2.110869207293761610e-03 -2.967417124052581547e-04
2.859422549575629281e-03 -2.696600622064273091e-04
3.562570926734164381e-03 -3.828423537191876121e-04
4.108835429937218557e-03 -6.063939904344466895e-04
4.412716821504278353e-03 -8.877508573192019340e-04
4.430474607582184435e-03 -1.161508884696734389e-03
4.168082558131540154e-03 -1.361730597567018669e-03
3.679862026689021976e-03 -1.434401413811812369e-03
3.058057439553916144e-03 -1.347678935267131910e-03
2.415331152097481473e-03 -1.097995147437269038e-03
1.863493246040948169e-03 -7.108554408593935163e-04
1.492492405438005645e-03 -2.361812733273573506e-04
1.353642273983095062e-03 2.609247586036763473e-04
1.450253512079793155e-03 7.122470441630083735e-04
1.737437459140876456e-03 1.059078456151089529e-03
2.131108813219980119e-03 1.263011525149364180e-03
2.524471285623866492e-03 1.312862919714922853e-03
2.808851925884284836e-03 1.226427605974228030e-03
2.894925315830330220e-03 1.046738465366808856e-03
2.730294240368203937e-03 8.335477601279671009e-04
2.310082898354080989e-03 6.516516118504907902e-04
1.678521684557070411e-03 5.582762827039067450e-04
9.212085574962057414e-04 5.919223672802616937e-04
1.494979816916038300e-04 7.647864484591412881e-04
-5.200399966503084243e-04 1.060201718833318372e-03
-9.872132585826917401e-04 1.435587921276268268e-03
-1.186775564125622457e-03 1.830356832342410704e-03
-1.100461876774118863e-03 2.177280123420386078e-03
-7.602189078887345739e-04 2.415169680464318135e-03
-2.420237125865594852e-04 2.500470723950852254e-03
3.485369843300509924e-04 2.415572661982807491e-03
8.961962958998496900e-04 2.172262822376239914e-03
1.297674307287947654e-03 1.809666639596630789e-03
1.480984857779431762e-03 1.387060648542426432e-03
1.418733036641752930e-03 9.729143428146426291e-04
1.132894247207230989e-03 6.322300072369100828e-04
6.901803654189887782e-04 4.145710434405552695e-04
1.888823036385817514e-04 3.450382362342707373e-04
-2.603065979232853985e-04 4.198946913701931665e-04
-5.558413326897968876e-04 6.076596149285407901e-04
-6.251550271216719471e-04 8.554554387052359585e-04
-4.389983053044697620e-04 1.099398126496021685e-03
-1.755847200214720287e-05 1.277055157831923343e-03
5.728142932543002323e-04 1.339604586146373941e-03
1.231667196389000640e-03 1.261385750580065399e-03
1.843020193086460784e-03 1.045026843678562023e-03
2.296950069741063478e-03 7.211729291305684492e-04
2.510105477186751373e-03 3.428613981730477787e-04
2.441275665449695043e-03 -2.439354811441593737e-05
2.099070148144541528e-03 -3.149321360597481844e-04
1.540258084433792935e-03 -4.753620773450322953e-04
8.590824381542696469e-04 -4.747027986787376438e-04
1.695705774581720638e-04 -3.103385393592599005e-04
-4.158131680973752237e-04 -8.650377586247608077e-06
-8.071369841006370994e-04 3.797963713156430081e-04
-9.536306321670973314e-04 7.896030684130594468e-04
-8.528352812667503715e-04 1.152662272936757874e-03
-5.505530127259436295e-04 1.410766777537295763e-03
-1.316182261548377625e-04 1.526322939596107394e-03
2.967480157634942955e-04 1.489147476560877693e-03
6.258346267447662458e-04 1.318068728897987037e-03
7.666168291901418082e-04 1.057037211678081567e-03
6.671879684348102843e-04 7.664897931022598369e-04
3.231319930683867938e-04 5.116102315466468896e-04
-2.211408346664060732e-04 3.497159736083832677e-04
-8.803603128413511935e-04 3.191658984318673656e-04
-1.544167415828675899e-03 4.318949035056191118e-04
-2.097713400056159822e-03 6.709935646355038707e-04
-2.443194141447713012e-03 9.937947959476381952e-04
-2.518247829685152546e-03 1.339885581577652434e-03
-2.307735879969356058e-03 1.642528124792993083e-03
-1.846677520455629459e-03 1.841327987402381020e-03
-1.213781232552499758e-03 1.893749464733228806e-03
-5.167943956027332966e-04 1.783295525097836369e-03
1.275605170439094013e-04 1.522800062255794205e-03
6.152718903556142396e-04 1.152204625200174823e-03
8.742504990250425613e-04 7.312351932057487101e-04
8.774402198844665933e-04 3.283594146580362245e-04
6.473580747677003906e-04 8.108355338820919488e-06
2.512176573873498280e-04 -1.808440071478772254e-04
-2.124262456390646058e-04 -2.145940835466301436e-04
-6.329681842449119992e-04 -9.823482363029015837e-05
-9.093102046509667254e-04 1.353978112471449185e-04
-9.695910349754121140e-04 4.322132923740808143e-04
-7.853366274219022785e-04 7.273543580591995206e-04
-3.773396373578150444e-04 9.576920567043704794e-04
1.878572234301410207e-04 1.073956526767776143e-03
8.102183583956238614e-04 1.050201914286460949e-03
1.374900607565746058e-03 8.888096123142859252e-04
1.773835202227380540e-03 6.200799096275505257e-04
1.926124214035641402e-03 2.964879644390397613e-04
1.793391563884879844e-03 -1.730849076653125920e-05
1.387181667192004253e-03 -2.568167042647031845e-04
7.670022174632642195e-04 -3.700715614735069310e-04
2.937683795290426032e-05 -3.276691821664497813e-04
-7.100265790236663568e-04 -1.285672287343750863e-04
-1.337816926524060517e-03 1.994517137890812388e-04
-1.763805128503811125e-03 6.047476394649773778e-04
-1.937483777542682193e-03 1.021287836067700378e-03
-1.856954357192086742e-03 1.380824142959819227e-03
-1.568626174846800281e-03 1.625484823324063830e-03
-1.157759044972342865e-03 1.718404778445764211e-03
-7.316556845214483139e-04 1.650389233926009575e-03
-3.987013976751577812e-04 1.441356852715501699e-03
-2.472344433085257778e-04 1.136296317668953606e-03
-3.282617167523816694e-04 7.965086968101713289e-04
-6.453051420090818915e-04 4.877997798898765520e-04
-1.153312565478135975e-03 2.678632003452738114e-04
-1.766848920845835030e-03 1.752473720487137884e-04
-2.376024335718333359e-03 2.219982777274085058e-04
-2.867148795557727687e-03 3.913729630655650871e-04
-3.144205798392087428e-03 6.410572530667259933e-04
-3.147080054003628842e-03 9.112777684874081999e-04
-2.863086557262454427e-03 1.136270379186652985e-03
-2.329614420517642226e-03 1.256930518034972410e-03
-1.627379017486432636e-03 1.232245880135682736e-03
-8.655521917811614908e-04 1.047341557549080499e-03
-1.615762512576032371e-04 7.166081743473096816e-04
3.805275787300444346e-04 2.813138340308418348e-04
6.892618781663926173e-04 -1.978554482283173186e-04
7.385638177952308630e-04 -6.519223175676732047e-04
5.520940475966151697e-04 -1.016313058328091080e-03
1.981066374165872082e-04 -1.242725464046191310e-03
-2.241135097246652681e-04 -1.307930550644823692e-03
-6.036630086099710772e-04 -1.217849295970251794e-03
-8.395923818869791867e-04 -1.006139726833495812e-03
-8.605407637633435015e-04 -7.275684311339327510e-04
-6.387033824515316125e-04 -4.474272801885001926e-04
-1.954769217794087533e-04 -2.290039965939302943e-04
4.022945718600994024e-04 -1.214826169257367467e-04
1.054768822026718811e-03 -1.505673337140456518e-04
1.647896559589362951e-03 -3.136063180317786659e-04
2.074998830430041345e-03 -5.801388205953854869e-04
2.257044513059074976e-03 -8.977607235913300258e-04
2.157786008069998308e-03 -1.202195467293014483e-03
1.790882419804449600e-03 -1.429659840328142799e-03
1.217654576088397994e-03 -1.529178517902879180e-03
5.358881120173417893e-04 -1.472509963324139526e-03
-1.382058720405230940e-04 -1.259797744467697125e-03
-6.914689537216636966e-04 -9.198700009975047456e-04
-1.034658763513389163e-03 -5.051226260830753503e-04
-1.118761281437336778e-03 -8.194693645552738508e-05
-9.436779882935703240e-04 2.814939135182608840e-04
-5.576577558508401733e-04 5.278334700450242924e-04
-4.759561265413419205e-05 6.210436138790828174e-04
4.779507002812827124e-04 5.529607937023158035e-04
9.097974889181855091e-04 3.445680585010772582e-04
1.159229994657520312e-03 4.179628998112170670e-05
1.175150688970610837e-03 -2.933551071884118186e-04
9.540252396585836153e-04 -5.946925895359029147e-04
5.407360692848125821e-04 -8.044464880592279085e-04
2.017712233952958633e-05 -8.842415985975686683e-04
-4.988212283367962890e-04 -8.223424669718494215e-04
-9.041936857954179256e-04 -6.358021063576001176e-04
-1.102046228637303289e-03 -3.671091299281589553e-04
-1.034709629376055588e-03 -7.597117041482971699e-05
-6.920155970789515281e-04 1.722055037534943041e-04
-1.136521316155723925e-04 3.189536880950101906e-04
6.178579987603011105e-04 3.241013151892743987e-04
1.392237821363880284e-03 1.736888757805686925e-04
2.091753253458978213e-03 -1.170583373691374716e-04
2.612897446741815725e-03 -5.062737595720326680e-04
2.885371055951571791e-03 -9.330353017371253305e-04
2.884779385537759346e-03 -1.328565080748043969e-03
2.636656969472509025e-03 -1.628930457868042747e-03
2.211071818502038065e-03 -1.786849106954573095e-03
1.708844492892305908e-03 -1.780369964177985244e-03
1.242003757733748780e-03 -1.616792762767711548e-03
9.121904635865313651e-04 -1.331089571736620214e-03
7.911081362984525613e-04 -9.791318107118310559e-04
9.067293490094250914e-04 -6.270086982620387637e-04
1.237875064113030249e-03 -3.384620054955943085e-04
1.718196564933084430e-03 -1.628174480446566022e-04
2.248806995870273294e-03 -1.256977817916705986e-04
2.717169475966599648e-03 -2.242747385784141408e-04
3.018661834473779313e-03 -4.279563374785936886e-04
3.076729028456869509e-03 -6.843758136500350218e-04
2.857799668015527719e-03 -9.295435279375460162e-04
2.378132597544962111e-03 -1.100234049628425349e-03
1.701285845001567713e-03 -1.146256589505289213e-03
9.266744854026395762e-04 -1.040278404489596931e-03
1.713701604406177217e-04 -7.833336535038590894e-04
-4.514260936402434516e-04 -4.049668279503289953e-04
-8.531765699641894298e-04 4.202431108285149797e-05
-9.861431419160840081e-04 4.912587189224785740e-04
-8.518263920161416340e-04 8.750315731316920262e-04
-5.001237293302040815e-04 1.136849133495030240e-03
-1.937893451378205559e-05 1.241872034470640519e-03
4.807810595242813408e-04 1.183295342181166655e-03
8.905622147025980557e-04 9.834621510851665645e-04
1.121065691220323249e-03 6.895036490064175658e-04
1.121302023837957452e-03 3.643338512742130635e-04
8.879314426187720445e-04 7.470559865116704716e-05
4.658841402860762265e-04 -1.214103616401393483e-04
-6.025656627377635143e-05 -1.857344370189850267e-04
-5.824739319939460126e-04 -1.068119409211509482e-04
-9.900642866705971178e-04 9.797594291315715005e-05
-1.190975042166814244e-03 3.859004279290152500e-04
-1.129684943314381842e-03 6.972068633257527031e-04
-7.982302630926740904e-04 9.666881640278536351e-04
-2.382769289217016515e-04 1.136311783143896179e-03
4.661672312981224981e-04 1.166502081179212691e-03
1.204034577188188397e-03 1.043934202653769901e-03
1.857595394670121750e-03 7.843559464463026581e-04
2.324124177315370181e-03 4.298955762163420187e-04
2.534746990719853859e-03 4.135780034878695018e-05
2.466915695555593237e-03 -3.130404777829189663e-04
2.148160673360765237e-03 -5.703683469539436819e-04
1.650423895862803249e-03 -6.847144717803769218e-04
1.076056275113870201e-03 -6.357392928647027236e-04
5.381398317797333932e-04 -4.324304388173612779e-04
1.388678421882676758e-04 -1.113530923764314987e-04
-4.991827860669623140e-05 2.702717664543919122e-04
-3.472043729173951432e-07 6.453502170114266707e-04
2.662881116291827268e-04 9.495184804200600690e-04
6.837420614264177587e-04 1.133181917095126435e-03
1.153632377535277701e-03 1.170713604367488656e-03
1.564427673280489916e-03 1.065075075267645161e-03
1.813003111013246869e-03 8.469895882732140276e-04
1.824672671173422668e-03 5.688306240913784976e-04
1.567893332037748316e-03 2.943896825223444040e-04
1.060843980522039329e-03 8.646825682702180722e-05
3.686193231117552765e-04 -5.348760420873692814e-06
-4.084446308793201878e-04 4.558487153828044442e-05
-1.153118101416750717e-03 2.376081428952405003e-04
-1.752839167362906046e-03 5.407620811158295182e-04
-2.120421643241259240e-03 9.021827252518204755e-04
-2.210002300188789598e-03 1.255863674197399589e-03
-2.025220897728798302e-03 1.534946033402717364e-03
-1.618095829072745302e-03 1.684214176742672864e-03
-1.078818305863064094e-03 1.670435780851001976e-03
-5.184056866521346684e-04 1.488591667374156418e-03
-4.750459727829114097e-05 1.162818051719196125e-03
2.446386748512297329e-04 7.418837396436622203e-04
3.070569772750141643e-04 2.900583303598410390e-04
1.365949903209362319e-04 -1.249010849233581836e-04
-2.217062231974406810e-04 -4.443728682457665771e-04
-6.834404887707734230e-04 -6.297172949551262024e-04
-1.141204217382069206e-03 -6.692978438386309277e-04
-1.485392226821667227e-03 -5.803538706811657609e-04
-1.625473236691570098e-03 -4.053769079010899638e-04
-1.507704316402060487e-03 -2.036842123088837542e-04
-1.125916678015637150e-03 -3.979305700144240149e-05
-5.233162778102557183e-04 2.919465967702304134e-05
2.150565033697540099e-04 -3.519959977692720642e-05
9.777953180379298122e-04 -2.451609638713615411e-04
1.647610301538066091e-03 -5.839094225610848331e-04
2.122960432485213999e-03 -1.008539943245383196e-03
2.336753098404161996e-03 -1.457843696564043324e-03
2.268582261418837856e-03 -1.863635724886560270e-03
1.948198558233941221e-03 -2.163449533333375741e-03
1.449563114669827736e-03 -2.312199216627924825e-03
8.766178311454032607e-04 -2.290604083994346972e-03
3.434712296866142701e-04 -2.108782536518268632e-03
-4.724588166084373736e-05 -1.804335375584397577e-03
-2.237564118693260561e-04 -1.435280854377985610e-03
-1.585779184748255157e-04 -1.069177333995234829e-03
1.265122685552800760e-04 -7.704900639925582996e-04
5.649214933845923175e-04 -5.885899492701550341e-04
1.058245932625190375e-03 -5.486514792955358120e-04
1.495362103672168153e-03 -6.471671568274038524e-04
1.773979231224403520e-03 -8.529209014131724706e-04
1.820558787822567498e-03 -1.113228685881652216e-03
1.604815759641112487e-03 -1.364256928914402102e-03
1.146041511291594553e-03 -1.543456838781281752e-03
5.100364077527299710e-04 -1.601752223611960235e-03
-2.027815559079125800e-04 -1.513165119092046897e-03
-8.758546406443826161e-04 -1.280049062951153522e-03
-1.398064378805338303e-03 -9.329320355880947862e-04
-1.684338041677402482e-03 -5.249924039549233893e-04
-1.691391627465093327e-03 -1.222082534247691862e-04
-1.425637650768191936e-03 2.089593231377058187e-04
-9.417676863112915816e-04 4.140204094409883533e-04
-3.322832483192182727e-04 4.606921760848982491e-04
2.900397123270433445e-04 3.449795896801689842e-04
8.134316877058892902e-04 9.194953685424863419e-05
1.148127976259796616e-03 -2.489494624732477312e-04
1.243112376285333397e-03 -6.131381946017086049e-04
1.095441814265076322e-03 -9.329802743969475756e-04
7.503942939215626920e-04 -1.150396766429857874e-03
2.924219405804359228e-04 -1.227638879407491786e-03
-1.713664764516541162e-04 -1.154185244222427284e-03
-5.320533255310536070e-04 -9.484646978118031237e-04
-7.001290311083396096e-04 -6.540857111104290012e-04
-6.230463658089633455e-04 -3.312940101915827018e-04
-2.957734945891694672e-04 -4.528354245886788421e-05
2.376672053804350978e-04 1.464183599140489152e-04
8.919803800426416790e-04 2.050957593569619408e-04
1.556239421303950770e-03 1.184017897448578008e-04
2.114439742994041367e-03 -9.710798115021188840e-05
2.467083368444386235e-03 -3.989516013744679465e-04
2.549717710076590798e-03 -7.266471966361925418e-04
2.344926287750495088e-03 -1.013092479373779980e-03
1.885506938802721227e-03 -1.197245007581780466e-03
1.248239494446800506e-03 -1.235703430643558679e-03
5.394244575941914248e-04 -1.110996845983668480e-03
-1.250699806655140769e-04 -8.350114849126810592e-04
-6.414777331119174159e-04 -4.469034873045373392e-04
-9.374237289834191477e-04 -5.889430798503326472e-06
-9.851871786958846938e-04 4.197248906705683402e-04
-8.064372886173439090e-04 7.652056096429040062e-04
-4.675558951225181319e-04 9.813508447211345947e-04
-6.644527098558514547e-05 1.043492071479163764e-03
2.866672314979187060e-04 9.558398979432549021e-04
4.907785164230339843e-04 7.503591590054873011e-04
4.739176504505644184e-04 4.803942115911642762e-04
2.074465038382287529e-04 2.102592678162042389e-04
-2.878697368968049196e-04 2.772347612648036995e-06
-9.451861627976212901e-04 -9.289963997562839231e-05
-1.663680202510881825e-03 -5.077669784237838230e-05
-2.327153139058105082e-03 1.268288806051111285e-04
-2.825619932495717496e-03 4.096090745583674158e-04
-3.075808619024498515e-03 7.449063031346528363e-04
-3.036695050612130218e-03 1.067642817790643303e-03
-2.717136631351444419e-03 1.312654744052546259e-03
-2.174162462858430719e-03 1.427095658488074150e-03
-1.502244149093684032e-03 1.380560179131498340e-03
-8.155769439941719335e-04 1.171008527862608733e-03
-2.267220931120952389e-04 8.253669113103124892e-04
1.743519794864998272e-04 3.946855720125014722e-04
3.368695461567056387e-04 -5.523416123697614285e-05
2.583556031772724949e-04 -4.559754480680016037e-04
-1.546071560438197576e-05 -7.491134004613869603e-04
-3.999159375145439521e-04 -8.969149157326523165e-04
-7.880859477871583274e-04 -8.891129468171025388e-04
-1.071691700294941877e-03 -7.444807650471480832e-04
-1.162263416968994673e-03 -5.069163756174152602e-04
-1.008540831618640315e-03 -2.367865386016505629e-04
-6.068000987698418105e-04 8.229519721769098725e-07
-2.138012386180133777e-06 1.487188435367953676e-04
7.195425812993718005e-04 1.686794957167012240e-04
1.447340256449006430e-03 4.889812525375313457e-05
2.065972277305037994e-03 -1.936236749012662474e-04
2.477306009371505607e-03 -5.161887998064210691e-04
2.618733684670384448e-03 -8.584367482364450982e-04
2.474915245879380499e-03 -1.153775185843180801e-03
2.080667445252503724e-03 -1.342046222229836046e-03
1.514451483609713465e-03 -1.381027625242588989e-03
8.836893130424700949e-04 -1.254588572620147970e-03
3.046837238938733755e-04 -9.759518287369630275e-04
-1.190629929100279257e-04 -5.854397392875255015e-04
-3.160356931686801076e-04 -1.431249447972495847e-04
-2.597762532260299625e-04 2.822293357434831973e-04
2.662582021338143635e-05 6.258527070142763183e-04
4.754589776419562686e-04 8.388809903653145694e-04
9.877846405263821655e-04 8.972520122443828836e-04
1.452750772118791694e-03 8.059076721776574142e-04
1.769152382789020497e-03 5.975148249078446674e-04
1.865142149787404457e-03 3.259550733600835300e-04
1.712345192278951541e-03 5.582359230126606852e-05
1.331692513775743075e-03 -1.500678579995261752e-04
7.898568886260960145e-04 -2.428114609528385110e-04
1.869558651474238764e-04 -1.968473569789895485e-04
-3.621581545052204778e-04 -1.493891277975438036e-05
-7.494845808701665509e-04 2.722657089733996239e-04
-8.942550585300586708e-04 6.120043738156384682e-04
-7.582508252257038782e-04 9.394119837368948090e-04
-3.531565835680262368e-04 1.189875351603132420e-03
2.614439641008321378e-04 1.311390594936972902e-03
9.890560263557768121e-04 1.274580045428460456e-03
1.714171320054121671e-03 1.078467727313741405e-03
2.323695223058382282e-03 7.509145528514853899e-04
2.727856781763337082e-03 3.436246674118425366e-04
2.876654277009952927e-03 -7.733842154081829430e-05
2.768735572211849117e-03 -4.437376565040397538e-04
2.451045790833541668e-03 -6.977506902773320582e-04
2.009323583023026050e-03 -8.025850949109640444e-04
1.551260220102373012e-03 -7.491186106146834967e-04
1.185524865026067135e-03 -5.573149776026047140e-04
1.000641589401547781e-03 -2.721547379428260237e-04
1.047730945024647050e-03 4.514159238438192486e-05
1.330396012485896180e-03 3.289299279856754393e-04
1.803678636519070923e-03 5.217558723620491831e-04
2.382292464741766602e-03 5.853722113867932883e-04
2.956580974924205053e-03 5.080712595096273506e-04
3.413183901272409324e-03 3.069416023535580110e-04
3.656501749464213715e-03 2.462102960844588331e-05
3.626894697182008603e-03 -2.788391994899904630e-04
3.312168209934244351e-03 -5.374567512089743239e-04
2.750166572880741612e-03 -6.919704112716435623e-04
2.021977047623258958e-03 -7.012626057847288260e-04
1.237023175016631251e-03 -5.503845879403200265e-04
5.128596681744415067e-04 -2.536589931414414572e-04
-4.651702295079668779e-05 1.477342246698596262e-04
-3.697486596656348722e-04 5.932385269488606866e-04
-4.309869628669813066e-04 1.014059334324864331e-03
-2.541346206813946710e-04 1.345859186520815317e-03
9.233246417499914706e-05 1.540613653871001319e-03
5.089663321224133577e-04 1.575390920430271360e-03
8.847816187273066513e-04 1.456400136627645885e-03
1.118829966051716491e-03 1.217548985912369260e-03
1.139816352358550416e-03 9.137899073977302257e-04
9.200316020930853237e-04 6.105203520421083850e-04
4.809531623808517131e-04 3.710486609516635333e-04
-1.105543406735249928e-04 2.445023722104774574e-04
-7.547253229670864870e-04 2.564708602083940608e-04
-1.337705812989502772e-03 4.041552916612210083e-04
-1.753131804227867682e-03 6.569442286206970440e-04
-1.922386820258621546e-03 9.623046741758080422e-04
-1.809699911223104684e-03 1.255870718077939634e-03
-1.429220014324232915e-03 1.473816016728984272e-03
-8.427197465988923216e-04 1.565162865754760567e-03
-1.483540433826828725e-04 1.501691695237651614e-03
5.374089282745097380e-04 1.283568363596017999e-03
1.101275799590010606e-03 9.396167887382161216e-04
1.453979979564914852e-03 5.221778500052025882e-04
1.546563847894263629e-03 9.752025210752319996e-05
1.379023173678165003e-03 -2.663888624313372807e-04
9.996920752058892010e-04 -5.124457763448764507e-04
4.954998401480156583e-04 -6.049335485868112755e-04
-2.504128622203365649e-05 -5.360214065990682401e-04
-4.528827988391292232e-04 -3.270160371750066857e-04
-6.995238929684476298e-04 -2.413356544725156982e-05
-7.141299257144011637e-04 3.104024162461011048e-04
-4.934352339779748747e-04 6.102474437182506869e-04
-8.254838737611100256e-05 8.175540682585738820e-04
4.334973272081673267e-04 8.939304202309844788e-04
9.458507969563854662e-04 8.276642384791594708e-04
1.342557761220467168e-03 6.358454995302949579e-04
1.529958910413965019e-03 3.609879135889096065e-04
1.450715371731081671e-03 6.279232534993657165e-05
1.095041972837320406e-03 -1.933840042955453685e-04
5.030127400810046733e-04 -3.491635553190724551e-04
-2.425082902976914874e-04 -3.644913015676686137e-04
-1.030984380296120096e-03 -2.255294099557747598e-04
-1.744522357744815629e-03 5.239843503385263265e-05
-2.279555253131782845e-03 4.273784395612629985e-04
-2.565800631631293734e-03 8.385150026620852510e-04
-2.578920061134471354e-03 1.217143351903485042e-03
-2.344497740299254264e-03 1.499531287006987314e-03
-1.932599554672774413e-03 1.638672461692102823e-03
-1.443956604283780712e-03 1.612945079580288283e-03
-9.904020118472983518e-04 1.430002666212052418e-03
-6.732765357453189808e-04 1.125165482058486247e-03
-5.639014455253424287e-04 7.546214107119897244e-04
-6.898238027368442261e-04 3.847268461249303225e-04
-1.029444243438644045e-03 7.943536095109376277e-05
-1.516047971124515406e-03 -1.117648034498297614e-04
-2.050476934652070010e-03 -1.631209845906951041e-04
-2.520042690603701077e-03 -7.734059181056134654e-05
-2.820095524847049829e-03 1.151217227016401615e-04
-2.874160257905690029e-03 3.620751103699487001e-04
-2.648818482691715423e-03 5.997584464414084044e-04
-2.160509834911880644e-03 7.652301456204035294e-04
-1.472953329145484892e-03 8.086290214339311808e-04
-6.856644454191459029e-04 7.029771236869079669e-04
8.427146637393677711e-05 4.496604450065588387e-04
7.237327818466088736e-04 7.854148840591516348e-05
1.144339775311903947e-03 -3.573259636710814893e-04
1.298558055448318467e-03 -7.913873805753752003e-04
1.188092803056525976e-03 -1.155856392513362335e-03
8.629984181521072528e-04 -1.394246465364340406e-03
4.116852122480268929e-04 -1.471799316304678827e-03
-5.627288990458557440e-05 -1.381841470020270940e-03
-4.312641301936196618e-04 -1.146870386412311791e-03
-6.246896732599719650e-04 -8.141684491472789276e-04
-5.859470250345293193e-04 -4.467780652291896684e-04
-3.121260662837877300e-04 -1.115482516682420695e-04
1.514202806371546658e-04 1.334836743234111243e-04
7.197386090995216198e-04 2.499870541171932744e-04
1.284528127962830278e-03 2.264487948761010000e-04
1.734902178588094805e-03 8.015720127831554636e-05
1.978720299558521002e-03 -1.463124018221152452e-04
1.960443005170618789e-03 -3.934393335297316501e-04
1.672118126534746655e-03 -5.963406953042433255e-04
1.155406595579009602e-03 -6.973956962714654645e-04
4.942510024914768818e-04 -6.575131829351856406e-04
-2.004388704092428851e-04 -4.639009204391179907e-04
-8.111983255943544914e-04 -1.328573628317145485e-04
-1.235667567345969222e-03 2.929508776394170789e-04
-1.405412406502126212e-03 7.522183502299931461e-04
-1.298356256746083888e-03 1.176280969378705596e-03
-9.424826438369624968e-04 1.501818296003226087e-03
-4.101191650940401315e-04 1.682579104447913879e-03
1.961042653259800501e-04 1.697915511103036124e-03
7.629553277906472213e-04 1.556514230853232959e-03
1.188220386521520117e-03 1.294621833737749769e-03
1.400148101580997667e-03 9.691022395800271555e-04
1.371031407824637328e-03 6.466419635978335693e-04
1.122355845039352089e-03 3.911467980631282626e-04
7.205413715909204670e-04 2.517148376482521892e-04
2.640881053486427831e-04 2.534604494429113300e-04
-1.354338037566631299e-04 3.929228667413773224e-04
-3.749423932913127817e-04 6.389239956637734422e-04
-3.798581618301398455e-04 9.387073472177219101e-04
-1.187731417509852675e-04 1.228189297632309831e-03
3.900156755342937178e-04 1.444374633716509829e-03
1.081359537124253331e-03 1.537578117825370069e-03
1.854972056275305250e-03 1.481130292086127410e-03
2.593801100634749411e-03 1.276722031110528099e-03
3.185594599931115128e-03 9.543682645751689914e-04
3.543591268289197297e-03 5.669904401316521163e-04
3.622432174551086775e-03 1.806367046231176893e-04
3.426292921464079572e-03 -1.378145841199229955e-04
3.007707801566229279e-03 -3.331450765345274909e-04
2.457318075316779725e-03 -3.721198241986080910e-04
1.886493110129281066e-03 -2.496925225312496407e-04
1.406120543703466650e-03 1.008009516086062155e-05
1.105584812186896247e-03 3.585867952854188850e-04
1.035915435314597620e-03 7.318122234369107710e-04
1.200294616072892975e-03 1.062357902729756717e-03
1.553717976120831332e-03 1.292060260501450746e-03
2.011866939810495226e-03 1.382820157392681886e-03
2.467505023196199781e-03 1.323598056888787783e-03
2.811283773821190209e-03 1.132255898701032626e-03
2.953007489765797043e-03 8.519032642772896057e-04
2.839317571326903811e-03 5.424466284618990886e-04
2.464434173694248810e-03 2.689492157473169194e-04
1.871906609112353875e-03 8.901314921394977257e-05
1.147025953559695482e-03 4.158079183173640173e-05
4.013212904472521344e-04 1.392833619856789816e-04
-2.479397828808261109e-04 3.657929592043328076e-04
-6.993792216190128277e-04 6.786862981128397119e-04
-8.861833617092707395e-04 1.017284197648312240e-03
-7.883006076528374694e-04 1.313987946978211309e-03
-4.358629355909107023e-04 1.506970626032169518e-03
9.680791016996069054e-05 1.551823862817919893e-03
7.054679171864942748e-04 1.429957160771088212e-03
1.275785975484152639e-03 1.152160619193366882e-03
1.704988755781275183e-03 7.566564276746206262e-04
1.921216999755892552e-03 3.020068036346653328e-04
1.896930584021816815e-03 -1.437812618003608475e-04
1.653828822441965208e-03 -5.158951266264554620e-04
1.258361176907294311e-03 -7.647110504652890155e-04
8.086872038937832500e-04 -8.648787540249448270e-04
4.155653997126729097e-04 -8.197823957476948337e-04
1.808016824487222816e-04 -6.605405185323150012e-04
1.773515768161662998e-04 -4.397420620072453319e-04
4.348579912900223717e-04 -2.211125802766597645e-04
9.333778819567781085e-04 -6.707555758846692542e-05
1.606500829655375939e-03 -2.657223283568821860e-05
2.353284145600774684e-03 -1.254541711773187341e-04
3.056759301473349795e-03 -3.612752728422823903e-04
3.605519435588891951e-03 -7.034763094120400143e-04
3.914313179084080024e-03 -1.098933277877041977e-03
3.939756775344031153e-03 -1.481824352457477342e-03
3.688199109716151607e-03 -1.785951485386014833e-03
3.214258167044767127e-03 -1.957186806453162578e-03
2.610311668074871173e-03 -1.963689139367655670e-03
1.988935203234568766e-03 -1.801956920674494282e-03
1.461614249036949234e-03 -1.497570895205833441e-03
1.117759663243918190e-03 -1.100484169332034603e-03
1.007996515335219745e-03 -6.757484175244174874e-04
1.134884783972683713e-03 -2.914280322575077973e-04
1.452821214982919461e-03 -5.985405306381356982e-06
1.877131362319352454e-03 1.424802628940860082e-04
2.300619085828318686e-03 1.431099728909248194e-04
2.614427383020462466e-03 1.398317875930446931e-05
2.729247038851496422e-03 -2.016762695348456942e-04
2.592842981816552254e-03 -4.440598399833919907e-04
2.200565063142958123e-03 -6.484706074542489606e-04
1.596838296622375697e-03 -7.579332607840110533e-04
8.673358995762001002e-04 -7.343222722376194179e-04
1.233032944685968674e-04 -5.658937436839241598e-04
-5.190116095826445564e-04 -2.697880521587342267e-04
-9.599386455128309289e-04 1.109765107795426743e-04
-1.134900018166386899e-03 5.154548549513476071e-04
-1.026361880524977958e-03 8.761693797004530384e-04
-6.669660872698511328e-04 1.131792747905178932e-03
-1.332532041535862410e-04 1.238719273862217730e-03
4.688328861562701352e-04 1.179334238514683462e-03
1.023914604899049370e-03 9.654144233019144048e-04
1.428846094087638397e-03 6.360138065631570263e-04
1.611977104021481647e-03 2.502314019305931477e-04
1.546374818880017713e-03 -1.237738294007366033e-04
1.254509027328776184e-03 -4.214464425391846220e-04
8.035241079731437856e-04 -5.937848547831687043e-04
2.920050735404301138e-04 -6.163228012162616162e-04
-1.692433798643135263e-04 -4.934488010390468979e-04
-4.787514361560154088e-04 -2.572536090574502918e-04
-5.641766031083369267e-04 3.886811312644807719e-05
-3.965718089864439912e-04 3.306424387983883818e-04
3.586860434557780260e-06 5.553855201103714747e-04
5.697679712706289149e-04 6.641492726608036034e-04
1.201523395587189872e-03 6.312368993335387094e-04
1.783111190630456500e-03 4.592804968936996962e-04
2.205086840976011684e-03 1.789141655860983422e-04
2.384783219648627973e-03 -1.568996430239380274e-04
2.281808094121759618e-03 -4.828193242899100294e-04
1.905629298098413622e-03 -7.334669268681100413e-04
1.313813630919503104e-03 -8.558281993029828554e-04
6.012529374886811228e-04 -8.193614440833277323e-04
-1.175849293568544986e-04 -6.218993605792825542e-04
-7.300240914153590223e-04 -2.902234669984614292e-04
-1.146128300057756800e-03 1.248016838815652150e-04
-1.315270552361292884e-03 5.576182023562280873e-04
-1.235197689607721349e-03 9.401164752811701697e-04
-9.518855652826943223e-04 1.214236369040679574e-03
-5.502253771204984557e-04 1.342649246827617385e-03
-1.373187684084453686e-04 1.315505811345144081e-03
1.784405989882563263e-04 1.151979914931154300e-03
3.085232295777483053e-04 8.963238628723013647e-04
2.016370450059958453e-04 6.091897944310411313e-04
-1.459862635287776517e-04 3.558677233921601381e-04
-6.893530864680679198e-04 1.936741116392756397e-04
-1.342764909992379824e-03 1.608850046844926369e-04
-1.995656047898184283e-03 2.693144690618514163e-04
-2.533222729148926905e-03 5.019478907976506876e-04
-2.857945056788511150e-03 8.160815163022774833e-04
-2.907932208824079781e-03 1.151375893528686425e-03
-2.668620538241754138e-03 1.441299253158977774e-03
-2.175610527922947242e-03 1.625793782609856204e-03
-1.508104047362346595e-03 1.662764984162306506e-03
-7.741808509228839848e-04 1.536215973738012160e-03
-9.069624690525082949e-05 1.259482725798764758e-03
4.384017519966416530e-04 8.729528563980652831e-04
7.412401108291455550e-04 4.366941407377022575e-04
7.910554933595395632e-04 1.938200440971773368e-05
6.106408625427242783e-04 -3.143846197761287651e-04
2.673760059051608507e-04 -5.159849702871258581e-04
-1.402023220994997384e-04 -5.616499938268108881e-04
-5.017326025656183462e-04 -4.566355060514673807e-04
-7.165874214331327237e-04 -2.339126230308678019e-04
-7.135620149476620822e-04 5.236906037382516076e-05
-4.649502815881790966e-04 3.374007930521171015e-04
7.670265769486265400e-06 5.582183192459049675e-04
6.370519737664889076e-04 6.658167648422363754e-04
1.322615199933828249e-03 6.345782094092746514e-04
1.949183604936215002e-03 4.672232714657485438e-04
2.408575767122398629e-03 1.943466746413346851e-04
2.619969301077850789e-03 -1.313765462778132922e-04
2.545183809759374478e-03 -4.452172250172174543e-04
2.195988771586497666e-03 -6.827510425166952385e-04
1.632050186482917123e-03 -7.922078086285767092e-04
9.499000534029553933e-04 -7.444692356409379590e-04
2.650103920692839250e-04 -5.388175693132369899e-04
-3.096428354727265384e-04 -2.033410348795206349e-04
-6.844776938161776462e-04 2.100870708154746556e-04
-8.097213252074186201e-04 6.353120380403292061e-04
-6.842473165841096456e-04 1.004092278373513308e-03
-3.551763203844618150e-04 1.258683689650568448e-03
9.166963232841012508e-05 1.362439141066703902e-03
5.486366622405386894e-04 1.306424149948597416e-03
9.072233560135146459e-04 1.110803900195341930e-03
1.079192180623303726e-03 8.207463516933415689e-04
1.013797077948704658e-03 4.976239443125835210e-04
7.078528513331964556e-04 2.071858298313982881e-04
2.067287692037978689e-04 6.945279076821394247e-06
-4.039310340520371832e-04 -6.482550961118887720e-05
-1.014200025889957536e-03 3.593549957341688264e-06
-1.510551792721932969e-03 1.951396312385954551e-04
-1.797319533999070136e-03 4.672393646214861515e-04
-1.814870057735078332e-03 7.599640575804378307e-04
-1.551049591536034439e-03 1.007521663438590894e-03
-1.043730406257325615e-03 1.150906404864548722e-03
-3.739700930011736015e-04 1.149306638315087748e-03
3.489292479639028756e-04 9.881056407876444899e-04
1.007642773794931558e-03 6.819542099798158938e-04
1.498508167464368936e-03 2.723263368306963993e-04
1.750581175014366249e-03 -1.799867856392036846e-04
1.738467127454979781e-03 -6.060311740589718107e-04
1.486513342251864290e-03 -9.413890688054094447e-04
1.063583421178202013e-03 -1.138026312535123747e-03
5.694177264735829098e-04 -1.173052957896169451e-03
1.151770739908935430e-04 -1.052746093734524937e-03
-1.981326412827332482e-04 -8.110804325078709281e-04
-2.992569658953787848e-04 -5.030514382720077888e-04
-1.605886503154704478e-04 -1.940609365928562449e-04
1.962782401150551517e-04 5.262028049743763553e-05
7.043954752246814593e-04 1.879353177413097941e-04
1.263986576376406167e-03 1.863792069595839908e-04
1.761283560002973019e-03 5.082275305626985772e-05
2.090109392404628907e-03 -1.880911597142930999e-04
2.172118863731401731e-03 -4.778632224971263295e-04
1.971862339332624506e-03 -7.542427193291988737e-04
1.503814909758670543e-03 -9.536049068488258902e-04
8.300326977305496311e-04 -1.025252414043218915e-03
4.887088096893351622e-05 -9.413057363987745608e-04
-7.231112715887437047e-04 -7.023035558377296178e-04
-1.372644468662797927e-03 -3.374452584670287235e-04
-1.810586212707834299e-03 1.005780177232530798e-04
-1.988169259368356354e-03 5.451931698072907560e-04
-1.905599865627373175e-03 9.281844087157965339e-04
-1.611392617247859281e-03 1.192252756109643628e-03
-1.192582371283749812e-03 1.301525613192730524e-03
-7.576806375537138661e-04 1.248033973389813369e-03
-4.156166095172395773e-04 1.052937757259742859e-03
-2.546621128227070235e-04 7.622734048896137506e-04
-3.253412744728823979e-04 4.380341427309407420e-04
-6.305694724490133827e-04 1.462760553361564268e-04
-1.124895337295551620e-03 -5.549487516618475513e-05
-1.722993841974148526e-03 -1.292646391098935081e-04
-2.315804643743529269e-03 -6.370949444463975490e-05
-2.791259971634584350e-03 1.237117330728867721e-04
-3.055675065019292352e-03 3.901657507902794907e-04
-3.051746491050973033e-03 6.757050610878974047e-04
-2.769743829562146265e-03 9.148123131507309141e-04
-2.249767052730944784e-03 1.049037848673238949e-03
-1.574631833994837764e-03 1.038331679385707824e-03
-8.547180630519619514e-04 8.689176055838393432e-04
-2.076373410298659045e-04 5.562113426751503316e-04
2.634446868891144287e-04 1.422225189698038254e-04
4.887411866271611010e-04 -3.120753531220718220e-04
4.444621534453762658e-04 -7.379700652292472528e-04
1.567431304710445450e-04 -1.071713302938465942e-03
-3.038450323111506783e-04 -1.266302791804264048e-03
-8.361524184270368882e-04 -1.300119909735435609e-03
-1.328036398236725167e-03 -1.180793389219965579e-03
-1.677958668572907333e-03 -9.435628141237146268e-04
-1.814494526847874618e-03 -6.444560916354134068e-04
-1.710053144167289008e-03 -3.495759648386293742e-04
-1.386205803917168675e-03 -1.225262255487507635e-04
-9.096102715339530239e-04 -1.235933699863026296e-05
-3.793023199764559029e-04 -4.432724085730560103e-05
9.223767548970931117e-05 -2.151851542620957262e-04
4.006542313819245419e-04 -4.939349145151928668e-04
4.698321863765099254e-04 -8.278633814313015541e-04
2.667411944542424484e-04 -1.152727810038734098e-03
-1.918114192506277689e-04 -1.405154009661905429e-03
-8.418096483688628342e-04 -1.534893374183475285e-03
-1.583554791824870467e-03 -1.514610994640386331e-03
-2.299920029995572435e-03 -1.345344116835657956e-03
-2.877891873503390322e-03 -1.056589759958965254e-03
-3.229334782906546387e-03 -7.009971952037668576e-04
-3.307062358659372536e-03 -3.446626561236861724e-04
-3.113186834214720297e-03 -5.485666363812865404e-05
-2.698179977460527651e-03 1.124990355160272477e-04
-2.150836229545404540e-03 1.232398472890771464e-04
-1.581050193496399752e-03 -2.871345197734995018e-05
-1.098679542921682847e-03 -3.203005233472250193e-04
-7.925037795844169439e-04 -7.037376075666934225e-04
-7.132690774003065323e-04 -1.115565669396687389e-03
-8.640335805711130482e-04 -1.488616361417245204e-03
-1.199642933581105547e-03 -1.764630375017092138e-03
-1.635434729410937312e-03 -1.905140444109510497e-03
-2.063520797579470028e-03 -1.898561040512498303e-03
-2.373559178945100837e-03 -1.762146179426815227e-03
-2.474075405197807657e-03 -1.538449501009118850e-03
-2.310286732930703912e-03 -1.286962699693624656e-03
-1.875043385706391154e-03 -1.072522134552591089e-03
-1.210802629640485989e-03 -9.526860360298005682e-04
-4.022481998254738914e-04 -9.664801216546975221e-04
4.390620253760303161e-04 -1.126650636428277140e-03
1.195128329301675717e-03 -1.416899836632651288e-03
1.763167981797922421e-03 -1.794635460002359708e-03
2.074414713447823508e-03 -2.198721414066396890e-03
2.106513843529211720e-03 -2.560769508734865498e-03
1.887179827298458151e-03 -2.817840955407626552e-03
1.488436215987035648e-03 -2.924158637358060912e-03
1.012539715284482486e-03 -2.859617533919478136e-03
5.722628659046544337e-04 -2.633485885876334608e-03
2.692760854981677242e-04 -2.282599153359812002e-03
1.747275684310803726e-04 -1.864390364811170262e-03
3.157011494455933161e-04 -1.446076902914003245e-03
6.701169719398879536e-04 -1.092050264849401316e-03
1.171038885693527964e-03 -8.518543419997683282e-04
1.719569112130665215e-03 -7.510251281629624475e-04
2.203882586305726948e-03 -7.865218406288473343e-04
2.520788842763705545e-03 -9.276090514916319509e-04
2.595728904990837315e-03 -1.122016404619670220e-03
2.397409371025476486e-03 -1.306202455231623028e-03
1.944289992134402931e-03 -1.417771483801025462e-03
1.301682532618039703e-03 -1.407684068508653803e-03
5.699957268570902567e-04 -1.249941025779734106e-03
-1.336627408291565875e-04 -9.468987004274801757e-04
-6.970584723682113522e-04 -5.292009290057181261e-04
-1.033506651016884506e-03 -5.033265535440135355e-05
-1.097751162380810296e-03 4.231809287754597498e-04
-8.940525853962025390e-04 8.240806475576874148e-04
-4.749649641285982752e-04 1.096860701094441899e-03
6.895730877737883929e-05 1.208077539110139018e-03
6.265656700840562107e-04 1.152532057483071854e-03
1.087335002461713163e-03 9.541571150362965345e-04
1.362371552301324057e-03 6.614436559716596435e-04
1.401231963648811533e-03 3.382715512192768889e-04
1.201369664251235488e-03 5.188010870449031274e-05
