4.630317636155131941e-04 -4.539908085809938633e-04
4.443527268171992709e-04 -2.172278941375371895e-04
3.373078988425731945e-04 -1.520879845844508305e-04
1.602336466082024153e-04 -2.805198893041355558e-04
-5.661913166294189599e-05 -5.886216770813135430e-04
-2.767566313792432309e-04 -1.029018755142117273e-03
-4.642743641376486166e-04 -1.529542505867346113e-03
-5.905587211618868598e-04 -2.006573244410891042e-03
-6.395917585862087237e-04 -2.380528987054365136e-03
-6.108578846184756087e-04 -2.590575922822192702e-03
-5.193054419689606318e-04 -2.605784340958065479e-03
-3.923739782431633462e-04 -2.430627075924551676e-03
-2.646536632623271157e-04 -2.103788793689886916e-03
-1.711916346681456830e-04 -1.690520815236041261e-03
-1.407161488097370878e-04 -1.269997874166393058e-03
-1.900647975566529787e-04 -9.200789190916249189e-04
-3.208748143679925470e-04 -7.023647475613655931e-04
-5.191648530391359834e-04 -6.503880130631274105e-04
-7.578897446777576978e-04 -7.631768476486996706e-04
-1.001986367865477295e-03 -1.005414547999676500e-03
-1.214956586879174273e-03 -1.314167416258923797e-03
-1.365741643470192671e-03 -1.610907707959243059e-03
-1.434586652374963359e-03 -1.816554510810159968e-03
-1.416784517458914618e-03 -1.866682421515053914e-03
-1.323589565433129587e-03 -1.724014626473021087e-03
-1.180126576611430786e-03 -1.385829760226668823e-03
-1.020689319285040652e-03 -8.848736555176544769e-04
-8.823165524088501764e-04 -2.835957384508155086e-04
-7.978592546418049759e-04 3.372072497991593972e-04
-7.898488878262556597e-04 8.931994110847711610e-04
-8.663246251488364736e-04 1.311971960604306053e-03
-1.019406422583975236e-03 1.546249619537325495e-03
-1.226880839416662769e-03 1.582347172710389400e-03
-1.456496073565197386e-03 1.442285469691886261e-03
-1.672149785570732541e-03 1.179176328371730077e-03
-1.840795064068902415e-03 8.667596965059192783e-04
-1.938754169342891270e-03 5.850828570680813344e-04
-1.956242175603130524e-03 4.050409531947225458e-04
-1.899242006498161805e-03 3.747125515073310414e-04
-1.788374344170159946e-03 5.100827724091931649e-04
-1.654975421478956489e-03 7.919143167360445179e-04
-1.535124925942324458e-03 1.169361111617054846e-03
-1.462754934851053911e-03 1.569641021866311371e-03
-1.463145355129456772e-03 1.911935199808981883e-03
-1.548038693542675174e-03 2.122879745865516744e-03
-1.713300872468766787e-03 2.150712294573592885e-03
-1.939573181077281633e-03 1.975389343844509427e-03
-2.195794499113284601e-03 1.612751706357208343e-03
-2.444929812989373070e-03 1.111941227096202708e-03
-2.650823602231952309e-03 5.465487630014580211e-04
-2.784883946673043058e-03 1.159622540943959675e-06
-2.831335456524599736e-03 -4.441663759164157961e-04
-2.790050230173906926e-03 -7.285522646212753452e-04
-2.676424645046086587e-03 -8.213341063266796187e-04
-2.518329039424298602e-03 -7.273860016974911108e-04
-2.350711356851740118e-03 -4.857417849794505647e-04
-2.208879711714212268e-03 -1.617839038868183993e-04
-2.121738564549147631e-03 1.655128080833105902e-04
-2.106261501391801239e-03 4.188594320249777996e-04
-2.164248936169327082e-03 5.375539413787465155e-04
-2.281985847843327926e-03 4.891782387386116142e-04
-2.432864966092775517e-03 2.758727394735268224e-04
-2.582478731398161684e-03 -6.600174608268157732e-05
-2.695215323462617739e-03 -4.727513869962690022e-04
-2.741108707658874120e-03 -8.654808145785384795e-04
-2.701644025394668146e-03 -1.165169009035243444e-03
-2.573416956206323568e-03 -1.307830840415743568e-03
-2.368951547341296201e-03 -1.256887882300193778e-03
-2.114518594850007486e-03 -1.010399276255775350e-03
-1.845364189272612069e-03 -6.017755903651852631e-04
-1.599248065764000528e-03 -9.383172956300538927e-05
-1.409511156747546377e-03 4.327044553183983372e-04
-1.298980706472678028e-03 8.940618308248589200e-04
-1.275862638222188426e-03 1.218868406083822723e-03
-1.332394615657834808e-03 1.361252512212506646e-03
-1.446510653500563152e-03 1.309131763686890472e-03
-1.586198159095905539e-03 1.086129522201196912e-03
-1.715718844066467519e-03 7.467645135183433210e-04
-1.802512484330401994e-03 3.658320930702368100e-04
-1.823473744596052284e-03 2.399442192598064561e-05
-1.769411574686956040e-03 -2.076865331957386497e-04
-1.646845416328787930e-03 -2.813404026347750622e-04
-1.476797335905556370e-03 -1.814280075974852207e-04
-1.290808610574294092e-03 7.230263056159881227e-05
-1.124935417550802395e-03 4.286032612247377529e-04
-1.012861485204872691e-03 8.145364562235847712e-04
-9.794332978036420292e-04 1.149449717903865999e-03
-1.035843941280142422e-03 1.360461964395413663e-03
-1.177379986080113062e-03 1.396524087475587653e-03
-1.384160938111111527e-03 1.238384179097267541e-03
-1.624734551015372726e-03 9.025625642104595850e-04
-1.861850887568777552e-03 4.385753249617249227e-04
-2.059325754144797262e-03 -8.007706755895895533e-05
-2.188698052253064061e-03 -5.694590547093021085e-04
-2.234424698170077786e-03 -9.507310111385620932e-04
-2.196633639674911483e-03 -1.164730311917893529e-03
-2.090917719872128783e-03 -1.182850209319357901e-03
-1.945212187665868939e-03 -1.012164649715713164e-03
-1.794350499559999382e-03 -6.938358603727603005e-04
-1.673332221867781990e-03 -2.951124435729290821e-04
-1.610580189307074051e-03 1.035617904493543609e-04
-1.622465549656270604e-03 4.238835005158642219e-04
-1.710138668851321703e-03 6.045637372016292961e-04
-1.859266676140782296e-03 6.129227015800638037e-04
-2.042727494384836712e-03 4.510102986603625611e-04
-2.225749856088465265e-03 1.550954473435216599e-04
-2.372525155696096101e-03 -2.113758370643247571e-04
-2.453037822870999130e-03 -5.700155309876938064e-04
-2.448819076680651494e-03 -8.425992409206592643e-04
-2.356532357302056156e-03 -9.661751472333786990e-04
-2.188708917018630448e-03 -9.053074755732181192e-04
-1.971491329908267934e-03 -6.591275868703247096e-04
-1.739808950899905714e-03 -2.618484618283152456e-04
-1.530895408063122787e-03 2.233642007708833556e-04
-1.377372023316681239e-03 7.160131516922115706e-04
-1.301203216396572444e-03 1.133191729257727095e-03
-1.309664908011612611e-03 1.404990188990117884e-03
-1.394085957731867106e-03 1.487477107461395755e-03
-1.531597888952917997e-03 1.370805054493860710e-03
-1.689558924770987076e-03 1.080911929980336601e-03
-1.831812447168428741e-03 6.745008548211606572e-04
-1.925593163426967021e-03 2.282529122609761475e-04
-1.947772161451170533e-03 -1.756823621998268017e-04
-1.889257758294568502e-03 -4.651705216029966821e-04
-1.756718776780421447e-03 -5.916186489846866556e-04
-1.571304397781377211e-03 -5.389856626959838807e-04
-1.364603928965419603e-03 -3.265740475618042070e-04
-1.172612920318328667e-03 -5.079447447514488529e-06
-1.028849985371981576e-03 3.533475438030394948e-04
-9.579298853595897287e-04 6.691381231488006216e-04
-9.708123742183287844e-04 8.707742432958098713e-04
-1.062629279660490993e-03 9.087515122484771026e-04
-1.213504335745475924e-03 7.653823364391500834e-04
-1.392213774020436721e-03 4.585729240182773929e-04
-1.561997879392020006e-03 3.884871221278534802e-05
-1.687426441223143642e-03 -4.198186697940749917e-04
-1.741021385884577262e-03 -8.336557417133238839e-04
-1.708385663819654392e-03 -1.124628417454560632e-03
-1.590870019105763934e-03 -1.234945759472475674e-03
-1.405275103629745727e-03 -1.137787269931575702e-03
-1.180647319314996483e-03 -8.422286067590251720e-04
-9.527765813993770063e-04 -3.914377728480694630e-04
-7.574387978439242088e-04 1.455134207025079334e-04
-6.236629763369081099e-04 6.866704260478643162e-04
-5.682976219352129082e-04 1.152583927436710539e-03
-5.929044913350004636e-04 1.481152496744451465e-03
-6.835665385126118163e-04 1.639112552430194982e-03
-8.136445836933892811e-04 1.628004586057985948e-03
-9.489584495086270067e-04 1.483491961218625504e-03
-1.054408842420255900e-03 1.268168574017768720e-03
-1.100783112286593795e-03 1.059225680551186162e-03
-1.070452918658098326e-03 9.333225562037032047e-04
-9.608814210151984166e-04 9.515358395001938512e-04
-7.852722151904158870e-04 1.147248026008975807e-03
-5.702333641891921094e-04 1.519279331379146244e-03
-3.508950639426473405e-04 2.031574355697968442e-03
-1.644017281437636817e-04 2.619513633563207069e-03
-4.300726013460999617e-05 3.201665294735330566e-03
-8.077687801330264792e-06 3.694761304039062555e-03
-6.613389052803950565e-05 4.029071285824291707e-03
-2.076813048898900878e-04 4.161270570935248631e-03
-4.090463068656768984e-04 4.082372319225164442e-03
-6.368702381574708419e-04 3.819226792406744172e-03
-8.544094376860564364e-04 3.429307403229160927e-03
-1.028448299402569309e-03 2.989772724862040966e-03
-1.135516915434788346e-03 2.582875855115238269e-03
-1.166237128218186809e-03 2.280482520635923171e-03
-1.126975755603800561e-03 2.130626473867988299e-03
-1.038494157426054880e-03 2.148643472085259333e-03
-9.318525309345197056e-04 2.314556799251078247e-03
-8.423475668710446972e-04 2.577202344322884666e-03
-8.026348503677063588e-04 2.864304074290503245e-03
-8.363420615013323570e-04 3.096583185284986547e-03
-9.533863243799925620e-04 3.203219795109540045e-03
-1.147886517701228112e-03 3.135729507456633432e-03
-1.399070058892551731e-03 2.877617111943759666e-03
-1.675006629486076697e-03 2.447969294549036563e-03
-1.938465887087616364e-03 1.898296113559277271e-03
-2.153793792168331132e-03 1.303209794082699387e-03
-2.293508970275881867e-03 7.466969660486389056e-04
-2.343373127261219081e-03 3.065757295330045476e-04
-2.304977990711313922e-03 4.007370633522409561e-05
-2.195360958968591968e-03 -2.674777930768102926e-05
-2.043723673323880920e-03 9.627486763933855614e-05
-1.885875681309291067e-03 3.654135710154722441e-04
-1.757455489412348753e-03 7.114110233718937311e-04
-1.687212182318328620e-03 1.052616365257889614e-03
-1.691618710761786000e-03 1.310408663679654955e-03
-1.771835220043596875e-03 1.423990997258873332e-03
-1.913595270752831753e-03 1.361758462715965175e-03
-2.090033860792501336e-03 1.127093333622668789e-03
-2.266918692745291831e-03 7.574968426996189341e-04
-2.409290710722399032e-03 3.172296093921005101e-04
-2.488252801304730727e-03 -1.151374774790110472e-04
-2.486617302991545042e-03 -4.618959533804615266e-04
-2.402338949449522865e-03 -6.612141206841642971e-04
-2.249079185651431476e-03 -6.791410590945535456e-04
-2.053791041696944198e-03 -5.163185096451493100e-04
-1.851778060416792550e-03 -2.081213012859857653e-04
-1.680159298719551128e-03 1.818080943289349539e-04
-1.570974549903121457e-03 5.734136622722116198e-04
-1.545232453119126537e-03 8.852300467516299991e-04
-1.609026083445321996e-03 1.049700679467423714e-03
-1.752449655650144961e-03 1.025912923260641468e-03
-1.951520139750077387e-03 8.073410093267640187e-04
-2.172739187973895050e-03 4.231313530905680530e-04
-2.379431426816487529e-03 -6.731390464949876904e-05
-2.538659415678554045e-03 -5.854317657194541783e-04
-2.627406976108656242e-03 -1.048174470585729262e-03
-2.636861696659900233e-03 -1.383492821613488237e-03
-2.573987856941933449e-03 -1.543701039390557627e-03
-2.460094521795854264e-03 -1.514199593841308302e-03
-2.326672887552261402e-03 -1.315912253756976831e-03
-2.209294310634195551e-03 -1.000984456487662242e-03
-2.140727857323058286e-03 -6.425665068998458965e-04
-2.144584117946029406e-03 -3.206253707010213666e-04
-2.230692424994393241e-03 -1.064808068111116777e-04
-2.393090360623106958e-03 -4.900290288738034204e-05
-2.611009686799982844e-03 -1.650930516550261221e-04
-2.852675263577143013e-03 -4.362586916425640997e-04
-3.081200613637022790e-03 -8.119374387047101349e-04
-3.261466461081296165e-03 -1.218947204260324105e-03
-3.366682063069183738e-03 -1.575277732509124898e-03
-3.383388784370723514e-03 -1.805615585742433287e-03
-3.313959846886255570e-03 -1.855664913932234504e-03
-3.176123760888507896e-03 -1.702552833431451862e-03
-2.999601949693876234e-03 -1.359348067735716365e-03
-2.820496926945086687e-03 -8.728346237358736723e-04
-2.674492742510023620e-03 -3.149579556789475860e-04
-2.590153761138914035e-03 2.304422096273094078e-04
-2.583588715513167322e-03 6.831070131395355384e-04
-2.655488014998531182e-03 9.811192317899755828e-04
-2.791092536198672060e-03 1.092163530044382679e-03
-2.963096742846006194e-03 1.019163593704818611e-03
-3.136933155158326460e-03 7.992387903386997255e-04
-3.277434170810425342e-03 4.961882454320642663e-04
-3.355606435082025222e-03 1.879358938441294861e-04
-3.354231740771472861e-03 -4.867592407911626364e-05
-3.271230807734432262e-03 -1.528550553644810383e-04
-3.120150121683240227e-03 -9.174666949810406265e-05
-2.927677036129130994e-03 1.330204151098401347e-04
-2.728651354477731363e-03 4.853752428842234424e-04
-2.559516005649230611e-03 9.014324618398036762e-04
-2.451445382083182380e-03 1.301456189048477491e-03
-2.424451386156588686e-03 1.604897983968976271e-03
-2.483582588690558344e-03 1.745663228521748779e-03
-2.617936100615790400e-03 1.684715321525156149e-03
-2.802669735331719380e-03 1.417629543364048745e-03
-3.003634521451537150e-03 9.756631400730597994e-04
-3.183752051232254746e-03 4.201343792777943514e-04
-3.309931324584732687e-03 -1.688311125898183654e-04
-3.359218089830738954e-03 -7.070631266566921496e-04
-3.323015411665368804e-03 -1.121831816830740633e-03
-3.208579706713284279e-03 -1.365132064574356516e-03
-3.037512568185466583e-03 -1.422261930914769934e-03
-2.841537639892393729e-03 -1.314081439814792371e-03
-2.656365874186376874e-03 -1.092534838580267332e-03
-2.514814383309238715e-03 -8.302950704142252232e-04
-2.440485253990916023e-03 -6.065019412792668372e-04
-2.443204421360489504e-03 -4.913046744606998795e-04
-2.517087124841187618e-03 -5.321452591079409763e-04
-2.641598768601336432e-03 -7.443884862236662715e-04
-2.785412428281283399e-03 -1.108080428396991061e-03
-2.912334256529333296e-03 -1.571455435727718043e-03
-2.988175993745050257e-03 -2.060532488719590306e-03
-2.987273921190621104e-03 -2.492987228347716498e-03
-2.897419966067827767e-03 -2.793674817204341854e-03
-2.722270728792611921e-03 -2.908864600142360441e-03
-2.480777153317730022e-03 -2.816489851926803987e-03
-2.203741108715871321e-03 -2.530468877065928258e-03
-1.928148600769142088e-03 -2.098274828829453219e-03
-1.690349796526605369e-03 -1.592208602141631383e-03
-1.519373923134030449e-03 -1.096020267174976220e-03
-1.431641158537815244e-03 -6.894042362029182422e-04
-1.428068798258666202e-03 -4.332951364083527032e-04
-1.494115421074825034e-03 -3.587391299253302147e-04
-1.602750376223709312e-03 -4.614380129894519577e-04
-1.719782028005571815e-03 -7.029891132385454947e-04
-1.810531689540758682e-03 -1.018576213746770704e-03
-1.846585588208948976e-03 -1.329645520712012096e-03
-1.811342724055418126e-03 -1.559157289256768528e-03
-1.703304840083325273e-03 -1.646516748767927647e-03
-1.536482671601732165e-03 -1.559349615173333519e-03
-1.337839140728128325e-03 -1.299886047835863406e-03
-1.142251723829542905e-03 -9.047390402668373894e-04
-9.859465042136640080e-04 -4.381153597020986620e-04
-8.996463747801929220e-04 2.025785012982843749e-05
-9.027305683807458148e-04 3.902055928048989413e-04
-9.995118025768626267e-04 6.063220536179592069e-04
-1.178336967893003906e-03 6.304486709670198245e-04
-1.413683260112426820e-03 4.590469647941273026e-04
-1.670855059455430549e-03 1.240651928832291087e-04
-1.912394958190584372e-03 -3.128713434688097563e-04
-2.104998253810796451e-03 -7.718533873519067053e-04
-2.225625302874610981e-03 -1.169514882314462564e-03
-2.265658328639869479e-03 -1.434495274994664451e-03
-2.232319765110180911e-03 -1.520618205442834242e-03
-2.147087844921889178e-03 -1.415300430120275746e-03
-2.041413697850767359e-03 -1.141607951343417884e-03
-1.950555068780360181e-03 -7.535789769518126072e-04
-1.906698169696262107e-03 -3.257077920966907594e-04
-1.932673676757814488e-03 6.141141529616446753e-05
-2.037460018385549645e-03 3.365554816314330787e-04
-2.214328258908755329e-03 4.515226060241806991e-04
-2.441982236762130828e-03 3.903726658795136873e-04
-2.688479973894894980e-03 1.725044140323820285e-04
-2.917195224678357547e-03 -1.510151588339716676e-04
-3.093691198821694761e-03 -5.071748586786344829e-04
-3.192205224092882314e-03 -8.149545977954742587e-04
-3.200516223652557016e-03 -1.000830996999189882e-03
-3.122272534017335715e-03 -1.012913561621283601e-03
-2.976337920241487519e-03 -8.310297026059194642e-04
-2.793277719944414240e-03 -4.708427721912219512e-04
-2.609648076818406239e-03 1.878390238874014717e-05
-2.461166780382838086e-03 5.646859876713036753e-04
-2.376055642606680722e-03 1.082883867358705454e-03
-2.369811597020427766e-03 1.494110802710051089e-03
-2.442393014322861641e-03 1.738452681417310955e-03
-2.578350353478573321e-03 1.786336702374406379e-03
-2.749872814601373328e-03 1.643797422346022965e-03
-2.922170677220500574e-03 1.351031703034657333e-03
-3.060170998677680994e-03 9.745241644666542127e-04
-3.135255987123278937e-03 5.942412961145331941e-04
-3.130765659020438244e-03 2.883250634759001833e-04
-3.045220786388174155e-03 1.181890949044995046e-04
-2.892654243764285812e-03 1.168429540646605301e-04
-2.699986856702180256e-03 2.826573246525079623e-04
-2.501943966976247300e-03 5.797512041459811387e-04
-2.334475101131103843e-03 9.449268150526113526e-04
-2.227923080610653278e-03 1.299836635756576467e-03
-2.201236867951169348e-03 1.566074802489772098e-03
-2.258325314464924849e-03 1.680330036310092364e-03
-2.387244076190338064e-03 1.606724345174151761e-03
-2.562371950468279955e-03 1.343993514921188945e-03
-2.749167232123437069e-03 9.261411701695711511e-04
-2.910606482796966946e-03 4.164332155159657664e-04
-3.014089773768673011e-03 -1.041400767708612228e-04
-3.037508267277466180e-03 -5.517598354308329931e-04
-2.973328641796342976e-03 -8.552219900317648785e-04
-2.829924309761038589e-03 -9.690142151159528584e-04
-2.629904540408422187e-03 -8.815599999412446815e-04
-2.405760811642120977e-03 -6.170778653028888587e-04
-2.193657389646629964e-03 -2.307118317006191354e-04
-2.026544152502792861e-03 2.021377543632202388e-04
-1.927897578452898459e-03 6.002570183059818213e-04
-1.907276403553276149e-03 8.920958099114238184e-04
-1.958534341034543977e-03 1.029345849247533060e-03
-2.061028614843921341e-03 9.960473480405160167e-04
-2.183595266262858964e-03 8.114999484043239645e-04
-2.290537765185380811e-03 5.264285447497268899e-04
-2.348493705769180186e-03 2.131332755958422972e-04
-2.332877585353155831e-03 -4.850646616181132718e-05
-2.232677448864038572e-03 -1.865177462721284880e-04
-2.052694435635943858e-03 -1.508699427512734045e-04
-1.812798069148957190e-03 7.660540771165945308e-05
-1.544334886324288557e-03 4.782984723477916788e-04
-1.284366785073200786e-03 1.003660311608116449e-03
-1.068826266534532877e-03 1.578270385900866057e-03
-9.258807832510391328e-04 2.117426291288022292e-03
-8.707588558717577025e-04 2.541693351573397382e-03
-9.030139760681686004e-04 2.791480338005291988e-03
-1.006740949643625998e-03 2.837891478691992667e-03
-1.153700602627251394e-03 2.687809249774128235e-03
-1.308758461589226620e-03 2.382253865925562132e-03
-1.436605320586673180e-03 1.988337277689381215e-03
-1.508485390533802293e-03 1.586341041313425130e-03
-1.507656845341313889e-03 1.254369282587359082e-03
-1.432550186061919443e-03 1.053485612726958419e-03
-1.297026364617768655e-03 1.016149651735084999e-03
-1.127686371247825156e-03 1.140142452385720919e-03
-9.587428829881781836e-04 1.389129228749399212e-03
-8.254267566251618105e-04 1.699749500602395005e-03
-7.571791043720396252e-04 1.993887357713750291e-03
-7.719207740465378531e-04 2.193792358213569448e-03
-8.724874782711265027e-04 2.237180607460750176e-03
-1.045909115615863486e-03 2.089448275198627601e-03
-1.265673568132806353e-03 1.750675710339107344e-03
-1.496550357310068389e-03 1.256086062591468041e-03
-1.701064955160714156e-03 6.698612896482242446e-04
-1.846402032994185751e-03 7.347603633039875804e-05
-1.910434658528466917e-03 -4.492520023685808370e-04
-1.885741806316647588e-03 -8.275745520425254907e-04
-1.780857213107282962e-03 -1.016779169181044381e-03
-1.618516509885922295e-03 -1.006263067196753016e-03
-1.431237502913271491e-03 -8.211932617821090206e-04
-1.255072932388303156e-03 -5.174452199408568175e-04
-1.122720510602496276e-03 -1.707836238291323750e-04
-1.057296137326834036e-03 1.376622808497229107e-04
-1.067949997443863944e-03 3.368761324330857157e-04
-1.148155672988941580e-03 3.794531717431885460e-04
-1.276995651475478551e-03 2.505648820073258943e-04
-1.423198649022906900e-03 -2.930580552679606845e-05
-1.551162547148096389e-03 -4.083731534432246128e-04
-1.627820247959528219e-03 -8.135372655751986872e-04
-1.629045683266642890e-03 -1.164455393068521962e-03
-1.544383883045472982e-03 -1.389024453758509053e-03
-1.379206007996023556e-03 -1.437335232409741280e-03
-1.153877556664087206e-03 -1.291447442923415647e-03
-9.000933030832397423e-04 -9.691257002305995669e-04
-6.550688680303682569e-04 -5.208197292484915107e-04
-4.546846318480552806e-04 -2.045135231076961285e-05
-3.268761316717005939e-04 4.482562787074961677e-04
-2.865185811042061871e-04 8.073272032890503516e-04
-3.327705058070436835e-04 9.990226964043031656e-04
-4.493762101643169137e-04 9.965361495444420570e-04
-6.078669646358864521e-04 8.088736530157228681e-04
-7.730524225743734806e-04 4.790008651259005930e-04
-9.097606663258429351e-04 7.561045421395189430e-05
-9.895494437077770582e-04 -3.199290535601139102e-04
-9.961172264566304970e-04 -6.289712158392141020e-04
-9.283895293047369265e-04 -7.904216652429228414e-04
-8.006967145349601096e-04 -7.721943555909112356e-04
-6.400107900309814912e-04 -5.771284387194266672e-04
-4.807660937624252170e-04 -2.422502947180230504e-04
-3.582467025716148164e-04 1.684735173899974204e-04
-3.017951987945144258e-04 5.765131307995823885e-04
-3.291316094284347225e-04 9.039306570345507358e-04
-4.428614192152142059e-04 1.088435765181736343e-03
-6.298372853096546528e-04 1.095481893233127800e-03
-8.634988782391527125e-04 9.251035777435461828e-04
-1.108751424464139669e-03 6.121911669546449813e-04
-1.328462797893570314e-03 2.201420539460744352e-04
-1.490352432689273643e-03 -1.709178001273863609e-04
-1.572970959794491638e-03 -4.791194563952269137e-04
-1.569641383476162808e-03 -6.362129146594751533e-04
-1.489618254890861518e-03 -6.004022043073176888e-04
-1.356247646457047276e-03 -3.642276996016897929e-04
-1.202478130543938820e-03 4.399384805203320360e-05
-1.064574002466206048e-03 5.654426688903983495e-04
-9.752218154285781414e-04 1.121784150377870548e-03
-9.573355903338975643e-04 1.629792669974601755e-03
-1.019733199564333039e-03 2.016845004911000609e-03
-1.155501567558914981e-03 2.234354007881759509e-03
-1.343358683279911392e-03 2.266604566036288775e-03
-1.551752497450166121e-03 2.133325624894513457e-03
-1.744918137826348024e-03 1.885519177120164452e-03
-1.889743742418734714e-03 1.595344798789031723e-03
-1.962141865789512711e-03 1.341984619169633809e-03
-1.951716886920944281e-03 1.196175244027966947e-03
-1.863841424036369364e-03 1.206345871834267267e-03
-1.718745347561338472e-03 1.388997769076490531e-03
-1.547786678166151271e-03 1.725156968005333484e-03
-1.387607350740596842e-03 2.163581623553485680e-03
-1.273277470346546609e-03 2.630125761160805042e-03
-1.231723429083224786e-03 3.041494495827561789e-03
-1.276681793260016481e-03 3.320793136619412667e-03
-1.406132335162884250e-03 3.411931608819874281e-03
-1.602694609975997874e-03 3.290160934134871325e-03
-1.836911865351397409e-03 2.966749385070528711e-03
-2.072799959967452487e-03 2.486914024182880316e-03
-2.274610737700658199e-03 1.921398865837045016e-03
-2.413530000052803350e-03 1.353292354789061057e-03
-2.473043215848600568e-03 8.625767605096434226e-04
-2.451954910650970543e-03 5.113300635438016752e-04
-2.364492407500749013e-03 3.323759581003954498e-04
-2.237477038640098802e-03 3.235234168525714894e-04
-2.105101516767920403e-03 4.484777695720791536e-04
-2.002305652606009827e-03 6.442410833255266412e-04
-1.958008165160511366e-03 8.335901890690124464e-04
-1.989479669993320966e-03 9.402587877640291615e-04
-2.098925876152726942e-03 9.039378390737146454e-04
-2.272931488164289110e-03 6.922428868047223512e-04
-2.484873544974950006e-03 3.073715848321841677e-04
-2.699850508270223385e-03 -2.138193584618451886e-04
-2.881196818234088488e-03 -8.063418005171699371e-04
-2.997352095681804496e-03 -1.388980799483981133e-03
-3.027786589822045564e-03 -1.879329448579851111e-03
-2.966862659218288262e-03 -2.209113115038703785e-03
-2.824902313970217675e-03 -2.336906079549040671e-03
-2.626259274176187975e-03 -2.255835797567363587e-03
-2.404760575893760341e-03 -1.994817494958838963e-03
-2.197380211764151867e-03 -1.613085206082075012e-03
-2.037341444518041972e-03 -1.189053064176381902e-03
-1.947952018685990229e-03 -8.056126688181779617e-04
-1.938337166864404718e-03 -5.346457327192468637e-04
-2.001875466967267987e-03 -4.236784717333757014e-04
-2.117630411222245611e-03 -4.871974850068817474e-04
-2.254502989983609654e-03 -7.042632113890372452e-04
-2.377315139026619714e-03 -1.022863790137300581e-03
-2.453668140774138869e-03 -1.370175266215227115e-03
-2.460273256749583200e-03 -1.666775358260245803e-03
-2.387551798599982060e-03 -1.842109285008140980e-03
-2.241629602161809755e-03 -1.848269187404436627e-03
-2.043344399374940994e-03 -1.669468344856769784e-03
-1.824450438419660632e-03 -1.325407126181327774e-03
-1.621735733127555642e-03 -8.678849699232432571e-04
-1.470162967943171263e-03 -3.712925010551814580e-04
-1.396330419971525101e-03 8.122218677533645133e-05
-1.413489186549274704e-03 4.132986804621982925e-04
-1.519058897228152882e-03 5.696809740830973117e-04
-1.695111626632535588e-03 5.265970555064885790e-04
-1.911732355799600257e-03 2.962366325680544296e-04
-2.132620325817772503e-03 -7.552170642687283360e-05
-2.321871966959216348e-03 -5.177058574273057283e-04
-2.450662962310994931e-03 -9.475442946867196131e-04
-2.502566647500197028e-03 -1.285946713488195659e-03
-2.476504630351555273e-03 -1.472246202604717263e-03
-2.386774253563195541e-03 -1.475418768345332712e-03
-2.260151350340634715e-03 -1.299663854125749675e-03
-2.130620786337642739e-03 -9.832978340003641592e-04
-2.032736626556631929e-03 -5.911790111143891933e-04
-1.994873324322796355e-03 -2.021076020821165661e-04
-2.033649953327008267e-03 1.064044056360411881e-04
-2.150587292610196301e-03 2.731009201194554243e-04
-2.331634610415565714e-03 2.648445430978349068e-04
-2.549659368430648963e-03 8.312072782534350897e-05
-2.769431718320105804e-03 -2.360549202622324390e-04
-2.954162877057101618e-03 -6.288142474657026611e-04
-3.072361769045409401e-03 -1.015439070009812542e-03
-3.103713520605294249e-03 -1.315419051782545446e-03
-3.042868015373863429e-03 -1.462715480053223801e-03
-2.900421830752410255e-03 -1.418341057919718980e-03
-2.700907683204235160e-03 -1.177872582601403699e-03
-2.478171524155233039e-03 -7.724713824624895734e-04
-2.269011488592243518e-03 -2.632142868083417291e-04
-2.106281467650693122e-03 2.701967589303793152e-04
-2.012762952399196805e-03 7.442150962034827909e-04
-1.996962889905775935e-03 1.086928616852503348e-03
-2.051630241729972444e-03 1.251315220503040762e-03
-2.155268867162303884e-03 1.223773481873038048e-03
-2.276356797625082948e-03 1.026322556157349209e-03
-2.379469389264741042e-03 7.120642122283641056e-04
-2.432143293223515239e-03 3.547755898231297268e-04
-2.411177938160036661e-03 3.461228298043070046e-05
-2.307177835846423424e-03 -1.773626936751993401e-04
-2.126472312750215393e-03 -2.328869284710142302e-04
-1.890046128520976240e-03 -1.158412450623658987e-04
-1.629680780839842108e-03 1.545477776202315492e-04
-1.382034870288566340e-03 5.272562825636705223e-04
-1.181782612575183649e-03 9.290938734500889251e-04
-1.055108444821469937e-03 1.278594794985398776e-03
-1.014788796609942482e-03 1.501539548905701359e-03
-1.057792131880783961e-03 1.545166711713888289e-03
-1.165852095320816986e-03 1.388381223892387216e-03
-1.308906181921163335e-03 1.046022016668932911e-03
-1.450750270178103414e-03 5.663753105396817896e-04
-1.555840250159272378e-03 2.239757436090444127e-05
-1.595955187661134925e-03 -5.016979070111959177e-04
-1.555463035840079153e-03 -9.259599281984014565e-04
-1.434194794960293087e-03 -1.189394823137136228e-03
-1.247386062059342108e-03 -1.261065971192146685e-03
-1.022700314518113895e-03 -1.145505946001691699e-03
-7.949008676655490782e-04 -8.814267811328721849e-04
-5.991836070259857778e-04 -5.339825624253076181e-04
-4.644360372465756526e-04 -1.820589225044288279e-04
-4.077019300112601739e-04 9.699505400519278960e-05
-4.309022944674501410e-04 2.422936495165413330e-04
-5.204358148854181226e-04 2.211669079503347790e-04
-6.497362658219668023e-04 3.550777269159066749e-05
-7.843040475002314950e-04 -2.784920215707245117e-04
-8.882600009731665171e-04 -6.571700022165332701e-04
-9.311808809200819827e-04 -1.021493251308015033e-03
-8.939219789943218027e-04 -1.292139366834309331e-03
-7.723236174193854730e-04 -1.404700555431208017e-03
-5.780983723894191940e-04 -1.322128455177464185e-03
-3.367291853681723848e-04 -1.042058272381648490e-03
-8.277401447282969058e-05 -5.976190380489897116e-04
1.465366874761207707e-04 -5.156894553841036375e-05
3.182004883822676065e-04 5.151424602224737460e-04
4.095382805297374416e-04 1.018229093882655608e-03
4.123338108085993219e-04 1.385537662292784904e-03
3.342372912279763914e-04 1.570213109713467468e-03
1.971710007825810311e-04 1.559078168740360426e-03
3.304239946939156584e-05 1.374651106403791982e-03
-1.224200412612754397e-04 1.070429987954375339e-03
-2.365378440701666144e-04 7.203461535686501646e-04
-2.859563851269077660e-04 4.043928423797385008e-04
-2.611310795224477130e-04 1.931581323428076345e-04
-1.681743131079158353e-04 1.341976711036977493e-04
-2.771178725290420288e-05 2.428330084243058738e-04
1.290362483113811302e-04 4.991219378926586587e-04
2.662073615279430205e-04 8.515770861616310614e-04
3.501557332255142646e-04 1.226929658438014482e-03
3.559179684256999574e-04 1.544089034462550443e-03
2.720603103256189013e-04 1.729652874372990820e-03
1.029875346038410357e-04 1.732027292230420333e-03
-1.317261129388663538e-04 1.531478389405733316e-03
-4.008601797687054089e-04 1.144205483360625098e-03
-6.672616866332805544e-04 6.196571423852466256e-04
-8.946710291664829087e-04 3.158957625751471362e-05
-1.054371581866026409e-03 -5.354489969748858942e-04
-1.130408065374125231e-03 -1.001658866381212971e-03
-1.122389849941144704e-03 -1.306621990793915226e-03
-1.045352661781011544e-03 -1.420267452727026888e-03
-9.267090394803219593e-04 -1.348103161874294152e-03
-8.008689161652749822e-04 -1.129733053849980200e-03
-7.025525605017373136e-04 -8.309497956131921791e-04
-6.600653402589370640e-04 -5.309086431354026470e-04
-6.898105775349412140e-04 -3.068184401875369630e-04
-7.930818608822083528e-04 -2.190546736152697857e-04
-9.557440442250492033e-04 -2.995182610319424002e-04
-1.150864621442456012e-03 -5.454477645167728162e-04
-1.343797905355851793e-03 -9.198586665498163870e-04
-1.498759374876483703e-03 -1.358527033728611048e-03
-1.585644765289170128e-03 -1.782194232875184163e-03
-1.585801526412686843e-03 -2.111679298341649982e-03
-1.495658060271308964e-03 -2.283033582734038391e-03
-1.327521227580385002e-03 -2.259863010876694486e-03
-1.107388287565666974e-03 -2.040478398670735397e-03
-8.701842955224559821e-04 -1.658512592066468559e-03
-6.533230953311712670e-04 -1.176879403067550072e-03
-4.898071981869235592e-04 -6.762094032182752734e-04
-4.021689927552943690e-04 -2.399429995134150012e-04
-3.983963793413322976e-04 6.110605468592484983e-05
-4.706102195562459007e-04 1.818032549829649933e-04
-5.967400654706383600e-04 1.108996847276646743e-04
-7.448771061683613377e-04 -1.271531764617206363e-04
-8.794766055650914734e-04 -4.771159913406247308e-04
-9.682322440425575067e-04 -8.636644159674689014e-04
-9.883179640064025401e-04 -1.205849956020282627e-03
-9.308131582148877585e-04 -1.432576185341084352e-03
-8.024715446421936717e-04 -1.496156758230482529e-03
-6.244975919971363244e-04 -1.381386258443696420e-03
-4.285615421394775625e-04 -1.108406005399000839e-03
-2.508075199979424097e-04 -7.288232917112393364e-04
-1.249898133896588958e-04 -3.158213729182187497e-04
-7.603807280313489188e-05 4.986331318020749588e-05
-1.152715377585483182e-04 2.954364752639691795e-04
-2.381706847957909871e-04 3.700737049173086126e-04
-4.251309075821043228e-04 2.548174034935851793e-04
-6.450585675062533650e-04 -3.353896998672457105e-05
-8.611318314371606622e-04 -4.453233469021289489e-04
-1.037639000076560642e-03 -9.070792728256287137e-04
-1.146603109691767984e-03 -1.335169103611751323e-03
-1.172942075620187798e-03 -1.651319558231565190e-03
-1.117190868679945794e-03 -1.797174941063875604e-03
-9.952736808785853616e-04 -1.745110720011068582e-03
-8.353723709902568769e-04 -1.503267501269126439e-03
-6.724869776884264457e-04 -1.113858854389424349e-03
-5.417207204562010832e-04 -6.450788931274593517e-04
-4.715630164241656685e-04 -1.781460977079825586e-04
-4.784439775165332128e-04 2.080606095307907868e-04
-5.635926266110400946e-04 4.518631114291023210e-04
-7.127943554983265156e-04 5.203289353710894172e-04
-8.990936350516524379e-04 4.153153976151013568e-04
-1.087929741611372205e-03 1.728717434935675532e-04
-1.243732008813737714e-03 -1.438830205335550584e-04
-1.336724214870657146e-03 -4.570522807865570920e-04
-1.348647624414313134e-03 -6.890895568427712631e-04
-1.276316527041674621e-03 -7.778894996840165273e-04
-1.132330170981074970e-03 -6.889759199343144713e-04
-9.428031418671115700e-04 -4.224696214762111747e-04
-7.425405927377048141e-04 -1.350678731711475820e-05
-5.685684409939353607e-04 4.739814528431894342e-04
-4.532401272675018120e-04 9.589606107012834009e-04
-4.182217996841163768e-04 1.358251744860023910e-03
-4.704916353746122089e-04 1.601934717415947566e-03
-6.011078844742130840e-04 1.646287982694461579e-03
-7.869762725243891182e-04 1.481822587803035239e-03
-9.952798273630959584e-04 1.134895797961857529e-03
-1.189730474902773527e-03 6.626041025461626563e-04
-1.337457255997678580e-03 1.419264247085611896e-04
-1.415225980588704626e-03 -3.448244787484567079e-04
-1.413812272234621966e-03 -7.254869928635628625e-04
-1.339700172558614842e-03 -9.515408586061981436e-04
-1.213785435849128701e-03 -1.007050772977804163e-03
-1.067330339470563437e-03 -9.113739464322097739e-04
-9.359377637626631070e-04 -7.151244197149974908e-04
-8.526878134357551448e-04 -4.901650911571142806e-04
-8.417392507051247230e-04 -3.155304264333555963e-04
-9.136103710646359703e-04 -2.619543469415011420e-04
-1.063036254807944118e-03 -3.779427180698239058e-04
-1.269811712255531711e-03 -6.800380091300451324e-04
-1.502464028197862244e-03 -1.149130320408613213e-03
-1.724063821263947544e-03 -1.733524279091146853e-03
-1.899077420403231208e-03 -2.358192027328039411e-03
-1.999966796818799034e-03 -2.938470885272688373e-03
-2.012290648285783908e-03 -3.395622121584238387e-03
-1.937343710607730869e-03 -3.671314077145843707e-03
-1.791837097362526145e-03 -3.738295559787587364e-03
-1.604682271814442769e-03 -3.605245605075677040e-03
-1.411489154944842259e-03 -3.314887039833319237e-03
-1.247821147550423788e-03 -2.935725281598855919e-03
-1.142484658243652978e-03 -2.548979265633342407e-03
-1.112123630437744561e-03 -2.233180104936762812e-03
-1.158141897935208078e-03 -2.049353044694878292e-03
-1.266534868694782490e-03 -2.029586214104067698e-03
-1.410660612108195940e-03 -2.171146864856755756e-03
-1.556423329915087358e-03 -2.437253964646547439e-03
-1.668884924633627512e-03 -2.764354371192184311e-03
-1.719049539960944934e-03 -3.074517257268872140e-03
-1.689532832139406743e-03 -3.290591388866814446e-03
-1.578038622846247591e-03 -3.351245971471167491e-03
-1.397980562120432722e-03 -3.223037281591612652e-03
-1.176126928126711765e-03 -2.907206128953728624e-03
-9.477103720773136664e-04 -2.439908785586756418e-03
-7.499245483789207349e-04 -1.885827486249435974e-03
-6.150352323544946900e-04 -1.326360508065299853e-03
-5.644068322589830197e-04 -8.446187538980895687e-04
-6.045722566364257044e-04 -5.100612428502402642e-04
-7.260876395019568580e-04 -3.656712885023642810e-04
-9.053866212956578194e-04 -4.200952571273339599e-04
-1.109281472892443242e-03 -6.462274763460485209e-04
-1.301257758534634951e-03 -9.865057425333528807e-04
-1.448370232456909663e-03 -1.363912753020497196e-03
-1.527434428182336199e-03 -1.696599932027755778e-03
-1.529342358870342672e-03 -1.913365763513211843e-03
-1.460686528756967566e-03 -1.967060427130632588e-03
-1.342386685787592829e-03 -1.843382570100390253e-03
-1.205581803181824275e-03 -1.563407794449481192e-03
-1.085568088378071868e-03 -1.179376429636637674e-03
-1.014934223671300987e-03 -7.645454358883808834e-04
-1.017197392495340982e-03 -3.990339829601007113e-04
-1.102149081038122794e-03 -1.543514017555573702e-04
-1.263796068263465166e-03 -7.954605552073297677e-05
-1.481290697068782594e-03 -1.916069030082758829e-04
-1.722678485560959118e-03 -4.719442090858079865e-04
-1.950757564964658835e-03 -8.696244861791115575e-04
-2.129944347194883455e-03 -1.310755342134047258e-03
-2.232848986810517366e-03 -1.712250732310064165e-03
-2.245318753182332094e-03 -1.997376802193121317e-03
-2.168997057520023666e-03 -2.110140291600032247e-03
-2.020915766197986865e-03 -2.025799409530603876e-03
-1.830199622991395252e-03 -1.755509939635364024e-03
-1.632507850294926972e-03 -1.344228373779925026e-03
-1.463265879021147155e-03 -8.622691480238658772e-04
-1.350968656096518394e-03 -3.921131497683038561e-04
-1.311822841003073637e-03 -1.296238605013786370e-05
-1.346741121002043061e-03 2.140388947113721014e-04
-1.441255976464689498e-03 2.571237718994290843e-04
-1.568366957589766670e-03 1.196261762116680423e-04
-1.693779659135765791e-03 -1.609678307387051271e-04
-1.782541354930806433e-03 -5.204530999459090106e-04
-1.805813496465273268e-03 -8.804065212182964149e-04
-1.746495127562224057e-03 -1.163380060769561792e-03
-1.602628685683870399e-03 -1.307899754360044436e-03
-1.387939498689292478e-03 -1.280421577060685380e-03
-1.129403060098245135e-03 -1.081971654375818003e-03
-8.622971042806995686e-04 -7.482053152860817982e-04
-6.236720044059188006e-04 -3.428663335131163685e-04
-4.454728392111763336e-04 5.412173052956014948e-05
-3.486128318476162231e-04 3.616826887426614250e-04
-3.391181779017670090e-04 5.128922601417239529e-04
-4.070725642780838077e-04 4.676649613781845398e-04
-5.285600963498163305e-04 2.204225105573953637e-04
-6.702381579617623522e-04 -1.987083838866388627e-04
-7.956743041657797066e-04 -7.293973298923968297e-04
-8.722477970638481230e-04 -1.292272212816439943e-03
-8.773099746099526910e-04 -1.803633020073072343e-03
-8.024384394508725458e-04 -2.190937580610993318e-03
-6.549814147417622103e-04 -2.406134335762773798e-03
-4.566021165011096119e-04 -2.434325947096601869e-03
-2.391014005056339199e-04 -2.296132449161700662e-03
-3.831261079450005579e-05 -2.043316209248933601e-03
1.127721800626153956e-04 -1.748507173566355355e-03
1.903396768789809607e-04 -1.490984123116196811e-03
1.843532650922465499e-04 -1.341214392082124875e-03
1.005374352287452858e-04 -1.347089322165693093e-03
-4.063011481531240445e-05 -1.524471167480812971e-03
-2.077306996858211275e-04 -1.853850109174200265e-03
-3.643018761429661005e-04 -2.283752201387031187e-03
-4.757051977024812171e-04 -2.740259701400443032e-03
-5.156658110481125712e-04 -3.140846604338999939e-03
-4.712468765020462165e-04 -3.409913713823025088e-03
-3.453176657782201938e-04 -3.493084238276611582e-03
-1.560482584407220233e-04 -3.367553965283705958e-03
6.647373527253694629e-05 -3.046535450746341682e-03
2.858645683107664879e-04 -2.576952288927247120e-03
4.662407516998491033e-04 -2.030816034916377473e-03
5.789053856334439073e-04 -1.491913079002550038e-03
6.076607252336583848e-04 -1.040315531676061674e-03
5.517438734680731992e-04 -7.376410712347956575e-04
4.258329381989116921e-04 -6.158439325735683145e-04
2.571259695283831161e-04 -6.716498150682485369e-04
8.004941582530859931e-05 -8.676782238795293723e-04
-7.039826982505390093e-05 -1.140029116151562412e-03
-1.654038599959045154e-04 -1.410886557492314983e-03
-1.879144492308013384e-04 -1.603742210767109509e-03
-1.359714896436071030e-04 -1.658345740291793883e-03
-2.316945527382945416e-05 -1.542541482777451834e-03
1.238503965698868755e-04 -1.258741106341863553e-03
2.703989207368009116e-04 -8.437986532602373413e-04
3.802859938081587141e-04 -3.623048173817106348e-04
4.226772316216269266e-04 1.054352567920906528e-04
3.779631609174410878e-04 4.784681896249890105e-04
2.415299541220622935e-04 6.904521598083266558e-04
2.471760219141541323e-05 7.022215571887521117e-04
-2.472166501435075787e-04 5.092764787080231127e-04
-5.397453566518073745e-04 1.427764540397118641e-04
-8.154504854167751423e-04 -3.361537385765694290e-04
-1.040930201208177530e-03 -8.477333434436096346e-04
-1.192928125231402289e-03 -1.308315206455226178e-03
-1.262528050691555728e-03 -1.645862989934095523e-03
-1.256623744412401844e-03 -1.813194069817561415e-03
-1.196389666651545558e-03 -1.796489952241860956e-03
-1.113046446000986707e-03 -1.617472650867930305e-03
-1.041727201541947515e-03 -1.328845105287558559e-03
-1.014610319677786620e-03 -1.003869239137373647e-03
-1.054623005866580851e-03 -7.220651315791410622e-04
-1.170911593165770799e-03 -5.537488505345880292e-04
-1.356939730870592928e-03 -5.463457753046561428e-04
-1.591577616178971614e-03 -7.150792084933615478e-04
-1.842978666212530129e-03 -1.039804576163968824e-03
-2.074511776680132771e-03 -1.468594632368654769e-03
-2.251627600775235518e-03 -1.927401422539649347e-03
-2.348359898263515169e-03 -2.333968661153116696e-03
-2.352231538539622819e-03 -2.613361832724077870e-03
-2.266636221166467777e-03 -2.712175453939932347e-03
-2.110244328081837140e-03 -2.608725874412216785e-03
-1.913544170908345948e-03 -2.317296647403068593e-03
-1.713171686273715468e-03 -1.885628257200604651e-03
-1.545099794691051544e-03 -1.386121907912378449e-03
-1.437974019517090918e-03 -9.024162121571715654e-04
-1.407852804362525172e-03 -5.138708246116288018e-04
-1.455344622912349214e-03 -2.808866391680984878e-04
-1.565679890533091222e-03 -2.338332197559235505e-04
-1.711699848991573994e-03 -3.676707698418831211e-04
-1.859192250665218362e-03 -6.432755651227754085e-04
-1.973559395526216977e-03 -9.952085717138832964e-04
-2.026551982585320100e-03 -1.344447271580988083e-03
-2.001790043962465866e-03 -1.613661465419868185e-03
-1.898022226243367217e-03 -1.742132860308217429e-03
-1.729503306554304801e-03 -1.697486631695048053e-03
-1.523415910065633282e-03 -1.482007908429961059e-03
-1.314822524499444307e-03 -1.132342729095492904e-03
-1.140102021271985084e-03 -7.126370408688177845e-04
-1.030112353329066871e-03 -3.024112735028678571e-04
-1.004373475712823111e-03 1.853366365707281253e-05
-1.067371907329599159e-03 1.853195179648504595e-04
-1.207687189465064554e-03 1.604214020775500751e-04
-1.400106747614261000e-03 -5.903189751776374752e-05
-1.610330377992894024e-03 -4.404757952159997253e-04
-1.801375775872734574e-03 -9.218006316611791632e-04
-1.940474921411157417e-03 -1.422807340740445950e-03
-2.005158611755403220e-03 -1.860067163050295675e-03
-1.987380475484716233e-03 -2.162380485343963141e-03
-1.894903243918560779e-03 -2.283916758597360694e-03
-1.749688544641707713e-03 -2.212556634919232712e-03
-1.583598849150697103e-03 -1.971865805451800471e-03
-1.432229023858304362e-03 -1.616335527239051023e-03
-1.328038869732127815e-03 -1.220799240655761654e-03
-1.294090090827172516e-03 -8.660366979944085150e-04
-1.339576321302149474e-03 -6.232979916779050281e-04
-1.457994921256359610e-03 -5.406832883092729672e-04
-1.628308600654668550e-03 -6.339614479463044497e-04
-1.818878354893528962e-03 -8.835688344517570901e-04
-1.993423982327684717e-03 -1.238357943048546414e-03
-2.117884056074729928e-03 -1.625385878266985855e-03
-2.166876426885342485e-03 -1.963887539540213820e-03
-2.128535481701265223e-03 -2.180784494086724506e-03
-2.006809247049036200e-03 -2.224788300873008478e-03
-1.820779909417832073e-03 -2.076421867001466449e-03
-1.601134458332984997e-03 -1.752054161902950966e-03
-1.384451329140555824e-03 -1.301176185722480606e-03
-1.206382060150716423e-03 -7.974250566694612678e-04
-1.095015877549053353e-03 -3.250462903571566713e-04
-1.065680246406362384e-03 3.665223881549339608e-05
-1.118158394484326888e-03 2.279210207613631845e-04
-1.236847142624781029e-03 2.195057921542737560e-04
-1.393821721562675227e-03 1.783925981000214229e-05
-1.554224017587471293e-03 -3.364863548916963154e-04
-1.682951046120997884e-03 -7.766684460505863304e-04
-1.751374633447913684e-03 -1.222552320657634573e-03
-1.742817817279557202e-03 -1.595957720362861003e-03
-1.655749369840508892e-03 -1.835566536944317848e-03
-1.504090416841255768e-03 -1.908549183063264470e-03
-1.314574450479000668e-03 -1.816726125927360398e-03
-1.121660469444820275e-03 -1.596097442289141823e-03
-9.609627800937300566e-04 -1.309830638272741410e-03
-8.624423396633972829e-04 -1.036037269275452482e-03
-8.446501431942233639e-04 -8.526572004768574915e-04
-9.111144116021820030e-04 -8.223184890202094683e-04
-1.049557855716644686e-03 -9.800468264072324017e-04
-1.234095837449018058e-03 -1.326160092419195833e-03
-1.430002198916072295e-03 -1.825702754403432746e-03
-1.600143670917499126e-03 -2.414537291405463582e-03
-1.711868084792997563e-03 -3.010949844419740472e-03
-1.743045854638354802e-03 -3.530583459555080520e-03
-1.686124591594894600e-03 -3.901882250233499900e-03
-1.549432873940860978e-03 -4.079132864146925962e-03
-1.355489892130440788e-03 -4.050644170064366181e-03
-1.136644325609405997e-03 -3.840526028568228434e-03
-9.288711113669221447e-04 -3.503739198640395871e-03
-7.649030825198496145e-04 -3.115361527151304030e-03
-6.679998693800039264e-04 -2.756109517084058807e-03
-6.475352475784191099e-04 -2.496862049316864694e-03
-6.972392544806810992e-04 -2.385120473589204867e-03
-7.964281790853908975e-04 -2.435971038345343710e-03
-9.139892433398619665e-04 -2.629261471418915547e-03
-1.014364660766356148e-03 -2.913525232443405812e-03
-1.064400651800250343e-03 -3.215907680575380394e-03
-1.039762704462138428e-03 -3.456210403934981308e-03
-9.297000070444030309e-04 -3.562388756360558920e-03
-7.392540919020934185e-04 -3.484561200275262255e-03
-4.884902256888103665e-04 -3.204869739260864710e-03
-2.088934296407384396e-04 -2.741315413282951943e-03
6.239242701935193442e-05 -2.144832948983873416e-03
2.893958117110214398e-04 -1.490148323376882947e-03
4.439297609833543724e-04 -8.621399072060531663e-04
5.107373296352695326e-04 -3.402751677911824415e-04
4.901999830000807216e-04 1.594054512958295328e-05
3.980998475059943230e-04 1.777578401878557703e-04
2.624842521623299194e-04 1.521852568193313117e-04
1.182292868079129456e-04 -1.973933978824702696e-05
3.343546539455889005e-07 -2.710733247485304061e-04
-6.278050861769919177e-05 -5.219454175338514648e-04
-5.470383961090550780e-05 -6.949216467119252597e-04
2.584052758091760250e-05 -7.298484408708391397e-04
1.647616532035791205e-04 -5.953606264486333835e-04
3.353082900523769012e-04 -2.948751348196732187e-04
5.032009593507834723e-04 1.340631513102138908e-04
6.332161612595487137e-04 6.269567775375611569e-04
6.959740373537257182e-04 1.104689561409636506e-03
6.736417253368218519e-04 1.488678172051216813e-03
5.634694550516506934e-04 1.715966103278614152e-03
3.784863760941017518e-04 1.751394672013902292e-03
1.452205796417686064e-04 1.594538360466324052e-03
-1.011289813206932281e-04 1.280082589928396375e-03
-3.231586116821114139e-04 8.715632930051873907e-04
-4.881438424483932909e-04 4.496444318345747381e-04
-5.740418848069956444e-04 9.714393868821673012e-05
-5.734799860887644651e-04 -1.163654166796799106e-04
-4.949782497612856312e-04 -1.474726604333177890e-04
-3.611788239946703782e-04 1.307555902437158597e-05
-2.044198147632605577e-04 3.388074927855622446e-04
-6.049459854920571705e-05 7.726786491690821549e-04
3.821969836853171326e-05 1.237964367679296115e-03
6.896187179861531938e-05 1.652827474970604889e-03
2.293955125282494097e-05 1.945801464237385987e-03
-9.298929885880047319e-05 2.069257745087691325e-03
-2.576245127240163186e-04 2.008308649951599367e-03
-4.394730285677181359e-04 1.783463474754664723e-03
-6.027712778270249419e-04 1.446538955741933112e-03
-7.143384214212581502e-04 1.070604014334770523e-03
-7.499603904868984948e-04 7.358692535770449935e-04
-6.990931168237055722e-04 5.142004538352328794e-04
-5.669912579625993945e-04 4.551965993037788549e-04
-3.738559335408603150e-04 5.764772683285189535e-04
-1.511592416032948188e-04 8.600275082853793595e-04
6.416221835359723399e-05 1.255301435304495040e-03
2.365491142201128479e-04 1.688505908896303139e-03
3.384046412010959025e-04 2.076315079647916752e-03
3.551798803605475457e-04 2.341427041202673309e-03
2.879996216873972458e-04 2.427024213388157253e-03
1.533344077252572356e-04 2.307405652629915607e-03
-2.021653645551433969e-05 1.992783140259433983e-03
-1.974202153621825318e-04 1.527336652661577358e-03
-3.431405380741985576e-04 9.808997184410966821e-04
-4.290292308787609218e-04 4.358498585569552195e-04
-4.389095633108789220e-04 -2.831428449849451943e-05
-3.718335545786777014e-04 -3.497909904289384043e-04
-2.422344099789844080e-04 -4.958865151617388584e-04
-7.714647512289238740e-05 -4.688634862226907720e-04
8.897926344796242297e-05 -3.051255367680838146e-04
2.208803913067308733e-04 -6.789999939843714368e-05
2.892558606668681046e-04 1.651874021473601333e-04
2.764211739599277363e-04 3.172839396008115620e-04
1.797721140359757842e-04 3.273448703336297389e-04
1.239792983790148281e-05 1.621750163486902763e-04
-1.992754849027461627e-04 -1.768134252144044341e-04
-4.203695490892375925e-04 -6.534166324513941866e-04
-6.140426545102596568e-04 -1.203073242067691229e-03
-7.483599195974278105e-04 -1.744707806846911404e-03
-8.022452339965915674e-04 -2.195749628070196857e-03
-7.693912521565542291e-04 -2.487490721515684192e-03
-6.593892695904461296e-04 -2.577881288611086168e-03
-4.958668746055069129e-04 -2.459344940558259342e-03
-3.119873367338632931e-04 -2.160137470966913380e-03
-1.441637053633876482e-04 -1.738993942855046951e-03
-2.517807999483675889e-05 -1.274078095183443912e-03
2.199140932508057136e-05 -8.483252932958167038e-04
-1.153208435821173822e-05 -5.339515194059335848e-04
-1.189148354235412927e-04 -3.790572683113067930e-04
-2.789941423239564048e-04 -3.988571103816945275e-04
-4.603869118740033556e-04 -5.731885214921694088e-04
-6.275445934678001384e-04 -8.507634736257425065e-04
-7.476049608877192391e-04 -1.159348596320250923e-03
-7.967401009615526948e-04 -1.419936402915915157e-03
-7.647951797652315347e-04 -1.562213839162556513e-03
-6.573360947789911972e-04 -1.538388458010642341e-03
-4.947147279265593552e-04 -1.332743430775215794e-03
-3.083252970982479943e-04 -9.651015040106074479e-04
-1.347573227750669257e-04 -4.875317381470004778e-04
-8.949242778315312855e-06 2.508704323501547437e-05
4.236374139847284793e-05 4.888680988484622346e-04
5.669316874033498554e-06 8.264783060898974170e-04
-1.167833470071004322e-04 9.815193612257239533e-04
-3.074053567071433849e-04 9.290107306339001397e-04
-5.365695238831118914e-04 6.799930701690826140e-04
-7.681661190464691112e-04 2.793825325471316671e-04
-9.663613563497945071e-04 -2.025173025760846702e-04
-1.102279881380260505e-03 -6.832398442242878980e-04
-1.159347500588560212e-03 -1.083614986601604555e-03
-1.136284612291843521e-03 -1.342540723394530181e-03
-1.047186129231789846e-03 -1.428275562681636211e-03
-9.186757913006702615e-04 -1.344120453944974789e-03
-7.846771052061273476e-04 -1.127422347684813985e-03
-6.797947429087326365e-04 -8.420969238212369255e-04
-6.325635643069638363e-04 -5.660958306454422608e-04
-6.598476332312645971e-04 -3.762014795547031836e-04
-7.634538946768060393e-04 -3.330386946861909692e-04
-9.296057980757681380e-04 -4.691514560625218485e-04
-1.131380498353290465e-03 -7.824123722430920526e-04
-1.333651905940180229e-03 -1.236022314120850674e-03
-1.499607081366627435e-03 -1.765109127594440604e-03
-1.597605178468547871e-03 -2.288683940550887731e-03
-1.607082819424501471e-03 -2.724698069981911115e-03
-1.522389815803933816e-03 -3.005355223317582661e-03
-1.353830461715064279e-03 -3.089783992371360026e-03
-1.125714141912064013e-03 -2.971673996930883528e-03
-8.717846595901934583e-04 -2.680431122574631047e-03
