6.388660177427167792e-04 -3.444868173958118111e-04
1.134849708135175338e-03 4.536137528168580684e-04
1.487321837104124515e-03 1.378783075257911410e-03
1.638187616146198882e-03 2.274323480069224360e-03
1.565556780157474062e-03 2.986702567091856914e-03
1.287697829205265623e-03 3.394422970470586075e-03
8.594377193771242807e-04 3.430892203391337249e-03
3.616918263661997833e-04 3.096964321066972715e-03
-1.138914699924215793e-04 2.460779072579414445e-03
-4.822634691126805864e-04 1.644927707012316768e-03
-6.810038747412672797e-04 8.033726129105072918e-04
-6.820124946194398765e-04 9.248649855615330602e-05
-4.966532679051702736e-04 -3.583111457975012883e-04
-1.733809002302389292e-04 -4.707675532271563337e-04
2.116951821593870736e-04 -2.322836018637957928e-04
5.695166538925028072e-04 3.020598441620045427e-04
8.152604271246859319e-04 1.020310162361942217e-03
8.847398043319564540e-04 1.775229172755102454e-03
7.469091881095485819e-04 2.412559800765027088e-03
4.100964195101916522e-04 2.800610887057861011e-03
-7.922559470804462498e-05 2.855548608536869620e-03
-6.449035037248831504e-04 2.557596498798818743e-03
-1.195209404836129058e-03 1.955068261735656929e-03
-1.639924311600966453e-03 1.155462353244200496e-03
-1.907170978277015084e-03 3.052982619299852594e-04
-1.956814458054080205e-03 -4.374925307272337993e-04
-1.787897697698013393e-03 -9.333966941079029555e-04
-1.438707861726623875e-03 -1.087723918499740750e-03
-9.794632774381732080e-04 -8.685870491335203692e-04
-4.990069187320170848e-04 -3.130515855266985869e-04
-8.802589802197008460e-05 4.797128317299827692e-04
1.780270719109723837e-04 1.366986679164498234e-03
2.530790982547197025e-04 2.189253226400807769e-03
1.289747899338253984e-04 2.800091218601779685e-03
-1.632055727839688353e-04 3.093555694707704994e-03
-5.592912314545841861e-04 3.023871552621919170e-03
-9.744593699776925820e-04 2.613720635643316994e-03
-1.319604335954675800e-03 1.949563233544175395e-03
-1.518530443941899007e-03 1.164889982966021195e-03
-1.522704918730752657e-03 4.145853887993797109e-04
-1.320769480986985550e-03 -1.547331146212656012e-04
-9.410016985375829323e-04 -4.327751147035333902e-04
-4.462525277336550707e-04 -3.667146003015825037e-04
7.768842776229142790e-05 2.860507201203859977e-05
5.381033672741509328e-04 6.733372314756325876e-04
8.527066286985734034e-04 1.437669069446254229e-03
9.650726276176682097e-04 2.166386057786189208e-03
8.552140025492562447e-04 2.708314153009811279e-03
5.433097253881351502e-04 2.945065083211593181e-03
8.587875220709547341e-05 2.813640308039539253e-03
-4.348760382760881926e-04 2.318610420989029256e-03
-9.265369176007058616e-04 1.531559001921677706e-03
-1.303826576699757510e-03 5.778898566493120836e-04
-1.504566831589887379e-03 -3.865120385372993166e-04
-1.501223610506273020e-03 -1.204355488597129171e-03
-1.305857878524125087e-03 -1.746258302965893357e-03
-9.675516547797717234e-04 -1.934762302203998615e-03
-5.628038125705384824e-04 -1.758511640902378406e-03
-1.807219712025298630e-04 -1.273920784206953281e-03
9.417763955773780001e-05 -5.940273265524192298e-04
1.982975113617546463e-04 1.333488373605894346e-04
1.013139432234030392e-04 7.539941439119595161e-04
-1.877871734759129115e-04 1.136852909565333903e-03
-6.221439903164708869e-04 1.199137742199020851e-03
-1.125656997371658622e-03 9.222368944611710351e-04
-1.607202283364781142e-03 3.554005718577920962e-04
-1.977733545040364152e-03 -3.934962871321092282e-04
-2.167038630880695378e-03 -1.178368592794353052e-03
-2.136980739870647517e-03 -1.842648736100045400e-03
-1.888718905136617301e-03 -2.249076423087928867e-03
-1.462541239431679272e-03 -2.305907554040569768e-03
-9.303419469100702131e-04 -1.984575280630257454e-03
-3.821646982281933576e-04 -1.325453283507429646e-03
9.064282793026020180e-05 -4.306227148214809494e-04
4.124780238919762646e-04 5.549961577723318577e-04
5.375134016011814432e-04 1.470584522962761027e-03
4.580575280561801038e-04 2.169347180347551418e-03
2.056709205776618716e-04 2.545761786595665023e-03
-1.551666397880264157e-04 2.555007238492319841e-03
-5.396301362834597052e-04 2.220904213512372386e-03
-8.589754084535374803e-04 1.630875891897552070e-03
-1.037698604174478552e-03 9.188941395398865508e-04
-1.028171633555486752e-03 2.396507263295009904e-04
-8.199746422528359901e-04 -2.611461137124236696e-04
-4.421512991299849445e-04 -4.747167788428086326e-04
4.204645412611337910e-05 -3.500981629490293456e-04
5.469345641308194289e-04 9.598692847438456029e-05
9.804686654765336525e-04 7.821520935484047423e-04
1.261571890069679595e-03 1.577691887237637081e-03
1.335440155585429110e-03 2.327344115508897006e-03
1.183928176459005067e-03 2.880780346048596782e-03
8.290496266618648663e-04 3.121238092950181543e-03
3.289274129741212799e-04 2.987868981738263895e-03
-2.330416760467143443e-04 2.487565469022837671e-03
-7.637600098897806642e-04 1.694019421413828479e-03
-1.177795938884856723e-03 7.341821843472394037e-04
-1.413261885426094714e-03 -2.353197573268360097e-04
-1.443204038862836575e-03 -1.057358266358359410e-03
-1.280354682324962197e-03 -1.603553076344304109e-03
-9.743555639423860529e-04 -1.798070044895719657e-03
-6.019866597219760427e-04 -1.631473021880513064e-03
-2.522591446044353172e-04 -1.162017370508336683e-03
-9.203630183688164476e-06 -5.041507107161958320e-04
6.437929531582543830e-05 1.935918462361364053e-04
-6.087803252366940851e-05 7.771034078187155549e-04
-3.750713836917678526e-04 1.116224575655431605e-03
-8.306611772690892809e-04 1.129670173725306429e-03
-1.351279734665703208e-03 8.006383371574170033e-04
-1.846045636402223822e-03 1.801426671713387889e-04
-2.226677683635855214e-03 -6.225656343501379019e-04
-2.424169697855938291e-03 -1.460672580835341294e-03
-2.401869386303033451e-03 -2.177657184488190727e-03
-2.162484238404896626e-03 -2.637050792301517087e-03
-1.747686174484865823e-03 -2.748460478193698493e-03
-1.230386911503820752e-03 -2.484922907497649595e-03
-7.011426172572395466e-04 -1.888295393084467224e-03
-2.512568845986089304e-04 -1.061654991854964897e-03
4.422482412845931202e-05 -1.501357292165880720e-04
1.404164348800955630e-04 6.861772896280159606e-04
3.076382986182113737e-05 1.302174454995999988e-03
-2.520505486786480624e-04 1.594812526767334752e-03
-6.426339748453725959e-04 1.522250235724983752e-03
-1.055596498497376199e-03 1.111414969613535317e-03
-1.402035438109476041e-03 4.525768172483207730e-04
-1.606662262166104384e-03 -3.180344568900447030e-04
-1.622321824325524643e-03 -1.044270864699407917e-03
-1.439148517322036674e-03 -1.579829075032207703e-03
-1.086620388987671881e-03 -1.816094312590350824e-03
-6.281180851814187685e-04 -1.702789599849297529e-03
-1.490157700580395871e-04 -1.257518482310845346e-03
2.594430262575921726e-04 -5.623940041949396663e-04
5.174324673713937180e-04 2.516064282092976946e-04
5.717208929444980280e-04 1.029594931828644406e-03
4.058617100473723349e-04 1.622306277288972825e-03
4.346650957930923032e-05 1.914612288848103203e-03
-4.560630628851458082e-04 1.847611191299719209e-03
-1.008541302964921548e-03 1.430101078537067937e-03
-1.520664084340305703e-03 7.372558946288483529e-04
-1.907374452015929119e-03 -1.032551383298727435e-04
-2.107647319435295742e-03 -9.350864989048627467e-04
-2.095712331064148327e-03 -1.602473831658671058e-03
-1.885598114119073181e-03 -1.979399981470748599e-03
-1.528145876816160761e-03 -1.993156528910267414e-03
-1.101066113243153724e-03 -1.637848303692100022e-03
-6.939290759600401544e-04 -9.752918038988484060e-04
-3.909383524669656244e-04 -1.231443991666120348e-04
-2.547558534884023038e-04 7.674821275740211120e-04
-3.144465085603476064e-04 1.540680332310776987e-03
-5.598298783983124980e-04 2.065248586974756991e-03
-9.433116511661586000e-04 2.259447686773942768e-03
-1.388850518967760543e-03 2.106325019340908253e-03
-1.806363654103759504e-03 1.656706354029940324e-03
-2.108843017544713948e-03 1.019292039750560467e-03
-2.228940291217632475e-03 3.397377608195412688e-04
-2.131877752467652327e-03 -2.273126980732581830e-04
-1.822237043915550872e-03 -5.479392832710228492e-04
-1.343335992533180182e-03 -5.347671506613310786e-04
-7.693061047947930518e-04 -1.639985017291435265e-04
-1.913645880670237533e-04 5.195809142100333688e-04
2.991267707973690017e-04 1.410579776886925580e-03
6.276157630674416860e-04 2.362464355179415710e-03
7.501248292205448930e-04 3.214832717828533526e-03
6.612290201997291991e-04 3.823346441752857421e-03
3.947446307467695798e-04 4.086662410864558108e-03
1.700628821292813903e-05 3.965274450556085899e-03
-3.859868352279683854e-04 3.488705355121080043e-03
-7.251148783433830625e-04 2.749694517359436551e-03
-9.252326388492777397e-04 1.886487427648177563e-03
-9.395744906136875747e-04 1.056584763338389845e-03
-7.587375078579443885e-04 4.069243147626158425e-04
-4.125391827728712890e-04 4.614271446113206790e-05
3.560354285821873605e-05 2.416834944445988946e-05
5.007099550591783419e-04 3.230069293399106135e-04
8.924061539501068879e-04 8.604601925341888533e-04
1.132166609538592114e-03 1.506067784786313448e-03
1.168358821129025435e-03 2.106246430296974254e-03
9.862381514182984310e-04 2.513857664572719322e-03
6.109951448952903466e-04 2.616595664027965631e-03
1.032722923418137172e-04 2.358809157041933616e-03
-4.520076687644995457e-04 1.752613972613170428e-03
-9.613940540310053282e-04 8.761802233518891248e-04
-1.340266471433661536e-03 -1.404934773538617319e-04
-1.528520580333432577e-03 -1.139636854650371818e-03
-1.501619695042607280e-03 -1.965052044380173266e-03
-1.274927827122815469e-03 -2.491199313014126702e-03
-9.005114889868178320e-04 -2.646526888689294636e-03
-4.570230268548258496e-04 -2.426636103433129493e-03
-3.458753767139448061e-05 -1.894796339173843765e-03
2.824393715592553658e-04 -1.169718017397446260e-03
4.315736036803233776e-04 -4.029029171414575186e-04
3.841120974651452595e-04 2.501370078242381046e-04
1.505927581005184071e-04 6.593417666883347010e-04
-2.212297224169439526e-04 7.446685557983266125e-04
-6.555082438301298737e-04 4.911110561454158120e-04
-1.062798326444926861e-03 -4.866706529801857924e-05
-1.357176195692189752e-03 -7.645774934033675420e-04
-1.472734620007328313e-03 -1.510284415360317514e-03
-1.376328047863113876e-03 -2.131295239179439339e-03
-1.074147871086095522e-03 -2.494636495234978622e-03
-6.108760902950420568e-04 -2.514485554222265634e-03
-6.157027008980588926e-05 -2.168893952404030503e-03
4.821914842084651853e-04 -1.504424535363234079e-03
9.292902413025450449e-04 -6.278130295326533016e-04
1.205963862189337937e-03 3.137782314059722548e-04
1.269431297686283511e-03 1.160186094137453591e-03
1.115671996015716021e-03 1.768168606119563044e-03
7.798952185944113026e-04 2.038166254046635834e-03
3.296176153793050614e-04 1.932842663655063783e-03
-1.483338278436228128e-04 1.483900218676775492e-03
-5.644272105796276778e-04 7.858847805115350008e-04
-8.434912432727335874e-04 -2.184417878385206497e-05
-9.390068143755923944e-04 -7.815623801091567922e-04
-8.419171203079669000e-04 -1.347040290653470779e-03
-5.822881004150298398e-04 -1.611161015356250186e-03
-2.235059884193219579e-04 -1.526070129829533656e-03
1.498868791147540914e-04 -1.112046594385873201e-03
4.484110976889816463e-04 -4.534208902313491469e-04
5.948483387559969212e-04 3.176796558189300514e-04
5.391565718142989809e-04 1.046672377929740681e-03
2.682718559523128736e-04 1.586140101092101910e-03
-1.910661973430854933e-04 1.824112770165646448e-03
-7.770077301832106851e-04 1.705644471584085451e-03
-1.403923884858231455e-03 1.243589802353183699e-03
-1.978238568535464585e-03 5.165288052896430592e-04
-2.415771298199295702e-03 -3.457764279855540107e-04
-2.657315533487054817e-03 -1.186648780129145094e-03
-2.679510748446543855e-03 -1.851899947735363011e-03
-2.498957101700609307e-03 -2.218810530725799993e-03
-2.168800323154227577e-03 -2.219204791741384054e-03
-1.768439259662180334e-03 -1.852255287753114656e-03
-1.388309665585653330e-03 -1.184595714232579639e-03
-1.112628938984235906e-03 -3.377219171368792193e-04
-1.003371299361594622e-03 5.349335596335457995e-04
-1.088508549256255896e-03 1.276914228389802817e-03
-1.356742492027899084e-03 1.758168303594998590e-03
-1.759724560802143059e-03 1.899425523833001440e-03
-2.221339311689842031e-03 1.686912309076739726e-03
-2.652289856800172860e-03 1.174626084631068008e-03
-2.967218521369436104e-03 4.737463964690880698e-04
-3.101115226658243598e-03 -2.688029695973648595e-04
-3.021900312411316541e-03 -8.985717156233712435e-04
-2.736792282060265813e-03 -1.283227321417159447e-03
-2.291247262155625495e-03 -1.338002422764271969e-03
-1.760663145925402389e-03 -1.042116674971066718e-03
-1.236411238406335232e-03 -4.430538765134524239e-04
-8.088323744880164404e-04 3.521246675340571021e-04
-5.504095289342819750e-04 1.196794053255871224e-03
-5.022959636642857807e-04 1.932324586732090017e-03
-6.667431966787190157e-04 2.417973210668819973e-03
-1.006856736773657475e-03 2.557452131638449696e-03
-1.453721006625064479e-03 2.317146859069496058e-03
-1.919540703512739779e-03 1.732535477566446566e-03
-2.314307954063323826e-03 9.015934922436400671e-04
-2.562838373482049983e-03 -3.356872364997331949e-05
-2.618950597489997680e-03 -9.133623107450942894e-04
-2.474105938448996778e-03 -1.590627750226538718e-03
-2.158874885454240174e-03 -1.958137635222266699e-03
-1.736956431185524355e-03 -1.968494654858756517e-03
-1.292887320786038734e-03 -1.642666139762475989e-03
-9.157740745670390169e-04 -1.065549015972367146e-03
-6.821345677918889570e-04 -3.694153786939425232e-04
-6.411052369271899934e-04 2.916159415603148015e-04
-8.048225301011829608e-04 7.712370555369384671e-04
-1.145807757478764163e-03 9.591113393195719108e-04
-1.601858514436500401e-03 8.021936184593660580e-04
-2.087528444866072752e-03 3.151631592139606235e-04
-2.510029420941210267e-03 -4.220152782851246303e-04
-2.786552455385561157e-03 -1.278948728807439332e-03
-2.859734425419081967e-03 -2.099285436308583660e-03
-2.708347946452742839e-03 -2.730168784077252608e-03
-2.351195204188936093e-03 -3.051102851886805002e-03
-1.843472233087009842e-03 -2.996766523185143312e-03
-1.266294642541212351e-03 -2.569457177123380884e-03
-7.113694489886474752e-04 -1.838806813597308135e-03
-2.637155268739860411e-04 -9.288215829133752597e-04
1.429655790584198095e-05 5.305759830297900916e-06
9.456564300485152588e-05 8.062260710612831078e-04
-1.165487318540814159e-05 1.343817412143823598e-03
-2.561659660504107664e-04 1.539367037219716711e-03
-5.632641665365813524e-04 1.379982745156104439e-03
-8.444207653348731902e-04 9.205154592397549532e-04
-1.015412334541555958e-03 2.726402387110581820e-04
-1.012651188991761089e-03 -4.168251979179954771e-04
-8.056155185015414838e-04 -9.942474403517268400e-04
-4.030172134375279401e-04 -1.328774757076607365e-03
1.484688834772072063e-04 -1.337589703065480322e-03
7.726819180173200366e-04 -1.002025153691148054e-03
1.378060906352928869e-03 -3.714828188579335187e-04
1.874679667458110238e-03 4.455960718142836668e-04
2.191011752823619936e-03 1.302005320649128953e-03
2.287256545217254688e-03 2.039460248101880938e-03
2.162707821403594272e-03 2.518457765944242047e-03
1.855773003269304330e-03 2.644658403465088847e-03
1.436641684279735959e-03 2.386795439657718367e-03
9.939925739015430077e-04 1.782718846052473282e-03
6.182554922994919254e-04 9.324266612427600711e-04
3.845960315101151165e-04 -2.060133888083840424e-05
3.388417586034635654e-04 -9.162394284136447364e-04
4.890106956838035420e-04 -1.607647465535423821e-03
8.040409716029602027e-04 -1.988639503652360647e-03
1.219956071841384526e-03 -2.013317078817331279e-03
1.652291393744661184e-03 -1.704260174759127285e-03
2.012421606850199780e-03 -1.147735928419474100e-03
2.224689251737863808e-03 -4.768435384711902864e-04
2.241083038317256970e-03 1.542019105538099469e-04
2.050678198277649297e-03 5.997664145876734944e-04
1.682043157773928290e-03 7.508412497233619195e-04
1.198148899741786292e-03 5.561145264598337575e-04
6.847374469928608435e-04 3.207142684409918128e-05
2.343450310069589973e-04 -7.397970051052800682e-04
-7.100091712911342154e-05 -1.628154367083523230e-03
-1.751397659410459853e-04 -2.476482987611475575e-03
-5.828670259849723541e-05 -3.132584836838322485e-03
2.592942212518664115e-04 -3.477335003066440566e-03
7.211468799319996435e-04 -3.447243321522101053e-03
1.245279111570833045e-03 -3.046550492762291340e-03
1.739601327296224752e-03 -2.346565055321921632e-03
2.119226765000767690e-03 -1.472361998570723878e-03
2.322361206118436772e-03 -5.793554685755529640e-04
2.321778170593730584e-03 1.758259096765876425e-04
2.129712440301000272e-03 6.646548707836491630e-04
1.795251778729277338e-03 8.106709713206648391e-04
1.394727806829094757e-03 6.035678497433281681e-04
1.016933088967472741e-03 1.007452174254016425e-04
7.459714789931372585e-04 -5.839579040491987491e-04
6.449970950606019864e-04 -1.302205194177280013e-03
7.439290262180298617e-04 -1.899615906786838657e-03
1.033475880007700669e-03 -2.245332073715439192e-03
1.466609149489526455e-03 -2.257093393098858966e-03
1.967213426158466796e-03 -1.917064849429601101e-03
2.444281883207548300e-03 -1.275414323106768659e-03
2.808974630856820882e-03 -4.409583504452900581e-04
2.991314457771293654e-03 4.393557276287186680e-04
2.953361955526423877e-03 1.208247704509877920e-03
2.696377337721187623e-03 1.727919062075020974e-03
2.260613503793939584e-03 1.906237343617202696e-03
1.717778799380666578e-03 1.714329429048245396e-03
1.157594614396502929e-03 1.192248027637206895e-03
6.709899022900715250e-04 4.416325956960317979e-04
3.331104201162349461e-04 -3.932528382515198141e-04
1.893546096484496465e-04 -1.152522773587653145e-03
2.470741094966395247e-04 -1.690610456166445055e-03
4.745035967623571207e-04 -1.903485905776114168e-03
8.071152535029411457e-04 -1.748008253058120579e-03
1.160186946259559541e-03 -1.249758338927179843e-03
1.445196451811322884e-03 -4.978785890413796843e-04
1.586929554693348923e-03 3.720931492126414186e-04
1.538054753154816795e-03 1.204136558342614079e-03
1.288397229575301631e-03 1.851494162172579588e-03
8.671488256620557469e-04 2.204610113866337442e-03
3.375889177297967730e-04 2.211966958323797160e-03
-2.146900538784217633e-04 1.889871013411686257e-03
-6.978277549269911850e-04 1.319331004014600694e-03
-1.030977357134398205e-03 6.306199085525938507e-04
-1.159553337046081382e-03 -2.155637657341648739e-05
-1.065559573884765441e-03 -4.875798499176465985e-04
-7.710418617564992550e-04 -6.515375086773905668e-04
-3.340095462703379040e-04 -4.535111533918174519e-04
1.624042801528836379e-04 9.868707696882310539e-05
6.254954825211077058e-04 9.305632968720456378e-04
9.703146119198111617e-04 1.914584962521068698e-03
1.135490952943934116e-03 2.893845069442685901e-03
1.094565230793180391e-03 3.711277378537001029e-03
8.606922742439191646e-04 4.238902048185520799e-03
4.838306966257645953e-04 4.401575522888028467e-03
4.095948921316501252e-05 4.190759017790984461e-03
-3.788180766415022850e-04 3.665709417130942702e-03
-6.914547273993445174e-04 2.941877141298755976e-03
-8.341627729307713075e-04 2.168716826439002522e-03
-7.775654470399183480e-04 1.501120130777423281e-03
-5.314883814598410274e-04 1.069886342224046771e-03
-1.432886900547591979e-04 9.568272971835530948e-04
3.109668541227929772e-04 1.179224162528690143e-03
7.408079596072719101e-04 1.686581293713631038e-03
1.058445093119458631e-03 2.370292276610817123e-03
1.195398469805993230e-03 3.084386652538180333e-03
1.115523271961491730e-03 3.673426042646954146e-03
8.219636670610793241e-04 4.002263058211327079e-03
3.567164767498750156e-04 3.982022140439962603e-03
-2.071164949162591798e-04 3.587375385117322867e-03
-7.789251212930376530e-04 2.861833314038390169e-03
-1.267467649842808674e-03 1.910038683750290948e-03
-1.597838203833637982e-03 8.785114058983359980e-04
-1.725319379892761027e-03 -7.152121385844631418e-05
-1.643504668655753655e-03 -7.940763413932709711e-04
-1.385160914192589549e-03 -1.185490152962498552e-03
-1.015675950159599392e-03 -1.203500111019182705e-03
-6.203405136776760651e-04 -8.747328460089727562e-04
-2.878807070613435175e-04 -2.891901997011150612e-04
-9.336670579009574700e-05 4.172130283382774626e-04
-8.374084211367513290e-05 1.088744817716810059e-03
-2.687114421049385240e-04 1.579636945803995600e-03
-6.187419241992013442e-04 1.781906812879453187e-03
-1.070520195715305659e-03 1.645948197828447142e-03
-1.538875866251250080e-03 1.189989915118317733e-03
-1.932890663547875325e-03 4.966308400240508278e-04
-2.173152167516056825e-03 -3.028915019304690955e-04
-2.206883233741495538e-03 -1.053717266054873900e-03
-2.018080532831587233e-03 -1.606924237625806428e-03
-1.630739541046982363e-03 -1.848028123335397708e-03
-1.104551318786367803e-03 -1.719019061695807550e-03
-5.238808165932688126e-04 -1.229752884025143642e-03
1.789243641444173208e-05 -4.565303503315769210e-04
4.357132014262494937e-04 4.718771697299304095e-04
6.685936165588164670e-04 1.398120552152930240e-03
6.907878217464758766e-04 2.165571463649274171e-03
5.162907191579868289e-04 2.647490200170877009e-03
1.958175538243842333e-04 2.770550920015088514e-03
-1.931554096620268250e-04 2.528280243438818520e-03
-5.613952801583230959e-04 1.981874242506475627e-03
-8.251133855986770519e-04 1.248247662529529791e-03
-9.220987695257040024e-04 4.775855654884587822e-04
-8.237235711482146071e-04 -1.753460043481388717e-04
-5.405422844392849266e-04 -5.806933725603785623e-04
-1.204210863095121135e-04 -6.582248555325645022e-04
3.604509353216911981e-04 -3.925762544937174987e-04
8.119678314661737169e-04 1.638544961944741335e-04
1.147202390659377404e-03 9.009099273645157762e-04
1.298953153621590969e-03 1.671675537756599304e-03
1.232607432404140635e-03 2.320500490706562703e-03
9.528813227135543790e-04 2.712724525524969586e-03
5.031559602844190701e-04 2.760474832061917370e-03
-4.246985442397040086e-05 2.439639754567756759e-03
-5.929122606424068725e-04 1.794795998041926084e-03
-1.057027052329247586e-03 9.311463733535497826e-04
-1.360529532525475618e-03 -5.015687313285419752e-06
-1.459713892385514512e-03 -8.536261924417000695e-04
-1.349382783163221222e-03 -1.470792286439497401e-03
-1.063494108150841262e-03 -1.755695676263195008e-03
-6.684108553371616995e-04 -1.669372423630908694e-03
-2.500399315963251160e-04 -1.241821025664567851e-03
1.026976461241908356e-04 -5.660996851132694225e-04
3.149291044055650647e-04 2.194639287120638319e-04
3.401889126920571880e-04 9.575775654685541802e-04
1.693515100777862005e-04 1.501820283316206281e-03
-1.675565548592053682e-04 1.744358661907635796e-03
-6.070099234526413288e-04 1.636295600432057223e-03
-1.064033217851901702e-03 1.196800528464420262e-03
-1.448363156331042550e-03 5.092955796657913821e-04
-1.681661770996966234e-03 -2.945753491473077903e-04
-1.712518365232882245e-03 -1.060153067382085465e-03
-1.526395535842590403e-03 -1.639364859897953332e-03
-1.148631001103665554e-03 -1.919107977720708189e-03
-6.399210075683940463e-04 -1.843031074913913580e-03
-8.513392377592596564e-05 -1.422579307602506822e-03
4.224351229231858209e-04 -7.352014224157346579e-04
7.983950144449512322e-04 8.995198461400521670e-05
9.829014197129122121e-04 8.961410658257095048e-04
9.516579270757003460e-04 1.528404033587539134e-03
7.202006389770794145e-04 1.862627359250503423e-03
3.406627419099670945e-04 1.828822372676177158e-03
-1.083610955074630644e-04 1.424207664934372137e-03
-5.369248522120213677e-04 7.136256542361676947e-04
-8.609491642202407721e-04 -1.827814960589652506e-04
-1.018282516238508233e-03 -1.112300499019353711e-03
-9.805611609629912191e-04 -1.918475451072860268e-03
-7.586200922377870672e-04 -2.470578121186177162e-03
-4.004297860349559802e-04 -2.688141962988772719e-03
1.805009078293628143e-05 -2.555918027430012160e-03
4.073664641599911932e-04 -2.126426083443802052e-03
6.816705809146261872e-04 -1.509624545064024940e-03
7.751764519356856313e-04 -8.516631754529022146e-04
6.548588878965705276e-04 -3.067508461683007403e-04
3.269811492564419012e-04 -7.475190267122429691e-06
-1.637902200731904947e-04 -3.920476187594941313e-05
-7.425228850216047385e-04 -4.234316821553868026e-04
-1.317875350512369165e-03 -1.113220018730738800e-03
-1.799056968162386465e-03 -2.001632824256863435e-03
-2.112688082825033009e-03 -2.941552881083741612e-03
-2.216375954309682955e-03 -3.773154150732880522e-03
-2.106443722465716102e-03 -4.353831349240785444e-03
-1.818356355468449086e-03 -4.584928479066415277e-03
-1.419769671370826533e-03 -4.430211945489344674e-03
-9.975244489599482782e-04 -3.922595599723642350e-03
-6.410530624112499316e-04 -3.157848004259384070e-03
-4.253441623806460646e-04 -2.276475506203304994e-03
-3.966933613330696305e-04 -1.437211914560705033e-03
-5.639391115829100760e-04 -7.871331136716926916e-04
-8.968431356295209931e-04 -4.340522599144268790e-04
-1.331920764656371967e-03 -4.264177012992674716e-04
-1.784614734292187073e-03 -7.445135823756115264e-04
-2.165503716443927668e-03 -1.304621576102500506e-03
-2.397471820707952096e-03 -1.975346821993045898e-03
-2.430582383885507725e-03 -2.603006863122530636e-03
-2.251833244340781508e-03 -3.041265487133887509e-03
-1.887939220448864395e-03 -3.179389007579269157e-03
-1.400607284848076227e-03 -2.963763014492105333e-03
-8.751910511214592691e-04 -2.408583679460799855e-03
-4.048645934789095761e-04 -1.593687706200267850e-03
-7.330400014701689455e-05 -6.499207907066512080e-04
6.085219394604229719e-05 2.651952424594685971e-04
-2.517103547228834864e-05 9.968985746225916648e-04
-3.142156976345495886e-04 1.422161289633117748e-03
-7.526420620403398605e-04 1.472721693876926155e-03
-1.260641942561405724e-03 1.147819216425763605e-03
-1.747456975155936131e-03 5.142241746107027158e-04
-2.128617289051822157e-03 -3.064413638190503146e-04
-2.341934667127773539e-03 -1.160690747667388967e-03
-2.359221437485426245e-03 -1.892116989708246891e-03
-2.191516986481570166e-03 -2.370816852481293872e-03
-1.886834390586658713e-03 -2.517728257464733888e-03
-1.520857178769473858e-03 -2.319279128752955825e-03
-1.182352230615373164e-03 -1.829581626264071680e-03
-9.560663054891981646e-04 -1.159765138711918789e-03
-9.063510434206049036e-04 -4.564776130919584408e-04
-1.064624083271451926e-03 1.263635183522077241e-04
-1.423048172536109639e-03 4.572108882194391832e-04
-1.935633204922656723e-03 4.522937721077439389e-04
-2.526560856102319855e-03 9.196976670915006646e-05
-3.104163973790292387e-03 -5.750855558979575764e-04
-3.577922051215735519e-03 -1.440654746158657844e-03
-3.875262729926122127e-03 -2.357068221578469906e-03
-3.954995522327911170e-03 -3.164812311783380717e-03
-3.814840949052616774e-03 -3.722435464285866330e-03
-3.491635444866505057e-03 -3.933095940106606445e-03
-3.054178195156453338e-03 -3.762728744271563557e-03
-2.590078160570763715e-03 -3.246394801928211438e-03
-2.189094374570858207e-03 -2.481611378349164385e-03
-1.926125307114009023e-03 -1.609926122012060633e-03
-1.847068219357662563e-03 -7.902215027452039967e-04
-1.960224687596831029e-03 -1.688006828453830852e-04
-2.234877037182822490e-03 1.480861624578923719e-04
-2.607301432195506617e-03 1.140794699126463415e-04
-2.993074177598596935e-03 -2.488367055687350574e-04
-3.303335259498314021e-03 -8.548582103119173022e-04
-3.461923083132328709e-03 -1.570994860966463741e-03
-3.420128779086329882e-03 -2.242655413517252207e-03
-3.166268679843025052e-03 -2.723328650693255040e-03
-2.728254379753597761e-03 -2.902730191576712027e-03
-2.168665497454284538e-03 -2.728075368990852574e-03
-1.573249874502669586e-03 -2.214440535696944080e-03
-1.035020680377730061e-03 -1.442241896704323997e-03
-6.369540484601544147e-04 -5.423010916874050884e-04
-4.365564616506402949e-04 3.286817544250713978e-04
-4.552178215158362087e-04 1.017609189121716166e-03
-6.743608556474720798e-04 1.403843953751652412e-03
-1.039111663125430549e-03 1.421981546969449013e-03
-1.468793244041599350e-03 1.074227080313265668e-03
-1.872253217605162560e-03 4.300324907854228326e-04
-2.165122930462049216e-03 -3.869391554868234929e-04
-2.285740782453429820e-03 -1.222057461611042060e-03
-2.206726778063258787e-03 -1.918780377466413299e-03
-1.940019887550916734e-03 -2.348026445960758792e-03
-1.534428646524140655e-03 -2.432309590551318037e-03
-1.066163984216710048e-03 -2.160075116174061706e-03
-6.241529493732360552e-04 -1.587531703499637983e-03
-2.929209933599161413e-04 -8.276422451297409024e-04
-1.362914530685492304e-04 -2.836804892675454451e-05
-1.849965175219890103e-04 6.557041793826739800e-04
-4.305534788361581929e-04 1.092970361100176202e-03
-8.265736988324625355e-04 1.200036392020649694e-03
-1.297264148839145015e-03 9.577792304363008657e-04
-1.751519150955293831e-03 4.151926568671815160e-04
-2.099940990952284432e-03 -3.197172744360178174e-04
-2.271572860750628239e-03 -1.100268641622104138e-03
-2.227181216924944973e-03 -1.768825320074133125e-03
-1.966576961216394068e-03 -2.186657445143902045e-03
-1.528592398372457042e-03 -2.260287701692627760e-03
-9.837202877144802723e-04 -1.959334268665436328e-03
-4.208094727892719954e-04 -1.322469673145176047e-03
6.966427207562634043e-05 -4.503633610810602993e-04
4.125862659816778143e-04 5.130611976513865628e-04
5.622360874829232785e-04 1.407512858004434514e-03
5.107128321927729975e-04 2.086279843528684747e-03
2.891623637168441122e-04 2.443576162226239641e-03
-3.841966197778451809e-05 2.434119269924941119e-03
-3.876287203931361451e-04 2.081242453076190789e-03
-6.699732205577183875e-04 1.472016737376404547e-03
-8.099789497756568202e-04 7.403170095118713186e-04
-7.598295330854367476e-04 4.104963380331151657e-05
-5.087627322821046969e-04 -4.795680728355590765e-04
-8.543541237744406609e-05 -7.120393325237936877e-04
4.471984046171188320e-04 -6.046139764747944078e-04
1.003533879673332904e-03 -1.733202759128067358e-04
1.491287476184089984e-03 5.009033343307696916e-04
1.828776257041839041e-03 1.287438564882045344e-03
1.960237219668464065e-03 2.030699322481377932e-03
1.866289561997854863e-03 2.579648205723166290e-03
1.567561325554511602e-03 2.816528659368685086e-03
1.120794987606819502e-03 2.679370704367766733e-03
6.081694028407272313e-04 2.174005373403275869e-03
1.218586367404903828e-04 1.373307858215641174e-03
-2.532512042288621390e-04 4.038060931408961893e-04
-4.554184875619057479e-04 -5.778175546423830206e-04
-4.574784575457938821e-04 -1.413891360034330276e-03
-2.716926614199496534e-04 -1.975074053957769082e-03
5.289623175498090477e-05 -2.184288890517293961e-03
4.400960953262727095e-04 -2.030751773625340349e-03
8.013519177839841792e-04 -1.571449079094040932e-03
1.052879207847918618e-03 -9.197970339472109035e-04
1.131891581975728780e-03 -2.236412854292932741e-04
1.008841474835125117e-03 3.632268275429020648e-04
6.933481723993143234e-04 7.106338659106288015e-04
2.326832240694968654e-04 7.370607014830572908e-04
-2.969067693061223792e-04 4.254030115137608439e-04
-8.044029911716748605e-04 -1.735351576569595881e-04
-1.201058750930159708e-03 -9.504814956491334805e-04
-1.417062222287099500e-03 -1.758285280762017424e-03
-1.414665634529355554e-03 -2.439760125343224100e-03
-1.195296830631992213e-03 -2.857507679559921372e-03
-7.993072517301484138e-04 -2.920073517120197384e-03
-2.984034060876540454e-04 -2.599479177716908923e-03
2.178069813652391482e-04 -1.936805542684510387e-03
6.586097448390457968e-04 -1.034763579830524265e-03
9.491441298285916350e-04 -3.865101639232473288e-05
1.044321730318456933e-03 8.907085161366519021e-04
9.370753560092432398e-04 1.606930042871528496e-03
6.593831872254897085e-04 2.005272444444111506e-03
2.758822277511229458e-04 2.041944060962517550e-03
-1.287113391623693538e-04 1.741864412978367735e-03
-4.659845163816164109e-04 1.193423547844627182e-03
-6.609022827530725789e-04 5.312422607938891090e-04
-6.663336959855094234e-04 -8.979203760449611972e-05
-4.722712166808063459e-04 -5.242878584227124873e-04
-1.079905432394588161e-04 -6.642664210080963857e-04
3.632643606898652063e-04 -4.599392393378064388e-04
8.560701804678033612e-04 7.059378730489367613e-05
1.278859430311979871e-03 8.445667185447072864e-04
1.551169124001264363e-03 1.730083247819912042e-03
1.618839266488695215e-03 2.571025411811924191e-03
1.464284548173131178e-03 3.216618518667065975e-03
1.109894329939247522e-03 3.550052082264934170e-03
6.139159367014370436e-04 3.510733628806285075e-03
5.959829078142704802e-05 3.105956339836780239e-03
-4.603522124438332768e-04 2.409764662404953375e-03
-8.610652898150887536e-04 1.549224966334718061e-03
-1.081281360179972562e-03 6.806922644310643873e-04
-1.094627201136362917e-03 -3.944247704505579426e-05
-9.142652666088933169e-04 -4.839953492002447601e-04
-5.900443864031323276e-04 -5.786958827752493317e-04
-1.986996659170402494e-04 -3.158782422738573483e-04
1.710344037620393489e-04 2.444252129516460547e-04
4.355705555746288695e-04 9.861856087601788678e-04
5.326204537591289374e-04 1.759650044373507662e-03
4.332857921731638135e-04 2.409959780114162217e-03
1.477926631586026817e-04 2.806688517536158785e-03
-2.762224376183018519e-04 2.868702161176775803e-03
-7.625553371028313734e-04 2.579628704123334334e-03
-1.220735209643188796e-03 1.991006369785762800e-03
-1.563078911154791670e-03 1.212512875176622370e-03
-1.721271187853905520e-03 3.911265038928147305e-04
-1.659331897969136549e-03 -3.168329769849154588e-04
-1.380514217503756112e-03 -7.754858312023912240e-04
-9.268256515886366068e-04 -8.953521139338645966e-04
-3.712592700951876205e-04 -6.505678610111236253e-04
1.957982634410822200e-04 -8.409031181774327332e-05
6.834137084627537511e-04 7.001019762219919812e-04
1.017025697292831508e-03 1.556346559933284319e-03
1.152238230604666746e-03 2.324520442532058799e-03
1.082885132831941637e-03 2.860004724227994174e-03
8.418465750338651864e-04 3.060726902503142690e-03
4.944713424118062821e-04 2.886170228408265360e-03
1.258585611779298227e-04 2.364760061411979274e-03
-1.755849756632179735e-04 1.588237258827439238e-03
-3.351909980290844731e-04 6.940916989600938837e-04
-3.064449124141698346e-04 -1.606113057638640547e-04
-8.003427884264459856e-05 -8.290505374817229867e-04
3.141880124033300664e-04 -1.202464295676581186e-03
8.127019264294483300e-04 -1.230692694547206234e-03
1.330242002259144187e-03 -9.315565514274951877e-04
1.775887298457875900e-03 -3.872979371455555903e-04
2.070273774500946962e-03 2.712411147106190152e-04
2.160669547919926922e-03 8.897019268605081688e-04
2.031056923713576816e-03 1.319799451446574540e-03
1.705309391844982148e-03 1.447809621152196507e-03
1.242858135129061049e-03 1.216551472278161201e-03
7.276636442919542360e-04 6.366924192219108837e-04
2.525747545188517873e-04 -2.147741373971008994e-04
-9.797001602362335852e-05 -1.208601384916441505e-03
-2.636307161578107291e-04 -2.187258353429778149e-03
-2.192810850887561263e-04 -2.994268500979918590e-03
2.054598584174771418e-05 -3.503373402735994457e-03
4.047162383117289719e-04 -3.642009960448819306e-03
8.554680884568674438e-04 -3.404665547917055338e-03
1.283406721844561945e-03 -2.853591159044474145e-03
1.604672083851611114e-03 -2.106745237633822487e-03
1.757023754381927937e-03 -1.315257428023849668e-03
1.711791691774290462e-03 -6.346844298463988690e-04
1.479425620670588200e-03 -1.955040116338793970e-04
1.107588983070895801e-03 -7.843579739845907457e-05
6.721561573458030873e-04 -2.992617487359067099e-04
2.628165689027686701e-04 -8.060187679060333912e-04
-3.398830074932549569e-05 -1.489091513359783615e-03
-1.515627680105959257e-04 -2.202289273022158336e-03
-5.576323588725429735e-05 -2.790909417340289335e-03
2.483156647334299047e-04 -3.121465677323184001e-03
7.170459017812466033e-04 -3.107443054635131152e-03
1.276234192049333473e-03 -2.726192536318037402e-03
1.834851439305023972e-03 -2.023755720853823159e-03
2.301931304924815548e-03 -1.106694445891734423e-03
2.603446256232660669e-03 -1.224608612267915047e-04
2.695974018283443623e-03 7.679867769523164101e-04
2.574575129304515833e-03 1.420148860765046029e-03
2.273398214982427518e-03 1.732866951406848710e-03
1.858906197159267224e-03 1.667044193685193656e-03
1.417013330860469184e-03 1.252668234887645109e-03
1.036575284597264241e-03 5.828148895390164149e-04
7.923642499486414741e-04 -2.042255190759656317e-04
7.307576695001034243e-04 -9.513098843513196137e-04
8.608543186805195629e-04 -1.512297355234088359e-03
1.152702682761978055e-03 -1.779743226228042889e-03
1.542978682476149133e-03 -1.705188191495043840e-03
1.947038080006880355e-03 -1.308203293860666239e-03
2.275060659702684163e-03 -6.724817000453040070e-04
2.449227288684401472e-03 7.027731818838115212e-05
2.418674144317406547e-03 7.656338937379212825e-04
2.169388041034104458e-03 1.266030639075800546e-03
1.727163504839413204e-03 1.459155284401754925e-03
1.153054959041315691e-03 1.289662731667746802e-03
5.321776041521493125e-04 7.701331071367824039e-04
-4.203058648754231727e-05 -2.081994840929125151e-05
-4.851142371538684061e-04 -9.529437202924149466e-04
-7.372051245666698047e-04 -1.868529230202944881e-03
-7.739797025530836859e-04 -2.611814402314929263e-03
-6.109030268831016361e-04 -3.058050574682576357e-03
-2.999632710299183851e-04 -3.136738291469762414e-03
8.047771537965711913e-05 -2.844641314764478554e-03
4.407896789313829264e-04 -2.246122024499352769e-03
6.972694587430805589e-04 -1.460740595652560781e-03
7.881662747130949121e-04 -6.404702818331111823e-04
6.854989464285542221e-04 5.915447291251953871e-05
4.004250198458170901e-04 5.084933948651525638e-04
-1.885615979185312685e-05 6.282830369859623496e-04
-4.962694936222153972e-04 4.045137999427884500e-04
-9.423625526630403058e-04 -1.091112880069453929e-04
-1.271388652678649657e-03 -8.015959268780910958e-04
-1.417736169067283346e-03 -1.525968315225264237e-03
-1.348588265183359603e-03 -2.127453020008317555e-03
-1.070409902204226722e-03 -2.473153981563542755e-03
-6.280268891361282836e-04 -2.477618889630337287e-03
-9.646369825995896913e-05 -2.119434542461992761e-03
4.329226267493905861e-04 -1.445700794192627311e-03
8.693953994091825057e-04 -5.635257932555196980e-04
1.139676525025050185e-03 3.798571614571802455e-04
1.201490003540156819e-03 1.224596007944291597e-03
1.051254073865995949e-03 1.828150396358219640e-03
7.244727096404932716e-04 2.091987270356207053e-03
2.887588102450729284e-04 1.979993998054486483e-03
-1.691842171118993258e-04 1.525128420456766786e-03
-5.601527161028230489e-04 8.230509554408983568e-04
-8.094597493623421468e-04 1.394712582981948515e-05
-8.711538723514800596e-04 -7.440167608121846417e-04
-7.367457397541842543e-04 -1.304579556196300760e-03
-4.367896664004369302e-04 -1.560956558090538689e-03
-3.502136830160759782e-05 -1.465879691670099461e-03
3.838362095909267835e-04 -1.040317550542863272e-03
7.302869469484471942e-04 -3.692309465630104958e-04
9.272211362161501130e-04 4.148245551042941803e-04
9.247661194081149491e-04 1.157135696068272790e-03
7.100096774437477439e-04 1.710482564180373140e-03
3.097478621127712278e-04 1.963379723792115557e-03
-2.142708679972077401e-04 1.861550326214476882e-03
-7.767129258539564761e-04 1.418557393170909436e-03
-1.284494274656721585e-03 7.135696836644210258e-04
-1.654092466695786419e-03 -1.233240725079683391e-04
-1.827065904360623176e-03 -9.354805586419219282e-04
-1.780849096981740060e-03 -1.569141259313189436e-03
-1.532786477322302301e-03 -1.902378452631675772e-03
-1.136646793960560111e-03 -1.868072561464786908e-03
-6.722829575308600066e-04 -1.466574311380835181e-03
-2.303990914846366532e-04 -7.656567043618552754e-04
1.046881026862169764e-04 1.122332411592944596e-04
2.710278853164799218e-04 1.013010045960326209e-03
2.407278402769857288e-04 1.779913595648313814e-03
2.514665610474202135e-05 2.282921433809672468e-03
-3.273942781251261772e-04 2.443046389641423660e-03
-7.409443835611177623e-04 2.246926231831007734e-03
-1.126531305744999691e-03 1.748951340979691856e-03
-1.399271298390884592e-03 1.060536887233216093e-03
-1.494736663139846402e-03 3.285807540795380446e-04
-1.381474114682967056e-03 -2.928035089011648152e-04
-1.067296079962057505e-03 -6.719158501276951620e-04
-5.981455840084548906e-04 -7.248401908847592039e-04
-4.974133295282500268e-05 -4.317419470855348058e-04
4.864233591336816027e-04 1.590033175045014319e-04
9.200848815716280299e-04 9.396412349390681571e-04
1.179004895179856013e-03 1.763166313112493654e-03
1.222384061178665186e-03 2.470942340218715456e-03
1.048360332030047904e-03 2.922591989791958889e-03
6.941772866439595768e-04 3.022501072202100555e-03
2.289948328616559945e-04 2.737922330477616465e-03
-2.592933408897135509e-04 2.105252545842199730e-03
-6.807374676830058730e-04 1.223294205806826213e-03
-9.603457695458587125e-04 2.347755236133124319e-04
-1.052213563269297067e-03 -7.003759862382025842e-04
-9.480935411850642145e-04 -1.434951411588902132e-03
-6.787871319221085772e-04 -1.861912059319260947e-03
-3.080973205941840275e-04 -1.934185322879079967e-03
7.950717684438457782e-05 -1.673066083369364760e-03
3.951748417315851299e-04 -1.163643392206169247e-03
5.628116715460452016e-04 -5.381296104624521109e-04
5.338261277127189213e-04 4.973979248830201136e-05
2.966789031617477358e-04 4.543767602799191410e-04
-1.205790552630152997e-04 5.664519724526016677e-04
-6.552694030762494515e-04 3.341131019280437278e-04
-1.221618944917807247e-03 -2.267180897444016820e-04
-1.726686398135368703e-03 -1.034929287104059247e-03
-2.087675284736810292e-03 -1.959201439469755116e-03
-2.247361627740091482e-03 -2.842563463317659619e-03
-2.184721166995582005e-03 -3.531874905479710260e-03
-1.918748737310814250e-03 -3.906659058176435717e-03
-1.504750362102550646e-03 -3.901830379456234892e-03
-1.023812658068589451e-03 -3.520014459843152400e-03
-5.674447232493400398e-04 -2.831127640385308272e-03
-2.203004928032129385e-04 -1.959293939705632724e-03
-4.425181522353075110e-05 -1.059572775047631053e-03
-6.682565061129613210e-05 -2.888984785308027631e-04
-2.761914338395765264e-04 2.232730624664798665e-04
-6.236434058879067321e-04 3.990612867818879844e-04
-1.033102611531670724e-03 2.264484524105013930e-04
-1.415833201314864107e-03 -2.389369568787478183e-04
-1.687579538910678918e-03 -8.848674727122194219e-04
-1.784871547277702697e-03 -1.564291411390446871e-03
-1.677402698780501708e-03 -2.123700846684240581e-03
-1.374128381311858025e-03 -2.432710304810673484e-03
-9.219213255336015109e-04 -2.409234908032305278e-03
-3.970302343222184061e-04 -2.035490577269038603e-03
1.090491623141355538e-04 -1.361777555432390615e-03
5.066227871943940631e-04 -4.973226960650982669e-04
7.245450929450865732e-04 4.100925332781842829e-04
7.234986937398233363e-04 1.201866748842024633e-03
5.032966378034841540e-04 1.738428984770769249e-03
1.028277473423245235e-04 1.925555497019740270e-03
-4.073428095203510796e-04 1.732171302715687167e-03
-9.383161014086753137e-04 1.196265347886590804e-03
-1.399619457002794064e-03 4.177970986823521912e-04
-1.716212286724952754e-03 -4.600662392469550611e-04
-1.842520603333291148e-03 -1.277834744180547308e-03
-1.770846769214774524e-03 -1.889619465813773555e-03
-1.532566990505722544e-03 -2.190437083120582839e-03
-1.191895579859202645e-03 -2.135734728414287898e-03
-8.334032568289122256e-04 -1.749447963897778329e-03
-5.456600842816079549e-04 -1.119076517577887765e-03
-4.041079791301076252e-04 -3.787206400434777777e-04
-4.564140194950948130e-04 3.166996177715982385e-04
-7.130862640834680207e-04 8.211508517562156719e-04
-1.145137366075531498e-03 1.025484438503362211e-03
-1.689246553448945460e-03 8.784165911210458028e-04
-2.259450279863423755e-03 3.965103760638834674e-04
-2.763154954935556282e-03 -3.387367535230605348e-04
-3.118445860269971216e-03 -1.196153650606009535e-03
-3.269419819254040013e-03 -2.019618773081819415e-03
-3.196642155383428753e-03 -2.657567389176381228e-03
-2.920750388083226748e-03 -2.991696706091207490e-03
-2.498523460667051270e-03 -2.959433262535247043e-03
-2.012160641952624555e-03 -2.565906436902051606e-03
-1.553798732923969677e-03 -1.883157331509444782e-03
-1.208196660508143762e-03 -1.036727710392792426e-03
-1.036862481212331641e-03 -1.821617860025548374e-04
-1.066623754135176232e-03 5.241376577810779105e-04
-1.284800062483759490e-03 9.541893945977312618e-04
-1.641885621956832870e-03 1.032315722450637520e-03
-2.061227255656115746e-03 7.491144726707255281e-04
-2.453857920287108498e-03 1.628858570449041041e-04
-2.735669352976516540e-03 -6.117458109794916962e-04
-2.843664218998735033e-03 -1.425851314612776918e-03
-2.748202336575226393e-03 -2.124678302523843286e-03
-2.458914189820827004e-03 -2.577194481297894000e-03
-2.023154380920412498e-03 -2.701091129059553491e-03
-1.517280791322519638e-03 -2.478506560246113068e-03
-1.032404426275152767e-03 -1.959487600944152287e-03
-6.573028320653590125e-04 -1.252530278075275009e-03
-4.617281688543244111e-04 -5.039888667877213783e-04
-4.832675578490585114e-04 1.297483563177264689e-04
-7.202420539841220297e-04 5.120472178666277997e-04
-1.131988560365430494e-03 5.521368118060251268e-04
-1.646472381516122900e-03 2.225919963479545093e-04
-2.173791312596542406e-03 -4.351265760866326968e-04
-2.623017739938646870e-03 -1.318130870496740702e-03
-2.919194183768225419e-03 -2.281158408966875700e-03
-3.017269534722100306e-03 -3.163621582561783677e-03
-2.910343264214494165e-03 -3.819541996060146771e-03
-2.630663296621241556e-03 -4.144712857018282778e-03
-2.243195812978529026e-03 -4.095957605027699712e-03
-1.832992107163388708e-03 -3.698849545290232819e-03
-1.488752355755659177e-03 -3.042441824562081704e-03
-1.285706363737316700e-03 -2.262016025895841834e-03
-1.271060629994257138e-03 -1.513125397687828562e-03
-1.454774926992101827e-03 -9.418559414764487905e-04
-1.807422025674502823e-03 -6.569434338629478488e-04
-2.265542367586964936e-03 -7.090316447432097168e-04
-2.743485478574559690e-03 -1.081003369352108879e-03
-3.149500632409705722e-03 -1.691217747062971665e-03
-3.403033497021714336e-03 -2.409041999655636701e-03
-3.449955836051378510e-03 -3.079736227964487150e-03
-3.272845328877380111e-03 -3.553977354788022576e-03
-2.894368428753636355e-03 -3.716428328435954567e-03
-2.373123756147892550e-03 -3.507937938658428362e-03
-1.792729851946567613e-03 -2.937161130517580449e-03
-1.246219159244209632e-03 -2.079391489482689068e-03
-8.186878929217942472e-04 -1.062817622233470450e-03
-5.714808961558520781e-04 -4.479529883489122028e-05
-5.308992805861075578e-04 8.173831557585692137e-04
-6.835617472594444910e-04 1.395699372528903586e-03
-9.792902444410427759e-04 1.615080561104249727e-03
-1.340965673711355319e-03 1.467062163522780266e-03
-1.679479522167966633e-03 1.010866255395999943e-03
-1.910942471764920641e-03 3.617025230965763500e-04
-1.972883892679933374e-03 -3.314829606393151877e-04
-1.836367553025601649e-03 -9.145891396092258128e-04
-1.511722653351508378e-03 -1.257852346112320070e-03
-1.046798932950690052e-03 -1.280659474528154148e-03
-5.180710575802861817e-04 -9.669793763619411505e-04
-1.627256427771245611e-05 -3.684879308063456534e-04
3.707232995666182506e-04 4.052059665183973874e-04
5.745358551757346298e-04 1.207382246746422673e-03
5.592731793076553088e-04 1.882134640979860919e-03
3.284300667930966592e-04 2.294107579118622939e-03
-7.562102979011612030e-05 2.354409228358693949e-03
-5.794536330876786994e-04 2.037787499001762759e-03
-1.092249120890150752e-03 1.387808861103319432e-03
-1.522716022908490556e-03 5.090502673781313950e-04
-1.796069879957979277e-03 -4.522275075459146173e-04
-1.867865907129735280e-03 -1.335276597091556794e-03
-1.732073003225211537e-03 -1.994790693525645090e-03
-1.421868268693178561e-03 -2.327910420399554019e-03
-1.003009638292325046e-03 -2.293203642528973338e-03
-5.610495005878061124e-04 -1.918038025483903130e-03
-1.848181850110640909e-04 -1.292960311227685666e-03
5.068782896732858950e-05 -5.541559914228048238e-04
9.876587083038437277e-05 1.426812616839190796e-04
-4.992916273319203662e-05 6.521159428869728039e-04
-3.654390584607958379e-04 8.667314874440427367e-04
-7.840475982532032258e-04 7.376254550750243211e-04
-1.220270441233749486e-03 2.837564353231482144e-04
-1.583021570493970851e-03 -4.116275237253302693e-04
-1.792896129569302973e-03 -1.216801532898459728e-03
-1.797296679807212135e-03 -1.976620807994203775e-03
-1.580536834699446721e-03 -2.542073443139646234e-03
-1.167005882992430514e-03 -2.798727926569980883e-03
-6.167906438873171438e-04 -2.688682368338397508e-03
-1.457791172487007264e-05 -2.221851718588191936e-03
5.460677379082249901e-04 -1.474447071911165431e-03
9.800810146590903989e-04 -5.749254430121053007e-04
1.226645202738482418e-03 3.199398169202274694e-04
1.260339529040672242e-03 1.054347539457315373e-03
1.095581977705479279e-03 1.502581123896455824e-03
7.835344215598144101e-04 1.592442792972794752e-03
4.020640387177086637e-04 1.318582287044568670e-03
4.066944487961135328e-05 7.432051865726665334e-04
-2.167670801047642728e-04 -1.596539135942595948e-05
-3.081288703743168510e-04 -8.081877352576328057e-04
-2.050519671640219782e-04 -1.478395922689970839e-03
8.152473155703448757e-05 -1.896652964319984948e-03
5.033012333358325872e-04 -1.982784008092265161e-03
9.836853911481776343e-04 -1.721525159110586910e-03
1.432273491867817276e-03 -1.165320832800818395e-03
1.762000885916128329e-03 -4.242426801402897048e-04
1.905714052998079208e-03 3.550570730184812751e-04
1.829023677846880339e-03 1.017367477447901234e-03
1.537001257803254301e-03 1.428603567223480503e-03
1.073446403071049880e-03 1.501525597584943850e-03
5.128577806246578229e-04 1.212614358947297546e-03
-5.337860785165358989e-05 6.068979225350265745e-04
-5.339758594804911275e-04 -2.101939767442340622e-04
-8.546987218356951474e-04 -1.092415707787436959e-03
-9.720803425057280471e-04 -1.880033341382569053e-03
-8.813140121969407353e-04 -2.429729691212855012e-03
-6.168334767078931117e-04 -2.641433941965604364e-03
-2.454794847339234094e-04 -2.477004589863421660e-03
1.464463915684753440e-04 -1.967235919356973700e-03
4.697827027509720210e-04 -1.205867818599638819e-03
6.496144981943343831e-04 -3.317381095785371494e-04
6.396409265029945725e-04 4.975398310266352774e-04
4.310794703161917102e-04 1.135388299535753385e-03
5.441789165371198334e-05 1.473920433046782769e-03
-4.263195098050407209e-04 1.464204210975355875e-03
-9.257060843478419603e-04 1.125301259753288749e-03
-1.353149123199145001e-03 5.403734620309795815e-04
-1.630152027324561831e-03 -1.593994637105168805e-04
-1.705330722970076944e-03 -8.200389702655293094e-04
-1.564336763957370827e-03 -1.294339753328066630e-03
-1.232802862869677909e-03 -1.470186259694129544e-03
-7.717468106975171674e-04 -1.292242068779522312e-03
-2.662969713089272366e-04 -7.728949016637603553e-04
1.901334372000263893e-04 9.625913357641014724e-06
5.132345944066935700e-04 9.256139584611966292e-04
6.434664311581020412e-04 1.818023092841336390e-03
5.570446473442206827e-04 2.531817617064782526e-03
2.701739636655349193e-04 2.942987404613251097e-03
-1.642656000208526923e-04 2.981742616810829742e-03
-6.669452442831665627e-04 2.645503528252214978e-03
-1.147284433357709677e-03 1.999231940889765590e-03
-1.520735993367698701e-03 1.163046027656655223e-03
-1.724882449725820451e-03 2.894666491033656176e-04
-1.731292907161283102e-03 -4.653953600597613696e-04
-1.550893549393989089e-03 -9.712560561118439980e-04
-1.231834107739311190e-03 -1.148111983936013014e-03
-8.502546897072210718e-04 -9.811045998429196967e-04
-4.957029048221100239e-04 -5.229868463501718273e-04
-2.539654550026689906e-04 1.162679410085256076e-04
-1.905691604696612383e-04 7.907388774799313036e-04
-3.380807693118314042e-04 1.346674768380584815e-03
-6.896165918831620488e-04 1.652121580932089211e-03
-1.199798005592494750e-03 1.622439383034084744e-03
-1.792979673170959831e-03 1.236865889827049470e-03
-2.377200724098433443e-03 5.429788977138091640e-04
-2.861225783989519364e-03 -3.517987257099353506e-04
-3.171457694557308291e-03 -1.300054082484462109e-03
-3.265527813272405856e-03 -2.141850420834571882e-03
-3.139998394932781538e-03 -2.734613692043925959e-03
