5.375968678568005237e-04
8.816310886234188411e-04
1.199308769696141950e-03
1.478813427575800549e-03
1.709568465030407696e-03
1.882611548627530522e-03
1.990912881025403737e-03
2.029626193487439265e-03
1.996263639724452088e-03
1.890788436951862297e-03
1.715621980605441322e-03
1.475565154557363732e-03
1.177636563957998924e-03
8.308333276945770998e-04
4.458227799450977251e-04
3.457585036984719756e-05
-3.900450646749584736e-04
-8.147293334773505905e-04
-1.226176927057529313e-03
-1.611556821644632639e-03
-1.958948938610606625e-03
-2.257754171795634847e-03
-2.499058170250828374e-03
-2.675936164561726945e-03
-2.783688190330315185e-03
-2.819996500711146117e-03
-2.784999685679759307e-03
-2.681280933447390425e-03
-2.513770876887964825e-03
-2.289568459631281024e-03
-2.017686127769612904e-03
-1.708728303315936239e-03
-1.374514431781426660e-03
-1.027659836650762337e-03
-6.811290901397732940e-04
-3.477775706876639695e-04
-3.989728949781905579e-05
2.312170833252758569e-04
4.556667725615260074e-04
6.252980545748455538e-04
7.339897732146442172e-04
7.778691335772018600e-04
7.554482079452943741e-04
6.676763690106933893e-04
5.179068139417387136e-04
3.117783556570137907e-04
5.701662922159259246e-05
-2.368383125448747040e-04
-5.587684584135193437e-04
-8.966665503715209916e-04
-1.237763411665047117e-03
-1.569078900107088483e-03
-1.877880665606580226e-03
-2.152134615474237973e-03
-2.380931279809029005e-03
-2.554873112057499604e-03
-2.666409127141705811e-03
-2.710105123465229339e-03
-2.682839991023861295e-03
-2.583921196723377046e-03
-2.415115369128530056e-03
-2.180592879032933976e-03
-1.886788325233386149e-03
-1.542181781137810792e-03
-1.157008434094805409e-03
-7.429067583220915275e-04
-3.125175161131138924e-04
1.209523948568114898e-04
5.441859982031416534e-04
9.442162516796264674e-04
1.308873929189522745e-03
1.627207709297960516e-03
1.889861780621259098e-03
2.089397762104597527e-03
2.220549686308312311e-03
2.280403138076128947e-03
2.268492297215916366e-03
2.186811509012777550e-03
2.039740999771930130e-03
1.833889361270461468e-03
1.577858342632603404e-03
1.281938208608425066e-03
9.577443542111591665e-04
6.178079219785399031e-04
2.751347777226972901e-04
-5.725169287091745780e-05
-3.667679398047673676e-04
-6.417117265095276636e-04
-8.716722585254896294e-04
-1.047894592773222821e-03
-1.163585561502400098e-03
-1.214150496769639525e-03
-1.197352468471093567e-03
-1.113388466480053898e-03
-9.648798700767755769e-04
-7.567775535328258394e-04
-4.961849700915206681e-04
-1.921054327665473477e-04
1.448775314330289464e-04
5.029755302078357674e-04
8.696131803278970207e-04
1.231873838609804511e-03
1.576957542864115998e-03
1.892635086971474877e-03
2.167682288513846263e-03
2.392279200418183545e-03
2.558360245584218734e-03
2.659902972456428330e-03
2.693145279730234723e-03
2.656723464509905090e-03
2.551726222443986229e-03
2.381662673442333251e-03
2.152345499327558854e-03
1.871693254621347238e-03
1.549458744368550391e-03
1.196892954195205236e-03
8.263562768752966570e-04
4.508906273802765425e-04
8.376740995498597325e-05
-2.619728518630895812e-04
-5.739731178858435310e-04
-8.409888328890151137e-04
-1.053278318922449587e-03
-1.202940901240990906e-03
-1.284190940431362716e-03
-1.293558187304620155e-03
-1.230007456837612419e-03
-1.094973442492730344e-03
-8.923094636388355328e-04
-6.281519524258151596e-04
-3.107054367389181296e-04
5.004444059426827428e-05
4.426798068803237539e-04
8.547491226893608662e-04
1.273201458479435253e-03
1.684841271172782436e-03
2.076787751251760097e-03
2.436922653224261361e-03
2.754310928276264281e-03
3.019579433345903965e-03
3.225240462228564330e-03
3.365948780085723131e-03
3.438683175038824251e-03
3.442846187645206505e-03
3.380278548207196233e-03
3.255187842508509670e-03
3.073993933898590096e-03
2.845096588265243025e-03
2.578573476068179906e-03
2.285819166662986061e-03
1.979137799081433571e-03
1.671303737745239749e-03
1.375105644352594882e-03
1.102889979042149778e-03
8.661199645143681600e-04
6.749655053511162319e-04
5.379384702917930968e-04
4.615861556985102320e-04
4.502537095727805923e-04
5.059238787170562864e-04
6.281397316545934625e-04
8.140131016942274075e-04
1.058318489963972105e-03
1.353669172626826732e-03
1.690769374808705075e-03
2.058733706995518643e-03
2.445462701247510823e-03
2.838061317182592053e-03
3.223285780244151185e-03
3.588003120123057534e-03
3.919647330210477079e-03
4.206656185289651267e-03
4.438873430263738998e-03
4.607902263899242394e-03
4.707397745908821138e-03
4.733287893491024308e-03
4.683915729787040995e-03
4.560097314141222519e-03
4.365093725599435148e-03
4.104497983682444014e-03
3.786040868575848463e-03
3.419322442138085505e-03
3.015478672063356610e-03
2.586794833018042465e-03
2.146279221012765883e-03
1.707212105426348259e-03
1.282685708330988470e-03
8.851513127719765409e-04
5.259893495080964366e-04
2.151175042667461106e-04
-3.934944688475982069e-05
-2.313761811320981868e-04
-3.572100898640863907e-04
-4.155041651190279593e-04
-4.073552377893987185e-04
-3.362562615882541510e-04
-2.079643501390509349e-04
-3.028922792656799437e-05
1.871904542559366330e-04
4.334729600766873262e-04
6.965293065722108533e-04
9.637351905267004968e-04
1.222323826700988034e-03
1.459843789282881188e-03
1.664605772565211231e-03
1.826102575277690522e-03
1.935387551592046562e-03
1.985398227695682385e-03
1.971213704968844457e-03
1.890236791846106913e-03
1.742294445058062803e-03
1.529652964667554006e-03
1.256947375782214386e-03
9.310274383148020583e-04
5.607256492459912608e-04
1.565553370841118791e-04
-2.696506002421601971e-04
-7.051476808935050336e-04
-1.136720275514510430e-03
-1.551139082673676922e-03
-1.935619632152108622e-03
-2.278265766504251368e-03
-2.568482575267131644e-03
-2.797344324131726453e-03
-2.957904495900381438e-03
-3.045437085975803530e-03
-3.057600701480363108e-03
-2.994519715578597419e-03
-2.858779632483720440e-03
-2.655336822225050093e-03
-2.391345782298479918e-03
-2.075909970771846504e-03
-1.719764931102017030e-03
-1.334904799091623639e-03
-9.341652640271466473e-04
-5.307775796681074229e-04
-1.379092330194603595e-04
2.317926557456602248e-04
5.666392265380905532e-04
8.563037474927648329e-04
1.092177333748977405e-03
1.267664081464580468e-03
1.378405306115492845e-03
1.422425059754630228e-03
1.400191861586554988e-03
1.314594513247078610e-03
1.170832881638411271e-03
9.762275125303309774e-04
7.399547829570370105e-04
4.727169100291199640e-04
1.863584166950019562e-04
-1.065574687708386507e-04
-3.931975989506334714e-04
-6.609171163190122713e-04
-8.977109926188724283e-04
-1.092643040441446979e-03
-1.236237329106249470e-03
-1.320818255327840763e-03
-1.340787319503682160e-03
-1.292826877668027188e-03
-1.176023699459676159e-03
-9.919079741225202661e-04
-7.444063710640184614e-04
-4.397107749488720577e-04
-8.606727209837117948e-05
3.065072385197956280e-04
7.265708981950002058e-04
1.161653102759223561e-03
1.598687208771549422e-03
2.024464581097657964e-03
2.426094081210727546e-03
2.791450902520046986e-03
3.109599029938089551e-03
3.371172522740274215e-03
3.568702260262682051e-03
3.696876698656162853e-03
3.752727496898891797e-03
3.735733500629538021e-03
3.647839430938770722e-03
3.493388611889932868e-03
3.278972080584512810e-03
3.013199351578206044e-03
2.706398850797396560e-03
2.370258496682159464e-03
2.017419001806945549e-03
1.661034123281862618e-03
1.314313246828366453e-03
9.900623070317709877e-04
7.002391032640282575e-04
4.555385651528376292e-04
2.650224709702833463e-04
1.358065637418917442e-04
7.281599785405497294e-05
7.861765397182505360e-05
1.533351660960378515e-04
2.946496059916437101e-04
4.978857685803287150e-04
7.561810023922956470e-04
1.060730636920881667e-03
1.401101375067185725e-03
1.765601637837317141e-03
2.141695853494183632e-03
2.516448144371776809e-03
2.876979835456898536e-03
3.210924725687582925e-03
3.506866142633654863e-03
3.754740441013130429e-03
3.946192782932178567e-03
4.074872711549217333e-03
4.136659141394216643e-03
4.129806863822093471e-03
4.055009418298619744e-03
3.915376112956454879e-03
3.716323988340121225e-03
3.465388500979358494e-03
3.171959553860557481e-03
2.846952119111195549e-03
2.502422992514026934e-03
2.151147109418786486e-03
1.806168270981353598e-03
1.480340028685450410e-03
1.185872822275582618e-03
9.339032493751763583e-04
7.341005717685527600e-04
5.943242606761436723e-04
5.203445969851837848e-04
5.156361348999413501e-04
5.812512861902668741e-04
7.157784765364531235e-04
9.153863636980914126e-04
1.173952593151336449e-03
1.483272606052424714e-03
1.833341210638716589e-03
2.212697079712160064e-03
2.608818132960022493e-03
3.008553980775753763e-03
3.398580308391260883e-03
3.765859310994941044e-03
4.098090079000693553e-03
4.384133185160388885e-03
4.614394629420810572e-03
4.781155721629478002e-03
4.878837376485239269e-03
4.904189593130225261e-03
4.856399512965237954e-03
4.737114301792057225e-03
4.550378086289415605e-03
4.302485185556936126e-03
4.001754810516804442e-03
3.658235154607159673e-03
3.283347272052806760e-03
2.889481248411499004e-03
2.489558838192373804e-03
2.096577917611796953e-03
1.723154735885773503e-03
1.381080023602679731e-03
1.080904529051328290e-03
8.315685199955500685e-04
6.400882455089929382e-04
5.113103541878991250e-04
4.477428813794539011e-04
4.494687325377125231e-04
5.141446965644797234e-04
6.370860234043488040e-04
8.114335993632747993e-04
1.028397856772905782e-03
1.277570863250081235e-03
1.547295644224010473e-03
1.825079784438686818e-03
2.098038800158757381e-03
2.353353728278295611e-03
2.578726878101617829e-03
2.762819753779911444e-03
2.895657778077108217e-03
2.968987609492954559e-03
2.976574504104371154e-03
2.914429272661107732e-03
2.780956848938444942e-03
2.577021230722249118e-03
2.305924483884980690e-03
1.973300510172226394e-03
1.586927265083110539e-03
1.156463968973672936e-03
6.931224821398120246e-04
2.092843210729568879e-04
-2.819233024908343599e-04
-7.670776024212289101e-04
-1.232920764998276294e-03
-1.666814822256505475e-03
-2.057174950959061652e-03
-2.393866051818201342e-03
-2.668548749651508158e-03
-2.874962726720104236e-03
-3.009137496461266464e-03
-3.069523266292192507e-03
-3.057037337072321739e-03
-2.975024445095931190e-03
-2.829132466488065885e-03
-2.627107867986963607e-03
-2.378518098455404024e-03
-2.094410673600841447e-03
-1.786920922667171183e-03
-1.468842162637054582e-03
-1.153173379800559234e-03
-8.526602843581646040e-04
-5.793458335082535098e-04
-3.441459841802495777e-04
-1.564655499396499713e-04
-2.386762869099022522e-05
4.819181201407701787e-05
5.655489111037158290e-05
4.716224184641432116e-07
-1.183752676984484685e-04
-2.959313756156190488e-04
-5.259153598683086097e-04
-8.000423002643300505e-04
-1.108317834808347823e-03
-1.439392749987099610e-03
-1.780965579255278314e-03
-2.120219080038084243e-03
-2.444275270266894028e-03
-2.740653053073667002e-03
-2.997712365657632244e-03
-3.205069258758339468e-03
-3.353967330146160643e-03
-3.437592463445738114e-03
-3.451319808906359431e-03
-3.392884315863975257e-03
-3.262468804449721385e-03
-3.062706452759448965e-03
-2.798597573988662480e-03
-2.477343560895827086e-03
-2.108103777161706577e-03
-1.701683875067163537e-03
-1.270166421810153519e-03
-8.264967385233383187e-04
-3.840384257909384351e-04
4.388588781048020655e-05
4.444525191496166532e-04
8.057774149101844773e-04
1.117324140686175435e-03
1.370264913134024935e-03
1.557782057648432212e-03
1.675299360154420061e-03
1.720635236630091696e-03
1.694072381872158486e-03
1.598341483857419493e-03
1.438519599355577404e-03
1.221846774770575343e-03
9.574673588231025646e-04
6.561050903349478899e-04
3.296833626546223639e-04
-9.096015052207265359e-06
-3.472007875569757800e-04
-6.717272480912632460e-04
-9.703541675826048976e-04
-1.231775748608849230e-03
-1.446098431659014784e-03
-1.605187650533480490e-03
-1.702952390135624092e-03
-1.735557581941469824e-03
-1.701556903609902083e-03
-1.601941340805930090e-03
-1.440101823519605861e-03
-1.221707262442709753e-03
-9.545022777134801184e-04
-6.480317285869295878e-04
-3.133017196392346381e-04
3.761101299344101574e-05
3.919876211860041644e-04
7.369185260872347914e-04
1.059761814298181394e-03
1.348592554969606097e-03
1.592627260708467940e-03
1.782608585078177292e-03
1.911136741902648385e-03
1.972935997751295960e-03
1.965046863501023530e-03
1.886937214041637919e-03
1.740528405795666901e-03
1.530135440223942111e-03
1.262323233513293862e-03
9.456839926456803939e-04
5.905434630051933356e-04
2.086063057000281319e-04
-1.874470035016609121e-04
-5.843976620728387819e-04
-9.689451179005858063e-04
-1.328166768050527240e-03
-1.649964700714920841e-03
-1.923483854484088441e-03
-2.139486969052428050e-03
-2.290673213833014244e-03
-2.371929352721673968e-03
-2.380504665337483325e-03
-2.316103514710013238e-03
-2.180892335045755276e-03
-1.979420809849077086e-03
-1.718460015300301387e-03
-1.406763211129125144e-03
-1.054757669398949382e-03
-6.741783457494556452e-04
-2.776562331472242229e-04
1.217241762481990615e-04
5.108828154316428279e-04
8.772013107075062521e-04
1.208963576638940121e-03
1.495764307393649718e-03
1.728871061363363923e-03
1.901527264353848352e-03
2.009185529134691062e-03
2.049663133069258049e-03
2.023214225266137516e-03
1.932516254540985303e-03
1.782571117126776532e-03
1.580524513120046921e-03
1.335409868316674280e-03
1.057825822878414798e-03
7.595586174964394192e-04
4.531626397549768140e-04
1.515138605397178101e-04
-1.326481588335192210e-04
-3.871736068968090541e-04
-6.009351903392114386e-04
-7.642251314719416188e-04
-8.691024492325720007e-04
-9.096783202111454955e-04
-8.823294860771267387e-04
-7.858321954409166858e-04
-6.214119532329345254e-04
-3.927073015322270905e-04
-1.056488690196661934e-04
2.317421037244572508e-04
6.096287330919734904e-04
1.016697348931787544e-03
1.440548392013738140e-03
1.868125680751032362e-03
2.286169029329130492e-03
2.681674379389616721e-03
3.042345342293132325e-03
3.357020348035168016e-03
3.616060449642508490e-03
3.811684208464485770e-03
3.938237937964175761e-03
3.992391846517222287e-03
3.973255214055107162e-03
3.882406572247116151e-03
3.723837833974279633e-03
3.503814330834672218e-03
3.230655661764391794e-03
2.914445028399095892e-03
2.566677236394400430e-03
2.199857688851237711e-03
1.827066413033711203e-03
1.461502384635430651e-03
1.116024102098064994e-03
8.027024928061524123e-04
5.324017988534738774e-04
3.144031077207145013e-04
1.560836970542856059e-04
6.266340522816148464e-05
3.702688910681671552e-05
7.962796977239203038e-05
1.884793891736883612e-04
3.592283065476224203e-04
5.853148579795391677e-04
8.582081909289530474e-04
1.167711669981407038e-03
1.502326525656331405e-03
1.849661169763808970e-03
2.196871800339139993e-03
2.531118822676925451e-03
2.840023058860167288e-03
3.112105725851565911e-03
3.337196731414077480e-03
3.506796947908287412e-03
3.614381737449226528e-03
3.655635061454148155e-03
3.628605941101700066e-03
3.533781757373584582e-03
3.374075794768320417e-03
3.154729439296082363e-03
2.883132433623539041e-03
2.568567465377491650e-03
2.221888017948165078e-03
1.855140753671981509e-03
1.481145644994005155e-03
1.113048551921527306e-03
7.638619118157213535e-04
4.460096264066980287e-04
1.708920861711884197e-04
-5.151343105750413702e-05
-2.130029875380635897e-04
-3.074345671297347600e-04
-3.309448965931524860e-04
-2.820869045677119359e-04
-1.618829946649234710e-04
2.620774327799111833e-05
2.764072463627604854e-04
5.808170052241483361e-04
9.296904634944625889e-04
1.311769763148467769e-03
1.714675056068773028e-03
2.125332762190024812e-03
2.530427791752824784e-03
2.916863911271427683e-03
3.272216149146660834e-03
3.585159417369050434e-03
3.845858360619706581e-03
4.046304804026056370e-03
4.180591008204967082e-03
4.245109190636815744e-03
4.238670356997791509e-03
4.162538314261892899e-03
4.020377710061303483e-03
3.818117955793815833e-03
3.563737838706717773e-03
3.266978407373255164e-03
2.938994228222911818e-03
2.591955270022821764e-03
2.238613402772589561e-03
1.891848736764131702e-03
1.564211733147841728e-03
1.267477164515090930e-03
1.012225587602008561e-03
8.074670248371515133e-04
6.603200709303844434e-04
5.757576969183347652e-04
5.564286851634575246e-04
6.025609767161300978e-04
7.119503401338766156e-04
8.800347789681484730e-04
1.100052088526678627e-03
1.363275056564179502e-03
1.659316079436079549e-03
1.976490530401895165e-03
2.302226155518718228e-03
2.623504157161645704e-03
2.927316512264519117e-03
3.201123500902008836e-03
3.433295410869961588e-03
3.613522935825870877e-03
3.733181878997737790e-03
3.785639373117887646e-03
3.766490874081256102e-03
3.673719609151984266e-03
3.507772875442277845e-03
3.271552495739912716e-03
2.970319744558047939e-03
2.611518052205512655e-03
2.204519673790754364e-03
1.760305172498795399e-03
1.291086918931446444e-03
8.098897683514292992e-04
3.301035766457447655e-04
-1.349767987966524977e-04
-5.726079298355982086e-04
-9.710347226733347624e-04
-1.319892525184632355e-03
-1.610560384549387372e-03
-1.836453115658664547e-03
-1.993241985394491027e-03
-2.078996319583948770e-03
-2.094241110534412077e-03
-2.041928646464570389e-03
-1.927325196713769104e-03
-1.757816762776056229e-03
-1.542640740677562322e-03
-1.292552935639559950e-03
-1.019441634400538883e-03
-7.359022946636934858e-04
-4.547877899260124130e-04
-1.887500031222819541e-04
5.021113587865867756e-05
2.511753364188161648e-04
4.046913417889400240e-04
5.031143612441379368e-04
5.408796908939470568e-04
5.147029132677556022e-04
4.236996404128354297e-04
2.694205870464897942e-04
5.580072966993661517e-05
-2.109756794034895952e-04
-5.226895230424123424e-04
-8.693731494966819599e-04
-1.239658593217100261e-03
-1.621175486342707299e-03
-2.000984717034084807e-03
-2.366032635581731894e-03
-2.703609886586209442e-03
-3.001798780825245573e-03
-3.249893519474763778e-03
-3.438778532163737963e-03
-3.561251655680153054e-03
-3.612280810670379615e-03
-3.589185161748639167e-03
-3.491734390487881857e-03
-3.322162578155902525e-03
-3.085096185322338050e-03
-2.787398623818269135e-03
-2.437936837571202421e-03
-2.047278040213665329e-03
-1.627327203368752638e-03
-1.190917964444907070e-03
-7.513712539216734279e-04
-3.220370723248649081e-04
8.416456322719281964e-05
4.551874545350589147e-04
7.802723252158659962e-04
1.050314753502166803e-03
1.258175080382079297e-03
1.398919471717078363e-03
1.469983725195247830e-03
1.471254119698093849e-03
1.405062511032691098e-03
1.276095882167325828e-03
1.091223552840232466e-03
8.592481376820927880e-04
5.905890127395279450e-04
2.969094139277969721e-04
-9.299735342681907861e-06
-3.151646554843458856e-04
-6.078865866230551184e-04
-8.751966394659342662e-04
-1.105791659537676275e-03
-1.289735810579222854e-03
-1.418813786324925634e-03
-1.486823257135896307e-03
-1.489796289582809600e-03
-1.426141968334950112e-03
-1.296705213314705086e-03
-1.104739724165788081e-03
-8.557959956573504183e-04
-5.575283261630044340e-04
-2.194275824301307205e-04
1.475109120766810019e-04
5.311727221756984765e-04
9.187493684596485972e-04
1.297188212146836240e-03
1.653651380238004617e-03
1.975967634925755549e-03
2.253061336314823426e-03
2.475343448154609417e-03
2.635050864413784368e-03
2.726522143609688264e-03
2.746399964458023056e-03
2.693753182613362919e-03
2.570114184111772782e-03
2.379430197938374111e-03
2.127930243969366510e-03
1.823912347775738128e-03
1.477458446873197804e-03
1.100086946088877065e-03
7.043550640300476904e-04
3.034248716437185751e-04
-8.939180408797369349e-05
-4.610936977374693489e-04
-7.994395476645466212e-04
-1.093370947074137189e-03
-1.333393819449122915e-03
-1.511905183185665441e-03
-1.623453786664095806e-03
-1.664925511371810390e-03
-1.635647075890810402e-03
-1.537404435235520395e-03
-1.374375257904654826e-03
-1.152977872401063190e-03
-8.816420004290602972e-04
-5.705093329951139818e-04
-2.310744622438544167e-04
1.242212300171839992e-04
4.824284796756102907e-04
8.305464489830605146e-04
1.155980434338660986e-03
1.446984924167244585e-03
1.693076473479709389e-03
1.885401921662147734e-03
2.017049047197924747e-03
2.083288772455661048e-03
2.081740432600915486e-03
2.012454320966575692e-03
1.877908624283451938e-03
1.682920863359119732e-03
1.434476952887270458e-03
1.141483883002895839e-03
8.144547037271666467e-04
4.651368676996991470e-04
1.060969733674706585e-04
-2.497235195402021271e-04
-5.894660114833078727e-04
-9.008098582602735343e-04
-1.172408867064992288e-03
-1.394293871019393121e-03
-1.558227247142201805e-03
-1.657996925561499527e-03
-1.689639557115640671e-03
-1.651584988054056969e-03
-1.544716947392698160e-03
-1.372347787997684788e-03
-1.140108133802706248e-03
-8.557552671909667615e-04
-5.289069380114055224e-04
-1.707098891731311831e-04
2.065453183090631983e-04
5.898497157354350411e-04
9.659266969924517991e-04
1.321692383632051219e-03
1.644709482567226037e-03
1.923618761138221230e-03
2.148533047397588672e-03
2.311379975269010206e-03
2.406181488792722301e-03
2.429260334102376767e-03
2.379366324494618188e-03
2.257717973370433964e-03
2.067958053508549537e-03
1.816024655233104169e-03
1.509942274951188348e-03
1.159540265585709811e-03
7.761085235077067653e-04
3.720024835768907367e-04
-3.978873214559379120e-05
-4.460958776934760344e-04
-8.340289657763757603e-04
-1.191426375428876125e-03
-1.507277952981144311e-03
-1.772107288324142535e-03
-1.978299781381759846e-03
-2.120365015637503802e-03
-2.195124259836627595e-03
-2.201816544839494804e-03
-2.142119618013748304e-03
-2.020085062453012836e-03
-1.841989878092712514e-03
-1.616109750982119495e-03
-1.352421982913353925e-03
-1.062248520072008040e-03
-7.578516199235392926e-04
-4.519963565703881522e-04
-1.574953280953927687e-04
1.132484458220814382e-04
3.486843833682064676e-04
5.385274027916821856e-04
6.741266765093252740e-04
7.487771184589851921e-04
7.579626524639123709e-04
6.995226997520578947e-04
5.737360143453697648e-04
3.833188915165306344e-04
1.333377754057017521e-04
-1.689607079595218525e-04
-5.143963717238729007e-04
-8.921701358524642246e-04
-1.290235748360343999e-03
-1.695715566657115527e-03
-2.095345860240569943e-03
-2.475936059989389953e-03
-2.824825888945821026e-03
-3.130324381934978303e-03
-3.382115434107000988e-03
-3.571615689347843771e-03
-3.692272247464258635e-03
-3.739789775670071016e-03
-3.712279081374681051e-03
-3.610321953006973353e-03
-3.436950007254142847e-03
-3.197538291936926659e-03
-2.899617378287028605e-03
-2.552610530067507110e-03
-2.167505159796971788e-03
-1.756470082407681150e-03
-1.332431973399757089e-03
-9.086258654962097846e-04
-4.981354249656296624e-04
-1.134391043846481786e-04
2.340219397889650201e-04
5.342390415553589181e-04
7.789805033116224946e-04
9.620733085266607379e-04
1.079612221853951202e-03
1.130088975912170533e-03
1.114437046209715548e-03
1.035990475449146721e-03
9.003582219985886486e-04
7.152184690517295268e-04
4.900401371253014201e-04
2.357413947250895062e-04
-3.570282918957280315e-05
-3.116905393022562196e-04
-5.794444783929044232e-04
-8.264701705459598889e-04
-1.041004112451228338e-03
-1.212436367093186690e-03
-1.331692711012600998e-03
-1.391562903715157012e-03
-1.386963536027309733e-03
-1.315126207092225758e-03
-1.175704396910011223e-03
-9.707952511423998364e-04
-7.048754774572383404e-04
-3.846535634646919971e-04
-1.884345978774536190e-05
3.821323747855315820e-04
8.065001922914834427e-04
1.241539951491581759e-03
1.674023927441141207e-03
2.090673591650022301e-03
2.478618777458435445e-03
2.825843062998635580e-03
3.121599784801649090e-03
3.356784121903395608e-03
3.524248227236839812e-03
3.619048376320552554e-03
3.638615482934939860e-03
3.582843014239053998e-03
3.454089229626922542e-03
3.257093667229630021e-03
2.998810804238826767e-03
2.688166716966696162e-03
2.335747262166856797e-03
1.953428698173815311e-03
1.553963678890892290e-03
1.150537114989373579e-03
7.563074501743397623e-04
3.839494091200756735e-04
4.521421986320188144e-05
-2.494773010394246270e-04
-4.913945658865997643e-04
-6.737973533377285013e-04
-7.921657767225370392e-04
-8.443520543423641955e-04
-8.306487946643501853e-04
-7.537714361469077372e-04
-6.187554908275743519e-04
-4.327722272935210232e-04
-2.048692875847830204e-04
5.435463623453429694e-05
3.331296288651594247e-04
6.189355346532838132e-04
8.989493068794874404e-04
1.160503009784159606e-03
1.391536386473711615e-03
1.581028096548628848e-03
1.719390475187626121e-03
1.798813944302183991e-03
1.813548971425172837e-03
1.760115661362136310e-03
1.637433602590433702e-03
1.446867386035520725e-03
1.192186170215203071e-03
8.794386802193414300e-04
5.167479929798850756e-04
1.140332738783205596e-04
-3.173318086315292646e-04
-7.649120428106669827e-04
-1.215641257927930260e-03
-1.656275462559147257e-03
-2.073852673817086056e-03
-2.456143337664946392e-03
-2.792075567805827295e-03
-3.072120310632649176e-03
-3.288622945542432705e-03
-3.436069704455223250e-03
-3.511279575956279160e-03
-3.513514968161691142e-03
-3.444507248791924860e-03
-3.308396261364365820e-03
-3.111585928457494959e-03
-2.862520991120116876e-03
-2.571392694753688209e-03
-2.249783719436111371e-03
-1.910264779520630396e-03
-1.565957008914939516e-03
-1.230075445457252861e-03
-9.154695883215294323e-04
-6.341771032662654219e-04
-3.970062882628331864e-04
-2.131619028064373703e-04
-8.992744339700428809e-05
-3.241496857630827427e-05
-4.339120887739741222e-05
-1.231860230667474691e-04
-2.696863758426845496e-04
-4.784160148358260981e-04
-7.426980213716455250e-04
-1.053894505246404708e-03
-1.401715010504277995e-03
-1.774582791611992779e-03
-2.160046091872442047e-03
-2.545219979447534836e-03
-2.917243226212484428e-03
-3.263734188335183292e-03
-3.573229683404655598e-03
-3.835591455857929703e-03
-4.042365959452446332e-03
-4.187084822752974896e-03
-4.265495443670246599e-03
-4.275713609107018726e-03
-4.218292769875483898e-03
-4.096207523431870043e-03
-3.914751865215906901e-03
-3.681355758061526616e-03
-3.405326433522862326e-03
-3.097523478653713483e-03
-2.769979084279570840e-03
-2.435476754714173755e-03
-2.107103236769261242e-03
-1.797789366688651823e-03
-1.519855924328061651e-03
-1.284580410798420030e-03
-1.101799934947299796e-03
-9.795641310689226847e-04
-9.238502793538520483e-04
-9.383506231572936833e-04
-1.024339349469737415e-03
-1.180623909579306408e-03
-1.403582403555973584e-03
-1.687285738344331161e-03
-2.023700300523984842e-03
-2.402964065204744003e-03
-2.813726490861976834e-03
-3.243540316292724268e-03
-3.679291558547719259e-03
-4.107652673343417313e-03
-4.515543028938105719e-03
-4.890580589163516859e-03
-5.221509010179109338e-03
-5.498585217732671580e-03
-5.713913917051289225e-03
-5.861717347403934408e-03
-5.938530862694658789e-03
-5.943317518641980102e-03
-5.877497685095454949e-03
-5.744892679387182503e-03
-5.551584428984398384e-03
-5.305696113543544729e-03
-5.017101504682202652e-03
-4.697073219384378245e-03
-4.357882242420956127e-03
-4.012362779535824132e-03
-3.673457716630784860e-03
-3.353760638263162275e-03
-3.065070477694979527e-03
-2.817974426341894080e-03
-2.621473738344370051e-03
-2.482665560896901193e-03
-2.406491955673645874e-03
-2.395564920057029895e-03
-2.450073551500310358e-03
-2.567776617644722606e-03
-2.744080799722356783e-03
-2.972201872270858244e-03
-3.243403173559122540e-03
-3.547303010308780220e-03
-3.872240222296915134e-03
-4.205685091983251550e-03
-4.534681192931698870e-03
-4.846302684267498814e-03
-5.128111014811908078e-03
-5.368595018926617529e-03
-5.557578965845910712e-03
-5.686584245071782916e-03
-5.749131992991539028e-03
-5.740976033400679857e-03
-5.660257944636816821e-03
-5.507578793059368996e-03
-5.285984991094333854e-03
-5.000868745743076993e-03
-4.659786554942636945e-03
-4.272202079642560893e-03
-3.849162368350233718e-03
-3.402918745377019657e-03
-2.946505612292477441e-03
-2.493291886247047014e-03
-2.056520757201761845e-03
-1.648853855125974408e-03
-1.281935763559903779e-03
-9.659941030084786672e-04
-7.094891614189482998e-04
-5.188253131655868808e-04
-3.981343033453775375e-04
-3.491379566281497572e-04
-3.710950876196464528e-04
-4.608344401781786556e-04
-6.128724697261720041e-04
-8.196118109059843254e-04
-1.071613447071735658e-03
-1.357933017101327269e-03
-1.666509449290741376e-03
-1.984592280341742742e-03
-2.299192663853304609e-03
-2.597542244699756111e-03
-2.867543802230617181e-03
-3.098197855930556483e-03
-3.279990271835780437e-03
-3.405227277006570713e-03
-3.468306134721653097e-03
-3.465911990112747337e-03
-3.397133985594962078e-03
-3.263496576913917525e-03
-3.068904954693115264e-03
-2.819506488797267688e-03
-2.523473058057166315e-03
-2.190711902711958703e-03
-1.832515144069933773e-03
-1.461160267503835465e-03
-1.089475585573650238e-03
-7.303859275030381935e-04
-3.964544963330760615e-04
-9.943697147124876991e-05
1.501364927444675569e-04
3.433366974802773853e-04
4.731550738440593994e-04
5.347563684731946113e-04
5.256554533183523462e-04
4.458120301246806024e-04
2.976398760102794399e-04
8.593027011260818276e-05
-1.823077523780555157e-04
-4.980847586955683762e-04
-8.507376102647862520e-04
-1.228294779364539919e-03
-1.617887528184735893e-03
-2.006192580710395093e-03
-2.379890814157255459e-03
-2.726125935008436377e-03
-3.032947104743011386e-03
-3.289720042105799200e-03
-3.487492232561323520e-03
-3.619299482728677644e-03
-3.680403111795309615e-03
-3.668449501179196076e-03
-3.583546442930915423e-03
-3.428253641260612349e-03
-3.207487728039469174e-03
-2.928345146817847109e-03
-2.599849135927325382e-03
-2.232629698820156987e-03
-1.838547795830562962e-03
-1.430276943819217298e-03
-1.020856900284760477e-03
-6.232350842886918898e-04
-2.498118137613709617e-04
8.799469752204911073e-05
3.801483349992274344e-04
6.183460514555280760e-04
7.963075098784138002e-04
9.099932542258974948e-04
9.577437684040969110e-04
9.403345585331703699e-04
8.609453388042191679e-04
7.250444136754817743e-04
5.401923232521188599e-04
3.157716502120174297e-04
6.265247634882926010e-05
-2.071947660549598182e-04
-4.811254573414448787e-04
-7.462710082716370215e-04
-9.899973279067744887e-04
-1.200355446139138825e-03
-1.366508468735691756e-03
-1.479119870633234437e-03
-1.530689486670264643e-03
-1.515825390537286696e-03
-1.431442098297076426e-03
-1.276878113685509745e-03
-1.053928658118239792e-03
-7.667923998842713935e-04
-4.219340102783145519e-04
-2.786732382139677638e-05
4.051333381075749359e-04
8.653836034496933775e-04
1.340189004149977981e-03
1.816280472303425514e-03
2.280270154587836062e-03
2.719111608955499491e-03
3.120548292965897100e-03
3.473534662236208055e-03
3.768615155936051730e-03
3.998247820478191376e-03
4.157061260905793587e-03
4.242035944034067835e-03
4.252603526371377674e-03
4.190660750406978441e-03
4.060497444429647315e-03
3.868641168813937142e-03
3.623623970291369248e-03
3.335679432851847495e-03
3.016380654043592218e-03
2.678231843063499321e-03
2.334227859712544127e-03
1.997397134182795665e-03
1.680343987477585319e-03
1.394806390737766315e-03
1.151244658219168458e-03
9.584754821970041961e-04
8.233641267452445484e-04
7.505855569268425447e-04
7.424628619445154849e-04
7.988886199825516107e-04
9.173319438197423750e-04
1.092930941745876797e-03
1.318667333163292890e-03
1.585617077464703591e-03
1.883268209305407649e-03
2.199894716642536094e-03
2.522973332488101690e-03
2.839628606095002603e-03
3.137090627017827347e-03
3.403149330940000508e-03
3.626589434918508700e-03
3.797590727609779712e-03
3.908079653353994237e-03
3.952019835196487682e-03
3.925631321228134976e-03
3.827530836068502619e-03
3.658788087382242558e-03
3.422896119013124801e-03
3.125656714558559986e-03
2.774984832435114200e-03
2.380638891372889587e-03
1.953886324376564836e-03
1.507116088422405433e-03
1.053411677001678650e-03
6.060995678941344129e-04
1.782889007122806643e-04
-2.175815124201136135e-04
-5.701729950326530358e-04
-8.696385958582116731e-04
-1.107962759704094434e-03
-1.279237196948129806e-03
-1.379863302630952252e-03
-1.408674047821934514e-03
-1.366971085574791855e-03
-1.258475782565742244e-03
-1.089195901402648103e-03
-8.672126120071959156e-04
-6.023952999228415891e-04
-3.060541671536679627e-04
9.457201371633846458e-06
3.311753816819023514e-04
6.459815779272122787e-04
9.410610948699916177e-04
1.204351724606498274e-03
1.424965347081739260e-03
1.593567984724135944e-03
1.702705009416476817e-03
1.747060123940258163e-03
1.723639062554759016e-03
1.631871595106082484e-03
1.473628283496126578e-03
1.253151428094557941e-03
9.769026500104729428e-04
6.533324776309237022e-04
2.925800400660568843e-04
-9.388657970201897459e-05
-4.936766989494960128e-04
-8.939158262187183422e-04
-1.281701481633093541e-03
-1.644560041845757534e-03
-1.970888568837306752e-03
-2.250366107924350618e-03
-2.474320010308127520e-03
-2.636034411787081203e-03
-2.730990026641934298e-03
-2.757026823131538719e-03
-2.714423850149709841e-03
-2.605893388662322563e-03
-2.436489604802805076e-03
-2.213434878708669864e-03
-1.945869869299485504e-03
-1.644536049087044153e-03
-1.321401811067205844e-03
-9.892452287851094886e-04
-6.612080714343964187e-04
-3.503366850477083669e-04
-6.912581308702908829e-05
1.709186711592992989e-04
3.596828084951549966e-04
4.887992591940031138e-04
5.519412465561817412e-04
5.450454422377026993e-04
4.664559845873211298e-04
3.169845824889342290e-04
9.988459533421330423e-05
-1.792600081993271643e-04
-5.127269294524948104e-04
-8.909223296622997834e-04
-1.302712794210735296e-03
-1.735810853450878068e-03
-2.177200567769248946e-03
-2.613588282715685086e-03
-3.031862780036104470e-03
-3.419548723106213047e-03
-3.765237532046220720e-03
-4.058980616392073026e-03
-4.292631213825191805e-03
-4.460122885835667364e-03
-4.557674942147931126e-03
-4.583917627440844793e-03
-4.539932716573767332e-03
-4.429208129620471057e-03
-4.257508191607779248e-03
-4.032664118350546417e-03
-3.764292105565708764e-03
-3.463448935564451912e-03
-3.142237205356833082e-03
-2.813374045232145283e-03
-2.489738475944257550e-03
-2.183913300714795079e-03
-1.907737619155583852e-03
-1.671885677218890249e-03
-1.485486843482921150e-03
-1.355800059846215544e-03
-1.287954204580788516e-03
-1.284763494619263913e-03
-1.346624422915565240e-03
-1.471497867924365186e-03
-1.654977025875490520e-03
-1.890438807230878423e-03
-2.169273411962244907e-03
-2.481184056644363672e-03
-2.814546365902794844e-03
-3.156814847714351814e-03
-3.494962219787347939e-03
-3.815936200655713206e-03
-4.107117764641152018e-03
-4.356764806014257023e-03
-4.554425666416533035e-03
-4.691308033075420811e-03
-4.760590276650194380e-03
-4.757664311989203559e-03
-4.680301462080756897e-03
-4.528735501058108945e-03
-4.305659951827563690e-03
-4.016139716128861240e-03
-3.667440114416511097e-03
-3.268779304770483892e-03
-2.831012732781286109e-03
-2.366260644010687031e-03
-1.887491683827979307e-03
-1.408077146327091703e-03
-9.413314607951539905e-04
-5.000549848569156314e-04
-9.609509112634565323e-05
2.600591081526244276e-04
5.596342338848178059e-04
7.958698218115903972e-04
9.642448381314686935e-04
1.062625630999173903e-03
1.091330173359376064e-03
1.053106386181602806e-03
9.530253420719430680e-04
7.982931319378590166e-04
5.979880273557007476e-04
3.627321886697753282e-04
1.043094619213206045e-04
-1.647573038848252572e-04
-4.316545700885690280e-04
-6.837363060913188503e-04
-9.089759801659202335e-04
-1.096396470915805398e-03
-1.236462802154860569e-03
-1.321423908367720841e-03
-1.345591425755924154e-03
-1.305545712521668806e-03
-1.200261854084799622e-03
-1.031151214933380238e-03
-8.020170604372691510e-04
-5.189257854174329646e-04
-1.899982459541863043e-04
1.748715068878055464e-04
5.643602462455460595e-04
9.661102948330748969e-04
1.367161130337202386e-03
1.754402749686022204e-03
2.115034905922493283e-03
2.437016122976823351e-03
2.709486749190153157e-03
2.923151217550750986e-03
3.070606107487655525e-03
3.146602499736860046e-03
3.148233415800570471e-03
3.075039756276163119e-03
2.929031005943319530e-03
2.714619957980701423e-03
2.438473720466422228e-03
2.109286199906299560e-03
1.737480006211768310e-03
1.334848194970833339e-03
9.141483694256770506e-04
4.886633324791677530e-04
7.174364985985471135e-05
-3.236518817400995491e-04
-6.854017953424043283e-04
-1.002637967387034210e-03
-1.266117544729620983e-03
-1.468537790576414891e-03
-1.604782855549123210e-03
-1.672093865685485249e-03
-1.670156406264759145e-03
-1.601102374741174153e-03
-1.469426176349929256e-03
-1.281818236987004129e-03
-1.046921704597520873e-03
-7.750209010387924769e-04
-4.776724769302374937e-04
-1.672922285997189445e-04
1.432879114240950217e-04
4.412771552309111434e-04
7.143813580371197441e-04
9.512407449534130907e-04
1.141834501189408109e-03
1.277838023999305905e-03
1.352920295550669519e-03
1.362970936318600368e-03
1.306248964957671798e-03
1.183448036448628976e-03
9.976758594264370852e-04
7.543485033190373357e-04
4.610032907853445650e-04
1.270368263309630411e-04
-2.366226621682510295e-04
-6.178971880168488990e-04
-1.003981693340350121e-03
-1.381792743845977394e-03
-1.738427500954844301e-03
-2.061616879016013679e-03
-2.340156996725142879e-03
-2.564303790188985407e-03
-2.726116943739610114e-03
-2.819741068462352715e-03
-2.841614255309909617e-03
-2.790596672658052745e-03
-2.668014678114518767e-03
-2.477618873215381521e-03
-2.225457543658257431e-03
-1.919669891320336698e-03
-1.570206273648713704e-03
-1.188485222652742139e-03
-7.869992300894720298e-04
-3.788830799231606436e-04
2.254017911984573016e-05
4.042197450515844876e-04
7.538279554499415945e-04
1.060185796103537206e-03
1.313648149464111603e-03
1.506435317507866115e-03
1.632899235901510288e-03
1.689715084389370545e-03
1.675991611891755736e-03
1.593296342351542636e-03
1.445594809107488823e-03
1.239105977029007072e-03
9.820789472976625654e-04
6.844987967019147993e-04
3.577318850216832931e-04
1.412308356270531228e-05
-3.334409391045424541e-04
-6.719870506064070607e-04
-9.889136333517960405e-04
-1.272435143527443548e-03
-1.511997658158906232e-03
-1.698650836710478363e-03
-1.825363253248807761e-03
-1.887270041872281820e-03
-1.881844172283886514e-03
-1.808985350853103882e-03
-1.671023431403332107e-03
-1.472636218032704128e-03
-1.220684544459445719e-03
-9.239704154654907646e-04
-5.929266943242993571e-04
-2.392492210765226205e-04
1.245157339845344023e-04
4.854142100136780362e-04
8.305419568400196134e-04
1.147500450341992296e-03
1.424835521300803903e-03
1.652443204562421006e-03
1.821928562353635449e-03
1.926904881942912047e-03
1.963222735828281697e-03
1.929120849112818132e-03
1.825293457620385130e-03
1.654871765640604552e-03
1.423320121468787773e-03
1.138250516677935184e-03
8.091618766329215003e-04
4.471132448600374787e-04
6.434228018168108030e-05
-3.261575981495736963e-04
-7.110866328820346360e-04
-1.077299003030347552e-03
-1.412257853491029900e-03
-1.704469166656183768e-03
-1.943879303277701916e-03
-2.122222311962088971e-03
-2.233304865754573258e-03
-2.273218868664744763e-03
-2.240474308155906719e-03
-2.136047722806853292e-03
-1.963344609687526707e-03
-1.728077109917107706e-03
-1.438061277790255669e-03
-1.102941054807750863e-03
-7.338486362657286330e-04
-3.430131448250400665e-04
5.666866532040088422e-05
4.520846218165619490e-04
8.303664124524362707e-04
1.179339830568874262e-03
1.487950208654621395e-03
1.746648133050252190e-03
1.947721926890935446e-03
2.085565256133493917e-03
2.156870489273053897e-03
2.160741045401973291e-03
2.098718806337775047e-03
1.974725647080577146e-03
1.794921150470839668e-03
1.567481511062969197e-03
1.302307396907093941e-03
1.010671029286744132e-03
7.048148721838917372e-04
3.975160206270095340e-04
1.016315806351157560e-04
-1.703589989811170238e-04
-4.067985745603988146e-04
-5.972683219377299211e-04
-7.329605061895810847e-04
-8.069949102443841043e-04
-8.146677993811084380e-04
-7.536246621227097892e-04
-6.239506386263382956e-04
-4.281754317988055187e-04
-1.711924929610724854e-04
1.399047220553605378e-04
4.960637242412688826e-04
8.865827814207592793e-04
1.299478706066966791e-03
1.721899786942744301e-03
2.140569427743690446e-03
2.542244978810182139e-03
2.914175714345168273e-03
3.244543936130014124e-03
3.522873774477179587e-03
3.740393387437157720e-03
3.890337890488600181e-03
3.968182423932724648e-03
3.971797211283616472e-03
3.901519193389795491e-03
3.760137744135026369e-03
3.552794981997432766e-03
3.286804182085780422e-03
2.971392660745014909e-03
2.617378148959860571e-03
2.236789998942323703e-03
1.842448498895354718e-03
1.447517036360867169e-03
1.065042799447092712e-03
7.075021043489795880e-04
3.863662729520574071e-04
1.117032617251453516e-04
-1.081710121076113595e-04
-2.669794449735331515e-04
-3.606985911594692579e-04
-3.876940688246504653e-04
-3.487718056071763446e-04
-2.471433527742380055e-04
-8.830650998047605282e-05
1.201545278270844778e-04
3.688424680489227293e-04
6.468840541300466046e-04
9.423191884841868645e-04
1.242528374751419471e-03
1.534683465599388482e-03
1.806205884647347744e-03
2.045216228382291251e-03
2.240959455356995866e-03
2.384190724951860702e-03
2.467508326587987324e-03
2.485621994191084851e-03
2.435547164961247499e-03
2.316718336759365348e-03
2.131017513734083726e-03
1.882716705828509779e-03
1.578336460236434745e-03
1.226425346160207224e-03
8.372680852154197433e-04
4.225325214263952111e-04
-5.132230704177269767e-06
-4.325324092425224232e-04
-8.463857280765709921e-04
-1.233781044345365688e-03
-1.582625487899327107e-03
-1.882063407957365814e-03
-2.122852477552361530e-03
-2.297683795374565706e-03
-2.401434784715343086e-03
-2.431346041706955625e-03
-2.387115947523853199e-03
-2.270909738370978717e-03
-2.087282722056257867e-03
-1.843020335790656900e-03
-1.546900651262277972e-03
-1.209387647982508498e-03
-8.422659992780297082e-04
-4.582301621954618228e-04
-7.044216128093922034e-05
3.079264493140432529e-04
6.641524090079438261e-04
9.864023327891737608e-04
1.264142597038709920e-03
1.488503187110701027e-03
1.652582780017639551e-03
1.751684396835340076e-03
1.783473394329688957e-03
1.748052288480951739e-03
1.647949818609788144e-03
1.488024667502313306e-03
1.275287244923253502e-03
1.018645814346177394e-03
7.285858949574961505e-04
4.167942100633514326e-04
9.574039697672903778e-05
-2.217688258361760366e-04
-5.230473730048739583e-04
-7.959833099588556728e-04
-1.029472243123955022e-03
-1.213815357045147387e-03
-1.341068111969937393e-03
-1.405327344806925035e-03
-1.402946675432944785e-03
-1.332672633399387650e-03
-1.195696699118118430e-03
-9.956214012036405415e-04
-7.383416245171908884e-04
-4.318452560187180898e-04
-8.594012361428813793e-05
2.880832323182019612e-04
6.778411647057838328e-04
1.070285275526857652e-03
1.452154534295003194e-03
1.810435337224992284e-03
2.132813404542974970e-03
2.408101697098930828e-03
2.626629371384055570e-03
2.780578154896931348e-03
2.864254363795247938e-03
2.874287037449718349e-03
2.809745250957816371e-03
2.672170496255812239e-03
2.465522996047059441e-03
2.196043828155407052e-03
1.872037685532730849e-03
1.503583875721064850e-03
1.102185675738678438e-03
6.803703161062937214e-04
2.512535954546005592e-04
-1.719156356744656715e-04
-5.762151799447864323e-04
-9.494973006282877732e-04
-1.280808963506770712e-03
-1.560769813242615656e-03
-1.781894666929768152e-03
-1.938849253300759358e-03
-2.028630266662389669e-03
-2.050663458037691421e-03
-2.006816359219829472e-03
-1.901325227807256933e-03
-1.740638807927615515e-03
-1.533184416909685096e-03
-1.289064590460075720e-03
-1.019694952548845816e-03
-7.373960359259860075e-04
-4.549533928026334843e-04
-1.851614461940635607e-04
5.963289819263723791e-05
2.679708517849379093e-04
4.296910808854576772e-04
5.362934048538485488e-04
5.812440775477443426e-04
5.602119230135012631e-04
4.712270206954811969e-04
3.147563508589187615e-04
9.369372233595575118e-05
-1.867356899209015979e-04
-5.191528759802754509e-04
-8.942783915422557357e-04
-1.301252768197391253e-03
-1.728012723295506295e-03
-2.161710001907789312e-03
-2.589158187232390874e-03
-2.997291833442581460e-03
-3.373621840841658712e-03
-3.706671122493997508e-03
-3.986375299727422036e-03
-4.204434386943202255e-03
-4.354603141180658603e-03
-4.432909898778474023e-03
-4.437796225034974090e-03
-4.370172475277621371e-03
-4.233387310065621530e-03
-4.033112220206501626e-03
-3.777145093299415918e-03
-3.475139688350331948e-03
-3.138270479309920175e-03
-2.778844591264761910e-03
-2.409874405180577241e-03
-2.044625783658068560e-03
-1.696157722888631120e-03
-1.376869535015098813e-03
-1.098071399940430543e-03
-8.695933055824966919e-04
-6.994460493870296742e-04
-5.935461487602054602e-04
-5.555142679275915790e-04
-5.865541920687159481e-04
-6.854165567090509271e-04
-8.484485701928774163e-04
-1.069727953691356056e-03
-1.341276372213242186e-03
-1.653344844887643739e-03
-1.994761100975185521e-03
-2.353326678001925205e-03
-2.716249816138719981e-03
-3.070598949515506923e-03
-3.403760874483084935e-03
-3.703887512162595645e-03
-3.960315583649659694e-03
-4.163944466906613351e-03
-4.307558971362623543e-03
-4.386085698134214138e-03
-4.396773982873143638e-03
-4.339295062920461334e-03
-4.215755978012340234e-03
-4.030627703751014229e-03
-3.790590024639492635e-03
-3.504298573280836739e-03
-3.182082192036294124e-03
-2.835581217357803843e-03
-2.477339359509329701e-03
-2.120363478833155960e-03
-1.777666687027177998e-03
-1.461810788563215613e-03
-1.184464102825515119e-03
-9.559901708796779071e-04
-7.850817707900580554e-04
-6.784530799215989384e-04
-6.406007872374859871e-04
-6.736425445506640138e-04
-7.772384375875657659e-04
-9.485982504625831147e-04
-1.182574292607606586e-03
-1.471836560627967248e-03
-1.807124123960641678e-03
-2.177563953630662266e-03
-2.571046051376633858e-03
-2.974641764708527494e-03
-3.375050661156600920e-03
-3.759060335057779964e-03
-4.114003067739206362e-03
-4.428193372750182689e-03
-4.691331127978237356e-03
-4.894856202575955523e-03
-5.032242186358134792e-03
-5.099218963141579491e-03
-5.093916362620876451e-03
-5.016923890440590575e-03
-4.871264476247369815e-03
-4.662283191660209977e-03
-4.397454868736492758e-03
-4.086117390263337493e-03
-3.739140026528490514e-03
-3.368538467903702677e-03
-2.987050068903964340e-03
-2.607684211975983078e-03
-2.243263569327852772e-03
-1.905972358158792906e-03
-1.606927437582083380e-03
-1.355787293022526823e-03
-1.160412624042925396e-03
-1.026590441021434184e-03
-9.578313483175598247e-04
-9.552471246049064682e-04
-1.017512894874869882e-03
-1.140915221921739173e-03
-1.319484431875201725e-03
-1.545206534151501165e-03
-1.808307304580581342e-03
-2.097598569267934872e-03
-2.400874544675037168e-03
-2.705344332926385396e-03
-2.998085402035000936e-03
-3.266502143072114173e-03
-3.498773416150283665e-03
-3.684273380766142636e-03
-3.813950840124952658e-03
-3.880653780822347285e-03
-3.879387707827137814e-03
-3.807498692871637107e-03
-3.664774690889403830e-03
-3.453461541663814180e-03
-3.178193062064558518e-03
-2.845837643447671813e-03
-2.465266693537099089e-03
-2.047052999909454874e-03
-1.603109547136247030e-03
-1.146281405678295940e-03
-6.899049546801776581e-04
-2.473498452703123008e-04
1.684402842676468092e-04
5.453922862150933047e-04
8.727176373485712310e-04
1.141281755209361476e-03
1.343915592669478161e-03
1.475658628587439179e-03
1.533924775347776312e-03
1.518585424042384786e-03
1.431966750373331191e-03
1.278761407339489616e-03
1.065857729190305492e-03
8.020924599268817535e-04
4.979356975829844550e-04
1.651191187951537025e-04
-1.837794663827614205e-04
-5.357806514133527532e-04
-8.779614668282437239e-04
-1.197910844708939028e-03
-1.484166540883899606e-03
-1.726618193896425034e-03
-1.916862388984930717e-03
-2.048497279742107335e-03
-2.117346440745707277e-03
-2.121604106959387118e-03
-2.061896713084415862e-03
-1.941258581667216088e-03
-1.765022619752754530e-03
-1.540629864698656384e-03
-1.277364565964653632e-03
-9.860241015203382014e-04
-6.785353134370857150e-04
-3.675307271343438115e-04
-6.589952675090571168e-05
2.136709541404021098e-04
4.591471328437516514e-04
6.595786048966096552e-04
8.054900201655275198e-04
8.892216435514182539e-04
9.052066328078336738e-04
8.501752821170748160e-04
7.232790380671306769e-04
5.261299048966619051e-04
2.627538198555841482e-04
-6.054040659323346035e-05
-4.353720328379971378e-04
-8.515718587534217487e-04
-1.297528335851632578e-03
-1.760584227022648877e-03
-2.227469956472260051e-03
-2.684758504477938353e-03
-3.119325946140105114e-03
-3.518801534880882861e-03
-3.871991596991558159e-03
-4.169262420248084564e-03
-4.402868755382240151e-03
-4.567216453708517615e-03
-4.659050070732394418e-03
-4.677558893286714627e-03
-4.624397704587603249e-03
-4.503621587469180260e-03
-4.321537076326448061e-03
-4.086474897492725633e-03
-3.808492283267639073e-03
-3.499015310397928565e-03
-3.170433813108470156e-03
-2.835663080233149971e-03
-2.507687707465953639e-03
-2.199103598553236918e-03
-1.921674171566348103e-03
-1.685916326057532730e-03
-1.500730681455568656e-03
-1.373089043146844468e-03
-1.307790044775736585e-03
-1.307291523757309146e-03
-1.371625495640358414e-03
-1.498398696110401921e-03
-1.682878658601545544e-03
-1.918162295857618518e-03
-2.195421060468624383e-03
-2.504214073804986260e-03
-2.832858228996470822e-03
-3.168842275195717616e-03
-3.499270347363781040e-03
-3.811319372294503030e-03
-4.092694293779469521e-03
-4.332065134806466732e-03
-4.519470549860229655e-03
-4.646673693502699314e-03
-4.707457901348302380e-03
-4.697851787804784365e-03
-4.616275837648445811e-03
-4.463605318999740515e-03
-4.243147277181000439e-03
-3.960532379534575757e-03
-3.623525365061176437e-03
-3.241760705147461469e-03
-2.826412702734860689e-03
-2.389811555188941627e-03
-1.945018800335338114e-03
-1.505376989254377526e-03
-1.084049333564257069e-03
-6.935654273841035215e-04
-3.453889325970554286e-04
-4.952234783667242013e-05
1.858373162906784386e-04
3.545799153863229969e-04
4.528907664327853563e-04
4.793791720803771209e-04
4.351223899804546394e-04
3.236235239556808051e-04
1.506848279547343909e-04
-7.579912441391090626e-05
-3.461211462143530320e-04
-6.491042094608891286e-04
-9.724952658408715384e-04
-1.303396311936029376e-03
-1.628717592269800490e-03
-1.935637060141607224e-03
-2.212049999290044162e-03
-2.446993056545374891e-03
-2.631027834612952292e-03
-2.756570613460201762e-03
-2.818156658714425500e-03
-2.812629869780078774e-03
-2.739251138646167302e-03
-2.599721640819371675e-03
-2.398120262592114832e-03
-2.140757379407325078e-03
-1.835950132910072526e-03
-1.493727106601959280e-03
-1.125472775384140332e-03
-7.435242159416114533e-04
-3.607342388829599413e-04
9.983718857324119615e-06
3.561129628919110701e-04
6.659771131787565112e-04
9.291543033748591576e-04
1.136847461304170501e-03
1.282197662919361009e-03
1.360529546929619945e-03
1.369520158129673357e-03
1.309285270968726283e-03
1.182380137006253367e-03
9.937145992680261868e-04
7.503855180348746601e-04
4.614323510864923534e-04
1.375244253108801355e-04
-2.094091685266229142e-04
-5.665941141089073443e-04
-9.208553387296217630e-04
-1.259075860583281628e-03
-1.568653955899288258e-03
-1.837942644663817949e-03
-2.056656111313778530e-03
-2.216228833406136845e-03
-2.310114846343931834e-03
-2.334016667790967444e-03
-2.286035868009527600e-03
-2.166740015726955227e-03
-1.979143657156368433e-03
-1.728603995873234569e-03
-1.422634927916155683e-03
-1.070645945091189613e-03
-6.836150498554290772e-04
-2.737071351754663475e-04
1.461488085355973853e-04
5.627088567758165060e-04
9.628739601090960084e-04
1.334144303693657243e-03
1.665052314768322283e-03
1.945559165847350527e-03
2.167400902404259706e-03
2.324372090819081318e-03
2.412537073395103551e-03
2.430361455534903008e-03
2.378759246748313877e-03
2.261054034043450539e-03
2.082855579805758302e-03
1.851856200894207985e-03
1.577554097487950547e-03
1.270913360666854706e-03
9.439726070795095543e-04
6.094159895696665309e-04
2.801216512016956863e-04
-3.129651945855797552e-05
-3.129377393867818378e-04
-5.540380255527555193e-04
-7.453538518976056577e-04
-8.794922915938906908e-04
