9.257834330289344427e-04 -1.259520150234057050e-03
7.405254965853997695e-04 -1.328186099314940683e-03
6.164178850395975618e-04 -1.442603446251894796e-03
5.885042141735424013e-04 -1.579267226292757403e-03
6.744559517376758854e-04 -1.708386730100051052e-03
8.709152038894374436e-04 -1.799493968231932880e-03
1.153810119045022876e-03 -1.827218903850996896e-03
1.482591634477927129e-03 -1.776138897300974431e-03
1.807597748216658749e-03 -1.643784187096166381e-03
2.079159054650752802e-03 -1.441229453714798188e-03
2.256729120009434101e-03 -1.191157663336753561e-03
2.316317919865112929e-03 -9.237601203210828822e-04
2.254827045116186441e-03 -6.712455348512329657e-04
2.090471043914164835e-03 -4.619935368106654243e-04
1.859209236892953292e-03 -3.154547301860867849e-04
1.607866539458502721e-03 -2.387574778937183906e-04
1.385247474102786584e-03 -2.256580173546897882e-04
1.232926225442547517e-03 -2.580265131980693941e-04
1.177455613892983317e-03 -3.095813307917872075e-04
1.225467907746578475e-03 -3.511581139205027660e-04
1.362591604385403289e-03 -3.565097770347826797e-04
1.556384630055351491e-03 -3.075332742315295452e-04
1.762722887562007384e-03 -1.979279592139469098e-04
1.934427937697925665e-03 -3.458786439585370860e-05
2.030492903236341250e-03 1.635400417080131786e-04
2.024151866197987110e-03 3.689189937698060637e-04
1.908256654430411006e-03 5.505539496534114221e-04
1.696934595810319687e-03 6.798216641972859792e-04
1.423205056032041073e-03 7.358962661252469372e-04
1.132998024355355484e-03 7.097428980910338008e-04
8.766997312939857519e-04 6.059221308456672582e-04
6.998191822277262516e-04 4.418614246254093142e-04
6.345367721957165469e-04 2.447286002516993030e-04
6.937301162537464708e-04 4.649548275782025889e-05
8.686043004802530181e-04 -1.218782000130238716e-04
1.130372504393620985e-03 -2.360446656060141582e-04
1.435667328987093923e-03 -2.825971618650468566e-04
1.734658120232183184e-03 -2.613148025024420069e-04
1.980338569981158082e-03 -1.849045810628071945e-04
2.137228628752372347e-03 -7.629601343485189363e-05
2.187846948333224684e-03 3.599276643890807095e-05
2.135733413985540195e-03 1.235336434096121535e-04
2.004455639446545232e-03 1.636305764608010269e-04
1.832794665366446188e-03 1.438511366375140360e-04
1.667029338894434644e-03 6.458444027502245740e-05
1.551788808641260415e-03 -6.086322724299617916e-05
1.521214098420811548e-03 -2.086567889729675678e-04
1.592111401636170723e-03 -3.488552482172655551e-04
1.760402602988793115e-03 -4.510334024010169028e-04
2.001553993181312899e-03 -4.900387908489123312e-04
2.274910453375143631e-03 -4.507936862409511140e-04
2.531122265746173997e-03 -3.312317870308173354e-04
2.721265306599264262e-03 -1.428115142548420371e-04
2.805933749459870504e-03 9.149421351211143531e-05
2.762588468694949888e-03 3.413548528201800739e-04
2.589773346226587405e-03 5.746031497889680408e-04
2.307403376988860673e-03 7.630798345491479444e-04
1.953070840046133676e-03 8.877010255773712388e-04
1.575068320189781370e-03 9.417948158715612039e-04
1.223447577314065379e-03 9.320814611286570373e-04
9.408037671729473864e-04 8.771178445769430617e-04
7.545251961961321795e-04 8.035069567034141364e-04
6.719700798725076205e-04 7.405961054631107331e-04
6.794764701529704132e-04 7.146733806619094166e-04
7.453847917905365422e-04 7.437664275698032193e-04
8.264919040958107477e-04 8.340329522142579232e-04
8.767053021492812650e-04 9.784303038215744208e-04
8.562491346703070315e-04 1.157919172106546338e-03
7.396690976669686784e-04 1.344975772632410515e-03
5.211107758594468687e-04 1.508748903952578015e-03
2.158625674557102837e-04 1.620885898120435304e-03
-1.421378734086423102e-04 1.660923917448882837e-03
-5.063697382547923710e-04 1.620224451465967445e-03
-8.262264283380587075e-04 1.503703847322147456e-03
-1.056341489436159273e-03 1.329029218858413398e-03
-1.164982338452478020e-03 1.123428278551200869e-03
-1.139926199655471499e-03 9.187128055867375314e-04
-9.907080065903763316e-04 7.454531903312786034e-04
-7.468155346708783837e-04 6.274018453613439475e-04
-4.521729447780574711e-04 5.772158933691584441e-04
-1.569552512280564423e-04 5.942834094038405022e-04
9.171978257743539737e-05 6.650592153323564007e-04
2.584645667931959523e-04 7.658412092237850679e-04
3.260231300705717641e-04 8.674563988533264079e-04
2.981959330863975495e-04 9.409646310766199692e-04
1.987420652197528727e-04 9.632958438764976233e-04
6.647520325335517610e-05 9.217498874520791904e-04
-5.250909388871538705e-05 8.165040458774235109e-04
-1.139937197663238038e-04 6.606514090611489412e-04
-8.444413106982592496e-05 4.777616006294984979e-04
5.222003180163788637e-05 2.974253594392813776e-04
2.911768886775653793e-04 1.496270887450844105e-04
6.072390498094012642e-04 5.901225964307841004e-05
9.592811136632328848e-04 4.013728229373687405e-05
1.297726304858718913e-03 9.460419478614714994e-05
1.573680332400536827e-03 2.106263251582292254e-04
1.747987473515220415e-03 3.651113835156233876e-04
1.798497338849895221e-03 5.278722651131001779e-04
1.724168234467088855e-03 6.671733409220927113e-04
1.545230640852536920e-03 7.555673823854904166e-04
1.299378958403670349e-03 7.749233396934970255e-04
1.034710363469367768e-03 7.196983652779116031e-04
8.007442704776891176e-04 5.978397443349556164e-04
6.392181529125419946e-04 4.291508521795192751e-04
5.763967749311144648e-04 2.414349979227436321e-04
6.183444310307329708e-04 6.515120923546852388e-05
7.500480322917491482e-04 -7.240288501561260946e-05
9.385491972794844174e-04 -1.522771183823389582e-04
1.139484077189164635e-03 -1.674401406040547488e-04
1.305784269611795934e-03 -1.240590064676889189e-04
1.396883054363443890e-03 -4.024477287953378581e-05
1.386675780584315258e-03 5.749742145116312102e-05
1.268719603614012256e-03 1.394397851244555116e-04
1.057681145445281239e-03 1.784429240598338698e-04
7.867519187346191196e-04 1.553027163470732512e-04
5.015158160521297455e-04 6.261638120562857150e-05
2.514258520675390291e-04 -9.356913623471317882e-05
8.050122187968744136e-05 -2.946439569441183792e-04
1.900463507282037796e-05 -5.126951057516397278e-04
7.767557830736155668e-05 -7.155282060296302028e-04
2.456125147442548488e-04 -8.725063700424300723e-04
4.922074004001487316e-04 -9.601068738723207100e-04
7.727698316543959306e-04 -9.661494790795966542e-04
1.036780655119386857e-03 -8.919014753454759369e-04
1.237218007839567318e-03 -7.516661097237180766e-04
1.339196565720295442e-03 -5.699370089055466170e-04
1.326291523221117532e-03 -3.766613865306862874e-04
1.203357734097860142e-03 -2.015121393807920553e-04
9.953183933425950678e-04 -6.825573659566388845e-05
7.421609103140107584e-04 9.716255379327656556e-06
4.910956875278794497e-04 3.184546244108105162e-05
2.873704182582694985e-04 1.038985936878091465e-05
1.654865963480791615e-04 -3.206352038867737520e-05
1.424880958531845156e-04 -6.708291443062341822e-05
2.145984905746404071e-04 -6.602075746545263326e-05
3.578487121779214196e-04 -5.717198982462478284e-06
5.325799616454397496e-04 1.268066659288779371e-04
6.909717933360048220e-04 3.315600833700431860e-04
7.861711809428776569e-04 5.952325898769003729e-04
7.812938861609679177e-04 8.933554130637905025e-04
6.565922695590194246e-04 1.194571832966157595e-03
4.134295210725525533e-04 1.466214795841708912e-03
7.430369427811737461e-05 1.680142504060974304e-03
-3.210883167803910620e-04 1.817733663716369604e-03
-7.230079820678456766e-04 1.873102845958314003e-03
-1.080705668237199463e-03 1.853932953452464959e-03
-1.351622713442660658e-03 1.779772369388360389e-03
-1.509031365378446336e-03 1.678123700792965222e-03
-1.546675074749179028e-03 1.579068367379499963e-03
-1.479539782725180228e-03 1.509447629250104195e-03
-1.340619381614039773e-03 1.487703687807931862e-03
-1.174296759928990415e-03 1.520358532390821832e-03
-1.027602203760114106e-03 1.600797112973949797e-03
-9.410121766389690449e-04 1.710584123082658234e-03
-9.405376797879886740e-04 1.823062998894608815e-03
-1.032606205020446949e-03 1.908552715829489859e-03
-1.202711181905838670e-03 1.940154603921731558e-03
-1.418088189204278621e-03 1.899065166037302308e-03
-1.633913388982072756e-03 1.778383793692467785e-03
-1.801851305346152806e-03 1.584688755368883224e-03
-1.879332787162842772e-03 1.337077027731361362e-03
-1.837804300122999977e-03 1.063843518147527568e-03
-1.668383071643006910e-03 7.974221103656451131e-04
-1.383842479500656340e-03 5.685401399891339743e-04
-1.016545708550748231e-03 4.006870424685033717e-04
-6.127117916514045280e-04 3.059387697380540143e-04
-2.240916706823459161e-04 2.829233324265895935e-04
1.013784316460368431e-04 3.173079983257753628e-04
3.281859449008521588e-04 3.847119015654619717e-04
4.394928208226856316e-04 4.554893488069832993e-04
4.398545785939713391e-04 5.004757383415257312e-04
3.539023958502024035e-04 4.966066237125569931e-04
2.212471730103695580e-04 4.313453781414357236e-04
8.857931824077339448e-05 3.050814083990804654e-04
4.682475080862880806e-07 1.310460198602894167e-04
-9.389113926145482500e-06 -6.723609968842708716e-05
7.519237080130997987e-05 -2.604744075169875082e-04
2.496210117495907218e-04 -4.192582545946278673e-04
4.892593586477587617e-04 -5.197477279131895592e-04
7.540151844203164984e-04 -5.483274235448973256e-04
9.959239058971508171e-04 -5.043369762842832109e-04
1.168286100110524839e-03 -4.003560837943989778e-04
1.234627898281732711e-03 -2.599846989521507109e-04
1.175784204256333015e-03 -1.135333710534923738e-04
9.937588310943376319e-04 7.565414250788361772e-06
7.116247523419714930e-04 7.657157544694627449e-05
3.694764194489095631e-04 7.638098102554364806e-05
1.719275430239766375e-05 2.666070152858529638e-06
-2.946273704105382843e-04 -1.353778433836731493e-04
-5.238497988169523150e-04 -3.168193430039013001e-04
-6.443800621133425255e-04 -5.129706756037198494e-04
-6.507036466865158408e-04 -6.928060289373011438e-04
-5.585409973382421053e-04 -8.287923172828886176e-04
-4.015019735141487061e-04 -9.020292249822549867e-04
-2.243813839263170400e-04 -9.057268867432232643e-04
-7.437245723993283174e-05 -8.463651453981008588e-04
8.131595532909967165e-06 -7.423180520085839122e-04
-2.599146195701208806e-06 -6.202078816021821053e-04
-1.125962769726653609e-04 -5.096834128797895266e-04
-3.069425426596384060e-04 -4.376160391799947444e-04
-5.525441849413149486e-04 -4.228178490904057609e-04
-8.044014273660387692e-04 -4.722871933050480208e-04
-1.014188657323401724e-03 -5.796981073213521279e-04
-1.139517202697030215e-03 -7.264250332844973896e-04
-1.152123099287058949e-03 -8.849140371144526701e-04
-1.043424635253307900e-03 -1.023767085450570961e-03
-8.263914475732060325e-04 -1.113581127001889246e-03
-5.333644547981266065e-04 -1.132440228039370339e-03
-2.102318909806237665e-04 -1.070024025312490534e-03
9.194386056321165752e-05 -9.295569874516048606e-04
3.262715768998532403e-04 -7.272309737592224949e-04
4.585876343951706107e-04 -4.892111145954589112e-04
4.736118354558742165e-04 -2.467917124189758114e-04
3.775451234087820723e-04 -3.061822962294771496e-05
1.966248962830636972e-04 1.349326403111897462e-04
-2.808164680921127084e-05 2.361536179875992048e-04
-2.486542367776848153e-04 2.723586700121370229e-04
-4.195509530988051532e-04 2.557451582135453856e-04
-5.063424930744996446e-04 2.087974776740884214e-04
-4.922928041857171184e-04 1.597293826917570289e-04
-3.815386530889843734e-04 1.368339611316529399e-04
-1.982659930004442819e-04 1.628173114342878602e-04
1.795970774507217886e-05 2.501951836646769856e-04
2.198225012221772037e-04 3.986305554348665812e-04
3.613961227045299615e-04 5.947224383161594120e-04
4.070597904813359671e-04 8.142917709692497862e-04
3.384956253897081907e-04 1.026736997299624709e-03
1.584360441309078300e-04 1.200639470079559786e-03
-1.095558415623828813e-04 1.309561485166506247e-03
-4.252391720184477706e-04 1.336942492230037364e-03
-7.390035437900595435e-04 1.279168917279557014e-03
-1.000957062892469246e-03 1.146237922178151370e-03
-1.170081738822107125e-03 9.598900346786578674e-04
-1.221730659282107070e-03 7.495638536275628068e-04
-1.152054860348979354e-03 5.469374321957332476e-04
-9.785284649807188522e-04 3.800875936324608234e-04
-7.364785758191094538e-04 2.683698718495969846e-04
-4.722818764725473855e-04 2.189844875039714659e-04
-2.345198988771098254e-04 2.258737818995764409e-04
-6.477019215082912076e-05 2.711544412518613429e-04
1.022174019474602746e-05 3.288073747578300994e-04
-1.649234295173710851e-05 3.699202477532849919e-04
-1.308997073989630507e-04 3.684834383545698352e-04
-3.008819686325180749e-04 3.066352994352578194e-04
-4.825447337841476001e-04 1.783569294859705160e-04
-6.288178136691379740e-04 -9.089568196289491732e-06
-6.986912727465058098e-04 -2.362577580839114256e-04
-6.653312713228466940e-04 -4.749464437741889619e-04
-5.215310052833778930e-04 -6.933177818717316818e-04
-2.814560647060916371e-04 -8.617391543018564862e-04
2.165520446041060629e-05 -9.582461704163905804e-04
3.414100126051486947e-04 -9.725950278273175252e-04
6.266865584346661272e-04 -9.081386244497186705e-04
8.309800485269057358e-04 -7.811719086605065305e-04
9.209079870846522938e-04 -6.178701634989325646e-04
8.822719311443469672e-04 -4.493987205606459227e-04
7.225347183331643722e-04 -3.061178978801727831e-04
4.692498629455353208e-04 -2.119773944832645967e-04
1.647450880227255244e-04 -1.801577007848138216e-04
-1.419300573935528735e-04 -2.107792607260622363e-04
-4.042658788555025936e-04 -2.911080056906230405e-04
-5.870093407760501635e-04 -3.982127302542202139e-04
-6.726864276022460681e-04 -5.035651946273961028e-04
-6.646974269307131221e-04 -5.787057923090631892e-04
-5.864027787907866076e-04 -6.008958055941940541e-04
-4.763776027767613894e-04 -5.576798994982579399e-04
-3.807396494877534569e-04 -4.494890759148530905e-04
-3.440106124036281421e-04 -2.897857050001871669e-04
-4.002493338351052667e-04 -1.027181387281559852e-04
-5.661446718927045383e-04 8.127543353797508853e-05
-8.373852601005547618e-04 2.310852208460425854e-04
-1.189003234060539071e-03 3.207093062995039034e-04
-1.579636636688277335e-03 3.341021301316845289e-04
-1.958913098765066065e-03 2.681751333351436528e-04
-2.276566043350001373e-03 1.333816801050346698e-04
-2.491566057633971560e-03 -4.822513073516585024e-05
-2.579546446553596453e-03 -2.470955490374822719e-04
-2.537124033487078104e-03 -4.316726258051121817e-04
-2.382303047486711723e-03 -5.742317880536620652e-04
-2.150890356332083118e-03 -6.559686931941553344e-04
-1.889604203833444287e-03 -6.703764530177863494e-04
-1.647183272063857101e-03 -6.242777017368663283e-04
-1.465180070363294789e-03 -5.363213866214080420e-04
-1.370180969040317529e-03 -4.332344297584873752e-04
-1.368923638299605200e-03 -3.445436037356551084e-04
-1.447232672847652279e-03 -2.967725726246558059e-04
-1.572969947162247955e-03 -3.082182383464728437e-04
-1.702434915055390467e-03 -3.853005254977546730e-04
-1.788995820502584317e-03 -5.211813724942036775e-04
-1.792309525962812325e-03 -6.969184785676856269e-04
-1.686375550813387246e-03 -8.849387582898422030e-04
-1.464890188786782373e-03 -1.054176492922242071e-03
-1.142877541076268251e-03 -1.175905163914202183e-03
-7.542792168095281821e-04 -1.229159761850669857e-03
-3.459498426127142123e-04 -1.204723034882297780e-03
3.081353996048271640e-05 -1.106920178417318415e-03
3.296125684468071641e-04 -9.528805745449085273e-04
5.173979190654446865e-04 -7.694039773801418730e-04
5.804354133117991957e-04 -5.880213733612872943e-04
5.266636413923876832e-04 -4.391819005408318147e-04
3.840009109725121697e-04 -3.466621088511251847e-04
1.949250071943732792e-04 -3.232512760044579350e-04
8.353620294327356293e-06 -3.685245327300066577e-04
-1.296369761369108075e-04 -4.691200192898472340e-04
-1.844988114459478776e-04 -6.014620901656189851e-04
-1.396623657467420073e-04 -7.364094960626799092e-04
4.675527446383435926e-07 -8.449431841752124252e-04
2.115325305383293128e-04 -9.038118407108765903e-04
4.540586540480893107e-04 -9.000617558488811657e-04
6.811891057097335146e-04 -8.335894088041899668e-04
8.478396039760311602e-04 -7.172302294752376560e-04
9.195351224435490854e-04 -5.743642618602093569e-04
8.792463625945333688e-04 -4.344904400573073753e-04
7.309230892247190522e-04 -3.276066917768955130e-04
4.990469766510607572e-04 -2.784600927205484839e-04
2.242806112248183045e-04 -3.017568033838009746e-04
-4.397102238135958607e-05 -3.992406761071657295e-04
-2.566849452487350493e-04 -5.591964448244913458e-04
-3.743087786805823162e-04 -7.584751163087408415e-04
-3.740976051523146450e-04 -9.666623259708379641e-04
-2.543137293517840894e-04 -1.151605276044317385e-03
-3.449675036401735713e-05 -1.285257136111621909e-03
2.482458558999915796e-04 -1.348738054651915522e-03
5.462252578745591721e-04 -1.335660505591533282e-03
8.101133114156130240e-04 -1.253095437062904391e-03
9.981495483952682567e-04 -1.120002351516938320e-03
1.083873576507758587e-03 -9.634264538771713897e-04
1.060923675029383593e-03 -8.131884740489524980e-04
9.439988628974014650e-04 -6.960777161209787296e-04
7.658089863777195038e-04 -6.306523659006678297e-04
5.705976978592213096e-04 -6.236354140770198392e-04
4.054725945897670538e-04 -6.685916421913570135e-04
3.111922840102741318e-04 -7.471383450232820271e-04
3.141630607108794734e-04 -8.324617891266746471e-04
4.211687291420182239e-04 -8.944738673319548592e-04
6.178392768910270522e-04 -9.056318710535967136e-04
8.711556511427267363e-04 -8.463177767852009085e-04
1.135522969692490287e-03 -7.087559095246803286e-04
1.361267958021276231e-03 -4.987237111822652750e-04
1.503956365484198547e-03 -2.347273931726036908e-04
1.532769706827494770e-03 5.520645817706568414e-05
1.436357542229229484e-03 3.385214611923345867e-04
1.225058190781931709e-03 5.839653845239703737e-04
9.290670430494986452e-04 7.671693097789789983e-04
5.928975886392480205e-04 8.749223179607044064e-04
2.671809084903900133e-04 9.073390687821850879e-04
-6.479306029576453047e-07 8.775165286324388813e-04
-1.750185505646524998e-04 8.087512887475633173e-04
-2.386141390328946291e-04 7.298504311061467529e-04
-1.952782314309191975e-04 6.694293684736192691e-04
-6.889715031278072395e-05 6.502812654446862546e-04
1.015216114042068911e-04 6.848883545893117222e-04
2.696341533981455726e-04 7.729284189871951823e-04
3.909249105453850353e-04 9.012510344113424223e-04
4.315069965030581965e-04 1.046329572516181304e-03
3.748830604261790974e-04 1.178725207828867656e-03
2.253782370777376864e-04 1.268717214930972260e-03
7.587591645408562182e-06 1.292032032009761628e-03
-2.380640235341175423e-04 1.234583923772025922e-03
-4.628146451956151731e-04 1.095326341184046058e-03
-6.186961900352225437e-04 8.866699993145801730e-04
-6.675780421702975790e-04 6.323837140728489530e-04
-5.884126930638191883e-04 3.633700672902031529e-04
-3.813118961344006894e-04 1.121098869382905461e-04
-6.768048072435228204e-05 -9.317875550005533291e-05
3.136199953802076812e-04 -2.335674693813411494e-04
7.133552244539045082e-04 -3.026850211493758904e-04
1.080913603131997656e-03 -3.076130388130795786e-04
1.373516265413313262e-03 -2.672464646109986631e-04
1.563905215336244044e-03 -2.084349372031349943e-04
1.645062128487635982e-03 -1.606409521497582146e-04
1.631073319375222911e-03 -1.501308736464305365e-04
1.553986575353259866e-03 -1.948026077175785673e-04
1.457264765182142039e-03 -3.006324022348455332e-04
1.387085582584752716e-03 -4.604158075778913757e-04
1.383144456864394620e-03 -6.550425447858197487e-04
1.470711366606803055e-03 -8.570643265947779608e-04
1.655454294755903059e-03 -1.035879601125143119e-03
1.922017440837145040e-03 -1.163552139306027640e-03
2.236630411173577259e-03 -1.220159524626389163e-03
2.553260256156179506e-03 -1.197655832137149278e-03
2.822146166592600161e-03 -1.101513415538222249e-03
2.999104157945254798e-03 -9.498286367068777599e-04
3.053841868129092332e-03 -7.700560761033697823e-04
2.975709576130066824e-03 -5.939844366297840697e-04
2.775797533730653844e-03 -4.519000515380501202e-04
2.484980084450748392e-03 -3.670376389546989543e-04
2.148273134911193784e-03 -3.513636045479274963e-04
1.816568320041640934e-03 -4.034850670310407964e-04
1.537302762925801900e-03 -5.090756022098042680e-04
1.345823867124698332e-03 -6.437326121995058745e-04
1.259076146013462421e-03 -7.777213608487057233e-04
1.272796784168324759e-03 -8.817041333767186052e-04
1.362741824613657084e-03 -9.323671784636732279e-04
1.489701468814355135e-03 -9.168782363547229967e-04
1.607345515188424515e-03 -8.353297126439498173e-04
1.671404293436690343e-03 -7.007048203276988003e-04
1.648437996398592750e-03 -5.363738815218837370e-04
1.522525858885915130e-03 -3.715964662660201220e-04
1.298601296033178362e-03 -2.358834227732416449e-04
1.001795145054602647e-03 -1.532894577311411056e-04
6.729061011865521092e-04 -1.377207255420578326e-04
3.608519503114271301e-04 -1.901502522741173816e-04
1.135281719657290386e-04 -2.982732242364830554e-04
-3.119660325850753726e-05 -4.386725159338699851e-04
-5.264333542617479541e-05 -5.810897212894686019e-04
4.871405830157650614e-05 -6.939983399861561226e-04
2.512378208704673234e-04 -7.504291307426047249e-04
5.160739258520343929e-04 -7.329496767335191496e-04
7.943156970395708928e-04 -6.368600021407519289e-04
1.036033137688059311e-03 -4.710033848057161034e-04
1.199465219300943977e-03 -2.560424719775622297e-04
1.258642201075548060e-03 -2.053005064021352075e-05
1.208002802849291943e-03 2.044793754107230481e-04
1.063140347949641500e-03 3.912555934718387504e-04
8.575450288722357957e-04 5.205526913279400706e-04
6.359674304429716084e-04 5.851264908370232016e-04
4.456678560841548600e-04 5.909447463104541224e-04
3.272157827069958457e-04 5.558631960276583803e-04
3.065882359026110299e-04 5.060212260358634738e-04
3.900690542121349391e-04 4.706434661613935846e-04
5.629196558398403844e-04 4.762361665608021502e-04
7.920766679205554087e-04 5.412823996355058120e-04
1.032368084959044228e-03 6.724461697847552034e-04
1.235072120954017021e-03 8.630101711176701561e-04
1.357198028689961429e-03 1.093849229472337653e-03
1.369730149796484237e-03 1.336761430326368618e-03
1.263271494015052445e-03 1.559532457508312027e-03
1.050014328052472495e-03 1.731780287466943517e-03
7.616596102380468686e-04 1.830479281098194074e-03
4.436731914444997987e-04 1.844122939370677287e-03
1.469594854690571529e-04 1.774741747357441377e-03
-8.147836094888726965e-05 1.637397945371350284e-03
-2.071313427754898967e-04 1.457255988482423917e-03
-2.142117696713321064e-04 1.264785602031019912e-03
-1.083439961146778871e-04 1.090006983127826245e-03
8.478256139615473141e-05 9.568680868405674391e-04
3.245352110729701734e-04 8.788179373172479592e-04
5.632574662135605460e-04 8.564124636963836709e-04
7.554801032176154413e-04 8.774035653391683981e-04
8.666740186260600077e-04 9.192910307124237384e-04
8.798829022698799202e-04 9.538497862330370036e-04
7.989763493373028616e-04 9.527702064127572482e-04
6.479051909712119865e-04 8.933378474144036381e-04
4.660991011981587234e-04 7.630710084786996618e-04
3.008783299164917782e-04 5.624314976610713789e-04
1.983181238466915903e-04 3.050885925078937857e-04
1.942986931814760614e-04 1.567940978977583306e-05
3.074397058785406861e-04 -2.745169762967440089e-04
5.352626278666277205e-04 -5.331790760954752432e-04
8.543140906752215696e-04 -7.327620609463058113e-04
1.224234358946591026e-03 -8.554401737120250794e-04
1.595008706882511699e-03 -8.962416361699643503e-04
1.916037378028691675e-03 -8.637867211023496665e-04
2.145315794403104565e-03 -7.784926585810282400e-04
2.256995926203521352e-03 -6.685877897732652331e-04
2.245906158122615466e-03 -5.646912406126152048e-04
2.128182573903979191e-03 -4.939850216346749080e-04
1.937900349278212902e-03 -4.750816484691378983e-04
1.720350592020683392e-03 -5.145577165993643880e-04
1.523242244884492414e-03 -6.058074948006902027e-04
1.387500495614518454e-03 -7.304304481727392747e-04
1.339408351375669711e-03 -8.618860243866400270e-04
1.385582418703848722e-03 -9.707190483080281379e-04
1.511735913939577826e-03 -1.030361102113403707e-03
1.685463415353510809e-03 -1.022403751914451563e-03
1.862518936612328133e-03 -9.403391638945976516e-04
1.995396042346266226e-03 -7.910536654233532496e-04
2.042581482230001935e-03 -5.937852404896772117e-04
1.976725011942615223e-03 -3.767362502682948771e-04
1.790172116674816540e-03 -1.719768925843907662e-04
1.496804647501380004e-03 -9.598940321597264694e-06
1.129832597467988380e-03 8.777823425129023917e-05
7.359461991958913532e-04 1.091134229324021909e-04
3.669262055097499546e-04 5.688733822542736034e-05
7.029123236535926231e-05 -5.348086427903783312e-05
-1.192566727110834371e-04 -1.966318632355623858e-04
-1.859780366505873507e-04 -3.421104792410926271e-04
-1.356789714196668991e-04 -4.601386189283929846e-04
5.749346029281524268e-06 -5.272245353698517146e-04
1.975504314913258011e-04 -5.305479567071864824e-04
3.920863724764752679e-04 -4.702932492279964134e-04
5.440684615062598393e-04 -3.594920736122802184e-04
6.192823989779535103e-04 -2.214092351512733116e-04
6.011529283055746424e-04 -8.497118782633910055e-05
4.939032723205327323e-04 2.089227432239580207e-05
3.217109451255992106e-04 7.291648862365978073e-05
1.240210287299761997e-04 5.810178333921583137e-05
-5.209301480017683537e-05 -2.363177564581578263e-05
-1.610705387154019058e-04 -1.592428784380318192e-04
-1.677708037438958486e-04 -3.248641109688456697e-04
-5.445305079059264020e-05 -4.901640757729798688e-04
1.754994721844847848e-04 -6.239549899875282846e-04
4.978248486125970863e-04 -6.999878554730565479e-04
8.715595555281369956e-04 -7.018411074593260829e-04
1.246365569655181462e-03 -6.259795413268401561e-04
1.571629592848492471e-03 -4.824059529385258185e-04
1.805620913452481158e-03 -2.927828820690285528e-04
1.922983084554630729e-03 -8.637999878892283216e-05
1.919149640515521033e-03 1.053864946175911985e-04
1.810855849513808794e-03 2.547903260717245444e-04
1.632656871664357788e-03 3.429049949700356645e-04
1.430117872769100761e-03 3.630228271487049522e-04
1.250970667288597979e-03 3.217398758858718379e-04
1.135915255387420341e-03 2.375058183254096292e-04
1.110810538628087280e-03 1.369184310720265776e-04
1.181734096962351599e-03 4.946960145929560023e-05
1.333846281782791621e-03 1.743213121690610681e-06
1.534272181298062436e-03 1.216908062448009923e-05
1.738452927674987748e-03 8.733173550811421972e-05
1.898759668636208764e-03 2.205382385837453656e-04
1.973733965420428581e-03 3.929211018726166938e-04
1.936198765882346344e-03 5.768719133238986744e-04
1.778697107441549454e-03 7.411593579417219673e-04
1.515221017463261278e-03 8.567657055609155742e-04
1.178895035252169356e-03 9.023390236597066214e-04
8.160444788324003069e-04 8.682302963239514875e-04
4.777630455630999234e-04 7.583516895983638626e-04
2.105679689498086721e-04 5.895038538418157295e-04
4.790407034411809772e-05 3.882984732179376288e-04
4.097855594745983439e-06 1.862567156102737159e-04
7.189963003268216380e-05 1.400877800280132118e-05
2.240731222358116495e-04 -1.043108540134885984e-04
4.187267628513803878e-04 -1.554155688996506702e-04
6.073734477517488996e-04 -1.391471179440259662e-04
7.441902234681903924e-04 -6.825807952975908993e-05
7.947234235019339345e-04 3.425670505896572481e-05
7.423910998152681530e-04 1.397684153282367488e-04
5.915529719566069589e-04 2.196835879591394955e-04
3.665693070636695961e-04 2.510949963684510613e-04
1.070308167148228701e-04 2.213382642096518925e-04
-1.399322475612045289e-04 1.305859421691114028e-04
-3.287996087934005190e-04 -8.017149412167508347e-06
-4.245298972948246922e-04 -1.707073624374058835e-04
-4.094622872052506614e-04 -3.275025527000305142e-04
-2.869361574886084227e-04 -4.478190397483238980e-04
-8.093525936806434903e-05 -5.062436984961085802e-04
1.681844470882645911e-04 -4.873693861153364018e-04
4.110824388020833790e-04 -3.887783011792587755e-04
5.985456563733634536e-04 -2.216075818471319658e-04
6.906067590232986076e-04 -8.588282801650972960e-06
6.639485445838798697e-04 2.200736500491594035e-04
5.161980802446298902e-04 4.321980491597103308e-04
2.663019659096766615e-04 5.994756657282860040e-04
-4.908499102481039177e-05 7.025560807697504937e-04
-3.825118224939940662e-04 7.344206505384920586e-04
-6.846346397485826053e-04 7.014079314872894572e-04
-9.134258587207771474e-04 6.217038468631743472e-04
-1.041947606257063747e-03 5.215890777576580968e-04
-1.063220672384873828e-03 4.301608541479528484e-04
-9.912715548780199996e-04 3.735350717529689439e-04
-8.581649413829532712e-04 3.696327973950611686e-04
-7.075901263291201450e-04 4.245441730796974990e-04
-5.862232194960691894e-04 5.311635234376299065e-04
-5.345088385966221016e-04 6.703587776407085759e-04
-5.786153996407533131e-04 8.144576998612781818e-04
-7.250962053507092539e-04 9.323939014331981620e-04
-9.592762933556373169e-04 9.955404234037695636e-04
-1.247679428683118319e-03 9.831275295560809330e-04
-1.544044308312660183e-03 8.862190914842241066e-04
-1.797798904801990467e-03 7.094938814733472814e-04
-1.963395704033833560e-03 4.704927489857316518e-04
-2.008746672489047577e-03 1.964715507986712498e-04
-1.921166179992489422e-03 -8.054782182211720778e-05
-1.709700755669886886e-03 -3.295955770341969728e-04
-1.403407379907057381e-03 -5.263446869772079630e-04
-1.045907754074637585e-03 -6.574210901296199602e-04
-6.872496858616699948e-04 -7.226233272711688610e-04
-3.746151730454218677e-04 -7.346376473463065576e-04
-1.436317243234184853e-04 -7.163089983830664594e-04
-1.192787587348388516e-05 -6.959911117235958403e-04
2.385233728651635831e-05 -7.018624681658979046e-04
-1.298271307685023115e-05 -7.562904640285026455e-04
-8.401890632292943338e-05 -8.713165583403172489e-04
-1.434714232611102383e-04 -1.046122395395658513e-03
-1.473344594609120209e-04 -1.266961163113858833e-03
-6.220355996689255762e-05 -1.509570926021700519e-03
1.279097178647902334e-04 -1.743615902985801375e-03
4.180709838472474187e-04 -1.938316801381669398e-03
7.828976833916428176e-04 -2.068205263139229200e-03
1.180934610192624964e-03 -2.117913048403411401e-03
1.562110390233199938e-03 -2.085088427067461388e-03
1.876870882274638214e-03 -1.980885957636123549e-03
2.085266934963896784e-03 -1.827934454754091831e-03
2.164281442525391435e-03 -1.656164663346631214e-03
2.112012755490636981e-03 -1.497282722837905804e-03
1.947925374997019855e-03 -1.378931332787905212e-03
1.709122073547011782e-03 -1.319639195141459036e-03
1.443343450728742884e-03 -1.325509710877234354e-03
1.200019120852944274e-03 -1.389270383050417081e-03
1.021062223345721356e-03 -1.491857322162529588e-03
9.331461954889568771e-04 -1.606229311987656880e-03
9.429208352877499694e-04 -1.702683945586068621e-03
1.036067016933350229e-03 -1.754664270107519431e-03
1.180361619067014011e-03 -1.743951963497910023e-03
1.332164114320003815e-03 -1.664259792817607969e-03
1.445087788399712983e-03 -1.522539856397282136e-03
1.479204507916664696e-03 -1.337757359669093085e-03
1.409030744645013537e-03 -1.137360365294383521e-03
1.228773357216866174e-03 -9.521130557064377093e-04
9.538327281102921629e-04 -8.102707671765474202e-04
6.182699591067394081e-04 -7.322005440905735019e-04
2.687096650694350219e-04 -7.264674380977622324e-04
-4.417436020847059601e-05 -7.881300332305309075e-04
-2.749846684121486909e-04 -8.995710952967947037e-04
-3.919762095728490268e-04 -1.033709870889988440e-03
-3.829007908120536825e-04 -1.158992148994678756e-03
-2.572158452570283069e-04 -1.245218016012345505e-03
-4.424044962443934794e-05 -1.269108926560600075e-03
2.123924832817826978e-04 -1.218565244623942209e-03
4.629389725896343498e-04 -1.094813399208194532e-03
6.608514418211259688e-04 -9.120412886701286448e-04
7.714326999098651549e-04 -6.945959189810758071e-04
7.782030901129045409e-04 -4.722784733688197489e-04
6.857814494662141380e-04 -2.746317644098761161e-04
5.187414374065778353e-04 -1.253052086982381959e-04
3.166674807490099056e-04 -3.756709157157249674e-05
1.263546175090365432e-04 -1.181588233054481655e-05
-7.362440920661596482e-06 -3.556301600205014697e-05
-5.040611870292240147e-05 -8.589072296834231678e-05
1.379524761983570019e-05 -1.339189553062413807e-04
1.808924117134466355e-04 -1.504341537236380025e-04
4.261879473298906028e-04 -1.116117414302502699e-04
7.090948527923488474e-04 -3.745660654896822584e-06
9.806425013546334751e-04 1.739144796323326050e-04
1.192613365528906975e-03 4.087604364598885587e-04
1.306584008529982233e-03 6.769380113763748610e-04
1.301160722388631976e-03 9.475809730198956173e-04
1.176040733220482751e-03 1.188370505348422621e-03
9.521296417269817930e-04 1.371373675247412839e-03
6.676911944299790489e-04 1.478061633800292112e-03
3.712554775766698564e-04 1.502563485716328865e-03
1.126242141043947201e-04 1.452545592181516245e-03
-6.632893676798343446e-05 1.347555309057415791e-03
-1.393273174761483057e-04 1.215147752011741696e-03
-1.003843314552996962e-04 1.085533325869495738e-03
3.536039621919993305e-05 9.857631078921151244e-04
2.348120530537821122e-04 9.345558561815838546e-04
4.534901823907652209e-04 9.387480307445195517e-04
6.442445254471098476e-04 9.920399588678404951e-04
7.664587343796140043e-04 1.076275536502241089e-03
7.939915295001030195e-04 1.165012160694890763e-03
7.203445039688606078e-04 1.228702974702056399e-03
5.600716527290961269e-04 1.240507291289838672e-03
3.461582299302920929e-04 1.181625242781592523e-03
1.238607854755854225e-04 1.045141995498577534e-03
-5.782853471080103003e-05 8.376483733103039751e-04
-1.554792413458079559e-04 5.783251743210320863e-04
-1.395216040038392211e-04 2.956582418404372372e-04
2.445653167449605286e-08 2.239963307831135887e-05
2.514774341594654366e-04 -2.102778559492473047e-04
5.834748905189535585e-04 -3.783328452239106054e-04
9.506362245292325919e-04 -4.690696582889545608e-04
1.301841034892937477e-03 -4.832232452217735154e-04
1.589562312247769400e-03 -4.345260181914583969e-04
1.778494827830434666e-03 -3.468441222968783144e-04
1.851853219421254262e-03 -2.494302186327324988e-04
1.814155998240307710e-03 -1.711957204038305194e-04
1.689977361746688653e-03 -1.350902329142718360e-04
1.518912249553874827e-03 -1.536547310549730982e-04
1.347716945361833842e-03 -2.265918018667214596e-04
1.221121974298636486e-03 -3.408133698080133452e-04
1.173064884900598898e-03 -4.729562330732706610e-04
1.220010255001310103e-03 -5.938875021992235867e-04
1.357628132638874106e-03 -6.743443275398558132e-04
1.561465142428269861e-03 -6.906366673557144242e-04
1.791485288276551931e-03 -6.293291320020675660e-04
1.999623464408367950e-03 -4.900105671896252697e-04
2.138922861338477671e-03 -2.856215525364330654e-04
2.172526125864851238e-03 -4.027195224855486459e-05
2.080816392225660460e-03 2.150443978364188205e-04
1.865353206739215741e-03 4.480327712460496726e-04
1.548853889909251966e-03 6.309275877231259027e-04
1.171218397203291871e-03 7.454716978612171020e-04
7.823437434043686769e-04 7.861080159448294302e-04
4.330809416537246344e-04 7.607846734708873741e-04
1.660382895985755601e-04 6.892261998251900633e-04
7.963293278815883336e-06 5.990023881801453173e-04
-3.486381886088393400e-05 5.201427649329829709e-04
2.263751428063423944e-05 4.793191512743315719e-04
1.476188611366081426e-04 4.946997170981446736e-04
2.959477669918296038e-04 5.724498812683518527e-04
4.209597799910375169e-04 7.055426748948130785e-04
4.826519763522326345e-04 8.751029929239674370e-04
4.555696633730855908e-04 1.054029504956827167e-03
3.338863813504756471e-04 1.212205909043389662e-03
1.327099103355322226e-04 1.322311525272070474e-03
-1.146371539776193312e-04 1.365127079889890110e-03
-3.628501323981092510e-04 1.333326553979145672e-03
-5.632095282195209197e-04 1.233032184199367573e-03
-6.728605684713264952e-04 1.082832923854157390e-03
-6.630464494546141861e-04 9.104467729110277997e-04
-5.247334184509388219e-04 7.476534648082081231e-04
-2.705583293439335884e-04 6.244515935243122057e-04
6.727560406997014700e-05 5.635413449578687787e-04
4.427630498071848412e-04 5.761727069735323543e-04
8.044369350345618834e-04 6.601409680371012490e-04
1.104714093819425015e-03 8.003053260846892687e-04
1.308485555417383383e-03 9.715293740728749450e-04
1.399334237878374458e-03 1.143484417374337082e-03
1.382212206834236871e-03 1.286404676096039286e-03
1.282079961382257645e-03 1.376704043058064571e-03
1.138774502048077323e-03 1.401391149534812579e-03
9.990865122741856858e-04 1.360447886678759800e-03
9.075547449001660502e-04 1.266722973873401917e-03
8.977277367886283372e-04 1.143363464337867957e-03
9.855534715622641870e-04 1.019273975541514768e-03
1.166153543885148575e-03 9.234675048963314221e-04
1.414596284396049631e-03 8.793820951681374266e-04
1.690524789582002968e-03 9.002444967937652193e-04
1.945764518185596429e-03 9.863640219887671347e-04
2.133469562471769065e-03 1.124874471848504379e-03
2.217073996301567249e-03 1.291978508485716040e-03
2.177350297175067746e-03 1.457274901644263964e-03
2.016234027334089848e-03 1.589354444090611360e-03
1.756685136755060201e-03 1.661609730166241795e-03
1.438605721068952296e-03 1.657162992340976970e-03
1.111579944412834304e-03 1.571982566261900631e-03
8.258029116726990767e-04 1.415600817735361127e-03
6.229077504869426829e-04 1.209299726398405019e-03
5.284192043089621336e-04 9.821089576638154187e-04
5.472540431610277596e-04 7.653745597081887397e-04
6.631118853091763111e-04 5.869261598929634369e-04
8.418637833035940658e-04 4.659456534318015585e-04
1.038289554635298375e-03 4.095066748447167486e-04
1.204881531165118494e-03 4.114369568634664953e-04
1.301042056610485914e-03 4.537150897041530026e-04
1.300928564601954189e-03 5.101326384765820978e-04
1.198457311219963206e-03 5.515230653244352580e-04
1.008516079386781537e-03 5.515617757708626964e-04
7.641552843525038687e-04 4.920331368101772381e-04
5.102896977707219867e-04 3.665610447813392298e-04
2.951050101797744372e-04 1.820904866136792422e-04
1.607992894085527764e-04 -4.216653316042781032e-05
1.354165110510393427e-04 -2.781269839229502899e-04
2.273236384611066613e-04 -4.939372007364320992e-04
4.233831352613772348e-04 -6.598169359447354776e-04
6.911738755223807273e-04 -7.535449000348698554e-04
9.848474925338386501e-04 -7.645507760021132788e-04
1.253519284971282280e-03 -6.958417322846697454e-04
1.450613123056010596e-03 -5.634005993339361376e-04
1.542399185365707446e-03 -3.931706658090250786e-04
1.514116006339072742e-03 -2.161980465078812788e-04
1.372525325990494455e-03 -6.285045720789554950e-05
1.144423083194002783e-03 4.279484582492520646e-05
8.713948165224553880e-04 8.733415100584715051e-05
6.018139160085154375e-04 7.036514778238753178e-05
3.816021585928172470e-04 4.323225094010656666e-06
2.455051382703511437e-04 -8.813767373285443158e-05
2.105364462338351391e-04 -1.787180335540219391e-04
2.728324959560759371e-04 -2.391275929212171724e-04
4.085127575590293773e-04 -2.467448744283292457e-04
5.783804283149553095e-04 -1.892032330595979175e-04
7.355701064573217512e-04 -6.702848425779492467e-05
8.346898151957195255e-04 1.061777644249812375e-04
8.407206582271575541e-04 3.060499615546664258e-04
7.359822909313364645e-04 5.018336505617705017e-04
5.238377851370259021e-04 6.620005023635722272e-04
2.284281852683581930e-04 7.600446892002418828e-04
-1.095216561941076745e-04 7.793668400090241226e-04
-4.400407563830674483e-04 7.163237246844893300e-04
-7.130128293356435181e-04 5.808682055606046802e-04
-8.873258944410697185e-04 3.946593031617584503e-04
-9.383466884343077746e-04 1.870002614329561129e-04
-8.623125171454624734e-04 -1.062722624221477345e-05
-6.768160833660811886e-04 -1.703996160810602512e-04
-4.172976616528685208e-04 -2.732566208894095889e-04
-1.302138864358762347e-04 -3.123118562079619642e-04
1.358195342118422109e-04 -2.939276523537375776e-04
3.392315596098405142e-04 -2.362555922263449978e-04
4.533021818752736216e-04 -1.655247236776114981e-04
4.710935964987033068e-04 -1.107862688705281158e-04
4.065741913265875896e-04 -9.811617618017898701e-05
2.917256370029264298e-04 -1.453796394440597193e-04
1.701852784081983485e-04 -2.585552817836375412e-04
8.863329356169683242e-05 -4.303212194867349414e-04
8.756222456556136350e-05 -6.411766380740015420e-04
1.931844023686367807e-04 -8.628919855706937035e-04
4.120181334727369840e-04 -1.063639413430798181e-03
7.291869167922082791e-04 -1.213836278206678653e-03
1.110763320242778764e-03 -1.291598739598043321e-03
1.509723500493578580e-03 -1.286775480068582094e-03
1.874394662026504076e-03 -1.202799527616472269e-03
2.157805476197126489e-03 -1.056008371579221592e-03
2.326178045737993180e-03 -8.725609939293847402e-04
2.364961875892048187e-03 -6.835345286988270871e-04
2.281274864940680946e-03 -5.191270520254598732e-04
2.102295613409996961e-03 -4.030614208406822579e-04
1.869916776790991886e-03 -3.482462502583193566e-04
1.632675848684034606e-03 -3.545114177938292173e-04
1.436493886676320966e-03 -4.088421190067219844e-04
1.315976966664344008e-03 -4.880619681637585563e-04
1.287927140714927466e-03 -5.634516096031544916e-04
1.348289863693757484e-03 -6.064226486891421313e-04
1.473112766886662843e-03 -5.941668536256011161e-04
1.623329794254609743e-03 -5.142053630685587250e-04
1.752459174671691872e-03 -3.669711504332304414e-04
1.815750887162588057e-03 -1.659307560962796941e-04
1.779043883534928063e-03 6.478228651771329987e-05
1.625647529174719481e-03 2.947781614386264532e-04
1.359935263232991878e-03 4.930337127032617846e-04
1.006960648312990201e-03 6.336654208342638655e-04
6.081589800073904789e-04 7.007609869313371435e-04
2.139388838739775321e-04 6.913554898652974658e-04
-1.254425143112846645e-04 6.159885268726823489e-04
-3.690017617834210522e-04 4.967359122970459520e-04
-4.924293195872886646e-04 3.630868529428231276e-04
-4.923737607346737651e-04 2.464446795778322272e-04
-3.868047924205434405e-04 1.742891181347601100e-04
-2.113912622821175835e-04 1.651015374010058744e-04
-1.258358619570982303e-05 2.250096135663679875e-04
1.612873020963537132e-04 3.467818734202588599e-04
2.692081972430035615e-04 5.113573499927859907e-04
2.852378976112015466e-04 6.916154159666293303e-04
2.033511150428170136e-04 8.576666727679213261e-04
3.845799441117871403e-05 9.826578853416555182e-04
-1.765894329514558275e-04 1.047986871738632985e-03
-3.974315800811049600e-04 1.046935358679495099e-03
-5.768516798298993758e-04 9.860278642520930656e-04
-6.739970693555621646e-04 8.838558419628927574e-04
-6.624175320345208201e-04 7.675869614903011199e-04
-5.353904077566190058e-04 6.678184868360195585e-04
-3.075157024950764999e-04 6.127480847648309869e-04
-1.227067722174340816e-05 6.227655104234415279e-04
3.040213507787479217e-04 7.064898151601359299e-04
5.906739068528382664e-04 8.590039028306496521e-04
8.019730581242635273e-04 1.062623060421076515e-03
9.056047667891974160e-04 1.290055101613429714e-03
8.885838121405024992e-04 1.509357661704876889e-03
7.595661969459716143e-04 1.689758553459583257e-03
5.471105507198861014e-04 1.807242226547307092e-03
2.942198286397354652e-04 1.848850092182027826e-03
5.019761353712581548e-05 1.814886300825640369e-03
-1.386395195816006974e-04 1.718617318860200154e-03
-2.376368159756675675e-04 1.583528210834999261e-03
-2.302238542554385170e-04 1.438661039962396172e-03
-1.208729154073978911e-04 1.312923679556106827e-03
6.596165650496401290e-05 1.229451877714580381e-03
2.907160589350896640e-04 1.201096808140585072e-03
5.064720096639664573e-04 1.227896591818231596e-03
6.681181497745193815e-04 1.297013873685072061e-03
7.411752159223169772e-04 1.385153771658169082e-03
7.086057857854026303e-04 1.463005970425913533e-03
5.743110126725747789e-04 1.500870525013794010e-03
3.626442748114657041e-04 1.474401838592011120e-03
1.140262515117041321e-04 1.369381929242249581e-03
-1.225152844027411190e-04 1.184616945043629171e-03
-2.984745986099286231e-04 9.324053272542927578e-04
-3.749427496919635269e-04 6.364849672636833065e-04
-3.299138820852603408e-04 3.278432751101035061e-04
-1.624426333352055698e-04 3.917805714108424636e-05
1.071328158129539383e-04 -2.009479880178961612e-04
4.409438946271710736e-04 -3.731587558470226195e-04
7.906113168347789905e-04 -4.705724309585912349e-04
1.106204428598346872e-03 -4.997459314905850847e-04
1.345447404064031415e-03 -4.790841000430024290e-04
1.481433936390226091e-03 -4.350215132225208046e-04
1.507395588657033190e-03 -3.967062167926072285e-04
1.437627818597361903e-03 -3.901978986737446374e-04
1.304406034293114931e-03 -4.332843741627652586e-04
1.151483946375769004e-03 -5.319024907832769784e-04
1.025414054842922621e-03 -6.788449783681553247e-04
9.663427190960533451e-04 -8.550010622735902373e-04
1.000031775661873240e-03 -1.032897964205638144e-03
1.132626244588564972e-03 -1.181873774106418241e-03
1.349167314082579897e-03 -1.273902285837353069e-03
1.616140047618703753e-03 -1.288965947841691408e-03
1.887580518139051877e-03 -1.218957672441526403e-03
2.113592157081874059e-03 -1.069369878643264835e-03
2.249663825515972257e-03 -8.584472659663503185e-04
2.265029079547968040e-03 -6.139592805899772186e-04
2.148486317097117026e-03 -3.681982730432156693e-04
1.910578865959337890e-03 -1.521447609177559407e-04
1.581721869307438225e-03 1.010149657457897268e-05
1.206628846882704326e-03 1.055765069814234430e-04
8.360900490414265723e-04 1.345939407341914908e-04
5.176548118162655658e-04 1.103748064635813781e-04
2.869764057014421521e-04 5.624130731580177268e-05
1.614513189853063321e-04 9.121835734131919331e-07
1.373495161381039793e-04 -2.720411808122434258e-05
1.909704263921920854e-04 -5.632912005548869859e-06
2.835965714254843500e-04 7.769570713613238545e-05
3.692972890700088541e-04 2.219784097665100111e-04
4.040951860441484972e-04 4.135428519687712806e-04
3.547499740185984301e-04 6.283256104894607407e-04
2.054870559861499265e-04 8.363555723330457544e-04
-3.861213977030642864e-05 1.007393873458675921e-03
-3.522083181986604677e-04 1.116661584173565987e-03
-6.941851395853328166e-04 1.149568848588648903e-03
-1.015170678681661569e-03 1.104547434333100729e-03
-1.266680586977602220e-03 9.934470119516561944e-04
-1.410155668865618883e-03 8.394161242232564112e-04
-1.424185194290403765e-03 6.726645192258629436e-04
-1.308549357320992670e-03 5.249042459332300264e-04
-1.084315112582609226e-03 4.235167818542761209e-04
-7.899654505218800049e-04 3.865451734285630346e-04
-4.742918223669721029e-04 4.194539334754426928e-04
-1.873909861416812872e-04 5.142648383086903226e-04
2.853474938126654859e-05 6.512271517147177110e-04
1.468387573603012562e-04 8.027012993897312794e-04
1.611099052787579272e-04 9.385164072642493676e-04
8.599330303539926565e-05 1.031783649334156415e-03
-4.599442414140234557e-05 1.064061736321980645e-03
-1.910430024597520272e-04 1.028894308886695768e-03
-3.027645925118815353e-04 9.330480877098331184e-04
-3.413884078082608797e-04 7.952168328130121942e-04
-2.816838974984625047e-04 6.424368624370772928e-04
-1.181037851682674705e-04 5.048940385392972768e-04
1.338346220796123162e-04 4.101075148396706197e-04
4.401982841983972266e-04 3.775943200565390280e-04
7.548217330215256692e-04 4.150285045071588257e-04
1.027858721423463920e-03 5.166262013366393737e-04
1.215086399032016401e-03 6.640669955005786126e-04
1.286202365808823949e-03 8.297821476395174107e-04
1.230544266550946111e-03 9.819923324617357667e-04
1.059148231360517540e-03 1.090546420411271080e-03
8.027543290752223995e-04 1.132461151425299354e-03
5.061333141461346434e-04 1.096118039905706653e-03
2.198042834215684798e-04 9.833278174502747739e-04
-9.294212207898249443e-06 8.088760832299708064e-04
-1.464198433816427981e-04 5.976402257721650461e-04
-1.753050290568313797e-04 3.798269138894347688e-04
-1.009175002617231152e-04 1.852345899167242432e-04
5.181140810043682182e-05 3.762920941852295701e-05
2.430413654132018058e-04 -4.970082650731518599e-05
4.258949277863240167e-04 -7.636876479050587951e-05
5.556478602036754762e-04 -5.483440362411774109e-05
5.984898537949264775e-04 -7.881907379531867720e-06
5.381895579827048609e-04 3.588936776556552713e-05
3.793954507152978023e-04 4.770389647044292374e-05
1.469420085247100485e-04 4.307038079625442537e-06
-1.187119022060344859e-04 -1.073633393849179776e-04
-3.690519584206821335e-04 -2.874205170845126143e-04
-5.566534972816933064e-04 -5.227154999955762856e-04
-6.441719237623430095e-04 -7.890318910164034966e-04
-6.114754863424842930e-04 -1.055379676965112392e-03
-4.595679276040399931e-04 -1.289581141063077165e-03
-2.105550847244228095e-04 -1.464097334970928740e-03
9.634259811014358641e-05 -1.560997728340654013e-03
4.119820574758494653e-04 -1.575137485400129270e-03
6.863386792527462676e-04 -1.514945662955228872e-03
8.776916798356448066e-04 -1.400679335534467558e-03
9.602222946812114489e-04 -1.260477716466891539e-03
9.285941911827558584e-04 -1.124966067270482834e-03
7.986571168462142708e-04 -1.021432875688048619e-03
6.041488260780267195e-04 -9.686836342165851960e-04
3.900278144203781806e-04 -9.735454682717876963e-04
2.037069068725484689e-04 -1.029683309685046257e-03
8.585459625783217925e-05 -1.118949679199654360e-03
6.251208165069794924e-05 -1.215009505726114816e-03
1.400238873858637625e-04 -1.288549797316002879e-03
3.037461222294168838e-04 -1.313083132391072976e-03
5.207799681807986306e-04 -1.270240841151334087e-03
7.462145577369995236e-04 -1.153547826318820219e-03
9.316975896667741702e-04 -9.699580500631172116e-04
1.034709945870002090e-03 -7.388534431582770377e-04
1.026785945224765106e-03 -4.886891487262516338e-04
8.991192275573857851e-04 -2.519136843699800506e-04
6.644880752906805622e-04 -5.911940721700756525e-05
3.551297801348612601e-04 6.647528536994878456e-05
1.695972820259086312e-05 1.131729514611631458e-04
-2.987778177103115338e-04 8.279320830293762081e-05
-5.448545902676193943e-04 -9.855572916716610768e-06
-6.866381049448473488e-04 -1.399253017949080740e-04
-7.082907141778729647e-04 -2.773367682069285056e-04
-6.154230736834079328e-04 -3.925354703990672003e-04
-4.337083062258189963e-04 -4.621039490366327042e-04
-2.037275609051317313e-04 -4.731680573914272161e-04
2.696937722216084842e-05 -4.257639368264309475e-04
2.130782529390860261e-04 -3.327195453063597295e-04
3.202787015044350656e-04 -2.170760918013712668e-04
3.318374280501232071e-04 -1.075413635958950701e-04
2.518223503451492290e-04 -3.284032308196007440e-05
1.043168746678343312e-04 -1.603777952108071010e-05
-7.121778014583593226e-05 -6.991374102702300726e-05
-2.275535267377585755e-04 -1.942731131407974729e-04
-3.188365459996102920e-04 -3.757053926296165854e-04
-3.095244244851640732e-04 -5.898462071390792082e-04
-1.814224123294798981e-04 -8.057187892434624406e-04
6.251937173799160122e-05 -9.913394535295153107e-04
3.983737508638970893e-04 -1.119531478481036041e-03
7.853454569205307184e-04 -1.172851869268944297e-03
1.173051914811145497e-03 -1.146702864336016916e-03
1.510606502016613017e-03 -1.050043068362109446e-03
1.755794008334599044e-03 -9.035668145068606822e-04
1.882610703478955049e-03 -7.356988888874214753e-04
1.885750993664231899e-03 -5.771645031703801637e-04
1.781200497735220371e-03 -4.551632457040465378e-04
1.602832092472593383e-03 -3.882497954434088565e-04
1.395657582869546482e-03 -3.828894463560953950e-04
1.207019997719316383e-03 -4.323384962938295393e-04
1.077400382993548393e-03 -5.180585345401786737e-04
1.032584758508449645e-03 -6.133931403627747346e-04
1.078678051103853369e-03 -6.888064824765020334e-04
1.200911362427037419e-03 -7.176870344596192417e-04
1.366469235803140182e-03 -6.816122042228017069e-04
1.530800958012956854e-03 -5.740714647524275144e-04
1.646218801426582723e-03 -4.019373014193151233e-04
1.671151694619922405e-03 -1.843997237810629910e-04
1.578297391970160746e-03 5.043951635432742850e-05
1.360123572005378584e-03 2.706734677829963952e-04
