-3.594511379782439542e-04 -2.113678322974489078e-03
-4.272276680676486945e-04 -1.779643158158578705e-03
-3.507769987995486196e-04 -1.455717927088787502e-03
-1.463701829251499585e-04 -1.184108653881751601e-03
1.443733677392318828e-04 -9.938133245323268680e-04
4.625853213086285787e-04 -8.957562406343446380e-04
7.435270905616425067e-04 -8.813970382925352849e-04
9.290865643048674570e-04 -9.250605641285174555e-04
9.790199635980514209e-04 -9.895285436294168086e-04
8.788035750813203957e-04 -1.033816078314834120e-03
6.426022759514392552e-04 -1.021642469869461171e-03
3.107867969932658330e-04 -9.289749866420138032e-04
-5.753559350280066775e-05 -7.492007236332640921e-04
-3.955674231333925709e-04 -4.949322059322033753e-04
-6.413567093271516388e-04 -1.960915125840168342e-04
-7.494514562774466431e-04 1.053756011149025237e-04
-6.994682718100839539e-04 3.631636831370816851e-04
-4.999536817994665230e-04 5.352049349176743725e-04
-1.868069541603157267e-04 5.915757624159355063e-04
1.834380766265402785e-04 5.202163591599448349e-04
5.442023101392617435e-04 3.293784325850699951e-04
8.313199284287789122e-04 4.633294380244380728e-05
9.950112710010029608e-04 -2.874247474294932343e-04
1.009107863770831309e-03 -6.235741882316795954e-04
8.757883978690971091e-04 -9.155845205441818634e-04
6.249349846523225178e-04 -1.126927290616691960e-03
3.082380409874727598e-04 -1.237347810635884776e-03
-1.082728608502875074e-05 -1.246024317740276237e-03
-2.692484923391791720e-04 -1.171034242726809189e-03
-4.166212929182799580e-04 -1.045246476163031206e-03
-4.248873883927061662e-04 -9.094351439196111421e-04
-2.938147711266487442e-04 -8.039359760789780394e-04
-5.117764508179447431e-05 -7.604413771512354191e-04
2.524026486745275448e-04 -7.955027272157998543e-04
5.529825650478168439e-04 -9.069835090737266275e-04
7.853864258075506826e-04 -1.074146125003275524e-03
8.955742026923145397e-04 -1.261364958518812994e-03
8.509459468163375504e-04 -1.424769117722796997e-03
6.466314067900786689e-04 -1.520560910775668219e-03
3.065724833667745762e-04 -1.513436045559166197e-03
-1.208089513954600531e-04 -1.383509466892360491e-03
-5.715411581670435445e-04 -1.130430879213841465e-03
-9.779442575821627529e-04 -7.739033738813917143e-04
-1.281146902890762090e-03 -3.504970346513221376e-04
-1.441914217018885804e-03 9.265144280463108797e-05
-1.447743690110367106e-03 5.060745149101934966e-04
-1.314892803018021233e-03 8.466015567907663733e-04
-1.084962017679506592e-03 1.084762292870524673e-03
-8.166877210153519924e-04 1.209582216848303915e-03
-5.745065421195855691e-04 1.229880560388091218e-03
-4.160634986808645509e-04 1.171843599454130535e-03
-3.810359810279256160e-04 1.073350925372021890e-03
-4.833958673904203019e-04 9.761462969657766237e-04
-7.085803646205716868e-04 9.173515811539941292e-04
-1.016111889816822102e-03 9.219450608409543143e-04
-1.347174612426115491e-03 9.976408318390847518e-04
-1.635715720881289817e-03 1.133149115508463650e-03
-1.820970979530335630e-03 1.300154637363478598e-03
-1.859043288425742384e-03 1.458643496068177774e-03
-1.731341048907311751e-03 1.564572037623682566e-03
-1.448276479734685864e-03 1.578424819726829747e-03
-1.047520324337273320e-03 1.473037420587989307e-03
-5.871389913804803823e-04 1.239196158542961012e-03
-1.349081810501961466e-04 8.879450281021831343e-04
2.441797948468901508e-04 4.491511986483780845e-04
4.998564227282265753e-04 -3.341329562765198353e-05
6.057116308554469711e-04 -5.095582415188975624e-04
5.638008209127415814e-04 -9.313300874899291086e-04
4.038599931902548757e-04 -1.261214708497956135e-03
1.772857231386156191e-04 -1.478354240755269970e-03
-5.297206859539003608e-05 -1.581620487113340710e-03
-2.246829965331963771e-04 -1.588982429605878717e-03
-2.884436222300011286e-04 -1.533306431388340319e-03
-2.173202904640870407e-04 -1.455402055215884337e-03
-1.219576913435321298e-05 -1.395646434251566950e-03
2.981975178597223806e-04 -1.385787393851129531e-03
6.625677717459977018e-04 -1.442489482257234721e-03
1.016678633331908211e-03 -1.563854595195441916e-03
1.295469568850342746e-03 -1.729582982923665328e-03
1.445387283319000005e-03 -1.904748327349892580e-03
1.434592518698301050e-03 -2.046473390811712895e-03
1.259107781730834773e-03 -2.112240644584113553e-03
9.437390572744966399e-04 -2.068259862069475943e-03
5.375930596650636351e-04 -1.896301093664243872e-03
1.050338873712615222e-04 -1.597689334990570666e-03
-2.862144673212749062e-04 -1.193692113244348247e-03
-5.775737108835161775e-04 -7.222119588353075395e-04
-7.303644089827673056e-04 -2.313935045241156670e-04
-7.327784189012520209e-04 2.286622817425615459e-04
-6.017583413332654521e-04 6.145267728971106833e-04
-3.794360174156813413e-04 8.968008447542602556e-04
-1.248120565624076409e-04 1.064826842447073743e-03
9.774096139509940405e-05 1.127882063914713339e-03
2.309681130036114207e-04 1.112645805656984049e-03
2.358437868849840502e-04 1.057436340211272922e-03
9.919626505661572474e-05 1.004324179014043621e-03
-1.636027407459953549e-04 9.906281539560854183e-04
-5.113961993923135402e-04 1.041415496764874424e-03
-8.849276419679466630e-04 1.164434550851554473e-03
-1.218000866421578912e-03 1.348445525021341488e-03
-1.450000719674204028e-03 1.565268549083084640e-03
-1.537403432565879937e-03 1.775161606018495295e-03
-1.462095225601551174e-03 1.934507547904578935e-03
-1.234921164935200199e-03 2.004349339162734677e-03
-8.937883442858385145e-04 1.958149316982349397e-03
-4.966776506253737285e-04 1.787292644021630083e-03
-1.108816386646087316e-04 1.503280011074401229e-03
1.994999622192930220e-04 1.136179648894482383e-03
3.854460457404448610e-04 7.296155198566183376e-04
4.220375095248229936e-04 3.332233518611839112e-04
3.129165275013465826e-04 -6.015038475726351003e-06
8.934411890033992212e-05 -2.519365577690360581e-04
-1.959590425924746847e-04 -3.853328799297231098e-04
-4.790162851321075094e-04 -4.069133481920775047e-04
-6.969055553439284460e-04 -3.365501289696680291e-04
-7.998412869952966969e-04 -2.089634880273390520e-04
-7.607359767900600915e-04 -6.667729034472060900e-05
-5.804280500206100701e-04 4.841041008839285561e-05
-2.875841315995137466e-04 1.032369372134123858e-04
6.670679076720526467e-05 8.000411584314643786e-05
4.186237419490811866e-04 -2.039386223809489408e-05
7.037528212239158899e-04 -1.785936095719231598e-04
8.693744446560849708e-04 -3.605924464138133244e-04
8.845692523460396608e-04 -5.244550905398588734e-04
7.462253220266039421e-04 -6.286198874796793384e-04
4.798046291276680548e-04 -6.402220588730702343e-04
1.347183357314905752e-04 -5.418460368366793392e-04
-2.248192845302799422e-04 -3.354144703530519958e-04
-5.317328309653412792e-04 -4.246202815247443908e-05
-7.285691257121191915e-04 2.992746079306685689e-04
-7.781649981049301116e-04 6.423224793504388663e-04
-6.704862489876645560e-04 9.377875067849649436e-04
-4.243492029382503234e-04 1.143962450777968225e-03
-8.370471277754470670e-05 1.233615026532539159e-03
2.908066064653478918e-04 1.198592402567122493e-03
6.334245489580984326e-04 1.050885031893115202e-03
8.857706223587712060e-04 8.199614221137878443e-04
1.007910854194777944e-03 5.468894783216611977e-04
9.858838528830227849e-04 2.763661826893974130e-04
8.342682216252011443e-04 4.817088628853490734e-05
5.933037775685899139e-04 -1.103360650564832535e-04
3.211133052443113675e-04 -1.892483501537491368e-04
8.250028493593080650e-05 -1.977310913328341260e-04
-6.355268293240098291e-05 -1.619192652027059661e-04
-7.531313391030821855e-05 -1.195025042419329121e-04
6.351371517679816735e-05 -1.120315847821224775e-04
3.403954350586846714e-04 -1.764155631359289175e-04
7.160292902971864340e-04 -3.372337864855770107e-04
1.131463211626838753e-03 -6.013344112748649937e-04
1.518939908180949247e-03 -9.557594515779176732e-04
1.814418364573126179e-03 -1.369407440607362447e-03
1.969409317848910042e-03 -1.798137584938712267e-03
1.959890981742945775e-03 -2.192367713741235572e-03
1.790623719400444899e-03 -2.505745732295557721e-03
1.494052948437903355e-03 -2.703270151489981388e-03
1.124013452818753509e-03 -2.767338240874455194e-03
7.454316316701367282e-04 -2.700590982581277302e-03
4.219788946684164361e-04 -2.525028394178820135e-03
2.040162039625743754e-04 -2.277572586764633252e-03
1.191134730282505851e-04 -2.002925945150564168e-03
1.669388442415426074e-04 -1.745081251368026977e-03
3.194843179604718955e-04 -1.539093007341061844e-03
5.265826853048970798e-04 -1.404666897420544288e-03
7.256677645743005080e-04 -1.342777227419675616e-03
8.539254788774580402e-04 -1.335946066137735228e-03
8.605296772567175723e-04 -1.352121839999697803e-03
7.166397010610063741e-04 -1.351411125525895512e-03
4.212597486676494677e-04 -1.294374916308669611e-03
1.843018568963494461e-06 -1.150302486000951037e-03
-4.904817943510442202e-04 -9.038786473240918934e-04
-9.901660987873246809e-04 -5.589632729700152926e-04
-1.429234926989784993e-03 -1.387480520620000090e-04
-1.749755615161229872e-03 3.177587913572029279e-04
-1.914428565754200352e-03 7.622735593237660659e-04
-1.913302094229676550e-03 1.145584077830327091e-03
-1.765346629394605547e-03 1.426139780180207210e-03
-1.514596143906621209e-03 1.577274544020284587e-03
-1.221592466159640697e-03 1.591708989482197622e-03
-9.517564577536971430e-04 1.482491853089015505e-03
-7.628907533030540589e-04 1.280211761088086500e-03
-6.941819460525230912e-04 1.027014133794498406e-03
-7.587849253467859358e-04 7.685599690538584636e-04
-9.413925787201511079e-04 5.454499798161261716e-04
-1.201248952983500085e-03 3.857358466273460348e-04
-1.480032193576410809e-03 2.999316379855076565e-04
-1.713110518586134865e-03 2.794623176711509018e-04
-1.842034919901686281e-03 2.988329026893324228e-04
-1.825897331227553351e-03 3.210950214067470631e-04
-1.649397162412933942e-03 3.055612312313695390e-04
-1.326081829469937402e-03 2.162901331699777080e-04
-8.961402994727466452e-04 2.971800685256715440e-05
-4.191597737269008028e-04 -2.600266993902055875e-04
3.679077427652920887e-05 -6.391515375793732894e-04
4.076909456111923709e-04 -1.075963641361098655e-03
6.453480650842286035e-04 -1.526053882084783342e-03
7.262018376228305747e-04 -1.939938303307503021e-03
6.554937612692415946e-04 -2.271726995552762578e-03
4.660173501896297836e-04 -2.487194316898309540e-03
2.116903083706931851e-04 -2.569735616724633676e-03
-4.283086773142159636e-05 -2.523093402525140513e-03
-2.345251597863675362e-04 -2.370344979697305843e-03
-3.140259988831008023e-04 -2.149348743132173997e-03
-2.550091128965905653e-04 -1.905514045277938813e-03
-5.917265629612217942e-05 -1.683263512679181607e-03
2.441313837614259821e-04 -1.517801453683133208e-03
6.035417946821825539e-04 -1.428741303661083990e-03
9.555361685390855678e-04 -1.416790448610099826e-03
1.236613064699623385e-03 -1.464109458189948552e-03
1.395496358094815495e-03 -1.538264863008476438e-03
1.403045033615324833e-03 -1.599012311755553147e-03
1.257985678030749260e-03 -1.606609473907942998e-03
9.873755496197893222e-04 -1.530067234015428969e-03
6.417017114148137243e-04 -1.353758679663460973e-03
2.855374388675596307e-04 -1.081116090287245800e-03
-1.448136038203324226e-05 -7.346977703512095562e-04
-2.020890181792557583e-04 -3.525946583414084801e-04
-2.418834154207350580e-04 1.815916292891155983e-05
-1.258973715066861229e-04 3.299391351599310581e-04
1.249924590693948421e-04 5.430775061661522775e-04
4.650831276768691643e-04 6.329977410290354945e-04
8.325267704621553289e-04 5.945937830183756472e-04
1.161031138292492344e-03 4.430310240799339907e-04
1.392363962449509173e-03 2.108206773860368203e-04
1.487294680601804198e-03 -5.827792994198401164e-05
1.432903934025379303e-03 -3.173747994103294783e-04
1.244879934202773250e-03 -5.250543883953483855e-04
9.643708726517167141e-04 -6.528466261284779533e-04
6.499941190136552518e-04 -6.901591887135257938e-04
3.665206899394975225e-04 -6.457493165886807676e-04
1.723835825405393724e-04 -5.454706212169614914e-04
1.083817045992383887e-04 -4.267372407708496592e-04
1.897250114693135262e-04 -3.307704517762455158e-04
4.029338698059738415e-04 -2.941134672070812718e-04
7.081863885670654311e-04 -3.410389922773874238e-04
1.046675565787836670e-03 -4.783048851685722629e-04
1.351589001391363416e-03 -6.932680417710467219e-04
1.560637347808194707e-03 -9.557297149677239107e-04
1.627763626899384787e-03 -1.223177510085320108e-03
1.531819728842900765e-03 -1.448444354343987866e-03
1.280569664234290899e-03 -1.588344990127097062e-03
9.092629651701411662e-04 -1.611663110779891495e-03
4.740487165405735917e-04 -1.504982703569029186e-03
4.147659116153506889e-05 -1.275262736270399780e-03
-3.239288216954660832e-04 -9.486682638950151656e-04
-5.716702752028906750e-04 -5.658771240218004282e-04
-6.745877367868564987e-04 -1.747459814053309930e-04
-6.337176325050281750e-04 1.782831995866389916e-04
-4.777868097317292681e-04 4.564192230557026064e-04
-2.574432384718889320e-04 6.388532523847198843e-04
-3.532270072000639072e-05 7.240015612234118689e-04
1.261603483435933351e-04 7.290616494179161765e-04
1.769783301521893858e-04 6.859832899718447483e-04
8.930122512491791165e-05 6.346357647567970987e-04
-1.369129109676821407e-04 6.144838442269774745e-04
-4.736135188238535694e-04 6.563673597124135414e-04
-8.697037138095950817e-04 7.759590604720264769e-04
-1.260487788722587481e-03 9.701566795777384969e-04
-1.579736549164725834e-03 1.217108145128898648e-03
-1.772090354557146266e-03 1.479879174246166024e-03
-1.803454746952117905e-03 1.713080720809543852e-03
-1.667422543805056325e-03 1.871210956367685453e-03
-1.386507522707299250e-03 1.917139272065571023e-03
-1.007956114452447476e-03 1.829130208288912585e-03
-5.949290525185177555e-04 1.605078895235479731e-03
-2.147205198389441931e-04 1.263154739480662524e-03
7.375780132233111363e-05 8.387273256888612373e-04
2.308622239443646525e-04 3.781496474633700691e-04
2.434162380315532236e-04 -6.943384557675567979e-05
1.268663832294173312e-04 -4.607153814092806738e-04
-7.800651024275878209e-05 -7.656687975201796181e-04
-3.131905154472856313e-04 -9.724178151584649769e-04
-5.148180010607033945e-04 -1.088623610745303658e-03
-6.256511338240140080e-04 -1.139147823614315930e-03
-6.063051248245655226e-04 -1.160453053276997923e-03
-4.430759810800167283e-04 -1.192820850827648604e-03
-1.508827843721630016e-04 -1.271880179088332244e-03
2.292398947953158098e-04 -1.421069118319390374e-03
6.376312039155490998e-04 -1.646474676235309704e-03
1.007062455844868554e-03 -1.935043648179860486e-03
1.275275599120993027e-03 -2.256517180661690453e-03
1.396631145247825660e-03 -2.568734313612237776e-03
1.350662442925459634e-03 -2.825309323237264018e-03
1.145917790027135060e-03 -2.984235504971542025e-03
8.183629677293016366e-04 -3.015789818720702835e-03
4.246456580698343810e-04 -2.908242364605909819e-03
3.149504043395407295e-05 -2.670287465853357980e-03
-2.967393802935886860e-04 -2.329731062879900755e-03
-5.100543492061751722e-04 -1.928675206741218466e-03
-5.820040977349190143e-04 -1.516101059256905323e-03
-5.144180853439408920e-04 -1.139241968236297600e-03
-3.367386450987534959e-04 -8.353651653331454173e-04
-1.001111868335652789e-04 -6.255015147922975355e-04
1.326464313352989570e-04 -5.112925410990902270e-04
2.992882955511587807e-04 -4.755328019545038078e-04
3.502723487349156161e-04 -4.862855052103243507e-04
2.584750597819386576e-04 -5.037726864036115625e-04
2.464215914397508301e-05 -4.887163813019725685e-04
-3.224633309240529638e-04 -4.105334141649163732e-04
-7.312497834472111904e-04 -2.538154846793116677e-04
-1.136845064347278634e-03 -2.185262109691775943e-05
-1.473200372549852109e-03 2.634800746148714288e-04
-1.685461231439611910e-03 5.654615563111394742e-04
-1.740265377381992364e-03 8.391899027814174981e-04
-1.632018681372343367e-03 1.039916619470488898e-03
-1.383960608604561764e-03 1.131474516774714102e-03
-1.043816148809478123e-03 1.093202867414215041e-03
-6.748551071499963704e-04 9.240552171398341234e-04
-3.440482858161043010e-04 6.431059528063231417e-04
-1.095589434352873008e-04 2.863510762099384893e-04
-9.933054811313095887e-06 -9.960201410829321424e-05
-5.702959763160978055e-05 -4.657739650525639583e-04
-2.340233900859323385e-04 -7.694368946690615697e-04
-4.988521026067613447e-04 -9.815053539759524201e-04
-7.924479432035400625e-04 -1.091312860538515544e-03
-1.050188441074831466e-03 -1.107887760768480872e-03
-1.214391308599647567e-03 -1.057505241389070224e-03
-1.245480943012058396e-03 -9.779971610237177780e-04
-1.129706100680505452e-03 -9.109145657234276033e-04
-8.819419092229322053e-04 -8.930432087365491444e-04
-5.430408972917572311e-04 -9.488933727036505178e-04
-1.722307266103024126e-04 -1.085598918279267197e-03
1.640048105723891951e-04 -1.291202092165522584e-03
4.044580218152872162e-04 -1.536657079742266693e-03
5.047705887615705099e-04 -1.781178518086056276e-03
4.458562128877453096e-04 -1.979925103587104173e-03
2.375765147812599677e-04 -2.092563546688694723e-03
-8.302809009874231503e-05 -2.091088730392092788e-03
-4.586207031499679081e-04 -1.965414122883093855e-03
-8.222642822837090623e-04 -1.725666138535237801e-03
-1.109911468779254447e-03 -1.400737823860915025e-03
-1.272328477037258307e-03 -1.033363326486403918e-03
-1.284201350333785858e-03 -6.726314809508229277e-04
-1.148706780833487918e-03 -3.653402161073432517e-04
-8.966886458662050047e-04 -1.478118769897379626e-04
-5.806027962428064390e-04 -3.970162008684580785e-05
-2.643830764708082347e-04 -4.095342643647639390e-05
-1.115354453558575071e-05 -1.324624716654586364e-04
1.288807779448945378e-04 -2.803014081348363098e-04
1.280666948869467340e-04 -4.426943205673771549e-04
-1.336911316201106620e-05 -5.784032846441573231e-04
-2.673090896751842958e-04 -6.549267947679949164e-04
-5.830554265020208415e-04 -6.549470782315113459e-04
-8.969582171042036469e-04 -5.797972609251527461e-04
-1.144538472822413232e-03 -4.492861963331306013e-04
-1.272809872746959517e-03 -2.979111301765033533e-04
-1.250464418487706036e-03 -1.681751050411852582e-04
-1.073990569838543250e-03 -1.022770304950046979e-04
-7.685615900850324483e-04 -1.337532528817441551e-04
-3.835211360180313680e-04 -2.806613035008243820e-04
1.668469081790704750e-05 -5.416069586567975316e-04
3.644180768897962129e-04 -8.953795681945759914e-04
6.013544880991677621e-04 -1.304279282883972742e-03
6.892212284097385582e-04 -1.720522320818204838e-03
6.167435630627932227e-04 -2.094528808829303895e-03
4.014905722252410476e-04 -2.383542113414266472e-03
8.627854361993158444e-05 -2.558966230257015469e-03
-2.691800427444245307e-04 -2.611050492322245214e-03
-5.997941310264680607e-04 -2.550052604788270380e-03
-8.475915947547957296e-04 -2.403676825319199691e-03
-9.728252246699581720e-04 -2.211287955849023344e-03
-9.615802331063381253e-04 -2.016010490354261039e-03
-8.284397683888968227e-04 -1.856220585631932710e-03
-6.137017607781563178e-04 -1.758051122406181169e-03
-3.756732187111377214e-04 -1.730335727939063574e-03
-1.795012929773180123e-04 -1.762953093740943656e-03
-8.465731332199890637e-05 -1.828886255880490027e-03
-1.334461759485223087e-04 -1.889605216621125048e-03
-3.427203935601260288e-04 -1.902749171249671582e-03
-7.003723507250160822e-04 -1.830646410368749408e-03
-1.167274522620919026e-03 -1.648048720087139053e-03
-1.684306725670553159e-03 -1.347603388084480953e-03
-2.183147004490979502e-03 -9.420121073207312875e-04
-2.598790724676394541e-03 -4.624515238577787783e-04
-2.881435621830625519e-03 4.646346192305445910e-05
-3.005490811506955802e-03 5.342389572367586392e-04
-2.974012312234383584e-03 9.531721533126002056e-04
-2.817733369902254877e-03 1.266510229930746956e-03
-2.588880888725221020e-03 1.454572506022475988e-03
-2.350955894884900615e-03 1.517695071844075072e-03
-2.166419404146711046e-03 1.475457543070548714e-03
-2.084620809107457819e-03 1.362353926608146507e-03
-2.132259033402811831e-03 1.220740933841371091e-03
-2.308186106179969596e-03 1.092410339705497278e-03
-2.583539500300281819e-03 1.010390022257548785e-03
-2.907179458056993564e-03 9.925323190374808584e-04
-3.215401880739324463e-03 1.038107070873017443e-03
-3.444086619443572674e-03 1.128044869450302908e-03
-3.540978704247203269e-03 1.228781921903735613e-03
-3.475773742917995061e-03 1.298973082510209310e-03
-3.246093416401873728e-03 1.297793722555803811e-03
-2.878214210699941034e-03 1.193247649840312131e-03
-2.422405131719699688e-03 9.688947860291799875e-04
-1.943750240438736577e-03 6.277094966063192756e-04
-1.510186289660262523e-03 1.923221242047608759e-04
-1.180012755476900470e-03 -2.984201314495284869e-04
-9.912313364455220197e-04 -7.959407402328976281e-04
-9.547256352630172299e-04 -1.250260714193528969e-03
-1.052564816645358298e-03 -1.618607453168438310e-03
-1.241745191271036598e-03 -1.872694326459374125e-03
-1.462654546390821124e-03 -2.003310536549466215e-03
-1.650650485507891519e-03 -2.021368769518891700e-03
-1.748555228994612930e-03 -1.955227121323841084e-03
-1.717696729685959768e-03 -1.844805175180935439e-03
-1.545402225055145717e-03 -1.733618764946786390e-03
-1.247523142746011574e-03 -1.660249462801055651e-03
-8.655121824660656164e-04 -1.650869109259300947e-03
-4.586060439754090006e-04 -1.714237078792300991e-03
-9.259510557227580577e-05 -1.840116878125310678e-03
1.726913276338026739e-04 -2.001408375369700260e-03
2.948113828991919200e-04 -2.159585655527345403e-03
2.568809329741991113e-04 -2.272401990650346759e-03
7.093592271771419081e-05 -2.302391764350980932e-03
-2.241555402376129162e-04 -2.224546184449229750e-03
-5.698421407821005870e-04 -2.031694274633880862e-03
-8.987522622831648628e-04 -1.736553717203140682e-03
-1.147220738806069285e-03 -1.370045659224967006e-03
-1.267114341555727886e-03 -9.761744183163615935e-04
-1.234723528447048777e-03 -6.044233088441470711e-04
-1.055043169046198130e-03 -3.010884243718543632e-04
-7.606375734244527663e-04 -1.011740372730125749e-04
-4.053099891937555718e-04 -2.236807856870014341e-05
-5.377975077120513434e-05 -6.222383394620856125e-05
2.306746462225161935e-04 -1.990687869307466659e-04
3.982640662698704037e-04 -3.964580046695323164e-04
4.221457689757728872e-04 -6.103207503315874688e-04
3.034976001949652997e-04 -7.974416722533577686e-04
7.124889991168699118e-05 -9.236679594672716695e-04
-2.234795535933164850e-04 -9.702885317589482125e-04
-5.171714243638158692e-04 -9.373802357176514799e-04
-7.460884040390981884e-04 -8.434930210438615957e-04
-8.585123030408882503e-04 -7.217418551139845317e-04
-8.247327099761178311e-04 -6.130558871926672501e-04
-6.428835097635894310e-04 -5.578757564371429525e-04
-3.395170609438534341e-04 -5.878855774752080737e-04
3.519909927737635840e-05 -7.193610162876469712e-04
4.167601262424504814e-04 -9.494099291402966195e-04
7.383261897896519627e-04 -1.255834995353976268e-03
9.431831033784767847e-04 -1.600662190303266726e-03
9.953080080909106238e-04 -1.936684613732925523e-03
8.860451512562618741e-04 -2.215799573886075447e-03
6.356326640827906181e-04 -2.397576179023650292e-03
2.892953777461474188e-04 -2.456445545367348746e-03
-9.135328472899742328e-05 -2.386164698373435117e-03
-4.399700535223901102e-04 -2.200719346101371807e-03
-6.979923810088134017e-04 -1.931502644372245104e-03
-8.256317557894111547e-04 -1.621309662364121265e-03
-8.092690208220834711e-04 -1.316287500216672523e-03
-6.638532911458381799e-04 -1.057365303272672597e-03
-4.298531804382706677e-04 -8.727840621545054304e-04
-1.653415699407084533e-04 -7.731350518486174031e-04
6.528245391326580960e-05 -7.498380859050111447e-04
2.037932896527249469e-04 -7.773369643626781454e-04
2.094869203511175214e-04 -8.185834331984956358e-04
6.722170038274757897e-05 -8.327563920358904389e-04
-2.093780516504077736e-04 -7.837382952653848111e-04
-5.801698319108151460e-04 -6.477261661093261080e-04
-9.857740867790731019e-04 -4.185177841603014487e-04
-1.358517444454579535e-03 -1.094535430046183989e-04
-1.634972992936524396e-03 2.483720975869170219e-04
-1.767729613977726301e-03 6.113086803418625679e-04
-1.734167683633324429e-03 9.307898568802223851e-04
-1.540584507730059609e-03 1.161984276917683032e-03
-1.220892508319617849e-03 1.271832901284979025e-03
-8.301398565963547492e-04 1.244962525444833108e-03
-4.340825540567187129e-04 1.086365100263082068e-03
-9.678347111611305172e-05 8.203422227374958199e-04
1.314137629818292298e-04 4.859185395421076114e-04
2.232603270144638751e-04 1.295934752252911435e-04
1.795546043071107631e-04 -2.031982833980269711e-04
2.873741565521590029e-05 -4.763055270598337120e-04
-1.787885149752621778e-04 -6.692099911904003011e-04
-3.805335879680921932e-04 -7.803146086156574884e-04
-5.141145406449463238e-04 -8.265606317734651952e-04
-5.294499013588239295e-04 -8.394609441384706270e-04
-3.986407751944068940e-04 -8.583172465212335909e-04
-1.216579620947392214e-04 -9.219234215152946220e-04
2.732497079683452292e-04 -1.060344984473947198e-03
7.345114014503813758e-04 -1.288350648482377344e-03
1.196624324268035465e-03 -1.601759287569336308e-03
1.592207489575026133e-03 -1.977413190182158997e-03
1.864443983513507097e-03 -2.376801041126493270e-03
1.977562182071014932e-03 -2.752661722675899154e-03
1.923376754380519936e-03 -3.057333904470606670e-03
1.722655289294287764e-03 -3.251283754564218177e-03
1.421055010534239991e-03 -3.310207027583493555e-03
1.080401066008065698e-03 -3.229369193488514870e-03
7.669588539096000232e-04 -3.024367589011832391e-03
5.389209570276306703e-04 -2.728174304426107897e-03
4.354768951235773273e-04 -2.385019910193881144e-03
4.695331020179032994e-04 -2.042273401197542033e-03
6.254582614112418970e-04 -1.741850237807927079e-03
8.622765143378402584e-04 -1.512766889165002935e-03
1.121698506225297107e-03 -1.366240543187562974e-03
1.339463326282956755e-03 -1.294248331951960073e-03
1.457836758079332929e-03 -1.271803307079073277e-03
1.436891778446980307e-03 -1.262498971997820909e-03
1.262427493748519928e-03 -1.226254056260450047e-03
9.490191023761399567e-04 -1.127771851303428861e-03
5.376135141235841367e-04 -9.440928520535458827e-04
8.811833092246148364e-05 -6.697913185917231914e-04
-3.316196434057587495e-04 -3.188131116060864451e-04
-6.583659605009231034e-04 7.741085624768457760e-05
-8.452093095408823786e-04 4.752346082011808218e-04
-8.702190381328642546e-04 8.264671802542134654e-04
-7.404141031887833671e-04 1.087002896655880077e-03
-4.902948807029405397e-04 1.224787774672722422e-03
-1.752176993654500461e-04 1.225621113781613127e-03
1.391325989959121519e-04 1.095698507836887110e-03
3.891790057658835070e-04 8.604167193485549219e-04
5.254441311943322188e-04 5.596658221465926559e-04
5.218291606639456019e-04 2.404963151468453427e-04
3.804263683243542041e-04 -5.145681304195230243e-05
1.309582163944885932e-04 -2.801783553994287041e-04
-1.750456433071893674e-04 -4.255635853000221038e-04
-4.742250579453981480e-04 -4.866179593484708417e-04
-7.036242791784826566e-04 -4.809754844994807593e-04
-8.128616257867951134e-04 -4.408438755678481579e-04
-7.739225884560985407e-04 -4.061621868939314884e-04
-5.867150442588639579e-04 -4.162849353819281098e-04
-2.793278657354515389e-04 -5.017857929761651266e-04
9.706251684238513338e-05 -6.779508774768070074e-04
4.776790918010449609e-04 -9.412108920815249113e-04
7.962336592397166674e-04 -1.269203627118963094e-03
9.973339272933597066e-04 -1.624469294594699893e-03
1.046862524636569397e-03 -1.961091341951544213e-03
9.383651894025583397e-04 -2.233035462892305183e-03
6.942400640948284511e-04 -2.402615570044436440e-03
3.615034412234135433e-04 -2.447488905838734151e-03
2.933260173388035734e-06 -2.364858315676038759e-03
-3.147341158312023219e-04 -2.172085792446413425e-03
-5.333213428992178212e-04 -1.903598154556660274e-03
-6.140749837007283395e-04 -1.604665065796055798e-03
-5.448248646540365886e-04 -1.323219209704119999e-03
-3.420873494837350080e-04 -1.101256738453028220e-03
-4.771998446407297364e-05 -9.674334579960045845e-04
2.792328417714129082e-04 -9.322439935362692321e-04
5.739526635804733084e-04 -9.866806541697511167e-04
7.783504110352189092e-04 -1.104608799262016359e-03
8.522863461670009393e-04 -1.248391189814266472e-03
7.813754412838405834e-04 -1.376678471770626791e-03
5.798940947191995668e-04 -1.452873102671080330e-03
2.882321804840647875e-04 -1.452647280452445174e-03
-3.463205157357463772e-05 -1.369075724552564193e-03
-3.222134974414257377e-04 -1.214397309956811392e-03
-5.130631311347476093e-04 -1.018059719243645956e-03
-5.623996642863045596e-04 -8.214072088856066382e-04
-4.506287721997181321e-04 -6.700095850217535360e-04
-1.871369781635946294e-04 -6.050797027822897318e-04
1.913590841878297171e-04 -6.556021210501953959e-04
6.275974744236617348e-04 -8.326636896951860331e-04
1.054408173930469371e-03 -1.127062709266683001e-03
1.407192613368550647e-03 -1.510655234598289216e-03
1.635887413321916554e-03 -1.941192071417096850e-03
1.714152699968482085e-03 -2.369741486883104441e-03
1.644051560951195756e-03 -2.749305260491707696e-03
1.455341506283012011e-03 -3.043011664925048161e-03
1.199519399013292045e-03 -3.230350636472305303e-03
9.397549362941061586e-04 -3.310288241269601292e-03
7.386262356219786733e-04 -3.300689115502852388e-03
6.459870184968674427e-04 -3.234174832367607381e-03
6.892695561592256104e-04 -3.151220738757226983e-03
8.680657794658381242e-04 -3.091816010554740510e-03
1.154018217968471541e-03 -3.087282650790896220e-03
1.496046249138782529e-03 -3.153817619353647093e-03
1.829922035943955163e-03 -3.288994235396159108e-03
2.090385968707240017e-03 -3.471896581243565354e-03
2.223509543777931786e-03 -3.666870387515392196e-03
2.196965657823809689e-03 -3.830186528325432629e-03
2.006261357842497890e-03 -3.918358989810446537e-03
1.675751370641875761e-03 -3.896542990742491754e-03
1.254237745598584019e-03 -3.745420766967736889e-03
8.059848475026065457e-04 -3.465265915430525579e-03
3.988459264317115041e-04 -3.076408578459159139e-03
9.174346322815042382e-05 -2.616002615821526236e-03
-7.613290925883762442e-05 -2.131693786118732219e-03
-9.237290498482087636e-05 -1.673372735862640147e-03
2.668998070463744115e-05 -1.284557569223937707e-03
2.394600560616253274e-04 -9.950196169451631240e-04
4.873397091591567896e-04 -8.160297325692716453e-04
7.061962869572088351e-04 -7.391057872611129544e-04
8.388565696406389324e-04 -7.384790689079377343e-04
8.462556669127780078e-04 -7.767935479780688603e-04
7.151225027065672389e-04 -8.129406896971373524e-04
4.607405398260083947e-04 -8.105293932045992428e-04
1.242557154684101393e-04 -7.453720264535002027e-04
-2.349630135072084877e-04 -6.105558336435094055e-04
-5.504672672469674080e-04 -4.181285275619024537e-04
-7.612690655455042104e-04 -1.970705757325304794e-04
-8.234033662015336191e-04 1.206740784701896597e-05
-7.183236214267163869e-04 1.648493854425804746e-04
-4.565391066484951574e-04 2.215053101800374584e-04
-7.580257433947401417e-05 1.547267671394637108e-04
3.658124339055293184e-04 -4.477538804104508764e-05
8.006386859744446744e-04 -3.660126095956702528e-04
1.163921422041270257e-03 -7.791985443095779222e-04
1.405742182811022152e-03 -1.240700767824886750e-03
1.500109801523804264e-03 -1.700542505580289855e-03
1.449504874135169961e-03 -2.111051197141447771e-03
1.284025107209376196e-03 -2.435034731806855115e-03
1.055301276297058609e-03 -2.651956298199438684e-03
8.263435702440830727e-04 -2.760958007906571220e-03
6.592484161265902993e-04 -2.780179987875858183e-03
6.031006229680451738e-04 -2.742522538543254972e-03
6.843681975396031418e-04 -2.688671499893715948e-03
9.016145503241491162e-04 -2.658723803680570867e-03
1.225534509194481196e-03 -2.684013467253418533e-03
1.604311546717434971e-03 -2.780698188299608395e-03
1.973284982241668272e-03 -2.946330876791467598e-03
2.267098656217536850e-03 -3.160072561640667882e-03
2.432031472654648356e-03 -3.386510736243029777e-03
2.436174513159122985e-03 -3.582361541901366714e-03
2.275525961429642093e-03 -3.704785159967279376e-03
1.974846931052925449e-03 -3.719735456305582784e-03
1.583112362170725285e-03 -3.608755764624308263e-03
1.164413793786191285e-03 -3.372924487741001467e-03
7.860313594281529001e-04 -3.033191691159062894e-03
5.059278089992142813e-04 -2.627029279476553354e-03
3.620263239824895920e-04 -2.202013674204819638e-03
3.652957555775203282e-04 -1.807539354522477498e-03
4.979457429277807812e-04 -1.486214531655405706e-03
7.170665483617958942e-04 -1.266549835736356915e-03
9.630176088165077726e-04 -1.158305942570522166e-03
1.170969931108288781e-03 -1.151362942053934385e-03
1.283410744646342003e-03 -1.218308207392116045e-03
1.261237248093642106e-03 -1.320236663392504147e-03
1.091334218754909163e-03 -1.414650733538065077e-03
7.891969438591262031e-04 -1.463951689579449326e-03
3.961001107811235652e-04 -1.442904468625409806e-03
-2.865291884475895581e-05 -1.343654945022241132e-03
-4.189334195000039298e-04 -1.177344777969916659e-03
-7.143213586920641898e-04 -9.720159680455593048e-04
-8.715953570072966288e-04 -7.672025814364308261e-04
-8.730004153881973329e-04 -6.062371413909484587e-04
-7.297244602873992955e-04 -5.277345931962072962e-04
-4.799211014687606008e-04 -5.578750133100288545e-04
-1.816479202675235394e-04 -7.049573153855951150e-04
9.794825340482603108e-05 -9.572682370861962126e-04
2.951574237460977742e-04 -1.284684859384595734e-03
3.615784501607158729e-04 -1.643723325168043245e-03
2.730955555079506202e-04 -1.985094872006085143e-03
3.426611339978351441e-05 -2.262356129561535634e-03
-3.227047910521332408e-04 -2.440033615274795828e-03
-7.442028731094502050e-04 -2.499701664671485392e-03
-1.165469493924271849e-03 -2.442879833873689080e-03
-1.522944397316046633e-03 -2.290216875879011980e-03
-1.766345277683290318e-03 -2.077129942916875263e-03
-1.868193888609058495e-03 -1.846736925956581456e-03
-1.828982903837961336e-03 -1.641430154093903582e-03
-1.677004205888980729e-03 -1.494694477849258397e-03
-1.462871194975100871e-03 -1.424723860164852892e-03
-1.249773465139300587e-03 -1.431047308457825433e-03
-1.101311331776439438e-03 -1.494802359647200412e-03
-1.069216981611028142e-03 -1.582600869246859367e-03
-1.183291457299060542e-03 -1.653248932604138403e-03
-1.445468006664430826e-03 -1.666039759433524114e-03
-1.829131777412415808e-03 -1.589038107386384589e-03
-2.283831204383158890e-03 -1.405774350002930110e-03
-2.744496038244673836e-03 -1.119065553640270381e-03
-3.143423995881532845e-03 -7.512234410847579928e-04
-3.422773959857032446e-03 -3.405921524691809111e-04
-3.545207725269532237e-03 6.494701143189393795e-05
-3.500672641726840749e-03 4.162925946686094037e-04
-3.308047796122741240e-03 6.717052752523095319e-04
-3.011348372220765124e-03 8.040480438299534710e-04
-2.671212493038474262e-03 8.053298907845895648e-04
-2.353287263612621662e-03 6.877077031433154576e-04
-2.115716926012640824e-03 4.807698628266362335e-04
-1.998105030018613049e-03 2.256269325802369495e-04
-2.014042322884151883e-03 -3.306304903702184409e-05
-2.148615742153045169e-03 -2.556187289274895399e-04
-2.361369541858209225e-03 -4.147919116327272813e-04
-2.594156036672702441e-03 -5.007442805733933102e-04
-2.782386441502319487e-03 -5.226047777250039444e-04
-2.867547371409898301e-03 -5.063183762803197957e-04
-2.808607888415511154e-03 -4.892019532053887331e-04
-2.590151135325520059e-03 -5.122490373817656460e-04
-2.225684003602877454e-03 -6.116537682958121495e-04
-1.755490679048274816e-03 -8.111742494745051912e-04
-1.239428548893602546e-03 -1.116798202802756369e-03
-7.460223159853182542e-04 -1.514739171166458367e-03
-3.399129798382762111e-04 -1.973161752721993428e-03
-7.002991712416176042e-05 -2.447328702676532762e-03
3.928236614057160469e-05 -2.887214803378493864e-03
-7.489743513378857749e-06 -3.246164858713191433e-03
-1.782071877041052394e-04 -3.488974551113647928e-03
-4.194514192919700062e-04 -3.597880841660082256e-03
-6.668805118884629443e-04 -3.575342694603666268e-03
-8.576030018116796803e-04 -3.443098588744498804e-03
-9.422232958251064439e-04 -3.237689900962370439e-03
-8.942758091740506121e-04 -3.003305820449995219e-03
-7.152606237495081048e-04 -2.783309816157854711e-03
-4.343275083668191039e-04 -2.612054396770512217e-03
-1.026696702206113119e-04 -2.508533326286321169e-03
2.163085184481883683e-04 -2.473069564055047943e-03
4.591842723068451093e-04 -2.487659499857794616e-03
5.747560997019613652e-04 -2.519899007653915619e-03
5.340071360043741836e-04 -2.529736116523903251e-03
3.358990249260369464e-04 -2.477757648525189850e-03
7.892129615288457668e-06 -2.333424820950743325e-03
-3.989140229324252690e-04 -2.081680958233962046e-03
-8.191077585221477782e-04 -1.726661597958202045e-03
-1.185001576787879374e-03 -1.291785269203004011e-03
-1.439106487472080823e-03 -8.161883145806235126e-04
-1.544689831398098501e-03 -3.481595958325220592e-04
-1.492424480648745205e-03 6.320036085025084859e-05
-1.301876794898113032e-03 3.765339618757781049e-04
-1.017557246871935535e-03 5.653911438198771719e-04
-7.002863286577054851e-04 6.226616100018472592e-04
-4.155144426829398586e-04 5.614475705442443024e-04
-2.208102015770670992e-04 4.122214067309352774e-04
-1.548879196991534597e-04 2.168134636913838457e-04
-2.302524983772148400e-04 2.037256052133838355e-05
-4.308538178774390902e-04 -1.371772461599484816e-04
-7.151930898293492895e-04 -2.285676589076826972e-04
-1.024290234121039578e-03 -2.441023922836152611e-04
-1.292999916655922796e-03 -1.931351028328533843e-04
-1.462528914145012991e-03 -1.018390342558571826e-04
-1.491779217671202612e-03 -7.702896431558244527e-06
-1.365362994590804853e-03 4.819061269926814975e-05
-1.096765237720805693e-03 2.962573611095797041e-05
-7.260484142682690741e-04 -8.716513178407242057e-05
-3.125267670431970072e-04 -3.082533883760850131e-04
7.620955215380340736e-05 -6.201113996449143968e-04
3.768489849445543502e-04 -9.914335770524955287e-04
5.421208969913612809e-04 -1.378354476594612120e-03
5.495443914868705995e-04 -1.732092954489202917e-03
4.055121655796202354e-04 -2.007590751679561979e-03
1.439404337661824855e-04 -2.171523905161776118e-03
-1.802560855742079066e-04 -2.208182128997547393e-03
-5.016262442992392833e-04 -2.122112733715366024e-03
-7.565992535594098485e-04 -1.937035810093871036e-03
-8.955047346705076808e-04 -1.691240806743990509e-03
-8.919207211265239854e-04 -1.430338133700911419e-03
-7.475812707636083493e-04 -1.198737441530839734e-03
-4.919171331495750515e-04 -1.031462520925295438e-03
-1.763200998685566406e-04 -9.478462956636489641e-04
1.357783920369896229e-04 -9.482908082359402680e-04
3.811305000339920549e-04 -1.014694391882431899e-03
5.088766723354586942e-04 -1.114451781583947762e-03
4.904144425770665724e-04 -1.207254658818461860e-03
3.250559476356224085e-04 -1.253388518827433734e-03
4.039605593589030291e-05 -1.221937490376646604e-03
-3.126854095029169738e-04 -1.097325680438438139e-03
-6.694475837015331689e-04 -8.829385665094732251e-04
-9.633603082747890702e-04 -6.011212749358182863e-04
-1.138543442350967595e-03 -2.895374677481276954e-04
-1.160223126871770408e-03 5.437086718674784876e-06
-1.021229046243687065e-03 2.370491222220926083e-04
-7.433054571907816380e-04 3.666644081884739594e-04
-3.729897982992950523e-04 3.708271360755755093e-04
2.715969649715228602e-05 2.455528126601634023e-04
3.903263505873916131e-04 7.046551493822424649e-06
6.579612660204111957e-04 -3.112872421179654773e-04
7.907037526958024098e-04 -6.649783971679942276e-04
7.756313926275512811e-04 -1.006609973056810797e-03
6.284711073842028962e-04 -1.294391777575748352e-03
3.903575981409742809e-04 -1.499573993078498046e-03
1.197587534398810154e-04 -1.611308524939523805e-03
-1.188965813780473290e-04 -1.638051114055935446e-03
-2.677281352926215701e-04 -1.605254107696347469e-03
-2.866749807985976119e-04 -1.549803623307563537e-03
-1.613858497858754572e-04 -1.512272342499032442e-03
9.377258915683713610e-05 -1.528473378943127122e-03
4.381664378125460155e-04 -1.621933131985700462e-03
8.123471226739980688e-04 -1.798726690209248320e-03
1.149100952427866947e-03 -2.045671216148044116e-03
1.386008970406233439e-03 -2.332235703874985851e-03
1.477143507141014936e-03 -2.615820212526709810e-03
1.401690283958169402e-03 -2.849417734696217848e-03
1.167865981400731433e-03 -2.990218494065348311e-03
8.113908860971023179e-04 -3.007535592456446298e-03
3.888061291633073866e-04 -2.888556844971457843e-03
-3.309988187291803630e-05 -2.640836542812888526e-03
-3.897556039914423483e-04 -2.291055363684073049e-03
-6.308039597943215868e-04 -1.880280394281679370e-03
-7.293657115404765436e-04 -1.456617051408544633e-03
-6.868196733608632415e-04 -1.066635740916709518e-03
-5.322006352539911545e-04 -7.471854882769412686e-04
-3.163357943861247511e-04 -5.191311511970014662e-04
-1.018373864117115687e-04 -3.841845602556940307e-04
4.914569136875998959e-05 -3.254124272305659957e-04
8.708984416051475733e-05 -3.113063999592613658e-04
-1.513882970094731356e-05 -3.026253288220800215e-04
-2.567748014754131416e-04 -2.606945388014358760e-04
-6.089491865413619066e-04 -1.555711387576197251e-04
-1.019837641439777162e-03 2.748965155356566503e-05
-1.424192064948371240e-03 2.845094560554711207e-04
-1.755457200122196356e-03 5.928869245857570653e-04
-1.958182837660431622e-03 9.151188575296604830e-04
-1.998385284579427823e-03 1.205450229438567592e-03
-1.869898911449234709e-03 1.418204058164208425e-03
-1.595516660075285177e-03 1.516221339885040357e-03
-1.222703888389901905e-03 1.477817633870423791e-03
-8.146962845073428766e-04 1.300940879722668839e-03
-4.386654740741146837e-04 1.003742078621066864e-03
-1.531900937975617201e-04 6.214468138840211582e-04
2.599416517618186387e-06 2.001132044621551330e-04
1.615193318684686290e-05 -2.115512573975160426e-04
-9.644166299692971634e-05 -5.707764880297226976e-04
-2.938381099976838549e-04 -8.481085364936156784e-04
-5.176345712453747855e-04 -1.032199240592151807e-03
-7.038055604465943537e-04 -1.131117588995953199e-03
-7.952103671726138984e-04 -1.169953301862393423e-03
-7.527945791097634962e-04 -1.185185878406809371e-03
-5.633566817064088704e-04 -1.216905010517110950e-03
-2.424014310582181444e-04 -1.300374817072620474e-03
1.684674790143747948e-04 -1.458557844392205328e-03
6.091282663415048537e-04 -1.697031846909981051e-03
1.012065661105118926e-03 -2.002277684316024643e-03
1.314937513229520478e-03 -2.343676387457335579e-03
1.472207550575203600e-03 -2.678848849339317793e-03
1.463644131502623950e-03 -2.961336170697989774e-03
1.298077120439481216e-03 -3.149172822380667900e-03
1.011701774117515149e-03 -3.212732973044251771e-03
6.612499763018758617e-04 -3.140365155895213402e-03
3.133199916029224944e-04 -2.940746416561025849e-03
3.188228653046201299e-05 -2.641505460913514975e-03
-1.336766466106639913e-04 -2.284368063429711299e-03
-1.577133093546732520e-04 -1.917733923405987983e-03
-4.296035030928666010e-05 -1.588078157153828508e-03
1.802372326469719750e-04 -1.331791125515014752e-03
4.599315324148433985e-04 -1.168985623665562759e-03
7.326819403318811548e-04 -1.100426674831308073e-03
9.358446397676821026e-04 -1.108147072473182702e-03
1.019707307866092550e-03 -1.159613539252263813e-03
9.571644903261446354e-04 -1.214636145871896868e-03
7.490951986120648063e-04 -1.233694741693705608e-03
4.244186366275600505e-04 -1.186088820546571084e-03
3.481236833962883580e-05 -1.056352055597594656e-03
-3.549112836485112722e-04 -8.477030434167261586e-04
-6.789518132447713416e-04 -5.818670074036834785e-04
-8.828925995006876208e-04 -2.952926416085963892e-04
-9.339572675395630026e-04 -3.247334914973460870e-05
-8.272086729074596377e-04 1.623669164610090751e-04
-5.865160013898446534e-04 2.536505472278103874e-04
-2.601050457760496217e-04 2.212985446533531609e-04
8.846863019833033602e-05 6.475668333014253939e-05
3.922181834965115556e-04 -1.965734442824753822e-04
5.932472458508293665e-04 -5.265892806719074237e-04
6.535292201990830583e-04 -8.788231803839137912e-04
5.619088937400307281e-04 -1.204673051534432826e-03
3.360068694759913896e-04 -1.461984419075126104e-03
1.867273999824108294e-05 -1.622375351035353465e-03
-3.303347773731911538e-04 -1.675934640348768385e-03
-6.458588328336845258e-04 -1.632421474003837485e-03
-8.698606757311202250e-04 -1.518757269458472815e-03
-9.625653239197111194e-04 -1.373301990345249766e-03
-9.101209566427016263e-04 -1.238015240302512993e-03
-7.273171376533229876e-04 -1.150001684366956222e-03
-4.548433887893748489e-04 -1.134055296506872139e-03
-1.516043193834646697e-04 -1.197625849452605817e-03
1.164554575761377964e-04 -1.329170173055406121e-03
2.889014719353147657e-04 -1.500207331943756699e-03
3.223580021754447397e-04 -1.670692895931248558e-03
1.988670859025161441e-04 -1.796696259029574019e-03
-7.052724517297244335e-05 -1.838926087703751872e-03
-4.476516175162081716e-04 -1.770485605929597323e-03
-8.741826783984328478e-04 -1.582382547249339393e-03
-1.282416921142754936e-03 -1.285741185147810679e-03
-1.607797767526342615e-03 -9.102859448826648844e-04
-1.800834582596882050e-03 -4.993699776145883989e-04
-1.836163878815151324e-03 -1.024745232395757127e-04
-1.717044350528168593e-03 2.334175908270105847e-04
-1.474442053642717292e-03 4.719587570891233506e-04
-1.160886289461606023e-03 5.935614057030419530e-04
-8.402666353193447620e-04 5.983696021024859958e-04
-5.755096640324491256e-04 5.055329073401729906e-04
-4.164747805681270724e-04 3.489373651134960877e-04
-3.903663825198449644e-04 1.702181191788650484e-04
-4.964822311173368785e-04 1.039129677039927341e-05
-7.062959000286403877e-04 -9.829770389064771113e-05
-9.688601184464156434e-04 -1.387556005383899132e-04
-1.220509204326861684e-03 -1.124360676588204329e-04
-1.397023595192565647e-03 -3.909999642502355946e-05
-1.445952105813363194e-03 4.701583572082366298e-05
-1.336756498281085372e-03 1.038957402047253746e-04
-1.066854147108072795e-03 9.003629023414974576e-05
-6.624101881349076047e-04 -2.724444683328917233e-05
-1.737237200599982571e-04 -2.650618817430756098e-04
3.339246538626245092e-04 -6.210726850876969324e-04
7.922380274993514422e-04 -1.073186084943468987e-03
1.142423237759386447e-03 -1.582949040564196261e-03
1.345903224447718080e-03 -2.101981622866025412e-03
1.391201684324449000e-03 -2.580262581613975998e-03
1.295704787072818548e-03 -2.974715500892458758e-03
1.101974552639394455e-03 -3.256489314616702480e-03
8.693197500908339710e-04 -3.415574001342572101e-03
6.622276289920981393e-04 -3.461896245871186155e-03
5.378535299036538630e-04 -3.422705344523682431e-03
5.349430324970634891e-04 -3.336760655260698812e-03
6.662891623974255073e-04 -3.246435736684016079e-03
9.161568234639053555e-04 -3.189246671933724121e-03
1.243164991100835894e-03 -3.190418682937508615e-03
1.588082608892086483e-03 -3.257905873831954888e-03
1.885062498056211790e-03 -3.380811592489333262e-03
2.074185347388247599e-03 -3.531510025026784756e-03
2.112936532690172509e-03 -3.671065796335948837e-03
1.984439365943883871e-03 -3.756920890349653777e-03
1.700881411275545312e-03 -3.751386021249517987e-03
1.301479695998330934e-03 -3.629318598622547666e-03
8.453638690879958142e-04 -3.383521051099749443e-03
4.007179855757262072e-04 -3.026822837971559522e-03
3.222953061428812313e-05 -2.590435670947179633e-03
-2.107855186023030371e-04 -2.118875736074231179e-03
-3.033409906387765013e-04 -1.662395720281363521e-03
-2.491338687473665403e-04 -1.268340348824557743e-03
-7.947618793791391169e-05 -9.730427920199004278e-04
1.529847839628648107e-04 -7.957771552882535095e-04
3.845619851452894075e-04 -7.358936655881464974e-04
5.528837964358670164e-04 -7.736616769218614782e-04
6.089640024118402918e-04 -8.746451049047867469e-04
5.266963168536658094e-04 -9.967679722764767429e-04
3.079719741353638277e-04 -1.098720640899427791e-03
-1.755125112275847431e-05 -1.148105986020339338e-03
-3.979863340232762362e-04 -1.127776757906553745e-03
-7.690124096705903273e-04 -1.039160758441666369e-03
-1.066072664150325821e-03 -9.019437624883947912e-04
-1.236663015553217393e-03 -7.501727065971967824e-04
-1.250381625510444501e-03 -6.255223377088182588e-04
-1.104832281963794146e-03 -5.690083104972162333e-04
-8.262588940546789938e-04 -6.127263717044409506e-04
-4.647852738611392268e-04 -7.731945473368808395e-04
-8.515529347668832506e-05 -1.047573623221459893e-03
2.452799014263529892e-04 -1.413497756913660326e-03
4.690599129735369089e-04 -1.832564651610800108e-03
5.492388301231313288e-04 -2.256842548793362973e-03
4.761299625166977951e-04 -2.637180400387609171e-03
2.689010706808069029e-04 -2.931766055134321300e-03
-2.827576331655617188e-05 -3.113329810394540285e-03
-3.547849533544927044e-04 -3.173646243949199836e-03
-6.452129504720892058e-04 -3.124497476621812715e-03
-8.418692431328773018e-04 -2.994929334364531629e-03
-9.058086823143994505e-04 -2.825331764019429689e-03
-8.242657591327967950e-04 -2.659473834089194719e-03
-6.130919117963204825e-04 -2.536008365212366611e-03
-3.137342034527192732e-04 -2.481058908777765675e-03
1.467160065564301723e-05 -2.503294004885709984e-03
3.065943663625474895e-04 -2.592419821375475334e-03
5.026459051161559846e-04 -2.721372197619743166e-03
5.609861639298166329e-04 -2.851785955089551627e-03
4.654309135573108758e-04 -2.941696303394709684e-03
2.287212477879306712e-04 -2.954002297370568117e-03
-1.096702207542352299e-04 -2.864076085825751142e-03
-4.907874851478308872e-04 -2.665061855915181431e-03
-8.471277900672338941e-04 -2.369844615366755673e-03
-1.115202640551750564e-03 -2.009298686058572005e-03
-1.247351343026260450e-03 -1.627129788231546168e-03
-1.220576514786942150e-03 -1.272269591635169159e-03
-1.040734453837585758e-03 -9.902454789966195527e-04
-7.412922249141898692e-04 -8.151431694983946475e-04
-3.768913781680100568e-04 -7.636688587521996748e-04
-1.294073539789310223e-05 -8.324216300287065780e-04
2.867883624336596961e-04 -9.988810042207945782e-04
4.722137282419870859e-04 -1.225913304412352012e-03
5.163582231080187865e-04 -1.468936735383115843e-03
4.203473530766667051e-04 -1.684384345731228510e-03
2.130437579764056532e-04 -1.837861096659503847e-03
-5.460963036686603103e-05 -1.910452034579215343e-03
-3.194630359403388947e-04 -1.901991471241234848e-03
-5.183757974857345231e-04 -1.830681218541132691e-03
-6.004563356359781832e-04 -1.729139766537076415e-03
-5.370023484378683674e-04 -1.637642394473369902e-03
-3.272523260395839928e-04 -1.595846115722057744e-03
1.147833796602136698e-06 -1.634581937309647834e-03
3.970588987084182776e-04 -1.769285481793996407e-03
7.952201067568305005e-04 -1.996327707992889139e-03
1.128311579611405643e-03 -2.292958824905691386e-03
1.339430476708258983e-03 -2.620894395143981252e-03
1.392625231924357523e-03 -2.932882603560601174e-03
1.279499307216063267e-03 -3.181026387230180205e-03
1.020639381918984987e-03 -3.325300636536761452e-03
6.616020105188806467e-04 -3.340666152559741697e-03
2.642221472531463547e-04 -3.221445806875063156e-03
-1.051083398075602611e-04 -2.982144490040930952e-03
-3.879714600039273946e-04 -2.654565271732701234e-03
-5.448904404971899621e-04 -2.281772767760014038e-03
-5.626580979704702296e-04 -1.910048814848787097e-03
-4.566409368396253722e-04 -1.580362775494319671e-03
-2.676261378381013679e-04 -1.320967779627227508e-03
-5.381295303586756886e-05 -1.142518177654817208e-03
1.205296147777423560e-04 -1.036623401898563012e-03
1.975848882604127037e-04 -9.781002753338531325e-04
1.373122882267584352e-04 -9.304833009142390171e-04
-7.457892119823060148e-05 -8.537336819910253593e-04
-4.235237119358638627e-04 -7.126699736093890496e-04
-8.684594955218237966e-04 -4.845054998608280599e-04
-1.349210159778860057e-03 -1.640461054742932477e-04
-1.797505857456603573e-03 2.344554349028173221e-04
-2.149559697402735059e-03 6.791587762805291343e-04
-2.357827167099376710e-03 1.125875722399954232e-03
-2.399728174511126747e-03 1.525715760067629032e-03
-2.281685888721976096e-03 1.833705857171865315e-03
-2.037722366568819627e-03 2.016766663190970154e-03
-1.722880572188943346e-03 2.059546955958699126e-03
-1.402720888252194983e-03 1.967021272353936499e-03
-1.140882321606194114e-03 1.763365863327805323e-03
-9.870638275932801936e-04 1.487329940873637155e-03
-9.677003934622661809e-04 1.184979817197250474e-03
-1.081097065659629257e-03 9.011879653986742131e-04
-1.297938857259389126e-03 6.714737183374410844e-04
-1.567075504796697520e-03 5.157329045215920411e-04
