-3.695718763303606699e-04
-7.746658837594897536e-04
-1.200642593800478218e-03
-1.632341165803197170e-03
-2.054531603411470595e-03
-2.452443281011579788e-03
-2.812276839653662409e-03
-3.121681548089272600e-03
-3.370181436845293317e-03
-3.549535310273343840e-03
-3.654018060295892607e-03
-3.680613464853871655e-03
-3.629111757149178826e-03
-3.502108589926138625e-03
-3.304905475269599192e-03
-3.045315233598208313e-03
-2.733379314690851259e-03
-2.381006942041339648e-03
-2.001548771366001150e-03
-1.609320048693319797e-03
-1.219090022738931762e-03
-8.455555482170617034e-04
-5.028173699466922247e-04
-2.038774826962884163e-04
3.982477799408705790e-05
2.188216173436281602e-04
3.259562683647766572e-04
3.566411509893208619e-04
3.090256216530702649e-04
1.840674018814595324e-04
-1.449484810545206490e-05
-2.802668783369289488e-04
-6.044177542826377567e-04
-9.759846710024546075e-04
-1.382253015847317770e-03
-1.809198379649073823e-03
-2.241975042659319871e-03
-2.665433829978705160e-03
-3.064651199044514645e-03
-3.425451025099001366e-03
-3.734900803357862203e-03
-3.981764879993686911e-03
-4.156898826752145927e-03
-4.253571133386761099e-03
-4.267700935982455743e-03
-4.198003438511505384e-03
-4.046037916645409474e-03
-3.816156603703282479e-03
-3.515356229143356496e-03
-3.153037388599328091e-03
-2.740680151697600340e-03
-2.291447246689492026e-03
-1.819728696535621556e-03
-1.340643830647006342e-03
-8.695180882087319907e-04
-4.213529106241629355e-04
-1.030726123569755161e-05
3.507910983221293379e-04
6.508874896685014431e-04
8.810799140413201700e-04
1.034923103735834902e-03
1.108646416639915951e-03
1.101277981307271668e-03
1.014670785271088891e-03
8.534298352833968697e-04
6.247429844680636724e-04
3.381213965345307264e-04
5.058782946641931892e-06
-3.613786056529403787e-04
-7.470168271004866021e-04
-1.137077607454418373e-03
-1.516702537805523620e-03
-1.871479704656064946e-03
-2.187954266951311084e-03
-2.454105057403900038e-03
-2.659770478491175170e-03
-2.797008742622038649e-03
-2.860379809108925392e-03
-2.847139117024746931e-03
-2.757336306522000912e-03
-2.593815453327842462e-03
-2.362116795127937492e-03
-2.070283383366293591e-03
-1.728579428541467773e-03
-1.349130204509497262e-03
-9.454961290569522878e-04
-5.321959476433698721e-04
-1.241957337828648866e-04
2.636183795791204910e-04
6.169652502317190526e-04
9.226731457158850441e-04
1.169145838543857304e-03
1.346774025067979177e-03
1.448277628650843606e-03
1.468966967073915674e-03
1.406913604724410825e-03
1.263024872493586671e-03
1.041019411700036274e-03
7.473045645217088516e-04
3.907598709303957991e-04
-1.756577947373922852e-05
-4.648327682544040875e-04
-9.368519152981412542e-04
-1.418572775567381256e-03
-1.894601998189771389e-03
-2.349733627998312757e-03
-2.769472811748322459e-03
-3.140534602727992897e-03
-3.451300430235290997e-03
-3.692216283831153793e-03
-3.856118704415147265e-03
-3.938477203446146338e-03
-3.937544659419130698e-03
-3.854410464418392152e-03
-3.692954600237333389e-03
-3.459704293815344962e-03
-3.163598313995360199e-03
-2.815667206287648418e-03
-2.428640706095500350e-03
-2.016496120570776453e-03
-1.593963535585340725e-03
-1.176005214831198336e-03
-7.772874598772989887e-04
-4.116634615250859899e-04
-9.168528486617403932e-05
1.718378933391446171e-04
3.702198000862628405e-04
4.972020062650097522e-04
5.491730973158435569e-04
5.252943888914580334e-04
4.275277800464619138e-04
2.605647689796499432e-04
3.165912302717445621e-05
-2.496309260421637755e-04
-5.717819167793110422e-04
-9.217139215825752296e-04
-1.285254498198004766e-03
-1.647641551451817839e-03
-1.994047461015514919e-03
-2.310106082921994496e-03
-2.582424129072619610e-03
-2.799058973739938609e-03
-2.949946110001625595e-03
-3.027261241013898350e-03
-3.025704279315990196e-03
-2.942695261776863587e-03
-2.778475272542519237e-03
-2.536108793331657771e-03
-2.221387353084275373e-03
-1.842637806312555620e-03
-1.410441910391913023e-03
-9.372769793973167356e-04
-4.370901570536101931e-04
7.517882295700626999e-05
5.841097161947970181e-04
1.074330792168703974e-03
1.531046316490574733e-03
1.940544055986803944e-03
2.290665071594728298e-03
2.571219384436670887e-03
2.774332996007084981e-03
2.894714147509714133e-03
2.929829531804584858e-03
2.879984325063231904e-03
2.748303273584276878e-03
2.540613536266402971e-03
2.265233423560799892e-03
1.932674468786178606e-03
1.555267302033277446e-03
1.146724464196105389e-03
7.216555054894620031e-04
2.950513818291007314e-04
-1.182437648092433610e-04
-5.040549170493967973e-04
-8.493742691222745580e-04
-1.142817627716078950e-03
-1.375023128286184584e-03
-1.538978293200703390e-03
-1.630263972527378358e-03
-1.647206624242665823e-03
-1.590933605968985814e-03
-1.465329552335746174e-03
-1.276895381487547394e-03
-1.034514889539954333e-03
-7.491371332178270491e-04
-4.333857549043322946e-04
-1.011089673537901243e-04
2.331140024472866542e-04
5.544926823268349694e-04
8.485530878209546560e-04
1.101654888369922418e-03
1.301479844294353098e-03
1.437474356672912559e-03
1.501230578312357736e-03
1.486792685225311189e-03
1.390877529036177711e-03
1.213001889683600239e-03
9.555118195966640082e-04
6.235130005469453202e-04
2.247045024298956976e-04
-2.308782822165401840e-04
-7.312025716891031989e-04
-1.262647171479299932e-03
-1.810467213700031261e-03
-2.359298425219614852e-03
-2.893683304254579189e-03
-3.398600816503938565e-03
-3.859981097399507038e-03
-4.265187171067866614e-03
-4.603446850793681787e-03
-4.866219729703953265e-03
-5.047486442956677748e-03
-5.143950104290313796e-03
-5.155142895014092064e-03
-5.083434104643853868e-03
-4.933939373047546012e-03
-4.714334343254539955e-03
-4.434579280797295263e-03
-4.106564332331604991e-03
-3.743687874116441872e-03
-3.360382742400479933e-03
-2.971606960825845002e-03
-2.592316820752186592e-03
-2.236940785461571848e-03
-1.918872656989610136e-03
-1.650001765984688337e-03
-1.440296644310799356e-03
-1.297456762673507031e-03
-1.226644527166398900e-03
-1.230306913014595806e-03
-1.308092969610827674e-03
-1.456870068389550400e-03
-1.670838302008543835e-03
-1.941739001070311209e-03
-2.259150033851726677e-03
-2.610857510895955164e-03
-2.983290836520322183e-03
-3.362005827222935492e-03
-3.732198930504411309e-03
-4.079234485864910963e-03
-4.389166510956197392e-03
-4.649236686147620659e-03
-4.848331043442938477e-03
-4.977379311589064104e-03
-5.029682877686330461e-03
-5.001159826266615704e-03
-4.890498422026537048e-03
-4.699213610386233572e-03
-4.431604508378022417e-03
-4.094614327970187359e-03
-3.697597593217845022e-03
-3.252002761785756368e-03
-2.770981326548268946e-03
-2.268937050231300840e-03
-1.761031085103733447e-03
-1.262660276990851997e-03
-7.889268941448969192e-04
-3.541183237758863643e-04
2.878506828103396045e-05
3.485567040462636459e-04
5.961095630064431640e-04
7.648074668470910935e-04
8.506909988190856833e-04
8.526101659217348583e-04
7.722591771921333281e-04
6.141121385323778346e-04
3.852619336044750022e-04
9.516794982886611805e-05
-2.446785003227473342e-04
-6.211593315545891562e-04
-1.019991210412885072e-03
-1.426227279047984553e-03
-1.824781499197911886e-03
-2.200957247954231713e-03
-2.540961650926681047e-03
-2.832387641198379560e-03
-3.064646866326384191e-03
-3.229338290846523948e-03
-3.320539597819811839e-03
-3.335011200840401740e-03
-3.272305742711515645e-03
-3.134779271278788360e-03
-2.927503730541539291e-03
-2.658083865320326564e-03
-2.336384989184792614e-03
-1.974181190590992407e-03
-1.584736341720408264e-03
-1.182332630596455610e-03
-7.817631771112504594e-04
-3.978065531416522796e-04
-4.470166182830902571e-05
2.643585809167447401e-04
5.176969781011515025e-04
7.055686938733909865e-04
8.205101640017754740e-04
8.576080060356330859e-04
8.146784643903771678e-04
6.923510612835627638e-04
4.940534821195985242e-04
2.258981859139578240e-04
-1.035253236556347729e-04
-4.834453237079064988e-04
-9.012794976083551846e-04
-1.343070370871141984e-03
-1.793969329961013883e-03
-2.238752291875506506e-03
-2.662348981004132673e-03
-3.050367290518133864e-03
-3.389594375246920456e-03
-3.668456935711348742e-03
-3.877424580243560206e-03
-4.009342143928216508e-03
-4.059679329668489621e-03
-4.026688930892726240e-03
-3.911468095871175991e-03
-3.717920488171965951e-03
-3.452620667515734522e-03
-3.124585438618877366e-03
-2.744960172602103898e-03
-2.326631082068580676e-03
-1.883777022736775894e-03
-1.431376510741197861e-03
-9.846872112478492235e-04
-5.587161159898762410e-04
-1.676989510175977676e-04
1.753929699543257514e-04
4.593011952984768932e-04
6.748682054725841685e-04
8.153515382639797953e-04
8.766529973114212809e-04
8.574549492703078743e-04
7.592589722879854348e-04
5.863255415731777505e-04
3.455169068194185230e-04
4.604870951207596687e-05
-3.008409131981562264e-04
-6.822930994256843143e-04
-1.084286785755915472e-03
-1.492137871389167788e-03
-1.891021487857890695e-03
-2.266499029607389401e-03
-2.605031434426902277e-03
-2.894460685282019240e-03
-3.124442619618062866e-03
-3.286815839618937966e-03
-3.375893757381421938e-03
-3.388669503985376839e-03
-3.324926486561271925e-03
-3.187250685613651335e-03
-2.980944230121290207e-03
-2.713843249564783407e-03
-2.396046358719099763e-03
-2.039563265157745466e-03
-1.657895791110755622e-03
-1.265565972412845954e-03
-8.776077546709041936e-04
-5.090400853724022815e-04
-1.743398556304709066e-04
1.130668463480844887e-04
3.412773464871942612e-04
5.003323002082098875e-04
5.825681947121709708e-04
5.828900799855801958e-04
4.989549624341178824e-04
3.312594223827153728e-04
8.312836968025886543e-05
-2.393946871668713432e-04
-6.277520348068825039e-04
-1.071163674070690301e-03
-1.556996562300828023e-03
-2.071198270258989022e-03
-2.598779890299689720e-03
-3.124331309115910976e-03
-3.632550826567645507e-03
-4.108770601545100494e-03
-4.539459554024696808e-03
-4.912686144245104886e-03
-5.218524857508703360e-03
-5.449392197169439581e-03
-5.600300459720026700e-03
-5.669020447933666162e-03
-5.656147469751579906e-03
-5.565068360190080290e-03
-5.401830732190127798e-03
-5.174919088499569698e-03
-4.894945690303821421e-03
-4.574267065042461784e-03
-4.226539641008227044e-03
-3.866230128634777757e-03
-3.508097853123646331e-03
-3.166667224711396805e-03
-2.855708877041480444e-03
-2.587747698727798328e-03
-2.373615038986388696e-03
-2.222060818262474799e-03
-2.139439173413821421e-03
-2.129478687872775420e-03
-2.193145290685956286e-03
-2.328602658385131932e-03
-2.531271534170520185e-03
-2.793985909724601771e-03
-3.107240617698749183e-03
-3.459521676585896807e-03
-3.837707826679057771e-03
-4.227529197858371883e-03
-4.614067044595646094e-03
-4.982277041100849520e-03
-5.317517800521229937e-03
-5.606066095606022058e-03
-5.835600720818510598e-03
-5.995638031319083794e-03
-6.077903884186885985e-03
-6.076628932490807378e-03
-5.988756905401642142e-03
-5.814058553469189303e-03
-5.555147240750723039e-03
-5.217395608957640929e-03
-4.808756202533468263e-03
-4.339492306226433449e-03
-3.821828390453187348e-03
-3.269532374417059330e-03
-2.697444303924799620e-03
-2.120967916506771595e-03
-1.555542865069735933e-03
-1.016116047401493822e-03
-5.166305187186684064e-04
-6.954984706259380832e-05
3.145654716566505249e-04
6.274147472303088450e-04
8.632345287602975325e-04
1.018987068886219056e-03
1.094453266964293559e-03
1.092226886639850042e-03
1.017610302426398116e-03
8.784154799267284699e-04
6.846772143134524733e-04
4.482887252942003783e-04
1.825724263211326247e-04
-9.819904402559795895e-05
-3.793146992888925869e-04
-6.461520104838081469e-04
-8.847001379168328850e-04
-1.082061215259960511e-03
-1.226912083105812954e-03
-1.309910257657306148e-03
-1.324029876953981442e-03
-1.264815823527294181e-03
-1.130547092516750963e-03
-9.223036574801562245e-04
-6.439344708362455122e-04
-3.019277034667924246e-04
9.481224304628719721e-05
5.352731479360754545e-04
1.006718006184977423e-03
1.495129268266893281e-03
1.985698718013515114e-03
2.463345819341662690e-03
2.913246361664395892e-03
3.321352869648283145e-03
3.674888528348315905e-03
3.962797299665348633e-03
4.176134438132375615e-03
4.308383699573461491e-03
4.355690102125483153e-03
4.317000055566067897e-03
4.194103918264616496e-03
3.991579457725682317e-03
3.716638160911273428e-03
3.378879742718964886e-03
2.989963415947215902e-03
2.563207401149448367e-03
2.113130667822941434e-03
1.654952921343213644e-03
1.204070312056921763e-03
7.755251927603558533e-04
3.834884586410849342e-04
4.077256236659351427e-05
-2.416077781654847600e-04
-4.548118331693957322e-04
-5.924729379636545831e-04
-6.509119251134438608e-04
-6.292564787799973317e-04
-5.294622741399150536e-04
-3.562352053062100687e-04
-1.168574699570163865e-04
1.790763535472444500e-04
5.200039483999094976e-04
8.928085060546595833e-04
1.283286060492856186e-03
1.676650499972819021e-03
2.058058528200460563e-03
2.413136150239011089e-03
2.728488207612833009e-03
2.992173083726317427e-03
3.194125923992538647e-03
3.326515522068667317e-03
3.384022350992152428e-03
3.364027984233419928e-03
3.266709259780089820e-03
3.095033881417071780e-03
2.854657608275940495e-03
2.553726635345293823e-03
2.202592092996282728e-03
1.813446676143531163e-03
1.399896145398506903e-03
9.764807277413451066e-04
5.581632027479862352e-04
1.598016306276126269e-04
-2.043747807691620021e-04
-5.212682801849059539e-04
-7.793760105499483119e-04
-9.691980121509747789e-04
-1.083575463878828395e-03
-1.117947277565559290e-03
-1.070516019559922781e-03
-9.423173092840627946e-04
-7.371902252923546311e-04
-4.616497168557162373e-04
-1.246654518206363922e-04
2.626451908410492794e-04
6.873992676182132848e-04
1.135392207554029777e-03
1.591588026309525205e-03
2.040638682156139735e-03
2.467414417578642043e-03
2.857526544905554695e-03
3.197824398635406955e-03
3.476849081636720126e-03
3.685228145475665830e-03
3.815997413752145184e-03
3.864838709020092418e-03
3.830225189222326212e-03
3.713469235381852088e-03
3.518671245180435975e-03
3.252571157437715750e-03
2.924307938782288140e-03
2.545095486629380711e-03
2.127826329026386194e-03
1.686617029462339967e-03
1.236311244804087946e-03
7.919578656461610149e-04
3.682825386559717643e-04
-2.082890052200253236e-05
-3.628169755794615793e-04
-6.468880457698481749e-04
-8.643913092574379616e-04
-1.009120124993795765e-03
-1.077527099561766816e-03
-1.068845410255862827e-03
-9.851121242795209294e-04
-8.310927110817146329e-04
-6.141094100706281141e-04
-3.437794877901211238e-04
-3.167257895698495120e-05
3.091008562218451388e-04
6.643555097643274749e-04
1.019335280138663688e-03
1.359237708012422030e-03
1.669740382286501786e-03
1.937510834243562179e-03
2.150682014524905265e-03
2.299276652143614555e-03
2.375565584645340442e-03
2.374347461127273261e-03
2.293139974089286690e-03
2.132275875510286113e-03
1.894900368512805484e-03
1.586869921605305175e-03
1.216556006685740867e-03
7.945605937124963032e-04
3.333533274506682970e-04
-1.531569433840481755e-04
-6.501013131233733013e-04
-1.142163894102102110e-03
-1.614110881341261020e-03
-2.051317107066680592e-03
-2.440271671580523764e-03
-2.769044968463448345e-03
-3.027700772972096843e-03
-3.208638985482037756e-03
-3.306857049535070776e-03
-3.320120911421719535e-03
-3.249039555499174010e-03
-3.097040525637658956e-03
-2.870247310009341364e-03
-2.577262902413396482e-03
-2.228867138080101000e-03
-1.837638420326715436e-03
-1.417513100792183430e-03
-9.832979575383777454e-04
-5.501528556421629579e-04
-1.330617165498599935e-04
2.536896710621536297e-04
5.970107091083647240e-04
8.854605105915276317e-04
1.109643970469717175e-03
1.262535525819158139e-03
1.339719281093774625e-03
1.339537107888719245e-03
1.263139556141221545e-03
1.114437822036791308e-03
8.999584875860938606e-04
6.286061563016512874e-04
3.113423391494266838e-04
-3.920811820811906899e-05
-4.092092348453668454e-04
-7.841088325123098980e-04
-1.149158824704553080e-03
-1.489942579764869535e-03
-1.792890831853215109e-03
-2.045768013954083440e-03
-2.238111922794288559e-03
-2.361611260331788684e-03
-2.410407773064576591e-03
-2.381312352528664258e-03
-2.273927475422739611e-03
-2.090671644161241384e-03
-1.836704923296982907e-03
-1.519758133811722513e-03
-1.149871644271340497e-03
-7.390528669419991169e-04
-3.008644171093044235e-04
1.500426748456346396e-04
5.984343817854716283e-04
1.029020056050242203e-03
1.426981354466390177e-03
1.778485211330836733e-03
2.071162915028016988e-03
2.294538529047919235e-03
2.440391670418885859e-03
2.503041955860650734e-03
2.479545167813119837e-03
2.369794282839798177e-03
2.176521835465047242e-03
1.905203544588003010e-03
1.563866586201287726e-03
1.162809234120424978e-03
7.142416928474682077e-04
2.318607048514171611e-04
-2.696271681862242643e-04
-7.750168954252334257e-04
-1.269133053266699191e-03
-1.737356140290938385e-03
-2.166128707841527383e-03
-2.543423593762597634e-03
-2.859157877770375673e-03
-3.105538081835427459e-03
-3.277324551005586506e-03
-3.372005784776292963e-03
-3.389876647071555192e-03
-3.334017753463900530e-03
-3.210176799315040720e-03
-3.026556030629848175e-03
-2.793513350098833677e-03
-2.523187578739938871e-03
-2.229061052628152333e-03
-1.925474931236925615e-03
-1.627114251915622294e-03
-1.348480825889058956e-03
-1.103372497711261994e-03
-9.043870673864722563e-04
-7.624683101897444196e-04
-6.865100538590595582e-04
-6.830322379907049178e-04
-7.559403574555895178e-04
-9.063767688795858375e-04
-1.132669119118507803e-03
-1.430377750050666578e-03
-1.792440464215941691e-03
-2.209409622443879277e-03
-2.669773307252694926e-03
-3.160349337917174508e-03
-3.666738368004355837e-03
-4.173820223406521542e-03
-4.666276121105673684e-03
-5.129118499280017722e-03
-5.548209919798049485e-03
-5.910752884098723937e-03
-6.205733419626149536e-03
-6.424302910780233140e-03
-6.560084809119978363e-03
-6.609395486611636950e-03
-6.571371500938222657e-03
-6.447998817987559556e-03
-6.244042968828482712e-03
-5.966882586515144353e-03
-5.626252150417568147e-03
-5.233902943954758455e-03
-4.803194094251645764e-03
-4.348628009056017436e-03
-3.885346471510846885e-03
-3.428605028930194545e-03
-2.993244069385456955e-03
-2.593175093136803472e-03
-2.240900150787214842e-03
-1.947081255258530270e-03
-1.720174821117275397e-03
-1.566143903871527413e-03
-1.488258283555032434e-03
-1.486989356824537558e-03
-1.560003477860205743e-03
-1.702253937060438285e-03
-1.906168308806736661e-03
-2.161924556610667243e-03
-2.457806172890780565e-03
-2.780623860482503255e-03
-3.116188930831311540e-03
-3.449821781382596264e-03
-3.766877585471698972e-03
-4.053270725107315647e-03
-4.295979541556218390e-03
-4.483513669014496314e-03
-4.606327528694548548e-03
-4.657165448387300816e-03
-4.631326269820745453e-03
-4.526838128918587653e-03
-4.344537243444307126e-03
-4.088047908128568039e-03
-3.763664361276280925e-03
-3.380138627643015231e-03
-2.948381739477672590e-03
-2.481088775501839178e-03
-1.992300829772278466e-03
-1.496919235201681683e-03
-1.010189042439864002e-03
-5.471698351024091187e-04
-1.222124091073558631e-04
2.515403585270376691e-04
5.626109705811105539e-04
8.015870764224556928e-04
9.614495393963284550e-04
1.037817308814314304e-03
1.029100512673998330e-03
9.365564001992655006e-04
7.642461644961596415e-04
5.188941459036528706e-04
2.096543343924894831e-04
-1.522076651221513808e-04
-5.537060811513079507e-04
-9.805861444156837095e-04
-1.417819193612984870e-03
-1.850124397521787489e-03
-2.262498842371452913e-03
-2.640737442372977431e-03
-2.971924489848091697e-03
-3.244879656940805133e-03
-3.450542858553286643e-03
-3.582284529925016878e-03
-3.636130487043036548e-03
-3.610893532200906177e-03
-3.508207235591494829e-03
-3.332460752284876516e-03
-3.090637002166201058e-03
-2.792059926856312133e-03
-2.448059723643248014e-03
-2.071567830373796486e-03
-1.676655896385998833e-03
-1.278034936666824556e-03
-8.905322607426967253e-04
-5.285645454996483038e-04
-2.056255549388555804e-04
6.619350488009214176e-05
2.766341527263649694e-04
4.176362135807948524e-04
4.836259723746548674e-04
4.717167733009628230e-04
3.818150082721845622e-04
2.166277558546089894e-04
-1.842821910613516578e-05
-3.154129358087925938e-04
-6.641386202305902924e-04
-1.052524442858659677e-03
-1.467018151775476139e-03
-1.893069834376744824e-03
-2.315641211333661735e-03
-2.719732618285502970e-03
-3.090909207914344786e-03
-3.415807929350900794e-03
-3.682607512452557887e-03
-3.881444977897457408e-03
-4.004764064943658157e-03
-4.047583351564673637e-03
-4.007674653006622865e-03
-3.885645426117918799e-03
-3.684922268016532342e-03
-3.411636061012838020e-03
-3.074412759848495214e-03
-2.684077121567035942e-03
-2.253279726924245149e-03
-1.796060328358516089e-03
-1.327362789056909555e-03
-8.625185724542157014e-04
-4.167168422090722574e-04
-4.479700749287964662e-06
3.608390865274260177e-04
6.675143580235206806e-04
9.058527278595609935e-04
1.068524578129573461e-03
1.150813281036831923e-03
1.150772960740824779e-03
1.069289309337581768e-03
9.100413679980082562e-04
6.793656538822293121e-04
3.860274344555097038e-04
4.090720337972090798e-05
-3.433866177256190240e-04
-7.529651437385555344e-04
-1.173150942198793352e-03
-1.588997130917571467e-03
-1.985815436359139510e-03
-2.349694680347712457e-03
-2.667991500435520479e-03
-2.929776084755523168e-03
-3.126217281182265117e-03
-3.250893567793112799e-03
-3.300018972407651845e-03
-3.272576012236249471e-03
-3.170350985838079737e-03
-2.997870374383615824e-03
-2.762240577612006410e-03
-2.472896600317229989e-03
-2.141268498867115143e-03
-1.780377282230033269e-03
-1.404374437146511815e-03
-1.028041225688607063e-03
-6.662653161504508486e-04
-3.335131054910103667e-04
-4.331624545266150872e-05
1.922096104004500632e-04
3.627969478142715944e-04
4.603942485699977390e-04
4.794566403573065263e-04
4.171491204447263634e-04
2.734551951437901550e-04
5.118708940095436852e-05
-2.441028718812789274e-04
-6.043066477833178556e-04
-1.019034213290647339e-03
-1.475967092330389115e-03
-1.961279349795028680e-03
-2.460111337445704260e-03
-2.957079640682901741e-03
-3.436805405093506290e-03
-3.884442577862651496e-03
-4.286187602135367071e-03
-4.629752752121216001e-03
-4.904786570388184122e-03
-5.103226721760957194e-03
-5.219572945594644700e-03
-5.251070586985640692e-03
-5.197798319637162226e-03
-5.062657028867665124e-03
-4.851260285050931244e-03
-4.571730284307331561e-03
-4.234406443763176833e-03
-3.851476897163010060e-03
-3.436545835894749736e-03
-3.004151885993441417e-03
-2.569254424751411976e-03
-2.146705861164588044e-03
-1.750728393331589744e-03
-1.394413595975821157e-03
-1.089262388099790065e-03
-8.447815125633027430e-04
-6.681506758143516966e-04
-5.639720166151864812e-04
-5.341106842932088691e-04
-5.776321110329274422e-04
-6.908381710201869867e-04
-8.674009507190902010e-04
-1.098589430763701261e-03
-1.373581120871084213e-03
-1.679847709047811071e-03
-2.003601189611895449e-03
-2.330284812195063983e-03
-2.645091620310872568e-03
-2.933492378426907649e-03
-3.181754354755034989e-03
-3.377432744809129826e-03
-3.509817477049204971e-03
-3.570319703136392610e-03
-3.552784386768144658e-03
-3.453717992768458832e-03
-3.272423251405556528e-03
-3.011036227618007263e-03
-2.674464346906725229e-03
-2.270227499185669892e-03
-1.808207737305504020e-03
-1.300316289295101908e-03
-7.600895003939857212e-04
-2.022278111600656308e-04
3.579061259284605965e-04
9.048126568482485997e-04
1.423385310953437363e-03
1.899427432987107730e-03
2.320137208702210355e-03
2.674544136995291033e-03
2.953881701478415066e-03
3.151883228510793476e-03
3.264990608602635035e-03
3.292468609539754825e-03
3.236420815640214058e-03
3.101706672403856634e-03
2.895762578749660685e-03
2.628333328718927137e-03
2.311123343237840057e-03
1.957379940307976858e-03
1.581423270452168460e-03
1.198139410054472557e-03
8.224543930300766068e-04
4.688076259318121452e-04
1.506431498682146274e-04
-1.200634161511444746e-04
-3.332256695663211518e-04
-4.810002102070692898e-04
-5.580610232086293497e-04
-5.617848500896994394e-04
-4.923410616523731832e-04
-3.526828960789978908e-04
-1.484403851635671730e-04
1.122812602174152064e-04
4.191907183611692182e-04
7.601769242079122347e-04
1.121739869978844893e-03
1.489470712387622967e-03
1.848564329483749335e-03
2.184346330689999893e-03
2.482796014889991371e-03
2.731046911342022675e-03
2.917847321847357248e-03
3.033964682532872340e-03
3.072519530770938603e-03
3.029237328227300536e-03
2.902609268412100711e-03
2.693956385586257322e-03
2.407394669719298448e-03
2.049702360692425614e-03
1.630094022551640577e-03
1.159909265231687941e-03
6.522269723241208485e-04
1.214185043355173947e-04
-4.173445140171384176e-04
-9.486106215590180265e-04
-1.457178972712117396e-03
-1.928621270503303071e-03
-2.349776934164604213e-03
-2.709204191143477127e-03
-2.997571325914206303e-03
-3.207974412904793411e-03
-3.336170434727316059e-03
-3.380717649542137188e-03
-3.343018318993399088e-03
-3.227262326935858433e-03
-3.040273689344587076e-03
-2.791265355772316360e-03
-2.491510913367631693e-03
-2.153944713298687128e-03
-1.792704444526046614e-03
-1.422632193466729245e-03
-1.058751479644713840e-03
-7.157385960813637902e-04
-4.074067795694776787e-04
-1.462212832302359038e-04
5.713766224716082878e-05
1.941486934679561259e-04
2.587468775251057680e-04
2.475345817383712253e-04
1.598982788984632496e-04
-1.972784088378250894e-06
-2.331666847445142739e-04
-5.262248578566436265e-04
-8.714078656266665245e-04
-1.257041561382397574e-03
-1.669931483892916554e-03
-2.095830926511188432e-03
-2.519946242778989959e-03
-2.927461643753022369e-03
-3.304065057930722846e-03
-3.636456586257626362e-03
-3.912821693635685702e-03
-4.123252513289885415e-03
-4.260102458017604732e-03
-4.318261669049902607e-03
-4.295343607115469087e-03
-4.191776204116015245e-03
-4.010794338482528282e-03
-3.758333855580850077e-03
-3.442830805285424303e-03
-3.074932891118133116e-03
-2.667133202732123974e-03
-2.233339028166401487e-03
-1.788390818722888475e-03
-1.347548127746719081e-03
-9.259605037463088583e-04
-5.381418475444465273e-04
-1.974666239492775359e-04
8.429444505921339023e-05
2.973829596730715938e-04
4.343913983844548826e-04
4.905198062004638340e-04
4.637416362611671700e-04
3.548729467403629722e-04
1.675425385827735564e-04
-9.193591213836854563e-05
-4.147852421908884181e-04
-7.900719503435376344e-04
-1.205088346393538411e-03
-1.645796313638364997e-03
-2.097317142325664727e-03
-2.544450280167143141e-03
-2.972202835601988821e-03
-3.366311295534982206e-03
-3.713737194844009791e-03
-4.003119390381565910e-03
-4.225167115393772821e-03
-4.372980067860790174e-03
-4.442284345410552927e-03
-4.431575990485704837e-03
-4.342167148932141868e-03
-4.178133259600039923e-03
-3.946163162248762096e-03
-3.655317414433573338e-03
-3.316703325857226457e-03
-2.943078138129543407e-03
-2.548394296685296389e-03
-2.147302791497035252e-03
-1.754632013051149464e-03
-1.384860428324337280e-03
-1.051601598127048856e-03
-7.671196245786068499e-04
-5.418920508050068842e-04
-3.842355715840874847e-04
-3.000077118932012107e-04
-2.923949672984905122e-04
-3.617948691830067363e-04
-5.057961451575007997e-04
-7.192577060187029751e-04
-9.944837258297331214e-04
-1.321488712515641976e-03
-1.688343310864303184e-03
-2.081588748582387152e-03
-2.486705428299491004e-03
-2.888619268523485387e-03
-3.272228071113502529e-03
-3.622929488311772955e-03
-3.927132103462065149e-03
-4.172731728318832163e-03
-4.349536235699384690e-03
-4.449624046560535923e-03
-4.467623712319238743e-03
-4.400904795041156795e-03
-4.249673353228768102e-03
-4.016968680558492474e-03
-3.708561402034052726e-03
-3.332756485512746412e-03
-2.900108055421667021e-03
-2.423055983078173034e-03
-1.915496966183075208e-03
-1.392305102830841647e-03
-8.688187324496828706e-04
-3.603114955378589968e-04
1.185338854163353953e-04
5.541306991339320712e-04
9.344545506344994036e-04
1.249454577202314910e-03
1.491395206473369178e-03
1.655116523465451853e-03
1.738204166918975524e-03
1.741062846828412766e-03
1.666890953382060012e-03
1.521557194303529851e-03
1.313383631316063878e-03
1.052842766803666801e-03
7.521793437699502869e-04
4.249701603487123815e-04
8.563737195417089388e-05
-2.510676164305685365e-04
-5.705915354362806665e-04
-8.590993872843877147e-04
-1.103969061011764001e-03
-1.294243051002143523e-03
-1.421021407571423402e-03
-1.477782109394019851e-03
-1.460617592718737364e-03
-1.368379112410725122e-03
-1.202723841836389387e-03
-9.680630292170050270e-04
-6.714129977903112324e-04
-3.221541843419438965e-04
6.829336400652617940e-05
4.868666844719868715e-04
9.193149017012349064e-04
1.350696609865209953e-03
1.765902216090594603e-03
2.150182949595188554e-03
2.489668003988500938e-03
2.771851692673860633e-03
2.986033544704482824e-03
3.123695914115549865e-03
3.178805862025977768e-03
3.148030721081950672e-03
3.030859773244807924e-03
2.829627758647689732e-03
2.549439370101211529e-03
2.197997354399953973e-03
1.785340216408402327e-03
1.323498686741480515e-03
8.260829578129958101e-04
3.078151164607762099e-04
-2.159768806393055581e-04
-7.298859971857226629e-04
-1.218955255897516366e-03
-1.669190727975552752e-03
-2.068040443325140209e-03
-2.404822487146672863e-03
-2.671087330352019985e-03
-2.860901746861326585e-03
-2.971044419381320412e-03
-3.001106430444668537e-03
-2.953493168837881787e-03
-2.833327636255034403e-03
-2.648258594026941040e-03
-2.408180324021755823e-03
-2.124873874457184394e-03
-1.811582411897812465e-03
-1.482535608753861875e-03
-1.152439780276823733e-03
-8.359516838305308629e-04
-5.471544641021933077e-04
-2.990541509095634778e-04
-1.031143940641646162e-04
3.115422231742080023e-05
9.653585856391746697e-05
8.837008439466914611e-05
4.722364704807992947e-06
-1.535416363482888270e-04
-3.827805622171158439e-04
-6.766998455320081315e-04
-1.026567891786816416e-03
-1.421518405884072099e-03
-1.848928280421593615e-03
-2.294857813468613623e-03
-2.744537836086461801e-03
-3.182886682665217980e-03
-3.595038888008757292e-03
-3.966867080785105824e-03
-4.285478778000699138e-03
-4.539670661334928650e-03
-4.720324402797667317e-03
-4.820730152168413787e-03
-4.836826330395833755e-03
-4.767347302879389008e-03
-4.613873731671355553e-03
-4.380783813127706733e-03
-4.075107078008760597e-03
-3.706285842886387991e-03
-3.285852635408101699e-03
-2.827034858196516426e-03
-2.344300503834663776e-03
-1.852860797237868831e-03
-1.368147149428898621e-03
-9.052807054889375118e-04
-4.785530277651506900e-04
-1.009360642295926026e-04
2.163614750840100933e-04
4.642758373998197297e-04
6.361947156569801570e-04
7.281778157931584946e-04
7.390838232315813990e-04
6.705993685189530051e-04
5.271690255948249457e-04
3.158288433558556225e-04
4.594929051927529318e-05
-2.711033331233505964e-04
-6.223751103224783561e-04
-9.937879979664571845e-04
-1.370642314541820582e-03
-1.738140576849245451e-03
-2.081914293408342140e-03
-2.388535220690884194e-03
-2.645993135231751708e-03
-2.844123350603198000e-03
-2.974968971982304682e-03
-3.033065170776131671e-03
-3.015635497245049840e-03
-2.922693334412577570e-03
-2.757044923640260790e-03
-2.524193844477673650e-03
-2.232150287784016689e-03
-1.891151800527026815e-03
-1.513305286063663805e-03
-1.112162806262294865e-03
-7.022460547184384509e-04
-2.985361721329077701e-04
8.405320749085007977e-05
4.312012004949866955e-04
7.296847846694297758e-04
9.678460580003048251e-04
1.136005248875040846e-03
1.226804979837975689e-03
1.235473693432426884e-03
1.159998978952241945e-03
1.001204693891003580e-03
7.627291429757518653e-04
4.509050428551386342e-04
7.454544036259694480e-05
-3.553569537365793268e-04
-8.260065208990883005e-04
-1.323244421083831328e-03
-1.832035845157703241e-03
-2.336987803368752170e-03
-2.822879350317993724e-03
-3.275185711373030262e-03
-3.680577989259917020e-03
-4.027380985152867812e-03
-4.305973135974448113e-03
-4.509114597404212735e-03
-4.632192019217447332e-03
-4.673371477838078950e-03
-4.633654248135164397e-03
-4.516833499793123166e-03
-4.329353473791558264e-03
-4.080076110047826075e-03
-3.779963338427553242e-03
-3.441686198549874683e-03
-3.079174515629534356e-03
-2.707122940248297797e-03
-2.340470686535517115e-03
-1.993873222280359223e-03
-1.681184443804189209e-03
-1.414967498216677813e-03
-1.206051408949678676e-03
-1.063149052500083919e-03
-9.925498814765195028e-04
-9.978981667882512799e-04
-1.080064532040559550e-03
-1.237115281040743631e-03
-1.464380589449211598e-03
-1.754619164233478176e-03
-2.098273591216335762e-03
-2.483807410225817927e-03
-2.898112090627623458e-03
-3.326969627818897497e-03
-3.755554529528068886e-03
-4.168957577903632111e-03
-4.552712987855475797e-03
-4.893310460772442444e-03
-5.178674159842442531e-03
-5.398591790286812880e-03
-5.545078714352292756e-03
-5.612664305689909865e-03
-5.598590471086468956e-03
-5.502915343978429658e-03
-5.328518475972205196e-03
-5.081007303323933910e-03
-4.768528124081199485e-03
-4.401488167162590469e-03
-3.992198449816852790e-03
-3.554449895503089540e-03
-3.103037523006084517e-03
-2.653249337591835014e-03
-2.220337792440896501e-03
-1.818992300107186893e-03
-1.462831237905726743e-03
-1.163931209186103112e-03
-9.324100182902142313e-04
-7.760779363165867806e-04
-7.001694435139287596e-04
-7.071648159902620481e-04
-7.967077781940714795e-04
-9.656220785394724164e-04
-1.208026381480746579e-03
-1.515543426668001115e-03
-1.877596105159822512e-03
-2.281780059678698794e-03
-2.714299737188485481e-03
-3.160452601503428022e-03
-3.605144529003167456e-03
-4.033418320846280519e-03
-4.430976808515627377e-03
-4.784682222076216962e-03
-5.083014325418405178e-03
-5.316471270725184155e-03
-5.477899134688391999e-03
-5.562738601146248463e-03
-5.569180161130150852e-03
-5.498222409935620697e-03
-5.353631419321268001e-03
-5.141802632188424878e-03
-4.871530145521300523e-03
-4.553691495173233482e-03
-4.200859019448043366e-03
-3.826851453494134643e-03
-3.446241503057038361e-03
-3.073836690647549497e-03
-2.724151705545620802e-03
-2.410890788384107732e-03
-2.146458330844476341e-03
-1.941514883513439363e-03
-1.804594174791916694e-03
-1.741794606631897561e-03
-1.756556083686390546e-03
-1.849530042619301155e-03
-2.018547282602123870e-03
-2.258684770857348825e-03
-2.562429128587525359e-03
-2.919931114296989150e-03
-3.319342232104746746e-03
-3.747221713926425588e-03
-4.188999657249229541e-03
-4.629480131094283052e-03
-5.053366660662592449e-03
-5.445791715232651924e-03
-5.792831681667052687e-03
-6.081989312384296700e-03
-6.302626774120932696e-03
-6.446334152399698508e-03
-6.507220525769947736e-03
-6.482117434444388364e-03
-6.370687634951453272e-03
-6.175435348395628271e-03
-5.901617658685413131e-03
-5.557060177813748919e-03
-5.151883446703911171e-03
-4.698149664840018530e-03
-4.209442130405912502e-03
-3.700392127260660607e-03
-3.186169833289366742e-03
-2.681957082085977776e-03
-2.202420442503621924e-03
-1.761203066196354201e-03
-1.370453092394101043e-03
-1.040405114973214432e-03
-7.790293544226623186e-04
-5.917608018381793900e-04
-4.813177968577392850e-04
-4.476163647939030571e-04
-4.877832800482882585e-04
-5.962673608981448534e-04
-7.650450562502442674e-04
-9.839130786741209257e-04
-1.240857785822655369e-03
-1.522488321186190284e-03
-1.814518289317883009e-03
-2.102279038566317974e-03
-2.371246515607579233e-03
-2.607563179540667297e-03
-2.798536635700197249e-03
-2.933097464611610430e-03
-3.002200151100739567e-03
-2.999153012378255601e-03
-2.919865512084356910e-03
-2.763004242610537890e-03
-2.530052059054706086e-03
-2.225268242741195064e-03
-1.855551041393639373e-03
-1.430207355216645774e-03
-9.606375933981419011e-04
-4.599466998121865295e-04
5.750506424856828384e-05
5.765958793835674343e-04
1.081963405419764839e-03
1.558534874452390580e-03
1.992047697352037489e-03
2.369542371182920860e-03
2.679810442724091246e-03
2.913781855196888836e-03
3.064838126309171740e-03
3.129040401520294043e-03
3.105264406064086810e-03
2.995237578343890560e-03
2.803477091645795519e-03
2.537130940724796526e-03
2.205727663138567704e-03
1.820843463342927335e-03
1.395698398469634146e-03
9.446957670942345486e-04
4.829208291978644152e-04
2.561640732325076459e-05
-4.123462741855602820e-04
-8.169829912482084663e-04
-1.175680127974516528e-03
-1.477629572053275244e-03
-1.714199688967786702e-03
-1.879229408960821426e-03
-1.969235157429675802e-03
-1.983523415880263877e-03
-1.924205009594460005e-03
-1.796110663804345109e-03
-1.606610831671228916e-03
-1.365346153431966922e-03
-1.083878039091540259e-03
-7.752716672173108180e-04
-4.536260615993303966e-04
-1.335677627576823908e-04
1.702741125104031104e-04
4.437929778665827742e-04
6.739115988813515392e-04
8.490528185351724644e-04
9.595576413535169408e-04
9.980359760045987363e-04
9.596376967716633167e-04
8.422344775089575866e-04
6.465059796187024727e-04
3.759273286317993661e-04
3.665827463448828767e-05
-3.626621212182209314e-04
-8.112081193209969877e-04
-1.296337036590959699e-03
-1.804023162873087064e-03
-2.319340686333098023e-03
-2.826978735398635173e-03
-3.311770516628871099e-03
-3.759218031071408835e-03
-4.155994003626648121e-03
-4.490403455372450267e-03
-4.752788759847262345e-03
-4.935864001517114436e-03
-5.034966928790848145e-03
-5.048219678315842354e-03
-4.976592640825745935e-03
-4.823869229630753375e-03
-4.596512782135214747e-03
-4.303440250982394112e-03
-3.955710604516620224e-03
-3.566138841889745798e-03
-3.148849131714460091e-03
-2.718782713462016779e-03
-2.291177783180769513e-03
-1.881039564138295471e-03
-1.502619104369584332e-03
-1.168919034895680564e-03
-8.912435753728334756e-04
-6.788085213362189153e-04
-5.384248434295371699e-04
-4.742669477901502798e-04
-4.877336785469197841e-04
-5.774068922018873833e-04
-7.391090134401187561e-04
-9.660575124993495827e-04
-1.249110847210114453e-03
-1.577097207227692432e-03
-1.937214496150222506e-03
-2.315487490838262150e-03
-2.697266113796665480e-03
-3.067747314153063381e-03
-3.412502226037575359e-03
-3.717990089002266504e-03
-3.972040879965750039e-03
-4.164289703733975445e-03
-4.286547680966246859e-03
-4.333096299234761792e-03
-4.300894876528996505e-03
-4.189693833132823557e-03
-4.002049770486396617e-03
-3.743241798694708911e-03
-3.421092017099669046e-03
-3.045696413440512375e-03
-2.629075588797514032e-03
-2.184757527644688203e-03
-1.727307016373438820e-03
-1.271818186037242766e-03
-8.333879501816062428e-04
-4.265887810669746500e-04
-6.495929378667886223e-05
2.394695132049984299e-04
4.765957590623965019e-04
6.386011491202746478e-04
7.202259830950625066e-04
7.189550564009254512e-04
6.351079276073761000e-04
4.718303733902890797e-04
2.349873121200768324e-04
-6.703907273350484010e-05
-4.236389588029043120e-04
-8.223421375986459054e-04
-1.249250052967011563e-03
-1.689517516297884409e-03
-2.127867250798631295e-03
-2.549119268602861171e-03
-2.938716566379392242e-03
-3.283228755593644958e-03
-3.570816018071507059e-03
-3.791637168878259946e-03
-3.938187567991634740e-03
-4.005555081151282795e-03
-3.991585162439387213e-03
-3.896949315941169306e-03
-3.725114579647747191e-03
-3.482215142952700768e-03
-3.176830638127387148e-03
-2.819678915881521607e-03
-2.423234110951079292e-03
-2.001283420630075010e-03
-1.568438165577782728e-03
-1.139616302880336676e-03
-7.295145601425678632e-04
-3.520887213403407247e-04
-2.006030760030668401e-05
2.555330309213922450e-04
4.657276298241684945e-04
6.039507367855481701e-04
6.662531214359770568e-04
6.514491980029483639e-04
5.611597335677999138e-04
3.997556311538617152e-04
1.742047462605683834e-04
-1.061729037123602341e-04
-4.300329646281089496e-04
-7.844061201190357822e-04
-1.155155019907796923e-03
-1.527472746548005911e-03
-1.886405346533020014e-03
-2.217380105404729348e-03
-2.506721042188033398e-03
-2.742133543354623778e-03
-2.913141135007157097e-03
-3.011459066293815240e-03
-3.031291588556859692e-03
-2.969542485905939111e-03
-2.825931450198083950e-03
-2.603012190382131101e-03
-2.306091607306430535e-03
-1.943052829823044281e-03
-1.524088274949817520e-03
-1.061352046000886258e-03
-5.685438075538797997e-04
-6.043867590519680865e-05
4.476204458117484389e-04
9.402503436474224808e-04
1.402556342351052136e-03
1.820644043158152784e-03
2.182096064588185183e-03
2.476397127457914422e-03
2.695292635314971812e-03
2.833068231600399667e-03
2.886740583409059396e-03
2.856152751719890151e-03
2.743970850437625793e-03
2.555582154402298491e-03
2.298898268520300787e-03
1.984070295393459797e-03
1.623126020756239301e-03
1.229541866687826985e-03
8.177646462675462182e-04
4.026999100737133986e-04
-8.151568606358473509e-07
-3.785357902519082300e-04
-7.173122660880438574e-04
-1.005553450628189453e-03
-1.233635019067260644e-03
-1.394238023014896313e-03
-1.482605930771921463e-03
-1.496711124442213657e-03
-1.437325013958580750e-03
-1.307989308819450334e-03
-1.114889455248152311e-03
-8.666346780970030517e-04
-5.739523428599908016e-04
-2.493073588177266604e-04
9.354002572166836846e-05
4.400225230742325650e-04
7.752830693334370870e-04
1.084702901648157500e-03
1.354421918341875168e-03
1.571833058158754199e-03
1.726033342604203118e-03
1.808215741348327514e-03
1.811988091869357444e-03
1.733607858363567147e-03
1.572124461958174886e-03
1.329424151176240420e-03
1.010175795000157377e-03
6.216794511604149982e-04
1.736229678420419826e-04
-3.222449014774055953e-04
-8.525134657491170633e-04
-1.402567217133121992e-03
-1.957085138032835930e-03
-2.500564749551118914e-03
-3.017852589572670753e-03
-3.494662583161191154e-03
-3.918064191792304876e-03
-4.276923286274859036e-03
-4.562280343960969237e-03
-4.767652765993083894e-03
-4.889250767967610010e-03
-4.926099324387617218e-03
-4.880061937568031666e-03
-4.755765439956145639e-03
-4.560428504663538440e-03
-4.303599910933651393e-03
-3.996815771145040101e-03
-3.653187763057534274e-03
-3.286936825942362965e-03
-2.912888687386909741e-03
-2.545948922078607179e-03
-2.200575958000560578e-03
-1.890270514203690362e-03
-1.627099375262264962e-03
-1.421270200977650840e-03
-1.280772278162924886e-03
-1.211095807219138461e-03
-1.215039560808182234e-03
-1.292613651806683028e-03
-1.441040811538557044e-03
-1.654856123951436693e-03
-1.926101708019566962e-03
-2.244609510249928087e-03
-2.598362278456624406e-03
-2.973920045268741569e-03
-3.356897151271328976e-03
-3.732473063806749421e-03
-4.085919060456569794e-03
-4.403122287689209026e-03
-4.671088794679503949e-03
-4.878407876757038034e-03
-5.015661416594347811e-03
-5.075763836679372115e-03
-5.054220706366754044e-03
-4.949296895735458626e-03
-4.762088336771096511e-03
-4.496494829024226189e-03
-4.159094793553011829e-03
-3.758926314166540980e-03
-3.307182088371563630e-03
-2.816828926936964204e-03
-2.302165084924488563e-03
-1.778330885742881009e-03
-1.260789736919058117e-03
-7.647976744738546996e-04
-3.048799756578291376e-04
1.056668667769402898e-04
4.552304029852060133e-04
7.342788084484866418e-04
9.356849361226830548e-04
1.054966523702800373e-03
1.090434177371200561e-03
1.043241982805027772e-03
9.173390039070898009e-04
7.193234002229322802e-04
4.582043037155375618e-04
1.450798250189773951e-04
-2.072575046682634215e-04
-5.847740101305562606e-04
-9.726909667076399490e-04
-1.356006115223148609e-03
-1.720022312039186894e-03
-2.050864782226009125e-03
-2.335968846467128494e-03
-2.564521030239702831e-03
-2.727838100632367681e-03
-2.819670754515837645e-03
-2.836421325317723709e-03
-2.777267891723663590e-03
-2.644190454529749164e-03
-2.441898282554063118e-03
-2.177660994607527514e-03
-1.861049320555572574e-03
-1.503594652158269252e-03
-1.118379342645573014e-03
-7.195721430469762024e-04
-3.219250880222063638e-04
5.975050312406727203e-05
4.111105108332965743e-04
7.187884968810904617e-04
9.708722542025540912e-04
1.157329683701881478e-03
1.270369031343821561e-03
1.304720818041072480e-03
1.257831538169413600e-03
1.129962293834112837e-03
9.241888629548029345e-04
6.463031531108228301e-04
3.046194488654902464e-04
-9.030780313132921039e-05
-5.260448264989995909e-04
-9.887053644783345453e-04
-1.463428631453594832e-03
-1.934891659890875014e-03
-2.387838129249112047e-03
-2.807605184257216599e-03
-3.180629818618779889e-03
-3.494917114306899178e-03
-3.740453961132474744e-03
-3.909553789456530169e-03
-3.997120263915909799e-03
-4.000820723228658803e-03
-3.921163311132793219e-03
-3.761475115572287219e-03
-3.527782099227672226e-03
-3.228595042956301613e-03
-2.874609014183520869e-03
-2.478326899481921117e-03
-2.053620198428251185e-03
-1.615242471215954517e-03
-1.178312488510518865e-03
-7.577851906506019369e-04
-3.679289874393713768e-04
-2.182770458962718201e-05
2.690753837117653997e-04
4.953754742888700525e-04
6.500321815578542946e-04
7.286121109841480967e-04
7.294395832999978416e-04
6.536502543653709748e-04
5.051457805671144465e-04
2.904511493484935886e-04
1.847970724968726539e-05
-2.997858458796062719e-04
-6.516852814748471659e-04
-1.023331717452786570e-03
-1.400105705266987619e-03
-1.767175174754530894e-03
-2.110022975694415045e-03
-2.414963488089114704e-03
-2.669630155730332369e-03
-2.863416816215348052e-03
-2.987857319549380459e-03
-3.036930090071202851e-03
-3.007276916892218099e-03
-2.898328264166469877e-03
-2.712330668968496259e-03
-2.454275226531597853e-03
-2.131729629824496552e-03
-1.754579611416889375e-03
-1.334688811822937107e-03
-8.854889587084238765e-04
-4.215146852681491947e-04
4.210074192289762303e-05
4.901511432684217337e-04
9.078861984633919890e-04
1.281524765066788165e-03
1.598734776553633122e-03
1.849062921456027641e-03
2.024299062142247314e-03
2.118762635718649760e-03
2.129501010452278589e-03
2.056392853321430212e-03
1.902152889815964020e-03
1.672237889412302300e-03
1.374657168280350207e-03
1.019694243577539891e-03
6.195493840266849640e-04
1.879155703827733266e-04
-2.604972901431102175e-04
-7.104732410656478979e-04
-1.146818364125268101e-03
-1.554887595463434226e-03
-1.921091835994888971e-03
-2.233367614517074804e-03
-2.481592876673049605e-03
-2.657934362941366015e-03
-2.757114438123185046e-03
-2.776588059247931187e-03
-2.716623719441473451e-03
-2.580285571683735811e-03
-2.373317400554632653e-03
-2.103932550631424335e-03
-1.782517216588157954e-03
-1.421257536743298017e-03
-1.033703602390191080e-03
-6.342857061420646919e-04
-2.377998262534532616e-04
1.411195782079115515e-04
4.885209421423538159e-04
7.916328247923756865e-04
1.039319528164240778e-03
1.222479095068335422e-03
1.334369698634500041e-03
1.370852945812512606e-03
1.330545530407754428e-03
1.214873884543387749e-03
1.028029878474764902e-03
7.768290882229806097e-04
4.704765669547791851e-04
1.202482996870201997e-04
-2.609005219381056902e-04
-6.587867010114262798e-04
-1.058493922087837052e-03
-1.444893998791773292e-03
-1.803176231047153282e-03
-2.119366333404660782e-03
-2.380816758217420715e-03
-2.576651236569468990e-03
-2.698147960892884056e-03
-2.739047980031336128e-03
-2.695777994907314415e-03
-2.567579739224711347e-03
-2.356541399808838137e-03
-2.067529960675404919e-03
-1.708026823568683811e-03
-1.287872443984817462e-03
-8.189289069528152753e-04
-3.146722394808901951e-04
2.102712840588004818e-04
7.406286274051661345e-04
1.261005660715527367e-03
1.756416628715398113e-03
2.212798904746185718e-03
2.617495034397927280e-03
2.959685220483830072e-03
3.230755139381985205e-03
3.424586246317644529e-03
3.537758444521272878e-03
3.569658065146529523e-03
3.522487423717289047e-03
3.401175668390632977e-03
3.213194094593802355e-03
2.968282448396880428e-03
2.678095860006143684e-03
2.355784829709963151e-03
2.015523034032158135e-03
1.671999547561421520e-03
1.339893321887008788e-03
1.033348383623873025e-03
7.654681869147625817e-04
5.478468829904106600e-04
3.901539739351290136e-04
2.997869451456312666e-04
2.816040867156181619e-04
3.377469016851136069e-04
4.675583573194148045e-04
6.675998744316126790e-04
9.317664870268564485e-04
1.251496161578073783e-03
1.616065962701782955e-03
2.012964705628849521e-03
2.428329052422285601e-03
2.847427782429016573e-03
3.255177275998556198e-03
3.636670153345062176e-03
3.977698546031575855e-03
4.265253663204982351e-03
4.487984141952510060e-03
4.636597112012713455e-03
4.704187909081431092e-03
4.686486867897467559e-03
4.582014528692024760e-03
4.392139796750118771e-03
4.121038992426597110e-03
3.775557198940781515e-03
3.364976736061879407e-03
2.900700839535223438e-03
2.395863594853166970e-03
1.864879755725923306e-03
1.322950181898856908e-03
7.855401840660877202e-04
2.678490111317584008e-04
-2.157109762236653072e-04
-6.520072426142672385e-04
-1.029634901151930395e-03
-1.339303780188052422e-03
-1.574151220831354267e-03
-1.729969695595482077e-03
-1.805341323710828996e-03
-1.801674621273635472e-03
-1.723142250173332127e-03
-1.576521998592833422e-03
-1.370946616263436823e-03
-1.117571320774420843e-03
-8.291706751992125720e-04
-5.196790110511672472e-04
-2.036905474442059303e-04
1.040632319589447239e-04
3.892405875012672602e-04
6.384024091867584148e-04
8.394929680831333561e-04
9.822716504805008991e-04
1.058680511939527440e-03
1.063134739963108016e-03
9.927258181897777225e-04
8.473302469640751466e-04
6.296199875796748210e-04
3.449742443284561835e-04
1.295658925881421758e-06
-3.912626553535204429e-04
-8.206496849081005131e-04
-1.273336344682740161e-03
-1.734787856820004274e-03
-2.189972126469106554e-03
-2.623886297418870101e-03
-3.022083029880804489e-03
-3.371178049235991868e-03
-3.659321167662095246e-03
-3.876614257403277527e-03
-4.015461510307592741e-03
-4.070839688114888562e-03
-4.040478868803188371e-03
-3.924947327960231699e-03
-3.727637550843277900e-03
-3.454653832911781016e-03
-3.114605372856904097e-03
-2.718312071757230872e-03
-2.278433308997018358e-03
-1.809032662877840206e-03
-1.325093786926584503e-03
-8.420043631582172948e-04
-3.750261710661179602e-04
6.123020326874516021e-05
4.533076568491753271e-04
7.893643035881744291e-04
1.059578519062920072e-03
1.256483149480860711e-03
1.375217220158733234e-03
1.413686369363353207e-03
1.372626431156095256e-03
1.255567983868797598e-03
1.068703150126447572e-03
8.206593583573969838e-04
5.221880345184132287e-04
1.857791721236750791e-04
-1.747846757893249030e-04
-5.449193183411349655e-04
-9.097575260069395812e-04
-1.254677103611792806e-03
-1.565819903849317851e-03
-1.830583568052596057e-03
-2.038068739286305869e-03
-2.179466055911409746e-03
-2.248369346811332752e-03
-2.241004038403752400e-03
-2.156362757660314905e-03
-1.996243370386135366e-03
-1.765188115896059676e-03
-1.470325968042193471e-03
-1.121123746729561343e-03
-7.290547046516700517e-04
-3.071962088165491531e-04
1.302293759377110721e-04
5.683545010056231372e-04
9.921894162448095453e-04
1.387149976328588136e-03
1.739571755441480507e-03
2.037192431737768535e-03
2.269585512405659748e-03
2.428530172961001782e-03
2.508304220877674053e-03
2.505889885487305301e-03
2.421085188932529247e-03
2.256516959867673703e-03
2.017554996697284563e-03
1.712130349711569891e-03
1.350464050191096292e-03
9.447157517214890355e-04
5.085645546553957006e-04
5.673666057084532447e-05
-3.955036335510609086e-04
-8.328818071472011237e-04
-1.240641398378893468e-03
-1.605054226677884218e-03
-1.913894717570445957e-03
-2.156861748966070087e-03
-2.325933276060011302e-03
-2.415641346376195576e-03
-2.423257904773348965e-03
-2.348884912753012796e-03
-2.195445657662944798e-03
-1.968577587958353012e-03
-1.676430459311999046e-03
-1.329376892216875203e-03
-9.396455086200615611e-04
-5.208895256059301645e-04
-8.770594324367925036e-05
3.448778077215586897e-04
7.619317551816068984e-04
1.149147302292950323e-03
1.493338803865760719e-03
1.782905220773968328e-03
2.008235672586330088e-03
2.162044677544897042e-03
2.239625335920881685e-03
2.239011591199836435e-03
2.161043892609002849e-03
2.009335970435461270e-03
1.790143903661116972e-03
1.512142086118607644e-03
1.186113962560731133e-03
8.245683953041120593e-04
4.412951306937876292e-04
5.087497111762469791e-05
-3.318381521997726315e-04
-6.922450235847934846e-04
-1.016520372917735678e-03
-1.292105259696598851e-03
-1.508155318655638507e-03
-1.655929119619628000e-03
-1.729102991462455694e-03
-1.724001235745049095e-03
-1.639733619581576572e-03
-1.478235285667063841e-03
-1.244207636369294278e-03
-9.449622185399846486e-04
-5.901730346510737201e-04
-1.915459149077134967e-04
2.375835083198333609e-04
6.827091799240343154e-04
1.128655300951547863e-03
1.560100804348769476e-03
1.962109289851750749e-03
2.320645887592241545e-03
