-1.969673845279017481e-04
-3.202865208395129872e-04
-4.180918979090350943e-04
-4.859837470003983313e-04
-5.205737897781158221e-04
-5.196057119306359950e-04
-4.820362052552286435e-04
-4.080737325676544406e-04
-2.991736501862468731e-04
-1.579898509953880708e-04
1.171538632986461603e-05
2.052001928070021353e-04
4.169060469649507367e-04
6.406491571087848287e-04
8.698335942350673804e-04
1.097678720403778450e-03
1.317452957157582132e-03
1.522705717072542469e-03
1.707489386485293607e-03
1.866563596591037759e-03
1.995574641207374916e-03
2.091203770784470783e-03
2.151279183179428955e-03
2.174847804072305851e-03
2.162204359096533794e-03
2.114876736406286553e-03
2.035568170062291692e-03
1.928058287613924069e-03
1.797066506571656308e-03
1.648082583594789180e-03
1.487170270941398989e-03
1.320750976718877310e-03
1.155375025727179003e-03
9.974885516668482045e-04
8.532042039852169406e-04
7.280837183154812353e-04
6.269399830344605509e-04
5.536655505211946632e-04
5.110936142101601704e-04
5.008963340041598569e-04
5.235240829426506155e-04
5.781877531085623549e-04
6.628847488864602006e-04
7.744677637700147187e-04
9.087539366426397418e-04
1.060670567398609970e-03
1.224432289558836451e-03
1.393743494101524040e-03
1.562018912744446951e-03
1.722614631433796659e-03
1.869061438158218895e-03
1.995292326268306715e-03
2.095856178152909633e-03
2.166110137272349908e-03
2.202383922249613081e-03
2.202110318848252667e-03
2.163917269809556218e-03
2.087678327191844728e-03
1.974519689936707692e-03
1.826783569791329363e-03
1.647949158169502784e-03
1.442513951445908039e-03
1.215839580518596110e-03
9.739675335971947033e-04
7.234112155211155784e-04
4.709316155398711977e-04
2.233044293624836794e-04
-1.291321970236635613e-05
-2.316083020155535800e-04
-4.273217589220889472e-04
-5.954353981599247968e-04
-7.323292748836257235e-04
-8.355040601287268016e-04
-9.036641254374212871e-04
-9.367584488586265827e-04
-9.359779253914736821e-04
-9.037091923755438162e-04
-8.434466038211405232e-04
-7.596654538347591325e-04
-6.576609067539621869e-04
-5.433582927968166019e-04
-4.231014308648487908e-04
-3.034264094770686582e-04
-1.908287657003086965e-04
-9.153223254901407969e-05
-1.126716957858351492e-05
4.493354875236444269e-05
7.291402500025478267e-05
6.954391261428897065e-05
3.283085781924160659e-05
-3.800713734969807939e-05
-1.425119722829213884e-04
-2.789993722204851638e-04
-4.446159955752392035e-04
-6.354377256197332258e-04
-8.466057037821899181e-04
-1.072495338216778501e-03
-1.306912364758263658e-03
-1.543309088373163041e-03
-1.775013225038314570e-03
-1.995461321433705196e-03
-2.198428568441863126e-03
-2.378246949861152933e-03
-2.530004075574648729e-03
-2.649715724383179712e-03
-2.734466042127621770e-03
-2.782510473342903259e-03
-2.793337809819183837e-03
-2.767689171364120203e-03
-2.707533242590318308e-03
-2.615998621835777770e-03
-2.497265640671329605e-03
-2.356421432215520355e-03
-2.199283313915252960e-03
-2.032196660447680922e-03
-1.861814336060614713e-03
-1.694865401680861793e-03
-1.537921187845783235e-03
-1.397166916787421619e-03
-1.278186862587205822e-03
-1.185770564034864874e-03
-1.123746867286547820e-03
-1.094851600467952471e-03
-1.100633504170808350e-03
-1.141401701629591236e-03
-1.216216537199267707e-03
-1.322924092573144958e-03
-1.458233160214495285e-03
-1.617831966336013725e-03
-1.796540543555916322e-03
-1.988493404870258878e-03
-2.187346109553185269e-03
-2.386498475206527692e-03
-2.579326607731851229e-03
-2.759415612897231970e-03
-2.920784830209743020e-03
-3.058097692782760918e-03
-3.166848856585008105e-03
-3.243522039958928078e-03
-3.285713041649114714e-03
-3.292213626781975711e-03
-3.263053342487947425e-03
-3.199497800066503431e-03
-3.104003487063453515e-03
-2.980130696864626005e-03
-2.832417631993749269e-03
-2.666220098768738375e-03
-2.487522417607219462e-03
-2.302726182791882056e-03
-2.118424282529754628e-03
-1.941168107434223904e-03
-1.777236114993920816e-03
-1.632411870774351775e-03
-1.511779355663462427e-03
-1.419542724031740144e-03
-1.358876841408702659e-03
-1.331813852182565884e-03
-1.339169765684584826e-03
-1.380513647049024049e-03
-1.454180506569628054e-03
-1.557327450207537977e-03
-1.686031138093755559e-03
-1.835423150426993867e-03
-1.999858531815094757e-03
-2.173111622392751192e-03
-2.348592327713246771e-03
-2.519575262969679912e-03
-2.679433755657442597e-03
-2.821870520165316830e-03
-2.941136933957757497e-03
-3.032233243916701571e-03
-3.091082699071469320e-03
-3.114673518966604160e-03
-3.101163733308917592e-03
-3.049945228829156665e-03
-2.961664767929503110e-03
-2.838201250607569684e-03
-2.682600023549709754e-03
-2.498966544477459247e-03
-2.292323133106027259e-03
-2.068433832563447167e-03
-1.833603521537066627e-03
-1.594458318644303855e-03
-1.357714974991240404e-03
-1.129947335657199153e-03
-9.173580524478714120e-04
-7.255635451385403526e-04
-5.593997430745613298e-04
-4.227554097203740837e-04
-3.184388851110338259e-04
-2.480829090741774271e-04
-2.120908526321494108e-04
-2.096262329652721565e-04
-2.386458696040109819e-04
-2.959755093078712384e-04
-3.774252580076370911e-04
-4.779407624191562860e-04
-5.917848303953250231e-04
-7.127431116981223797e-04
-8.343466170511262565e-04
-9.501032626470248908e-04
-1.053730310435961343e-03
-1.139379542614923305e-03
-1.201847262896229120e-03
-1.236761748450803354e-03
-1.240741566282939010e-03
-1.211519188521360075e-03
-1.148025556939840600e-03
-1.050432615345900551e-03
-9.201523013503548620e-04
-7.597920148422123311e-04
-5.730681057755675949e-04
-3.646803951789212008e-04
-1.401521090651785151e-04
9.435918270745099795e-05
3.322730140822720323e-04
5.668124634282301240e-04
7.912376676334603167e-04
9.990782416281008063e-04
1.184356472920915226e-03
1.341793483200587594e-03
1.466991145064263724e-03
1.556583390611363405e-03
1.608351620245003413e-03
1.621300177009864446e-03
1.595689250121655771e-03
1.533024062014458908e-03
1.436000724017345853e-03
1.308410663034625552e-03
1.155006972182470249e-03
9.813373714030986916e-04
7.935496329285261601e-04
5.981762901459134396e-04
4.019061731621966014e-04
2.113507747860022970e-04
3.281363061119198059e-05
-1.279292099023098764e-04
-2.658299342513275373e-04
-3.767439116571095255e-04
-4.575727092008508804e-04
-5.063701766424965472e-04
-5.224078923939370813e-04
-5.061976881477938534e-04
-4.594704746280118234e-04
-3.851121230879311864e-04
-2.870586628423802962e-04
-1.701544815182124532e-04
-3.997851185621694630e-05
9.735548866084318639e-05
2.354175506788792047e-04
3.676913211418747713e-04
4.878070361289729012e-04
5.897694571789408339e-04
6.681727661295483369e-04
7.183948702908115507e-04
7.367642911401206876e-04
7.206937703964225519e-04
6.687758936365308018e-04
5.808373626898218154e-04
4.579499972443992848e-04
3.023980626351370406e-04
1.176030515186326543e-04
-9.199146156905894153e-05
-3.210708741882068091e-04
-5.636312410822683907e-04
-8.131852389781488080e-04
-1.062985208227089015e-03
-1.306255469278897949e-03
-1.536425786186217807e-03
-1.747357808298402333e-03
-1.933556566468091088e-03
-2.090359622871317425e-03
-2.214097255619068821e-03
-2.302218073314342417e-03
-2.353375665057074514e-03
-2.367473255712288296e-03
-2.345664806731803231e-03
-2.290312527933956177e-03
-2.204902291961954516e-03
-2.093919917180185608e-03
-1.962692654881591486e-03
-1.817201434862408512e-03
-1.663870446991053565e-03
-1.509341429493406750e-03
-1.360240569510780956e-03
-1.222946179322904761e-03
-1.103365283436147631e-03
-1.006726938509323963e-03
-9.373995208062800479e-04
-8.987383751095808209e-04
-8.929691542683545688e-04
-9.211109271005024288e-04
-9.829417380813349620e-04
-1.077007813988737576e-03
-1.200676082593066197e-03
-1.350228150197510220e-03
-1.520992431556858482e-03
-1.707509788356862714e-03
-1.903726857887038434e-03
-2.103210282946437869e-03
-2.299374321396652210e-03
-2.485713844792461751e-03
-2.656034546612162910e-03
-2.804672278396672710e-03
-2.926693813161923390e-03
-3.018071986419532636e-03
-3.075829063214242411e-03
-3.098143293291905770e-03
-3.084414906821307013e-03
-3.035289224790317045e-03
-2.952636061461135462e-03
-2.839486128421224182e-03
-2.699926657114156553e-03
-2.538959886455111059e-03
-2.362329364125860358e-03
-2.176320138776678334e-03
-1.987539836084409577e-03
-1.802688282334835839e-03
-1.628323741405915490e-03
-1.470633950628154590e-03
-1.335219973793625933e-03
-1.226900441430478928e-03
-1.149543035054279624e-03
-1.105929118445313089e-03
-1.097656258494692470e-03
-1.125082051472936061e-03
-1.187311224186768464e-03
-1.282226464081934799e-03
-1.406561901019214066e-03
-1.556016669852875551e-03
-1.725404579408679282e-03
-1.908834649169562385e-03
-2.099916194229383727e-03
-2.291981279735223493e-03
-2.478316758215107826e-03
-2.652397768175734742e-03
-2.808114521889167308e-03
-2.939984446133552497e-03
-3.043342253542650512e-03
-3.114501296141901354e-03
-3.150880559482482912e-03
-3.151092860245802412e-03
-3.114991170070628701e-03
-3.043671455999319864e-03
-2.939431951918277004e-03
-2.805690302276765691e-03
-2.646861495701601213e-03
-2.468200880148993005e-03
-2.275617774801028635e-03
-2.075466224147245239e-03
-1.874320240490770159e-03
-1.678741424423319927e-03
-1.495047119586628576e-03
-1.329087238932984572e-03
-1.186037595385661158e-03
-1.070216990946868535e-03
-9.849344851925779815e-04
-9.323722059265020842e-04
-9.135078186222414260e-04
-9.280793808333557930e-04
-9.745938217227797162e-04
-1.050378757332189614e-03
-1.151675832779665981e-03
-1.273772326487780226e-03
-1.411166409831961276e-03
-1.557760275280822707e-03
-1.707074368540992260e-03
-1.852475219678743424e-03
-1.987408890624024586e-03
-2.105631858608900293e-03
-2.201431243890045967e-03
-2.269826662447189079e-03
-2.306746627193814823e-03
-2.309173312061747838e-03
-2.275250600916519164e-03
-2.204351628818538265e-03
-2.097103441623090862e-03
-1.955367901608792355e-03
-1.782179499122340301e-03
-1.581642239437218390e-03
-1.358789207264809919e-03
-1.119409718408965592e-03
-8.698501031221546158e-04
-6.167950890320332167e-04
-3.670374307103819273e-04
-1.272438442549576930e-04
9.627456576124138361e-05
2.977793574666022405e-04
4.723016906329678103e-04
6.158122680771549624e-04
7.253583404708515477e-04
7.991629898037545462e-04
8.366832286325975128e-04
8.386248954067944449e-04
8.069138400190900172e-04
7.446244252392020778e-04
6.558678651838458721e-04
5.456443290542299044e-04
4.196640077271101155e-04
2.841434279390420516e-04
1.455841656620745334e-04
1.054172645869368976e-05
-1.146072954651930790e-04
-2.238916081672619272e-04
-3.119572182645077266e-04
-3.742575932613462089e-04
-4.072153165056198324e-04
-4.083495612129257575e-04
-3.763649086973624904e-04
-3.111983914886744295e-04
-2.140231068971283363e-04
-8.720826947186254442e-05
6.576290168306526095e-05
2.404145861497801809e-04
4.314348035043715076e-04
6.328614113003091027e-04
8.382911415083059556e-04
1.041104348774865703e-03
1.234697592186272987e-03
1.412715896628945721e-03
1.569276549983337175e-03
1.699176587926377879e-03
1.798076688695515995e-03
1.862655025796687439e-03
1.890725678392210247e-03
1.881317440132110634e-03
1.834710254010448773e-03
1.752427984844666733e-03
1.637187770192436321e-03
1.492807711354410781e-03
1.324076125273674666e-03
1.136586924505332509e-03
9.365468788166990063e-04
7.305614968196163855e-04
5.254070148234447511e-04
3.277964665933309112e-04
1.441480148575855153e-04
-1.963635402769882583e-05
-1.583740340947558528e-04
-2.677797986262415260e-04
-3.446123732090687923e-04
-3.867844634115239323e-04
-3.934323979230893191e-04
-3.649429628596853646e-04
-3.029365026780123484e-04
-2.102068952094429243e-04
-9.062051903257540598e-05
5.102223218154077183e-05
2.091580219278080179e-04
3.776582221055079305e-04
5.500462049891377504e-04
7.197266502432245671e-04
8.802188211203019553e-04
1.025385625796939194e-03
1.149650428444549694e-03
1.248194004886750939e-03
1.317124734481879642e-03
1.353616058766805201e-03
1.356006385501105308e-03
1.323857933822679021e-03
1.257972456109691245e-03
1.160363284378497506e-03
1.034184680636487984e-03
8.836209678783430105e-04
7.137393288919099271e-04
5.303114342954288280e-04
3.396101546039977993e-04
1.481884853013080083e-04
-3.735156176467620140e-05
-2.105919947192243518e-04
-3.655256312440177853e-04
-4.967686848599108321e-04
-5.997516881580974932e-04
-6.708820514725643072e-04
-7.076725486138035932e-04
-7.088312144969679748e-04
-6.743094909882746662e-04
-6.053069197064207298e-04
-5.042322026087026759e-04
-3.746219796305292607e-04
-2.210201538754611415e-04
-4.882197696827038792e-05
1.359116582441619568e-04
3.266632266899034882e-04
5.166835744208383551e-04
6.992250485595770827e-04
8.677746013048166784e-04
1.016278716270782503e-03
1.139352291824689573e-03
1.232464178012725176e-03
1.292092881440320149e-03
1.315846997441699837e-03
1.302546164421431243e-03
1.252259718083467178e-03
1.166301704926858218e-03
1.047182442964801358e-03
8.985183395543625516e-04
7.249031381804549746e-04
5.317451167939046515e-04
3.250759525308733779e-04
1.113379595660767788e-04
-1.028428362791723380e-04
-3.108898272585009707e-04
-5.065069824666760395e-04
-6.838999304986242977e-04
-8.379792150224731149e-04
-9.645385980849222182e-04
-1.060402161454576490e-03
-1.123535050802695976e-03
-1.153113982663250348e-03
-1.149555045216998569e-03
-1.114497821555193550e-03
-1.050746395713576462e-03
-9.621693137506779139e-04
-8.535620114889062729e-04
-7.304765368005587331e-04
-5.990245413752372586e-04
-4.656604545509662133e-04
-3.369524471675525070e-04
-2.193492221362819470e-04
-1.189508154871730602e-04
-4.129145189668917155e-05
8.857922991288244043e-06
2.766049998664571637e-05
1.235185192298361885e-05
-3.865929197471385317e-05
-1.257312896856541736e-04
-2.479729577685527847e-04
-4.032706693853189365e-04
-5.883582458351616692e-04
-7.989272090787635826e-04
-1.029773548513977831e-03
-1.274975875766571698e-03
-1.528098741317691130e-03
-1.782414004947711255e-03
-2.031132519136175617e-03
-2.267638022896089744e-03
-2.485715065712682578e-03
-2.679762990030085286e-03
-2.844988488770487742e-03
-2.977570004579935085e-03
-3.074788223587112106e-03
-3.135118103884966707e-03
-3.158279226094000240e-03
-3.145242713037645771e-03
-3.098194486609053694e-03
-3.020456159038733927e-03
-2.916366339404992489e-03
-2.791126522379443198e-03
-2.650616966299792956e-03
-2.501189018261110956e-03
-2.349441168205167099e-03
-2.201986683085663948e-03
-2.065220966158106200e-03
-1.945096794990656529e-03
-1.846915314621937415e-03
-1.775140109121111157e-03
-1.733240865023617664e-03
-1.723572102103752574e-03
-1.747291217081351801e-03
-1.804318707245472107e-03
-1.893341961926630571e-03
-2.011862482093880987e-03
-2.156284865629562019e-03
-2.322044431406016483e-03
-2.503769000474768101e-03
-2.695469154958400528e-03
-2.890750296582231954e-03
-3.083039062194763320e-03
-3.265816149898076101e-03
-3.432847384196453452e-03
-3.578404909767590129e-03
-3.697470748923883423e-03
-3.785915575457837138e-03
-3.840646425714431666e-03
-3.859718155984649072e-03
-3.842404725534965659e-03
-3.789227792267598795e-03
-3.701941603818763478e-03
-3.583474698431274308e-03
-3.437830443516015806e-03
-3.269949882405208657e-03
-3.085541680847295881e-03
-2.890885118005716466e-03
-2.692613011689705578e-03
-2.497482171149356493e-03
-2.312139408351785060e-03
-2.142891294883964536e-03
-1.995485721023271004e-03
-1.874912900652199151e-03
-1.785232785033267653e-03
-1.729434923851241130e-03
-1.709335675768466336e-03
-1.725516362833991006e-03
-1.777304529264969041e-03
-1.862798955618524561e-03
-1.978937547084406914e-03
-2.121605713242454613e-03
-2.285781438750176999e-03
-2.465711959734429286e-03
-2.655115854169960016e-03
-2.847403465004506775e-03
-3.035907933400719579e-03
-3.214118748679582055e-03
-3.375909634356247940e-03
-3.515752789107953920e-03
-3.628911980610969017e-03
-3.711607732136645594e-03
-3.761148820601635002e-03
-3.776025486121110074e-03
-3.755961095615784756e-03
-3.701920459626088528e-03
-3.616074521144901910e-03
-3.501722664738755007e-03
-3.363175379888817384e-03
-3.205601402283987135e-03
-3.034844702035811078e-03
-2.857217744821087622e-03
-2.679278283750510716e-03
-2.507597517161590326e-03
-2.348527750306782843e-03
-2.207977716442430412e-03
-2.091203444505676003e-03
-2.002622015796633875e-03
-1.945654749951335628e-03
-1.922605329105457703e-03
-1.934577144651557267e-03
-1.981432776292626086e-03
-2.061797036365258656e-03
-2.173103485394892263e-03
-2.311682801064431601e-03
-2.472889915623823973e-03
-2.651265477655764639e-03
-2.840725990670026155e-03
-3.034775975399330288e-03
-3.226734730154638773e-03
-3.409969751240728153e-03
-3.578128641191831699e-03
-3.725361384673932415e-03
-3.846525208494373186e-03
-3.937364851470163962e-03
-3.994661930587291299e-03
-4.016348171779553569e-03
-4.001578538860406375e-03
-3.950761698325273158e-03
-3.865546751704827810e-03
-3.748766698546266568e-03
-3.604340608271937307e-03
-3.437137925024024657e-03
-3.252809655490203518e-03
-3.057592349161892143e-03
-2.858091732880020663e-03
-2.661053573503875062e-03
-2.473129789152537280e-03
-2.300647995070198397e-03
-2.149392548957513530e-03
-2.024404756842828473e-03
-1.929809228392278609e-03
-1.868672453534083811e-03
-1.842898542537505305e-03
-1.853165768831782460e-03
-1.898906123531938703e-03
-1.978328582980122194e-03
-2.088485258446074605e-03
-2.225378094150065860e-03
-2.384102358644752274e-03
-2.559021885118830959e-03
-2.743969903551344170e-03
-2.932468410840355366e-03
-3.117958375479111012e-03
-3.294032693818368766e-03
-3.454663718734095855e-03
-3.594417371986766835e-03
-3.708646322036209236e-03
-3.793655443077188164e-03
-3.846833742863244900e-03
-3.866748122434233471e-03
-3.853195668961230391e-03
-3.807212636679244405e-03
-3.731039789348711624e-03
-3.628045307658027841e-03
-3.502607952835660229e-03
-3.359964571340734278e-03
-3.206027276007677833e-03
-3.047176702609649679e-03
-2.890038580202609203e-03
-2.741251439398889773e-03
-2.607233594364124357e-03
-2.493957560909158301e-03
-2.406739813622609143e-03
-2.350053248645766688e-03
-2.327368924218664939e-03
-2.341032626358774578e-03
-2.392180587876111333e-03
-2.480697318096505757e-03
-2.605217026189470680e-03
-2.763168594540943261e-03
-2.950862533658936762e-03
-3.163616880083180549e-03
-3.395917635195238021e-03
-3.641608133470366441e-03
-3.894100715949600118e-03
-4.146603304024859549e-03
-4.392352947373225416e-03
-4.624848176311035196e-03
-4.838072031494984257e-03
-5.026697971277989570e-03
-5.186271457657060796e-03
-5.313360874578908905e-03
-5.405672507509506029e-03
-5.462125572949495973e-03
-5.482884686841686325e-03
-5.469348652500886400e-03
-5.424095979527790781e-03
-5.350789061503917303e-03
-5.254040388968358143e-03
-5.139245504484311715e-03
-5.012388571898185492e-03
-4.879827391343037613e-03
-4.748065411521858355e-03
-4.623518746096229141e-03
-4.512286375649827118e-03
-4.419931604576350995e-03
-4.351282447288337164e-03
-4.310257954199930505e-03
-4.299726578270873269e-03
-4.321401559390442709e-03
-4.375777005901421678e-03
-4.462106925602535995e-03
-4.578427952629881593e-03
-4.721624984478220086e-03
-4.887537438774873164e-03
-5.071102414991562023e-03
-5.266529751992302458e-03
-5.467502853526735353e-03
-5.667398249697212266e-03
-5.859516204740167038e-03
-6.037314293219174857e-03
-6.194635761538535776e-03
-6.325924673243461978e-03
-6.426420298519074439e-03
-6.492323934453396103e-03
-6.520932307548900526e-03
-6.510732879845783881e-03
-6.461457713868642462e-03
-6.374094002691238145e-03
-6.250850888888206600e-03
-6.095083726837724827e-03
-5.911178433121816629e-03
-5.704399967423369466e-03
-5.480710242369368247e-03
-5.246561831207773897e-03
-5.008674689524902739e-03
-4.773803701722649680e-03
-4.548505183850843833e-03
-4.338910510388239127e-03
-4.150514782426640084e-03
-3.987987927204216312e-03
-3.855014832542194396e-03
-3.754170102021742866e-03
-3.686831803358538336e-03
-3.653137215910314678e-03
-3.651982111473331231e-03
-3.681063577060448948e-03
-3.736964862660576391e-03
-3.815279264518744561e-03
-3.910768686844087044e-03
-4.017551309972162803e-03
-4.129311773448040949e-03
-4.239526493982099555e-03
-4.341696208390167892e-03
-4.429577579027118434e-03
-4.497405732706929310e-03
-4.540099922496104376e-03
-4.553445093910423423e-03
-4.534242982184258364e-03
-4.480427435797827013e-03
-4.391139915894377334e-03
-4.266762517634086101e-03
-4.108907348977433940e-03
-3.920362632670791776e-03
-3.704997414692639841e-03
-3.467628213930388972e-03
-3.213852282526932086e-03
-2.949853317388876142e-03
-2.682186429744435816e-03
-2.417549907508957478e-03
-2.162551769049534528e-03
-1.923479290478379705e-03
-1.706079585411507567e-03
-1.515358929815889717e-03
-1.355407868666878325e-03
-1.229258238627742783e-03
-1.138777123465431994e-03
-1.084601465585832616e-03
-1.066115633224248502e-03
-1.081472738352431701e-03
-1.127658967977900224e-03
-1.200598684908384334e-03
-1.295296626024621716e-03
-1.406012226685872651e-03
-1.526459974616021760e-03
-1.650028784912653318e-03
-1.770012721633238252e-03
-1.879844994084007041e-03
-1.973327041390078411e-03
-2.044844691172888543e-03
-2.089563831166780378e-03
-2.103598750496158201e-03
-2.084147264952412176e-03
-2.029587904399647851e-03
-1.939535769620056313e-03
-1.814855113908033380e-03
-1.657628220798183956e-03
-1.471081680342392617e-03
-1.259472658687507077e-03
-1.027939157056493961e-03
-7.823195174995096774e-04
-5.289475097632848500e-04
-2.744301885918975104e-04
-2.541631376350460053e-05
2.116365449400506760e-04
4.306880503966749861e-04
6.263263620053232533e-04
7.939572130958270912e-04
9.299641726268905676e-04
1.031834472623629172e-03
1.098245990418624364e-03
1.129112336952610603e-03
1.125584471424274403e-03
1.090008786970990927e-03
1.025843138391669893e-03
9.375337576992080063e-04
8.303573748299635003e-04
7.102340810753388425e-04
5.835174989721623930e-04
4.567696185306236280e-04
3.365281978885121096e-04
2.290748878940416112e-04
1.402122155721744964e-04
7.505725177697623093e-05
3.785920442207887839e-05
3.184734097006944840e-05
5.911458170097913696e-05
1.205408558865059092e-04
2.157589201479510280e-04
3.431638507770222446e-04
4.999658917717099719e-04
6.822848213966757353e-04
8.852825454436614137e-04
1.103329286013340080e-03
1.330197557498074157e-03
1.559277147763091882e-03
1.783803586420890401e-03
1.997092109364161615e-03
2.192768935931866617e-03
2.364991768987459095e-03
2.508651805498253364e-03
2.619550192700230776e-03
2.694542759925644404e-03
2.731647967301659152e-03
2.730114300863446634e-03
2.690444764021931827e-03
2.614377618014855631e-03
2.504824056296402115e-03
2.365765006093839551e-03
2.202110681730727604e-03
2.019527818631756261e-03
1.824240648483082313e-03
1.622812595176796472e-03
1.421916345714832478e-03
1.228100356553653988e-03
1.047559979703653263e-03
8.859212299219651650e-04
7.480447702702078695e-04
6.378569837154673874e-04
5.582140482038385094e-04
5.108037750345738402e-04
4.960886459783539221e-04
5.132920398292595103e-04
5.604281245879477822e-04
6.343743603184937322e-04
7.309840635623184469e-04
8.452350793919105338e-04
9.714093409756421535e-04
1.103297013277398106e-03
1.234418055193765937e-03
1.358253423258389296e-03
1.468477801437839854e-03
1.559185687375010902e-03
1.625102897605760349e-03
1.661776064649944911e-03
1.665733469577285880e-03
1.634611557667593100e-03
1.567242686943527826e-03
1.463701017528380851e-03
1.325304916380260541e-03
1.154575775586709138e-03
9.551546696803870414e-04
7.316797548392999515e-04
4.896286885935507592e-04
2.351315745658521400e-04
-2.523903013346619765e-05
-2.846937031564607170e-04
-5.364594522239481567e-04
-7.740125583682948805e-04
-9.913028233002564235e-04
-1.182961377699845093e-03
-1.344484782617078739e-03
-1.472388986168274468e-03
-1.564327753246271685e-03
-1.619171430044248671e-03
-1.637043294232238752e-03
-1.619312226952438535e-03
-1.568541972370486332e-03
-1.488398770740434734e-03
-1.383520608545126245e-03
-1.259352673189006967e-03
-1.121954782859040491e-03
-9.777875430773193700e-04
-8.334847257787206557e-04
-6.956198483818584397e-04
-5.704751324096677323e-04
-4.638209366808445288e-04
-3.807133919026061504e-04
-3.253173245559139257e-04
-3.007606706710269206e-04
-3.090254755411796662e-04
-3.508792923255083223e-04
-4.258493758154471842e-04
-5.322405670292387888e-04
-6.671962323448116846e-04
-8.268001112688576652e-04
-1.006215492572490365e-03
-1.199856829667955010e-03
-1.401587768624448956e-03
-1.604938635986471367e-03
-1.803335751025223659e-03
-1.990334512142105487e-03
-2.159848074395092320e-03
-2.306363589187544316e-03
-2.425138412647890110e-03
-2.512369390878975862e-03
-2.565329273481888918e-03
-2.582465458509548839e-03
-2.563457591921539450e-03
-2.509231986441945277e-03
-2.421932337941843250e-03
-2.304847749051752541e-03
-2.162300565986453264e-03
-1.999497943102241087e-03
-1.822352321145654513e-03
-1.637277094938155778e-03
-1.450964616182780264e-03
-1.270154296689991920e-03
-1.101398924885707261e-03
-9.508373718023047138e-04
-8.239816396405843114e-04
-7.255257042415967639e-04
-6.591828400000877353e-04
-6.275571186120094784e-04
-6.320535765138989449e-04
-6.728301918660041167e-04
-7.487933478955566399e-04
-8.576369366488831823e-04
-9.959237290562835635e-04
-1.159206157235379963e-03
-1.342182275002611318e-03
-1.538881430979349187e-03
-1.742873148620166773e-03
-1.947491895396339951e-03
-2.146069867689379997e-03
-2.332169638154333886e-03
-2.499808518199849415e-03
-2.643666779590612796e-03
-2.759272445793108271e-03
-2.843156185697976422e-03
-2.892970890952491388e-03
-2.907571756575850000e-03
-2.887054069407127190e-03
-2.832747391718753831e-03
-2.747166356054383998e-03
-2.633919808446873873e-03
-2.497581497334845635e-03
-2.343526853555856927e-03
-2.177741595509742611e-03
-2.006608881300758502e-03
-1.836682481768432511e-03
-1.674453938448461745e-03
-1.526121881490129228e-03
-1.397371607001486517e-03
-1.293172653845066616e-03
-1.217601489160407505e-03
-1.173695531947884819e-03
-1.163343645746208951e-03
-1.187216953260460204e-03
-1.244742412539411990e-03
-1.334120095484136927e-03
-1.452383577617508310e-03
-1.595501336836785064e-03
-1.758515621266561408e-03
-1.935713932705741781e-03
-2.120827128554379423e-03
-2.307247211591315333e-03
-2.488257186266994679e-03
-2.657264936485035246e-03
-2.808032938021684868e-03
-2.934895763748480123e-03
-3.032957766602955348e-03
-3.098264018844649244e-03
-3.127938522239232140e-03
-3.120284849634523405e-03
-3.074845693781945617e-03
-2.992419238127532952e-03
-2.875031776232432612e-03
-2.725867538508669388e-03
-2.549158183392158817e-03
-2.350035822418953570e-03
-2.134354725437058713e-03
-1.908487948639518445e-03
-1.679106005828592905e-03
-1.452945331563348366e-03
-1.236574641594120547e-03
-1.036167368750074910e-03
-8.572881386753779254e-04
-7.047007569998486008e-04
-5.822044249543514502e-04
-4.925039105444946590e-04
-4.371182118693963878e-04
-4.163308997363825321e-04
-4.291838656665068752e-04
-4.735146799100950965e-04
-5.460362355129609819e-04
-6.424558723584192265e-04
-7.576297913946883952e-04
-8.857473324306638224e-04
-1.020538642286455662e-03
-1.155498440393450251e-03
-1.284118024875485244e-03
-1.400117373473334708e-03
-1.497669190514228175e-03
-1.571607033586222817e-03
-1.617610211755084182e-03
-1.632358961497890623e-03
-1.613654448485327608e-03
-1.560499376409665070e-03
-1.473136365016536418e-03
-1.353042739962242351e-03
-1.202881905203333126e-03
-1.026412990782044066e-03
-8.283619317572969752e-04
-6.142584863808842575e-04
-3.902448960395533593e-04
-1.628628841175263687e-04
6.117354907763926397e-05
2.752115794754253584e-04
4.728910846924029077e-04
6.483661325024243352e-04
7.965086737314389358e-04
9.130873035191928869e-04
9.949148274817595002e-04
1.039959461382765349e-03
1.047415766213967382e-03
1.017732830484686154e-03
9.525987086240444556e-04
8.548816562542035837e-04
7.285302160228079513e-04
5.784356486780347631e-04
4.102615226395312431e-04
2.302464252629257625e-04
4.498670002252875969e-05
-1.387931870245240795e-04
-3.144746153745729927e-04
-4.757749254857022774e-04
-6.169656297591611868e-04
-7.330710851091562291e-04
-8.200406782946339634e-04
-8.748885037779673569e-04
-8.957956533584558907e-04
-8.821715472720165034e-04
-8.346721719311651130e-04
-7.551745996985709166e-04
-6.467086981220637005e-04
-5.133484362234810080e-04
-3.600666111602297695e-04
-1.925581002577224615e-04
-1.703784613161416189e-05
1.599793322591323245e-04
3.319093732786049895e-04
4.923319560572584665e-04
6.352176569020625716e-04
7.551413065871172108e-04
8.474740605772727690e-04
9.085474408233297711e-04
9.357835906360203798e-04
9.277871688523905242e-04
8.843956545348609409e-04
8.066862916543762491e-04
6.969394235025421066e-04
5.585594956757854949e-04
3.959564907908594386e-04
2.143919456079989411e-04
1.979494333040823372e-05
-1.814454730134685851e-04
-3.827041929235443685e-04
-5.773523909183892909e-04
-7.589901960656096798e-04
-9.216715233085533837e-04
-1.060113184979342505e-03
-1.169880950719385474e-03
-1.247546030795069170e-03
-1.290806493232660038e-03
-1.298569353024179836e-03
-1.270990448854529770e-03
-1.209470701114939142e-03
-1.116608872600598820e-03
-9.961124767145640435e-04
-8.526699438365275066e-04
-6.917885134021962285e-04
-5.196035196328226569e-04
-3.426657406944076363e-04
-1.677142492490254859e-04
-1.442709970949208973e-06
1.497327011474508312e-04
2.798956380119785921e-04
3.838344099994713291e-04
4.572221296606141351e-04
4.967658851673948175e-04
5.003197255573914488e-04
4.669575148249926902e-04
3.970031170355281264e-04
2.920168696195442120e-04
1.547388334553591663e-04
-1.100917739466696511e-05
-2.004593394257008160e-04
-4.080665668909080283e-04
-6.277043365071878706e-04
-8.528807154968985789e-04
-1.076967011524143690e-03
-1.293431021536183261e-03
-1.496066696166207469e-03
-1.679212162808379431e-03
-1.837948459304829685e-03
-1.968272007057163524e-03
-2.067234773569016828e-03
-2.133047207656836065e-03
-2.165140336118523065e-03
-2.164184842770510049e-03
-2.132066459264597442e-03
-2.071818529111251351e-03
-1.987514108176675204e-03
-1.884121383954963846e-03
-1.767327482413510141e-03
-1.643336840083677768e-03
-1.518651211457543735e-03
-1.399839026379637134e-03
-1.293302186395907036e-03
-1.205048479820826097e-03
-1.140477599420748264e-03
-1.104188270945981451e-03
-1.099813261939235542e-03
-1.129888064188084868e-03
-1.195757864072926691e-03
-1.297526074203089437e-03
-1.434046244114625017e-03
-1.602957648427393716e-03
-1.800763320964353115e-03
-2.022947816529423702e-03
-2.264130590419304208e-03
-2.518249638071212368e-03
-2.778768977241202059e-03
-3.038902719909003080e-03
-3.291847899980415368e-03
-3.531017916169759858e-03
-3.750268427938771403e-03
-3.944107806797862541e-03
-4.107884786374922659e-03
-4.237946753464975555e-03
-4.331763150800491645e-03
-4.388009684486561188e-03
-4.406610402101141487e-03
-4.388736183255716010e-03
-4.336759711233851254e-03
-4.254168518674554707e-03
-4.145439168730921491e-03
-4.015876994258213775e-03
-3.871427023676474177e-03
-3.718462730951336854e-03
-3.563560023296722095e-03
-3.413264396530809111e-03
-3.273859426423297338e-03
-3.151144716507969963e-03
-3.050231090381582029e-03
-2.975360211122826497e-03
-2.929754953361991474e-03
-2.915505774752421599e-03
-2.933497070946026151e-03
-2.983376095907473192e-03
-3.063565536658068543e-03
-3.171319300634110189e-03
-3.302819558426223906e-03
-3.453311637843774901e-03
-3.617272037725874443e-03
-3.788603668221485719e-03
-3.960851469098233824e-03
-4.127430842488118840e-03
-4.281860886403177600e-03
-4.417994246130940890e-03
-4.530235518182782785e-03
-4.613740541702170822e-03
-4.664589581123763928e-03
-4.679928317973005431e-03
-4.658071696981439316e-03
-4.598566972666539437e-03
-4.502213731601193390e-03
-4.371040172702599265e-03
-4.208236460193924382e-03
-4.018047467741841204e-03
-3.805628654952913654e-03
-3.576870109070391397e-03
-3.338194900089178595e-03
-3.096338797516598896e-03
-2.858119050112682344e-03
-2.630200313259651364e-03
-2.418865908703957644e-03
-2.229802414776993914e-03
-2.067905118371414757e-03
-1.937111129285831431e-03
-1.840265988653006033e-03
-1.779028429985178095e-03
-1.753816615012458767e-03
-1.763797713781376343e-03
-1.806921180323017764e-03
-1.879994544788707918e-03
-1.978799053910572890e-03
-2.098241096148714246e-03
-2.232534094832633927e-03
-2.375404485896553692e-03
-2.520314553821082805e-03
-2.660694309662159536e-03
-2.790174279232896220e-03
-2.902811038666427632e-03
-2.993297589803961111e-03
-3.057151200173506382e-03
-3.090872123093025507e-03
-3.092067634931880936e-03
-3.059537042996573510e-03
-2.993314686240002714e-03
-2.894669424060281569e-03
-2.766060634231998390e-03
-2.611052266029189120e-03
-2.434187965411634298e-03
-2.240831654209968736e-03
-2.036979156722455719e-03
-1.829047482570419049e-03
-1.623649158464169967e-03
-1.427359526236879166e-03
-1.246485171720491643e-03
-1.086841610098969024e-03
-9.535480296414866651e-04
-8.508462985330196397e-04
-7.819505898057151246e-04
-7.489329069050264503e-04
-7.526485347784976025e-04
-7.927040426212452699e-04
-8.674689735634729315e-04
-9.741308258829114563e-04
-1.108791413406475532e-03
-1.266601242785827478e-03
-1.441927213100590525e-03
-1.628547775444695372e-03
-1.819868727708289554e-03
-2.009152096406165763e-03
-2.189750098473498309e-03
-2.355335997533862438e-03
-2.500123777497641284e-03
-2.619068947676152399e-03
-2.708043454188725080e-03
-2.763978579150901983e-03
-2.784970830193042243e-03
-2.770347118989514249e-03
-2.720686953264724907e-03
-2.637800872225727448e-03
-2.524665887801711209e-03
-2.385320199753920671e-03
-2.224720878898555840e-03
-2.048569509388933028e-03
-1.863111902797999096e-03
-1.674918904323573123e-03
-1.490655973008115287e-03
-1.316849610245199136e-03
-1.159658820291176607e-03
-1.024659609182927006e-03
-9.166500705991583288e-04
-8.394828848428393091e-04
-7.959310955832669347e-04
-7.875918619765797692e-04
-8.148315521820362253e-04
-8.767740947738178947e-04
-9.713329879121741480e-04
-1.095285835532816641e-03
-1.244388788878130489e-03
-1.413526872676473855e-03
-1.596894917203707694e-03
-1.788202744422009733e-03
-1.980897405989015536e-03
-2.168394672967111862e-03
-2.344311652494470745e-03
-2.502692366881152566e-03
-2.638218376961851391e-03
-2.746397055439647478e-03
-2.823720899035079938e-03
-2.867792283072326080e-03
-2.877409273128718470e-03
-2.852609473110079633e-03
-2.794670359769502784e-03
-2.706066078726510147e-03
-2.590382203026128909e-03
-2.452191428728982703e-03
-2.296894551310508376e-03
-2.130532283785535087e-03
-1.959574499811120828e-03
-1.790694276728761443e-03
-1.630534646841178600e-03
-1.485476221486742255e-03
-1.361413822692870111e-03
-1.263549942398089349e-03
-1.196212260457924642e-03
-1.162701610519680743e-03
-1.165175716870802802e-03
-1.204572772883988254e-03
-1.280577536583707779e-03
-1.391631130025178069e-03
-1.534984198774050910e-03
-1.706791569426119141e-03
-1.902245090011404904e-03
-2.115740001199752172e-03
-2.341069012308623180e-03
-2.571637286338830999e-03
-2.800690806608057901e-03
-3.021550129648552761e-03
-3.227841341275594113e-03
-3.413716131691880290e-03
-3.574053287697585585e-03
-3.704634552129080789e-03
-3.802288699697681327e-03
-3.864998792935576272e-03
-3.891968872919881334e-03
-3.883647761596796533e-03
-3.841709156028279715e-03
-3.768988727045243479e-03
-3.669380441922014905e-03
-3.547695759971650729e-03
-3.409490651314347337e-03
-3.260866516887929011e-03
-3.108252002528498394e-03
-2.958173369594619372e-03
-2.817021485673751931e-03
-2.690823617340499206e-03
-2.585028038582123239e-03
-2.504309019267621922e-03
-2.452399043654542726e-03
-2.431954154436857026e-03
-2.444457156685477667e-03
-2.490162088910464686e-03
-2.568081921887044403e-03
-2.676019930528929051e-03
-2.810643653065251872e-03
-2.967598858734011528e-03
-3.141659542466883684e-03
-3.326908701765279516e-03
-3.516943571426048212e-03
-3.705098133800272062e-03
-3.884675115928800174e-03
-4.049179351445046648e-03
-4.192544336258224695e-03
-4.309344044446258848e-03
-4.394982586182004380e-03
-4.445855064834429785e-03
-4.459473998464150157e-03
-4.434556876451066325e-03
-4.371071782712528282e-03
-4.270239485216958952e-03
-4.134491915825623358e-03
-3.967388491494800232e-03
-3.773493204038496328e-03
-3.558216779265930760e-03
-3.327629429239880969e-03
-3.088250750802777438e-03
-2.846824123320451476e-03
-2.610083500776549156e-03
-2.384520758919750610e-03
-2.176161737818907774e-03
-1.990358814635459148e-03
-1.831607261388271774e-03
-1.703391808292460370e-03
-1.608068774135379755e-03
-1.546787878226009915e-03
-1.519456457415413898e-03
-1.524747325282341769e-03
-1.560149980897344944e-03
-1.622063355225193855e-03
-1.705926827440743063e-03
-1.806384902231863727e-03
-1.917479759542975535e-03
-2.032864911510402425e-03
-2.146032461781100312e-03
-2.250545985904555540e-03
-2.340270854740280487e-03
-2.409593912723648201e-03
-2.453624796229251538e-03
-2.468371821077237037e-03
-2.450886259882278234e-03
-2.399369938199485703e-03
-2.313242364439043255e-03
-2.193165027234549209e-03
-2.041021995641789134e-03
-1.859857489589670588e-03
-1.653772596714395094e-03
-1.427784744209866560e-03
-1.187654840420657339e-03
-9.396881348164104692e-04
-6.905157669797406216e-04
-4.468646530006148941e-04
-2.153237674441334823e-04
-2.115006481451567853e-06
1.871233416248747417e-04
3.475329331292478134e-04
4.752046333979634317e-04
5.673147778840717959e-04
6.222236532349302140e-04
6.395327450231999816e-04
6.200987423628347497e-04
5.660038038882775954e-04
4.804831211820227233e-04
3.678123110677737747e-04
2.331585748495276181e-04
8.240083128380537906e-05
-7.807488363022871869e-05
-2.415975911314062734e-04
-4.014433445169106308e-04
-5.510688877062866692e-04
-6.843388226467674853e-04
-7.957383387502360225e-04
-8.805640640481729280e-04
-9.350863648995115518e-04
-9.566774220031394257e-04
-9.439006100764554038e-04
-8.965580648260642119e-04
-8.156947862297166943e-04
-7.035591503194533677e-04
-5.635212292298306339e-04
-3.999517977234565798e-04
-2.180662819219038133e-04
-2.373913428372102178e-05
1.767048450583740471e-04
3.767149129662095749e-04
5.697466356557758351e-04
7.494938358901675774e-04
9.101120933612977812e-04
1.046425953188973631e-03
1.154112569003909851e-03
1.229855333553319264e-03
1.271462102209556253e-03
1.277943856291038210e-03
1.249551040211206764e-03
1.187766290545236997e-03
1.095253804136795371e-03
9.757671127743227550e-04
8.340184904658634081e-04
6.755145648205584854e-04
5.063638893509127010e-04
3.330632171029065947e-04
1.622699634292723559e-04
5.688307493067470619e-07
-1.457592262147167973e-04
-2.709575971805144585e-04
-3.699964421913533980e-04
-4.387498495010633487e-04
-4.741415127245043187e-04
-4.742538166579658623e-04
-4.383965024257667573e-04
-3.671324980818895835e-04
-2.622600008928694911e-04
-1.267514296887367739e-04
3.534862379271392231e-05
2.190628796545832351e-04
4.186534146460075298e-04
6.278202506709811134e-04
8.399195410934695702e-04
1.048193722709093740e-03
1.246005582407363772e-03
1.427068050753247828e-03
1.585661684764466412e-03
1.716832233792011525e-03
1.816561380499874621e-03
1.881904689022936145e-03
1.911091941517116619e-03
1.903586362235531581e-03
1.860100668786977569e-03
1.782569402880982172e-03
1.674078524632288201e-03
1.538754751712850420e-03
1.381618534837905990e-03
1.208405834841008676e-03
1.025364959298387651e-03
8.390355900181725767e-04
6.560177561139787783e-04
4.827388589932255338e-04
3.252269230907271942e-04
1.888980272059328797e-04
7.836537353470257160e-05
-2.723307629683168786e-06
-5.181431341153290744e-05
-6.753797374187890494e-05
-4.975694812934497620e-05
4.288821292016244471e-07
8.072110024363420965e-05
1.877036645720741312e-04
3.169632087894569362e-04
4.632445154371378211e-04
6.206357131237042087e-04
7.827767050377496460e-04
9.430835213380599040e-04
1.094980728972541791e-03
1.232133749137914085e-03
1.348672934860986562e-03
1.439401548984479279e-03
1.499980346095062915e-03
1.527082280905710937e-03
1.518511911604373535e-03
1.473285303056911556e-03
1.391667618183175517e-03
1.275167067836962403e-03
1.126485418184412432e-03
9.494267763273337574e-04
7.487678364359370148e-04
5.300941187279627339e-04
2.996079249514525811e-04
6.391472485236881313e-05
-1.702045562827544782e-04
-3.960273850017895854e-04
-6.071214230538174179e-04
-7.975661794330983576e-04
-9.621567594168601613e-04
-1.096582586103647845e-03
-1.197574846730807725e-03
-1.263017511680865172e-03
-1.292018050185897785e-03
-1.284935378591693655e-03
-1.243364075178047656e-03
-1.170075427453377620e-03
-1.068917389872641940e-03
-9.446769690863515093e-04
-8.029098696881111115e-04
-6.497433798823147762e-04
-4.916594133725301925e-04
-3.352653182489430503e-04
-1.870604913986248768e-04
-5.320698299072980798e-05
6.068786521246582414e-05
1.497691266600108305e-04
2.101054106402015656e-04
2.388273981057101227e-04
2.342289369474186925e-04
1.958271540050528312e-04
1.243794782821653743e-04
2.185698078935934419e-05
-1.086250317785411677e-04
-2.629167333992949362e-04
-4.359799554407691119e-04
-6.220656954474239201e-04
-8.149167308176799747e-04
-1.007988229551307026e-03
-1.194678618710190085e-03
-1.368562610941393429e-03
-1.523618212987590693e-03
-1.654439750238673439e-03
-1.756429430699872575e-03
-1.825960723123012811e-03
-1.860507811142215204e-03
-1.858736573487153321e-03
-1.820553888080673598e-03
-1.747113517838891350e-03
-1.640778357121437962e-03
-1.505040346726284426e-03
-1.344400848511971341e-03
-1.164215656187811898e-03
-9.705100579916546132e-04
-7.697704164525053178e-04
-5.687195534362630457e-04
-3.740837963572215294e-04
-1.923598339125557818e-04
-2.958953671168399781e-05
1.088493805200536728e-04
2.184295331195860394e-04
2.956303661480013095e-04
3.380595078723226850e-04
3.445347363127303697e-04
3.151236975553122844e-04
2.511399941951207018e-04
1.550957903030425770e-04
3.061260216204956391e-05
-1.177065916653172997e-04
-2.844394329034655622e-04
-4.635347735584640673e-04
-6.485250902120599922e-04
-8.327532757749901791e-04
-1.009605859117291638e-03
-1.172744478831603794e-03
-1.316327499654395931e-03
-1.435214006582418399e-03
-1.525143030330084002e-03
-1.582881726795706259e-03
-1.606337322183604014e-03
-1.594628906200356135e-03
-1.548116563772150480e-03
-1.468386831671766521e-03
-1.358194997873300985e-03
-1.221366274701903790e-03
-1.062659318883471364e-03
-8.875968918897114354e-04
-7.022696062482483743e-04
-5.131196473638565628e-04
-3.267120627970888707e-04
-1.495016472537341883e-04
1.239639353926543300e-05
1.534239487901938427e-04
2.687780412417632670e-04
3.545824430046326395e-04
4.080268387981709219e-04
4.274686437210633997e-04
4.124938911530881677e-04
3.639350405468296922e-04
2.838450644498814301e-04
1.754287062061113183e-04
4.293330073142499585e-05
-1.084970320510153128e-04
-2.729987277602468590e-04
-4.441914533700347411e-04
-6.153990313376104387e-04
-7.798808851435796823e-04
-9.310659100742330052e-04
-1.062780587450273470e-03
-1.169463361518595802e-03
-1.246357778835465542e-03
-1.289677633342332062e-03
-1.296738340424119854e-03
-1.266049945704352279e-03
-1.197368517740461701e-03
-1.091704131065349094e-03
-9.512851661166954421e-04
-7.794801822418508802e-04
-5.806801055669155373e-04
-3.601448630211265267e-04
-1.238198385264976421e-04
1.218714163139048847e-04
3.702509537776376260e-04
6.146188441819939920e-04
8.484860912965806138e-04
1.065799891250114812e-03
1.261153346603135833e-03
1.429972293089147844e-03
1.568672699625527989e-03
1.674783134415651136e-03
1.747028015129724809e-03
1.785368736327336845e-03
1.791001244277060783e-03
1.766310156377153950e-03
1.714781045972247567e-03
1.640873980101180277e-03
1.549862756200235834e-03
1.447645486417312036e-03
1.340533182820666898e-03
1.235023768204657679e-03
1.137569448369987139e-03
1.054345614773106923e-03
9.910293931314696943e-04
9.525956158049665723e-04
9.431373853838634184e-04
9.657175352882076905e-04
1.022256210515413944e-03
1.113458525899870856e-03
1.238784854726047904e-03
1.396464806482011854e-03
1.583554421308695434e-03
1.796034593949650269e-03
2.028947294817587139e-03
2.276564830811250544e-03
2.532586230171158040e-03
2.790353884548197466e-03
3.043082870906729017e-03
3.284094930795623292e-03
3.507048920496873192e-03
3.706159668353382723e-03
3.876397580886447626e-03
4.013662012940916006e-03
4.114922335441442876e-03
4.178321765230987549e-03
4.203240325269398669e-03
4.190314734513016053e-03
4.141414534934642101e-03
4.059575295534580477e-03
3.948891236145375336e-03
3.814371034684758965e-03
3.661761870479424575e-03
3.497347868204332688e-03
3.327730002899851030e-03
3.159595175052854876e-03
2.999482543137730901e-03
2.853555296053731250e-03
2.727385856240730367e-03
2.625762032626639472e-03
2.552520907487490498e-03
2.510416268547948325e-03
2.501024221306398683e-03
2.524690277859739998e-03
2.580519764342293753e-03
2.666411870440547373e-03
2.779136134519368494e-03
2.914448670309903108e-03
3.067244047994196077e-03
3.231737492695624034e-03
3.401671000645315607e-03
3.570536134884191512e-03
3.731805677658408919e-03
3.879166006162604145e-03
4.006742032861118109e-03
4.109306812163516197e-03
4.182468452616877955e-03
4.222827769171971085e-03
4.228101135610794030e-03
4.197204216951552595e-03
4.130293632830982220e-03
4.028765077452774353e-03
3.895207948010401006e-03
3.733318058055736660e-03
3.547771481665557610e-03
3.344063936963656385e-03
3.128321325832295052e-03
2.907088058149421856e-03
2.687100568168925528e-03
2.475053950409071817e-03
2.277369884411882279e-03
2.099973973499288764e-03
1.948090293725972776e-03
1.826060347135171529e-03
1.737192759255957401e-03
1.683648984465027339e-03
1.666369022083711822e-03
1.685039745065498602e-03
1.738106950939608420e-03
1.822830713595808422e-03
1.935382098171168708e-03
2.070977852860380296e-03
2.224048361668378576e-03
2.388432977550957511e-03
2.557595896849837631e-03
2.724855017007429304e-03
2.883615765431399650e-03
3.027601713978671314e-03
3.151073906915396843e-03
3.249031226406558313e-03
3.317384784709646699e-03
3.353100242981266535e-03
3.354303081037142593e-03
3.320343141130478737e-03
3.251816196319385049e-03
3.150541800257074775e-03
3.019498207475487979e-03
2.862716657750475138e-03
2.685138742213179480e-03
2.492441862605364496e-03
2.290838913131231988e-03
2.086859217556761605e-03
1.887118410900403024e-03
1.698085342235533101e-03
1.525854179219111656e-03
1.375929712326389408e-03
1.253033393809727201e-03
1.160936919335857007e-03
1.102329194569679578e-03
1.078721358506271261e-03
1.090393201123684812e-03
1.136382861694414190e-03
1.214520176709848326e-03
1.321502516015109121e-03
1.453010456051173410e-03
1.603859242262983126e-03
1.768180737707783154e-03
1.939629485670012242e-03
2.111605668129487839e-03
2.277487148887114357e-03
2.430862470812655135e-03
2.565756642237565412e-03
2.676841799184044145e-03
2.759625359085824802e-03
2.810609069385614812e-03
2.827413373290623214e-03
2.808862729332155944e-03
2.755028888659545767e-03
2.667230606295777507e-03
2.547989788304826867e-03
2.400945602510184788e-03
2.230729552601576349e-03
2.042805882589017897e-03
1.843282892707614551e-03
1.638701766501351326e-03
1.435810296228713472e-03
1.241329422348409067e-03
1.061720754139220194e-03
9.029632036809405026e-04
7.703465456963628664e-04
6.682891223331818582e-04
6.001860656456058703e-04
5.682933409763594405e-04
5.736516591206845730e-04
6.160529080640911141e-04
6.940502651816117877e-04
8.050116202768995127e-04
9.452144223558607821e-04
1.109978611745997788e-03
1.293832964943693493e-03
1.490709009149338840e-03
1.694155697846469119e-03
1.897567311830109221e-03
2.094416587262720644e-03
2.278484889848950493e-03
2.444081358464738653e-03
2.586243328896010475e-03
2.700911005161667384e-03
2.785070249195023724e-03
2.836858477780395370e-03
2.855629949402273098e-03
2.841978147723707177e-03
2.797714472862286843e-03
2.725803983753530193e-03
2.630260440989732294e-03
2.516004326816454612e-03
2.388688817439074685e-03
2.254499806932886048e-03
2.119936992464935537e-03
1.991583695316998318e-03
1.875873488046331337e-03
1.778861811158079578e-03
1.706010588924187620e-03
1.661993399551597817e-03
1.650528035696333974e-03
1.674242332537220030e-03
1.734577975855939409e-03
1.831735672629704889e-03
1.964663618127940065e-03
2.131089677169022319e-03
2.327596166168319474e-03
2.549734630540276357e-03
2.792176611186215299e-03
3.048895133289919283e-03
3.313370574622575594e-03
3.578813716729881307e-03
3.838398180654646868e-03
4.085494120321182115e-03
4.313895002883634186e-03
4.518029547753925346e-03
4.693151416180327620e-03
4.835500022917556262e-03
4.942426853392575987e-03
5.012482878369896311e-03
5.045464021105317519e-03
5.042413101587687844e-03
5.005578207207953163e-03
4.938328965635883396e-03
4.845033670340563765e-03
4.730901580388661640e-03
4.601795935848737584e-03
4.464024255582783700e-03
4.324113279487870436e-03
4.188576454496527497e-03
4.063682124031974680e-03
3.955230555023389778e-03
3.868347625917615325e-03
3.807302414268002103e-03
3.775355083937138694e-03
3.774640409106740785e-03
3.806091022393465716e-03
3.869403081227142192e-03
3.963045559080944844e-03
4.084312838283018186e-03
4.229418762600228171e-03
4.393628853783883986e-03
4.571426057760632176e-03
4.756704210047410508e-03
4.942982437485535056e-03
5.123632978607756822e-03
5.292114433626715804e-03
5.442202263684331465e-03
5.568208454339295191e-03
5.665182636957860965e-03
5.729087610446132774e-03
5.756943101890224165e-03
5.746932716756403096e-03
5.698470318380966307e-03
5.612223497381710856e-03
5.490093294561553677e-03
5.335150873188421183e-03
5.151533344531297395e-03
4.944302381370638440e-03
4.719270557745126361e-03
4.482801483769638731e-03
4.241590722345498464e-03
4.002435147817045430e-03
3.771998811517786061e-03
3.556583501507182016e-03
3.361912019338026292e-03
3.192931751176733210e-03
3.053645399635813388e-03
2.946974791181413561e-03
2.874662515289573214e-03
2.837214826243389908e-03
2.833887793027423888e-03
2.862717167833282728e-03
2.920590912324840492e-03
3.003361826681227344e-03
3.105996321894136103e-03
3.222754110056816508e-03
3.347392504795200247e-03
3.473388162488327911e-03
3.594168484689935338e-03
3.703344564574881544e-03
3.794937507118091406e-03
3.863590185926349917e-03
3.904757011007768935e-03
3.914865053355909980e-03
3.891440877002670488e-03
3.833198631942089270e-03
3.740086319894768332e-03
3.613288611658331279e-03
3.455186118369894897e-03
3.269272545998265847e-03
3.060032639273233164e-03
2.832785196289467310e-03
2.593496660005214800e-03
2.348571824861011344e-03
2.104628999603632821e-03
1.868267512977486505e-03
1.645835718117622448e-03
1.443207634809392289e-03
1.265576066849897173e-03
1.117269455132301366e-03
1.001598895978268386e-03
9.207406977859912845e-04
8.756586042590695090e-04
8.660684229521197278e-04
8.904463123019845444e-04
9.460804507634970259e-04
1.029164291732573809e-03
1.134928150876769303e-03
1.257804529361573626e-03
1.391621394324677515e-03
1.529816658234190276e-03
1.665666355801493411e-03
1.792518536940486537e-03
1.904024693699671311e-03
1.994360625171389626e-03
2.058429014088995236e-03
2.092036629204711579e-03
2.092039956160840139e-03
2.056454165288826123e-03
1.984521608851143488e-03
1.876737457687113536e-03
1.734831588369506374e-03
1.561707364225328135e-03
1.361339463233135483e-03
1.138634339983963205e-03
8.992582173319543012e-04
6.494386402188880069e-04
3.957465496013042885e-04
1.448665160155362410e-04
-9.663681379500652178e-05
-3.225478720929133604e-04
-5.272168972548026307e-04
-7.057566393641666281e-04
-8.542121534954989987e-04
-9.696977339683780957e-04
-1.050496195291238848e-03
-1.096117025936272846e-03
-1.107311383214747407e-03
-1.086043410817008094e-03
-1.035418892010667776e-03
-9.595737473859201026e-04
-8.635262939758771555e-04
-7.529984532217409016e-04
-6.342121840685986797e-04
-5.136682863100824155e-04
-3.979153377005950685e-04
-2.933168746494775820e-04
-2.058249883648001185e-04
-1.407682839485443560e-04
-1.026616470197150256e-04
-9.504449857878228408e-05
-1.203532207913202492e-04
-1.798322391321715251e-04
