-1.199450585284178019e-03 -2.071645749035541922e-03
-1.414284192448975836e-03 -1.987077811716086127e-03
-1.343637240179234747e-03 -1.657925120692807508e-03
-1.021722703345658706e-03 -1.151950391760797306e-03
-5.310289599486233162e-04 -5.688544157776199463e-04
1.346123737170647726e-05 -2.159921995509371095e-05
4.862083026346713556e-04 3.847496594273203509e-04
7.750536879607328091e-04 5.726625302368908935e-04
8.026231356775997191e-04 5.065552681835475309e-04
5.411403122685216546e-04 1.992486864243987266e-04
1.784361675001295677e-05 -2.907376783944150300e-04
-6.900216761885809031e-04 -8.705371944950554813e-04
-1.469689750978253693e-03 -1.430776293043779703e-03
-2.194097966782976479e-03 -1.866518135162114310e-03
-2.745830926675945499e-03 -2.097337739708051221e-03
-3.039252519065725397e-03 -2.082721740228606760e-03
-3.036636356679554491e-03 -1.829872099224260501e-03
-2.755241101517711625e-03 -1.392432400775285442e-03
-2.263991381128828070e-03 -8.603752227230879396e-04
-1.670392800959519990e-03 -3.429638795323237651e-04
-1.100158355558599876e-03 5.198561674950828715e-05
-6.734032875022222687e-04 2.386147657253341083e-04
-4.819148980607093017e-04 1.694192815853952719e-04
-5.718000130365589410e-04 -1.555756628976480427e-04
-9.347943427792254362e-04 -6.886033236674634706e-04
-1.509877689955482685e-03 -1.342951914568940976e-03
-2.194887434097960669e-03 -2.009110383404211740e-03
-2.865929473148270262e-03 -2.575213184336359352e-03
-3.400909310658761439e-03 -2.947920322688830658e-03
-3.702725812624193657e-03 -3.069786868567842344e-03
-3.717734040956944316e-03 -2.929840982132908816e-03
-3.445979403043819729e-03 -2.565375378030802355e-03
-2.941263513202740237e-03 -2.054620606749343534e-03
-2.301027609428500046e-03 -1.501694586990634517e-03
-1.647967531489618991e-03 -1.016684674263130042e-03
-1.106860054642492229e-03 -6.946394141657578295e-04
-7.809873096996365095e-04 -5.974526596359780537e-04
-7.326223747409028528e-04 -7.420740356659102314e-04
-9.712704297252393228e-04 -1.097280732933885198e-03
-1.451891660930280416e-03 -1.589623358660481383e-03
-2.083442376663741449e-03 -2.117420263868637076e-03
-2.746117354657878328e-03 -2.570149568349908240e-03
-3.314029157236310797e-03 -2.849564831900016065e-03
-3.679030925223093253e-03 -2.888532750356303212e-03
-3.771172868531463482e-03 -2.664021440264045630e-03
-3.571920255265924847e-03 -2.201774394642221338e-03
-3.117631428772360113e-03 -1.571778561370498718e-03
-2.492638706282239436e-03 -8.753773313038102234e-04
-1.813243719210408866e-03 -2.264606402015351735e-04
-1.205659083503175496e-03 2.697145373057399393e-04
-7.820745093821527844e-04 5.360715580312240373e-04
-6.193805461772075149e-04 5.379366565680502883e-04
-7.445798756277909655e-04 2.892520347915456631e-04
-1.129649706968638510e-03 -1.503889548201833653e-04
-1.696829165897157082e-03 -6.873157485251563288e-04
-2.333331472018571485e-03 -1.211765493327815512e-03
-2.912695956878186797e-03 -1.618867823744291057e-03
-3.318737527281961572e-03 -1.828651395604043378e-03
-3.467559124934612401e-03 -1.801280454888969096e-03
-3.323459246660765559e-03 -1.544634125910228232e-03
-2.905722276797045693e-03 -1.112792268543230222e-03
-2.285005427926915366e-03 -5.957148778697298266e-04
-1.570005680638044375e-03 -1.020707820736960637e-04
-8.869303373364173385e-04 2.615301767892945191e-04
-3.556572327605526940e-04 4.109651051369801831e-04
-6.709731011904839990e-05 3.008130360110392379e-04
-6.604451727017061902e-05 -6.671947812272286012e-05
-3.427589183204477613e-04 -6.418591970604988275e-04
-8.348752859629511320e-04 -1.336309654405912206e-03
-1.439274343721242376e-03 -2.039573179259023678e-03
-2.031667457729220434e-03 -2.639469612978735235e-03
-2.490185118452537504e-03 -3.042975400969469280e-03
-2.718501542552516706e-03 -3.193446037717034315e-03
-2.664115692023530380e-03 -3.080969384584714577e-03
-2.328326291763427574e-03 -2.743897556567007675e-03
-1.766011336473552202e-03 -2.261274719462926918e-03
-1.075253281799980675e-03 -1.737601133256366304e-03
-3.787740365536057530e-04 -1.282823901765601420e-03
1.993050892422666698e-04 -9.913475923458076652e-04
5.569778608146668929e-04 -9.240422773557526500e-04
6.336891769310926039e-04 -1.096657740281837580e-03
4.218307862237783475e-04 -1.476838319668733607e-03
-3.178094883322804889e-05 -1.990303082156622341e-03
-6.347261874286196700e-04 -2.535019339821345877e-03
-1.266432707508762575e-03 -3.000682807336369808e-03
-1.800954128026024687e-03 -3.289811752106686082e-03
-2.130763882022745134e-03 -3.336455814535448528e-03
-2.187061345946010246e-03 -3.118970859356313529e-03
-1.952747011306906486e-03 -2.664433959567817905e-03
-1.465611692883739443e-03 -2.043854858444222287e-03
-8.111376613639236649e-04 -1.359082436948257262e-03
-1.062764295516838652e-04 -7.238769730628183971e-04
5.227236955893736466e-04 -2.427236181465688980e-04
9.642407218894642187e-04 8.609630448565665575e-06
1.142421910850776332e-03 -2.903867039378942028e-06
1.031542376055599080e-03 -2.615910469237395621e-04
6.608600240829059017e-04 -7.063081730431976105e-04
1.090472793916645090e-04 -1.242240046756548427e-03
-5.107460871581100126e-04 -1.759030471308686058e-03
-1.072370463846058792e-03 -2.151807345832093370e-03
-1.460627020933212995e-03 -2.341118840713686273e-03
-1.593155703608308080e-03 -2.288004491688041143e-03
-1.436115152751450122e-03 -2.001347457044528634e-03
-1.010684344976859553e-03 -1.536116938347628028e-03
-3.891533801169614996e-04 -9.828358822718155467e-04
3.186581245399773814e-04 -4.502717005019487911e-04
9.860853440405597560e-04 -4.463202612461024919e-05
1.493490865011573099e-03 1.507897354973261519e-04
1.750807643027558775e-03 9.165862043233777116e-05
1.714486156972488701e-03 -2.187129249422090083e-04
1.395639170063336411e-03 -7.296841631533400969e-04
8.578441544347793855e-04 -1.352560800021522817e-03
2.050216042841969551e-04 -1.977077275590162497e-03
-4.383136205690617575e-04 -2.491973740740211114e-03
-9.506868740452444500e-04 -2.805779231855307955e-03
-1.236707672121136175e-03 -2.863873007097011199e-03
-1.245158593895598614e-03 -2.658600038966363668e-03
-9.787032508350589251e-04 -2.230530992724921464e-03
-4.933746442542483483e-04 -1.660632824378904110e-03
1.120594288519903157e-04 -1.054836125029676684e-03
7.148402355952753915e-04 -5.239238700761939590e-04
1.191521813254781733e-03 -1.625509434553219171e-04
1.441421442823851611e-03 -3.136720330224789313e-05
1.405775753067166735e-03 -1.456280187487281243e-04
1.078974172426896668e-03 -4.724466531371807965e-04
5.097413033592834101e-04 -9.372054298679978425e-04
-2.079573330497009784e-04 -1.437907359815686131e-03
-9.525661364600038466e-04 -1.864745424755529695e-03
-1.597806859140692192e-03 -2.121177897509490904e-03
-2.036435059541565756e-03 -2.142512194465987646e-03
-2.200389775483446199e-03 -1.908470956691625444e-03
-2.073523579331079062e-03 -1.447353140069441470e-03
-1.694505021825998704e-03 -8.309941913708781755e-04
-1.149346198660674591e-03 -1.614715935890468658e-04
-5.549724693254010641e-04 4.479347005510446217e-04
-3.694729658795391398e-05 8.939291609150090863e-04
2.944283535235207947e-04 1.102529884039682266e-03
3.651151018129678363e-04 1.042886031986513728e-03
1.514554514789425484e-04 7.329721089173073852e-04
-3.152592458031882672e-04 2.360847041875972427e-04
-9.546405334133931889e-04 -3.511922962882363039e-04
-1.652365683551352280e-03 -9.172738123945728623e-04
-2.281780736830500440e-03 -1.356648327826983453e-03
-2.727853197021387621e-03 -1.589751848410929543e-03
-2.908938698828941564e-03 -1.577880174882581761e-03
-2.792239653081862207e-03 -1.330319238644935356e-03
-2.400028049968816642e-03 -9.023478195912502942e-04
-1.805453157962261159e-03 -3.844962454777239901e-04
-1.118726716244249682e-03 1.148987907590957869e-04
-4.663000243116963237e-04 4.905330448378908068e-04
3.302585879209657578e-05 6.604137350493543852e-04
2.905349963236456088e-04 5.817308843389047603e-04
2.643302649874301226e-04 2.593074499069411998e-04
-3.280092474304682412e-05 -2.549801588407745465e-04
-5.358766137960814697e-04 -8.717096714880640711e-04
-1.140093037425529482e-03 -1.480556256952434650e-03
-1.720736096239700074e-03 -1.970927415348162470e-03
-2.156860311523039597e-03 -2.252688768073953483e-03
-2.354250895431049193e-03 -2.273061899960032110e-03
-2.263320542123718401e-03 -2.026499143932084315e-03
-1.888551865106065375e-03 -1.555668818290855283e-03
-1.287697419139404147e-03 -9.433663903359979603e-04
-5.608888032425109714e-04 -2.968839042427785921e-04
1.682828045581696115e-04 2.722032760122230013e-04
7.761319923484640351e-04 6.690069104014959283e-04
1.162265697268198691e-03 8.330858659637125317e-04
1.268562231214085192e-03 7.496370351318944018e-04
1.090148384236646392e-03 4.520034817963035660e-04
6.762952560723215932e-04 1.503112354797676614e-05
1.210622083430913420e-04 -4.594611029982458754e-04
-4.545406054844248816e-04 -8.623386653005148030e-04
-9.254948087485984857e-04 -1.098206095598222923e-03
-1.186478528684994146e-03 -1.103863631224835922e-03
-1.171845991834620212e-03 -8.606623585061355794e-04
-8.680999442335216639e-04 -3.984097452788804526e-04
-3.164961637897299208e-04 2.099223765124966635e-04
3.947124057821970941e-04 8.616933178341227000e-04
1.146922898160457338e-03 1.443744497756560856e-03
1.813568850717110683e-03 1.853586144279569577e-03
2.284006920965572784e-03 2.018613538361074301e-03
2.484381486741295622e-03 1.909718565316249894e-03
2.391517118907979505e-03 1.546722327591860697e-03
2.037209305077950644e-03 9.946019291339708388e-04
1.502102066950468124e-03 3.512263145611167932e-04
9.003129689169218561e-04 -2.710775307058604358e-04
3.577181029549539489e-04 -7.666397853247981960e-04
-1.198978825547240661e-05 -1.056249667935400122e-03
-1.289351388859688585e-04 -1.101899062797899193e-03
3.771264054229311012e-05 -9.136817777061479167e-04
4.638024851922662763e-04 -5.475485436328527333e-04
1.074682023569596126e-03 -9.435008229430837438e-05
1.759248449867266634e-03 3.377492332921396023e-04
2.390911260045822020e-03 6.441488932169438632e-04
2.851499394761019841e-03 7.440192687565522298e-04
3.053587708613814296e-03 5.960033483403267499e-04
2.957016810370384757e-03 2.064316002889864630e-04
2.576479550174104634e-03 -3.715136690801643929e-04
1.978738635134156057e-03 -1.047533858149788440e-03
1.270002824350879552e-03 -1.711013000019465926e-03
5.758522306786111565e-04 -2.251705232589444779e-03
1.751369928792295694e-05 -2.580398648658462253e-03
-3.110219988231171812e-04 -2.645646716823356510e-03
-3.607091123927340815e-04 -2.443401871531932119e-03
-1.366298673566739875e-04 -2.017728592912174535e-03
3.030860797069076778e-04 -1.452461111001208602e-03
8.583996165040684231e-04 -8.553842134638952634e-04
1.406446940260661863e-03 -3.379301222581656801e-04
1.824955567413180961e-03 5.767762699245395155e-06
2.015555744250814227e-03 1.165027770483573980e-04
1.922571055089083991e-03 -1.902761603079670613e-05
1.543727890859981650e-03 -3.659670427360278526e-04
9.307534868477667289e-04 -8.481878620380358183e-04
1.797467653500024460e-04 -1.363009475591441758e-03
-5.868572713284897144e-04 -1.800952542230695001e-03
-1.243317025219267940e-03 -2.066780717772132361e-03
-1.684249356752274066e-03 -2.097837869839125173e-03
-1.844451339611937087e-03 -1.876201118631545860e-03
-1.711127303930581661e-03 -1.432341487964698765e-03
-1.326207504217055948e-03 -8.395925899916277177e-04
-7.783205687826651609e-04 -2.004690045632079873e-04
-1.859406056554751521e-04 3.725798608275221642e-04
3.250994181088557233e-04 7.783400194313535312e-04
6.454699894193585870e-04 9.459214301620706353e-04
7.030648475502309421e-04 8.481519624056513794e-04
4.766553917182294502e-04 5.067409893815600676e-04
-1.050737880106678013e-07 -1.176604554814194084e-05
-6.450845203562267276e-04 -6.084782680183104236e-04
-1.343269188969758044e-03 -1.170733496538099456e-03
-1.968599721741710364e-03 -1.593243335020020669e-03
-2.407910174256859027e-03 -1.797810895352377038e-03
-2.582435287499320904e-03 -1.747893921635228134e-03
-2.462811688648216656e-03 -1.455262770657773626e-03
-2.074730490114206922e-03 -9.775000065570444742e-04
-1.494168835132812442e-03 -4.068227693536160682e-04
-8.331011397157538773e-04 1.476478295763623480e-04
-2.183934836207347078e-04 5.808053569049525253e-04
2.321245335398247362e-04 8.116964743155992640e-04
4.318815577540149105e-04 7.990590520559130413e-04
3.418738539548344963e-04 5.493115939345815562e-04
-2.202446331079970995e-05 1.154756886264403501e-04
-5.921333866754339720e-04 -4.127690847895942958e-04
-1.261838638057417817e-03 -9.260183056033781304e-04
-1.905825169470041179e-03 -1.315860145376319783e-03
-2.403841073896322532e-03 -1.495455596493178770e-03
-2.663492222164483801e-03 -1.416084761423135876e-03
-2.637751715585744117e-03 -1.076525039416313580e-03
-2.333869210085953542e-03 -5.234830676431720311e-04
-1.811993795572121009e-03 1.570049856373064757e-04
-1.173772026818823864e-03 8.555812007891743561e-04
-5.430810641860388081e-04 1.459956526141694549e-03
-4.254623946483584128e-05 1.875830031963975509e-03
2.297092973967290210e-04 2.044383242838082419e-03
2.186790402650517617e-04 1.953045050172244872e-03
-7.707437912436027050e-05 1.637497261120467607e-03
-6.051093123783854704e-04 1.174549550608661955e-03
-1.268997973941308902e-03 6.672413771615169197e-04
-1.946550283506237166e-03 2.249999642548697765e-04
-2.512919311478108673e-03 -5.738088433547019161e-05
-2.864214488061556357e-03 -1.179537248729620701e-04
-2.937152396320712525e-03 6.043271972317257323e-05
-2.721025019741469056e-03 4.467149450087630480e-04
-2.259719745952032226e-03 9.673789028207990977e-04
-1.643408857671453671e-03 1.520318871130840310e-03
-9.914820553512842301e-04 1.994168830955066630e-03
-4.299534309079825357e-04 2.289446758313869699e-03
-6.762033821834179462e-05 2.337507672311441714e-03
2.451227470664108649e-05 2.113714881457257923e-03
-1.733530014762737527e-04 1.642332355121582134e-03
-6.260905254786723389e-04 9.922075008672989662e-04
-1.250338073140796731e-03 2.640563010655099050e-04
-1.930317958432758258e-03 -4.282481842935546975e-04
-2.539795791646396947e-03 -9.788483620600950570e-04
-2.966017676147679125e-03 -1.309534811412413390e-03
-3.131092025799427515e-03 -1.384130328919181080e-03
-3.006766064143527421e-03 -1.214910606149301143e-03
-2.619797825109622218e-03 -8.598547572984146896e-04
-2.046905287831400112e-03 -4.112551280168533219e-04
-1.400247953756848535e-03 2.214842012295968783e-05
-8.061890013994585814e-04 3.361189560940128218e-04
-3.813586630583261708e-04 4.509834750688978102e-04
-2.105507083581164077e-04 3.269995273500255362e-04
-3.306370839206154103e-04 -2.788758587122250679e-05
-7.235465117721466208e-04 -5.593701953239720633e-04
-1.319636894861408397e-03 -1.176938424499839562e-03
-2.010823616368749567e-03 -1.770953238066896515e-03
-2.670978829391704688e-03 -2.233400263458351458e-03
-3.179740328142059008e-03 -2.478394026704162402e-03
-3.445223201901563038e-03 -2.458548215496042522e-03
-3.421335397604973426e-03 -2.174109093284856426e-03
-3.116420184201076221e-03 -1.673118289278312590e-03
-2.591590833482534679e-03 -1.042568674215810362e-03
-1.949074639140336868e-03 -3.922215153867769817e-04
-1.312775120256720563e-03 1.658581263103189310e-04
-8.047347060531821576e-04 5.381806766083816005e-04
-5.219563828907417512e-04 6.671808346417034807e-04
-5.179747342269518454e-04 5.417594078024575485e-04
-7.926674037885788997e-04 1.990306270092431339e-04
-1.292237559197812521e-03 -2.830476025512123511e-04
-1.919371894114234919e-03 -8.007571648643782569e-04
-2.551651772188397692e-03 -1.244553571857081025e-03
-3.064732148017234453e-03 -1.520069182473360401e-03
-3.355899847213036566e-03 -1.566203216263156424e-03
-3.363550646769809024e-03 -1.366868596767262592e-03
-3.078897035878411063e-03 -9.541678309996533269e-04
-2.547689306658803068e-03 -4.023941996323140264e-04
-1.861623249110909602e-03 1.860070403953239908e-04
-1.141060232637751241e-03 6.998591461922213557e-04
-5.123301574675939458e-04 1.040377534011961268e-03
-8.391324269987161452e-05 1.139994353827129131e-03
7.399128385872214865e-05 9.753159518692955518e-04
-5.735702532176818746e-05 5.717550469248363753e-04
-4.418086531929954833e-04 -1.045129952480770581e-06
-9.952870682765008539e-04 -6.421347812230047318e-04
-1.601825215514930418e-03 -1.238089597007668071e-03
-2.135636918524579965e-03 -1.684192742155808100e-03
-2.485041921938485956e-03 -1.903963940306721645e-03
-2.573712410889343084e-03 -1.863345879947607810e-03
-2.375216143940489608e-03 -1.576869668797966934e-03
-1.918100769578212628e-03 -1.104639484006754522e-03
-1.280555100007987846e-03 -5.407144091932057682e-04
-5.756569292211129434e-04 4.906324002976083891e-06
7.000033208154755708e-05 4.272781422233151672e-04
5.402559237260019494e-04 6.465061522231811426e-04
7.513707428848529282e-04 6.229509354479590474e-04
6.678935626342092117e-04 3.647636564634702165e-04
3.093999198572604812e-04 -7.367735043021877116e-05
-2.531729713871432160e-04 -6.021323580255004285e-04
-9.109022757130858265e-04 -1.111704321948756751e-03
-1.537435097130078910e-03 -1.495621207354832236e-03
-2.012832914555509438e-03 -1.669657868370494173e-03
-2.246191740351244966e-03 -1.588325986473074474e-03
-2.192756840583870437e-03 -1.253760932308826525e-03
-1.862293426153262743e-03 -7.156164090180008657e-04
-1.317130462835179811e-03 -6.197971352457769007e-05
-6.602501466691663165e-04 5.969798279905455703e-04
-1.568040505818286273e-05 1.149541055970651525e-03
4.950948632811573479e-04 1.503260519025207548e-03
7.762391445424969691e-04 1.602165318668835690e-03
7.758038034905568973e-04 1.437061538434522556e-03
4.956501637834991730e-04 1.047013612897782723e-03
-8.827133476157632448e-06 5.117210918426304267e-04
-6.391244905418990135e-04 -6.375802213727261442e-05
-1.272228742036493263e-03 -5.690400062404602291e-04
-1.783870687024187440e-03 -9.094074088281159894e-04
-2.072030333842471775e-03 -1.023783032823493170e-03
-2.076243456996953920e-03 -8.962813264858553522e-04
-1.789053760162153577e-03 -5.591499522152607385e-04
-1.257441834414642834e-03 -8.654580276162062444e-05
-5.739596680378142735e-04 4.196735709782288548e-04
1.407515818279030172e-04 8.494491324675854625e-04
7.607515207332532243e-04 1.105613305802453754e-03
1.178584299877807363e-03 1.122577124572857925e-03
1.325554348231187647e-03 8.790667027320267198e-04
1.184656480233875963e-03 4.024901907634725949e-04
7.937137332433679684e-04 -2.358994251320612541e-04
2.381304542810545042e-04 -9.341379286755637813e-04
-3.653655206695828432e-04 -1.578501439404078610e-03
-8.909115910138285703e-04 -2.064695893006810064e-03
-1.227427080892793234e-03 -2.317280451427862660e-03
-1.299727874030048511e-03 -2.303654848114103718e-03
-1.082839678307045885e-03 -2.039969359963668231e-03
-6.067985993582203624e-04 -1.587844720194830353e-03
4.897089700640363088e-05 -1.042528432268425729e-03
7.706368441134994751e-04 -5.147343422732587621e-04
1.431463367834285173e-03 -1.096071894168091244e-04
1.915765623547403210e-03 9.320303029641666993e-05
2.140780286501744751e-03 5.458348716755496988e-05
2.072310251922257745e-03 -2.167297559723132096e-04
1.731180817149833174e-03 -6.659531521646269801e-04
1.189284242948416464e-03 -1.202825903473092378e-03
5.559608325698214447e-04 -1.718943231289641856e-03
-4.270572779425095035e-05 -2.108565295141566313e-03
-4.877594890119200857e-04 -2.288955325222297513e-03
-6.898910904702860872e-04 -2.216388848604025283e-03
-6.063417407870901315e-04 -1.894794868705217778e-03
-2.489929187193775555e-04 -1.375384461507121476e-03
3.178886792326059271e-04 -7.473284437754395843e-04
9.898227510524281597e-04 -1.212405034308442105e-04
1.641897830638444546e-03 3.914154277727005006e-04
2.152417914033744745e-03 6.991027041357668944e-04
2.425935155164416629e-03 7.472479859308310459e-04
2.411306979447956980e-03 5.283170458879816100e-04
2.111358302912736372e-03 8.302865165486707656e-05
1.582319324309802537e-03 -5.075182530150670022e-04
9.231455507079266336e-04 -1.137309462229219937e-03
2.567427024760792756e-04 -1.695541601403382451e-03
-2.933478711064459914e-04 -2.087597174060582417e-03
-6.263879163044829782e-04 -2.252896868254430484e-03
-6.835661196119892933e-04 -2.176249976949080553e-03
-4.591849046906084112e-04 -1.890556136656928662e-03
-1.790715116271207087e-06 -1.470350382727402764e-03
5.949676621198492481e-04 -1.017418437765889696e-03
1.210023348022370212e-03 -6.412116665326144044e-04
1.717771411056280909e-03 -4.377767231170015712e-04
2.011814169561716454e-03 -4.711969394063030784e-04
2.025077415470512288e-03 -7.610675340547540160e-04
1.742490333462414116e-03 -1.278384671456494603e-03
1.203829829139306919e-03 -1.950635495618856328e-03
4.961921506813905510e-04 -2.675134100648574563e-03
-2.624815041747995755e-04 -3.338086842816233996e-03
-9.457050915743839530e-04 -3.835785128581922429e-03
-1.442350475263493937e-03 -4.093920339485945456e-03
-1.677626650279483676e-03 -4.081370304993517384e-03
-1.627163144193099348e-03 -3.815852572294535765e-03
-1.321531308333211314e-03 -3.360378654347238522e-03
-8.403480413953679125e-04 -2.811184099835527424e-03
-2.970792715447835726e-04 -2.279422056106615579e-03
1.825782731548186147e-04 -1.870087627378043708e-03
4.846423242067926778e-04 -1.662163428676627320e-03
5.285818493697690438e-04 -1.693744276268492740e-03
2.827277907992819389e-04 -1.954954974501643943e-03
-2.295621848793923895e-04 -2.389998417975310561e-03
-9.341543752600558592e-04 -2.907941366359034514e-03
-1.720002666918948875e-03 -3.400189838193030251e-03
-2.460002549817654274e-03 -3.761338587027816469e-03
-3.034889441085102287e-03 -3.909439591649462725e-03
-3.355658808298437809e-03 -3.801844027423989698e-03
-3.380265400455954340e-03 -3.443610058850798961e-03
-3.121441986424737438e-03 -2.886876356274315630e-03
-2.644159298895439741e-03 -2.221311969979441071e-03
-2.053210049875872287e-03 -1.557443166077959696e-03
-1.473269587912470150e-03 -1.006007045944411638e-03
-1.025209989889737687e-03 -6.572347584565278646e-04
-8.031534557036597299e-04 -5.639812832921456756e-04
-8.566105512464508836e-04 -7.318914085756962010e-04
-1.181085706324406202e-03 -1.118460338535596631e-03
-1.718928797974091528e-03 -1.641164367765021856e-03
-2.370271274473180912e-03 -2.193120885014066598e-03
-3.011975505253740824e-03 -2.663312543498054866e-03
-3.521008482424999204e-03 -2.957547440738983111e-03
-3.797812993085852504e-03 -3.016188968798411661e-03
-3.785249603342914770e-03 -2.825301763442343746e-03
-3.479521208812540786e-03 -2.419107845968537177e-03
-2.931009769057174325e-03 -1.873293348472539286e-03
-2.234864758722487649e-03 -1.290439402334886757e-03
-1.513123203506101409e-03 -7.803426638955515476e-04
-8.917445311783017345e-04 -4.389590554029487723e-04
-4.769062701774141096e-04 -3.299652955237805663e-04
-3.350465752689720834e-04 -4.724372504279908749e-04
-4.804301616629042069e-04 -8.369858701315736156e-04
-8.725898132322467381e-04 -1.351089790584885948e-03
-1.424125903116586767e-03 -1.912621853908548454e-03
-2.017385341538554394e-03 -2.409014648238086594e-03
-2.526860341918577349e-03 -2.738441611034344962e-03
-2.843064649971026835e-03 -2.829007630565072082e-03
-2.893365411316510538e-03 -2.652318893699302793e-03
-2.655825569997606952e-03 -2.228864832115472119e-03
-2.163435391383195829e-03 -1.624194144619161943e-03
-1.497931749343682246e-03 -9.366087269877331574e-04
-7.743755876498899021e-04 -2.787041402285202630e-04
-1.194081075166590882e-04 2.437508360680327741e-04
3.526966399424242464e-04 5.516003376604030738e-04
5.616476389820148404e-04 6.070117170433055563e-04
4.763274438993489414e-04 4.203305296272079848e-04
1.206799937823749150e-04 4.778891404163507521e-05
-4.308203634049276223e-04 -4.194913760683780706e-04
-1.067262058988482530e-03 -8.731111947351704629e-04
-1.662284630071636992e-03 -1.208278478629350476e-03
-2.097989569862799934e-03 -1.344002238886243426e-03
-2.287247696016629812e-03 -1.238764127307767464e-03
-2.190180572577748140e-03 -8.986921877143321229e-04
-1.821696526320433236e-03 -3.766815251296171119e-04
-1.248655423950118925e-03 2.373785881540078674e-04
-5.771999462375365956e-04 8.334268983993858761e-04
6.734718195954589141e-05 1.301921672419148728e-03
5.642131756879026350e-04 1.554487810862565907e-03
8.200390097245020739e-04 1.540613067988222829e-03
7.865479532310074365e-04 1.257233672420600933e-03
4.696736449100354094e-04 7.493946767145607049e-04
-7.158014750478249293e-05 1.018589926565933030e-04
-7.363314888488995194e-04 -5.767484063280125519e-04
-1.400943955731848677e-03 -1.174262444707248809e-03
-1.942460062500151992e-03 -1.595922908137445070e-03
-2.261906325172942551e-03 -1.781982345533755351e-03
-2.303056076820700782e-03 -1.718649633462486720e-03
-2.063096144855209799e-03 -1.440304574773128071e-03
-1.593176438006906320e-03 -1.022572317323633103e-03
-9.887371155746689250e-04 -5.675774780267562984e-04
-3.714436102802340638e-04 -1.841788569527418517e-04
1.338511466706474593e-04 3.306390088338639552e-05
4.227562760640596762e-04 2.220036393089605022e-05
4.311272827967440376e-04 -2.339992754916734533e-04
1.472398624009503120e-04 -7.044326017570759794e-04
-3.859513212871789820e-04 -1.315244241676439413e-03
-1.078896273862451792e-03 -1.963545918897411854e-03
-1.812345094340902640e-03 -2.536684765070871660e-03
-2.459856370049889884e-03 -2.933415661209057106e-03
-2.911657220363766084e-03 -3.082971614061297792e-03
-3.095338009479107165e-03 -2.958422861639374915e-03
-2.989464339325785189e-03 -2.581795469490978222e-03
-2.627530238513644048e-03 -2.019979149565112771e-03
-2.091505508389256054e-03 -1.372196752838008302e-03
-1.496200647991244043e-03 -7.514044096035203766e-04
-9.674115549225395039e-04 -2.631393524806264084e-04
-6.179840577346721025e-04 1.418529710787205106e-05
-5.263322552467673138e-04 4.381435739087761842e-05
-7.214800341034438482e-04 -1.627314879246803117e-04
-1.177459980502509537e-03 -5.481987881306368826e-04
-1.818132067387421679e-03 -1.020815595813144919e-03
-2.531511472740065154e-03 -1.472045020969409753e-03
-3.190894249839371522e-03 -1.797508000745397412e-03
-3.678782267170534626e-03 -1.917105336621322507e-03
-3.909078608968411146e-03 -1.790521052575527695e-03
-3.843351874569293780e-03 -1.425164222946101716e-03
-3.498090575721151882e-03 -8.750389009034609559e-04
-2.941574519840452553e-03 -2.307503988975223520e-04
-2.280955724912828858e-03 3.974645007140590160e-04
-1.641994858217636199e-03 9.004737905208798181e-04
-1.145289496303516152e-03 1.190828930263198616e-03
-8.834944335906892536e-04 1.219290528707110688e-03
-9.038461229229201397e-04 9.841716826218985074e-04
-1.199298747680183942e-03 5.317283123386052582e-04
-1.709948620776003715e-03 -5.248017489426492230e-05
-2.334475368625507207e-03 -6.596279730366871180e-04
-2.949431578347559268e-03 -1.178026097430995333e-03
-3.432726410547474148e-03 -1.514034313648623172e-03
-3.686854507894968963e-03 -1.609528785419907541e-03
-3.657469732492815533e-03 -1.452625203737080949e-03
-3.343784713281353505e-03 -1.079634622991295159e-03
-2.798824978276003711e-03 -5.678895172817024139e-04
-2.119487517730523577e-03 -2.080630838964981234e-05
-1.428284230022578176e-03 4.519795257751111424e-04
-8.502252949179930474e-04 7.556369892203803739e-04
-4.892179595123997797e-04 8.283341005907361677e-04
-4.084482275186845056e-04 6.531521086354293709e-04
-6.184590847422336522e-04 2.614580654219854318e-04
-1.075181901495721312e-03 -2.729072761086358137e-04
-1.688293390330838179e-03 -8.475291194868885599e-04
-2.338315732628891679e-03 -1.350776215491332173e-03
-2.899222339564327088e-03 -1.682952115182828048e-03
-3.262269570001591866e-03 -1.775234948762378223e-03
-3.356542906535169533e-03 -1.602818085100812025e-03
-3.162328474789521775e-03 -1.189760858677166690e-03
-2.714779524184534384e-03 -6.046270775984562487e-04
-2.097185293789231766e-03 5.226771428285318082e-05
-1.425118583460830823e-03 6.675913107172968750e-04
-8.244655406945745370e-04 1.136171377929403757e-03
-4.074996276576911981e-04 1.380610907393706611e-03
-2.515321059105408118e-04 1.365636070851372662e-03
-3.841835381569089734e-04 1.104467623879962267e-03
-7.780671215227253842e-04 6.560173861644469405e-04
-1.355892509376625983e-03 1.134484372669735677e-04
-2.005025589880484425e-03 -4.137274074738610404e-04
-2.598749085836937842e-03 -8.206180926451126737e-04
-3.020199869445529782e-03 -1.027009190438387450e-03
-3.184451826019175404e-03 -9.927077969583311505e-04
-3.054563965866077379e-03 -7.252626543408463274e-04
-2.648555843215278337e-03 -2.785953122651741386e-04
-2.035989902725322213e-03 2.572007224701965871e-04
-1.324807938444962476e-03 7.729623564659026703e-04
-6.409138840704194182e-04 1.161222271648903407e-03
-1.043683226941581523e-04 1.336703926246863563e-03
1.932985867545765173e-04 1.252662823794949446e-03
2.063610503628720335e-04 9.099760240726966929e-04
-5.651112840081621257e-05 3.572538937040465072e-04
-5.339694004602251170e-04 -3.180529731531972775e-04
-1.123684842981161666e-03 -1.005874557102274169e-03
-1.701811403937236646e-03 -1.594006065043304969e-03
-2.146527033282679200e-03 -1.988985752095881639e-03
-2.361193531816673311e-03 -2.133421134306551486e-03
-2.292748136802153208e-03 -2.016491432737394559e-03
-1.941842754164130498e-03 -1.675646068690378075e-03
-1.362809379508001613e-03 -1.189185741085261672e-03
-6.534567434954076685e-04 -6.611384846285880447e-04
6.337120417036800398e-05 -2.013013578706878120e-04
6.629842966584977145e-04 9.576705392529962987e-05
1.042392815596337487e-03 1.688204566330478613e-04
1.139754026263270189e-03 1.638699618274324504e-06
9.460368754190633372e-04 -3.738392057489423482e-04
5.066963546562940806e-04 -8.835577850974496005e-04
-8.695957416102125014e-05 -1.425419750156226668e-03
-7.150761447196229319e-04 -1.888726739878375006e-03
-1.251954693324376644e-03 -2.175302983725279672e-03
-1.589854309877649936e-03 -2.218298827184286403e-03
-1.659386385254634291e-03 -1.995109187344000674e-03
-1.442641499335757136e-03 -1.531955228092416474e-03
-9.765643306454184578e-04 -8.992551130262566028e-04
-3.459388550051777219e-04 -1.986529358657376971e-04
3.326866095921865766e-04 4.558462095347201809e-04
9.330894555423311894e-04 9.590715128005070610e-04
1.343293986323115590e-03 1.234207568358848886e-03
1.486793168556025183e-03 1.246953845476777645e-03
1.337051571426528833e-03 1.011650052006408517e-03
9.225424433062266250e-04 5.882157873073130989e-04
3.213643622648053744e-04 7.049158845030199490e-05
-3.535438476312983752e-04 -4.318041599390916351e-04
-9.757908543848000304e-04 -8.140800695012845138e-04
-1.429473726845846213e-03 -9.968561917402304212e-04
-1.631138874027692094e-03 -9.409402436863369785e-04
-1.545604544279022795e-03 -6.549194236874294420e-04
-1.192648466416984174e-03 -1.935479078415749412e-04
-6.432936239986745313e-04 3.526647082405191119e-04
-6.394471913503913885e-06 8.746913764678776286e-04
5.919377366957001649e-04 1.265785484987764099e-03
1.032176138011003767e-03 1.441896899528021317e-03
1.223973216924095168e-03 1.357835558690395758e-03
1.123232850831413186e-03 1.016116195377743565e-03
7.404285359336700619e-04 4.668026794687873265e-04
1.385943991199287519e-04 -2.016260614838551136e-04
-5.786290174058460710e-04 -8.786671123954651903e-04
-1.286629194964106996e-03 -1.452346483384566508e-03
-1.863417192846754649e-03 -1.830050848940404686e-03
-2.212715348090426790e-03 -1.955702250361489054e-03
-2.282164507681957825e-03 -1.820032081657006534e-03
-2.073202503006022802e-03 -1.462016843666935585e-03
-1.640742837605896039e-03 -9.612109986197741067e-04
-1.082714104612578394e-03 -4.224350606482370598e-04
-5.214407473875101381e-04 4.427636998918869481e-05
-8.039086405383483701e-05 3.446654636022243937e-04
1.393057229583632550e-04 4.182031189706851039e-04
7.812211704121235605e-05 2.496008582953243484e-04
-2.704670652504759590e-04 -1.282978415267287077e-04
-8.586128246180519275e-04 -6.407937393668362716e-04
-1.593006212218018658e-03 -1.185585411553185696e-03
-2.352394024697891141e-03 -1.652298395822540938e-03
-3.010381308877035401e-03 -1.943588018181616368e-03
-3.459205354497708884e-03 -1.993815001765113573e-03
-3.629982027836865972e-03 -1.781751610448455061e-03
-3.505593313936417217e-03 -1.334905593251824131e-03
-3.123778297745593169e-03 -7.246357247256915175e-04
-2.569844696216674104e-03 -5.297589576812192311e-05
-1.960383246620760710e-03 5.663455543335289485e-04
-1.421070671400763734e-03 1.029105485176125398e-03
-1.062766054210218056e-03 1.259998475807541608e-03
-9.604283838766157575e-04 1.226594142813309477e-03
-1.138848611452717482e-03 9.452035698149796345e-04
-1.567899007525126341e-03 4.775504410769385705e-04
-2.168200262638129028e-03 -8.111728874988404555e-05
-2.826133910382294494e-03 -6.202196449244903095e-04
-3.415357828105596190e-03 -1.034892735502493475e-03
-3.820750899672239412e-03 -1.245905074458193576e-03
-3.960252627028554122e-03 -1.214670020774566254e-03
-3.800461715440018196e-03 -9.505120108109297705e-04
-3.363039035069305058e-03 -5.088122155686467885e-04
-2.720701200843371297e-03 1.961260090629587428e-05
-1.983561704880511603e-03 5.258831594567979105e-04
-1.278403950029096629e-03 9.038883389436581234e-04
-7.248086633090762478e-04 1.070623521021954244e-03
-4.126536464734522659e-04 9.821791466490511005e-04
-3.852438930328008770e-04 6.423450388202951809e-04
-6.312639781078468494e-04 1.021937860327592693e-04
-1.087074171117286079e-03 -5.492857014354737746e-04
-1.648913223382865705e-03 -1.201738815482469684e-03
-2.192695076139173672e-03 -1.744054002245913181e-03
-2.597648976192218784e-03 -2.085134899268706148e-03
-2.769324909079677946e-03 -2.170909689671959245e-03
-2.657606624485555138e-03 -1.994363305463485968e-03
-2.266320041885495993e-03 -1.596698376570057816e-03
-1.652616452965402147e-03 -1.059409584774623995e-03
-9.162463085883323054e-04 -4.887755004379641752e-04
-1.807538429390471990e-04 4.293481891547222366e-06
4.298471565072517313e-04 3.252344278990503771e-04
8.145001950286600081e-04 4.136663201725585296e-04
9.141995670162829726e-04 2.547043557290110463e-04
7.231347554868915303e-04 -1.183854651431820405e-04
2.897748552522432875e-04 -6.306901804680479975e-04
-2.923132763300486780e-04 -1.180075696939957182e-03
-9.021757568832305301e-04 -1.656797237850151684e-03
-1.414359166759097865e-03 -1.964574556872273302e-03
-1.722642565354719126e-03 -2.039134080305463406e-03
-1.760121974980722800e-03 -1.860699298586349169e-03
-1.511845942233878319e-03 -1.458056313471750402e-03
-1.017611195220231770e-03 -9.034165550342267885e-04
-3.643905094220778441e-04 -2.990412888794636431e-04
3.301720900819680310e-04 2.418473161709545471e-04
9.400724126169797759e-04 6.162615071250222062e-04
1.354837838771604484e-03 7.507431170365389938e-04
1.500474951550489133e-03 6.151110199964274737e-04
1.353505943536331604e-03 2.280627735476687496e-04
9.454354964920255559e-04 -3.464263698641769848e-04
3.568019958753583217e-04 -1.011222619941642281e-03
-2.980606701823405608e-04 -1.654374903913664527e-03
-8.926653371126554506e-04 -2.170205335948662689e-03
-1.312319621431996298e-03 -2.479156788647228840e-03
-1.475844795125236513e-03 -2.542642093992953951e-03
-1.350952343734045449e-03 -2.370087067480656368e-03
-9.603657858947121798e-04 -2.016838773884144231e-03
-3.775275315252709599e-04 -1.573341122621935194e-03
2.872975214738728153e-04 -1.147634276006567668e-03
9.078916780200098997e-04 -8.444992032023380599e-04
1.365977105968153513e-03 -7.452045081906642082e-04
1.573608735078032509e-03 -8.916990054124189144e-04
1.489828569307279386e-03 -1.278251924252336120e-03
1.128429055956128857e-03 -1.852132440997928970e-03
5.553564754490373590e-04 -2.523208477143013342e-03
-1.237532347201018542e-04 -3.180655486437001470e-03
-7.835456127401360486e-04 -3.713619136239491077e-03
-1.302643939564584368e-03 -4.031926398074204589e-03
-1.586583684966033679e-03 -4.082929504815537361e-03
-1.585642638996197706e-03 -3.861298426173127591e-03
-1.304190940238987139e-03 -3.409911528954654228e-03
-7.997911187245382303e-04 -2.811678356817423879e-03
-1.722193043847038965e-04 -2.173844105775302876e-03
4.555126214355204321e-04 -1.607747570956945650e-03
9.605393326413632932e-04 -1.207863846041232724e-03
1.243500043210515275e-03 -1.034097162409937810e-03
1.247447807441227864e-03 -1.100672603368175323e-03
9.687279617082698337e-04 -1.373724812693165147e-03
4.577640374928737587e-04 -1.778034063659028087e-03
-1.903996009121308502e-04 -2.211627182963107202e-03
-8.540096196682473535e-04 -2.565470962680327632e-03
-1.407580428353237285e-03 -2.744520951956130536e-03
-1.745586982291296840e-03 -2.686131573167178238e-03
-1.802389182154715518e-03 -2.372333007605077065e-03
-1.564616730585450654e-03 -1.833641664068357598e-03
-1.073670676268408987e-03 -1.143674377265833713e-03
-4.178690038583527310e-04 -4.055781922474607066e-04
2.842757715833216063e-04 2.671621173193129434e-04
9.064802007920025806e-04 7.719113281549710949e-04
1.338568668394754524e-03 1.036059753145304784e-03
1.507286074024890643e-03 1.030561629467960112e-03
1.390104014198325971e-03 7.752759089734245984e-04
1.019407002148500730e-03 3.351003984915963425e-04
4.762670586271920757e-04 -1.923678471192172583e-04
-1.250133061329268330e-04 -6.953098131969534263e-04
-6.586614582112673786e-04 -1.068802575365556404e-03
-1.011376328139912840e-03 -1.234582416181260588e-03
-1.103916151373742676e-03 -1.155715021944508144e-03
-9.062425210827138988e-04 -8.434001398837090088e-04
-4.433509663811145782e-04 -3.546282853185347018e-04
2.093183418003115824e-04 2.188600457220138233e-04
9.400232169294997627e-04 7.682148070248214552e-04
1.621739955063161882e-03 1.188368635422561333e-03
2.136083857270618634e-03 1.398217148075661101e-03
2.395602679685708905e-03 1.356258374568791291e-03
2.360223808703047939e-03 1.068722381600827791e-03
2.044742704384338618e-03 5.886444705277027760e-04
1.515936201847044133e-03 6.050665212019621471e-06
8.798484765733066660e-04 -5.688922452217870908e-04
2.616579562849027105e-04 -1.026576875074441259e-03
-2.180620685513496963e-04 -1.278590407018988847e-03
-4.661938482645978325e-04 -1.274380781941556080e-03
-4.347099363243020834e-04 -1.010800303488832656e-03
-1.297535229955806835e-04 -5.327204720746432469e-04
3.895543954202661556e-04 7.539874959880339721e-05
1.022354266465693969e-03 7.053905350009879224e-04
1.645204370076055241e-03 1.245709366627180013e-03
2.135525720927938104e-03 1.602360691099327661e-03
2.394894609264652460e-03 1.716474114049514792e-03
2.367770553270244667e-03 1.575198632188115969e-03
2.052111566626240412e-03 1.213863597477611361e-03
1.499864644319976988e-03 7.090034838425187183e-04
8.072364071742220946e-04 1.635748174243169717e-04
9.658393954633615140e-05 -3.128277939115217069e-04
-5.066473981682466810e-04 -6.250027006562881328e-04
-8.975744487466968610e-04 -7.104295601872733564e-04
-1.011638743570552387e-03 -5.513449310539440644e-04
-8.367406872807764406e-04 -1.783119614793748572e-04
-4.154492982983975114e-04 3.353977141749917425e-04
1.631297273556996260e-04 8.875512409738425378e-04
7.802869607555772439e-04 1.366232150929763472e-03
1.310236350177013467e-03 1.671001275425227414e-03
1.643970685072372552e-03 1.731936176584074295e-03
1.709928349719979854e-03 1.522944791043588739e-03
1.487558336463914608e-03 1.066831883740747104e-03
1.011215434018487803e-03 4.311572240527311670e-04
3.636486987689004340e-04 -2.843332857845909823e-04
-3.396829769693853873e-04 -9.663278485281306864e-04
-9.724973157620620152e-04 -1.509099981169491431e-03
-1.421631719388046552e-03 -1.834192042686305125e-03
-1.608507965735607274e-03 -1.904911153257766304e-03
-1.504052700684095894e-03 -1.732900487054778345e-03
-1.134246926948234094e-03 -1.375549883278135961e-03
-5.752520260448596833e-04 -9.247445216820476257e-04
6.096648265850796757e-05 -4.890905663886806068e-04
6.477969483400661602e-04 -1.729916404380434699e-04
1.067916637790389863e-03 -5.654592721853878706e-05
1.235473116905850405e-03 -1.800777786651183363e-04
1.112313105885874044e-03 -5.362394813700792004e-04
7.151868134620968697e-04 -1.071184597379684546e-03
1.125642743317778905e-04 -1.694595643562382768e-03
-5.883331032810112590e-04 -2.296671245410940830e-03
-1.261830100402317346e-03 -2.768858974872881983e-03
-1.787581170425253446e-03 -3.024409614865826261e-03
-2.073336821886444595e-03 -3.014861132226708505e-03
-2.072382666959285760e-03 -2.739330046928771523e-03
-1.792349804460717380e-03 -2.244848498298151248e-03
-1.293729193446703724e-03 -1.617679529118188839e-03
-6.783723538233915953e-04 -9.672501723449844317e-04
-7.015693462685782412e-05 -4.057386388395780230e-04
4.085206267277566045e-04 -2.717383731680716313e-05
6.599729068253315034e-04 1.100029912497234655e-04
6.297701804848049268e-04 -6.379116202629700125e-06
3.170963624259473274e-04 -3.403080533807867651e-04
-2.250501226889787361e-04 -8.147990152932997783e-04
-8.998499651114288001e-04 -1.326853966881251729e-03
-1.584960092363689888e-03 -1.767329124854583261e-03
-2.155650878127948235e-03 -2.041940498404277819e-03
-2.508403358518168039e-03 -2.089422677208606100e-03
-2.580499031951342167e-03 -1.893395871415441082e-03
-2.361893347933336114e-03 -1.485688462167374449e-03
-1.897124779912129702e-03 -9.404812393968471369e-04
-1.276897843058105025e-03 -3.603785257126762565e-04
-6.209333718744985877e-04 1.429587893634721519e-04
-5.533265616715723513e-05 4.699523405907895558e-04
3.112593943570170218e-04 5.520147112285669032e-04
4.081796761972828966e-04 3.646454815419493574e-04
2.160757000186860639e-04 -6.776751654511217488e-05
-2.294846286644708095e-04 -6.763547772378438513e-04
-8.448042807992188355e-04 -1.360550227456909728e-03
-1.513961954603146396e-03 -2.006840130575364943e-03
-2.110817342272970458e-03 -2.509932709718883364e-03
-2.522948520262619995e-03 -2.792347772582747488e-03
-2.672987328781175394e-03 -2.818725315314064145e-03
-2.533311328044468656e-03 -2.602152350567624346e-03
-2.131308915416865735e-03 -2.201318635816429739e-03
-1.544219265186299673e-03 -1.709048385054850972e-03
-8.845229127828235002e-04 -1.234387653296418683e-03
-2.786482429531865869e-04 -8.816467742508986728e-04
1.569749749526878554e-04 -7.303730829085303914e-04
3.379812324616978964e-04 -8.200521544846160055e-04
2.280761437673086214e-04 -1.142439478769266287e-03
-1.540465557750829873e-04 -1.642978603954913441e-03
-7.381881385638898278e-04 -2.231040126549397803e-03
-1.415869477488216873e-03 -2.797044491182536750e-03
-2.060794198596058342e-03 -3.233226898674364594e-03
-2.552677131639036635e-03 -3.454111760623401663e-03
-2.799927792146645819e-03 -3.412817917400997464e-03
-2.756895595387955610e-03 -3.110104091436844027e-03
-2.432413361601298840e-03 -2.594437547497261722e-03
-1.888023424670946587e-03 -1.953067633315735095e-03
-1.226224306168419327e-03 -1.295788160708744464e-03
-5.709655439681451516e-04 -7.344561639560235385e-04
-4.408607095894817411e-05 -3.621374884185337047e-04
2.578404045147180117e-04 -2.358199101262011422e-04
2.818666930558958502e-04 -3.659587810663823566e-04
2.876148309913944580e-05 -7.148264864881639924e-04
-4.470854177726336053e-04 -1.203970249790993399e-03
-1.047925595101974324e-03 -1.729358613922979361e-03
-1.651140432212988649e-03 -2.181341723622394480e-03
-2.132455690671351822e-03 -2.465639846771536942e-03
-2.389487321582913111e-03 -2.521380813902428242e-03
-2.361160482958754320e-03 -2.332766879982019551e-03
-2.039324765069247883e-03 -1.932158890248455909e-03
-1.470365887311947829e-03 -1.393991919727919498e-03
-7.465079234235711021e-04 -8.206737947587303518e-04
1.154813778717360320e-05 -3.231371292188223079e-04
6.773635332975440912e-04 2.709645453603803933e-07
1.142574599630116544e-03 8.256142907899985395e-05
1.337272310504391756e-03 -9.902042065851822915e-05
1.243091671854187940e-03 -5.184578798135575659e-04
8.965346696934305311e-04 -1.105630071894781385e-03
3.818998165386388926e-04 -1.759306309392278051e-03
-1.848406262404970123e-04 -2.366014400555580075e-03
-6.781606007137398447e-04 -2.821217939407632842e-03
-9.869066756129094356e-04 -3.048800675835228440e-03
-1.035498220775765005e-03 -3.015176666044356874e-03
-7.983849021136624896e-04 -2.735362336029012638e-03
-3.050219070017551066e-04 -2.269868204415086393e-03
3.655810635505891298e-04 -1.713005703820900949e-03
1.099706587438139573e-03 -1.174829304510265375e-03
1.770362308128592887e-03 -7.601383625224389807e-04
2.261242575469177198e-03 -5.485188021492133810e-04
2.488682638008902961e-03 -5.792067153392967734e-04
2.417448850970487645e-03 -8.436417490580901948e-04
2.067375167587628439e-03 -1.287120892792638100e-03
1.509589103723464045e-03 -1.819238929430610965e-03
8.530412896402697967e-04 -2.331136896670476296e-03
2.238884597527931227e-04 -2.716289685333980741e-03
-2.583673148543090894e-04 -2.890892686603209558e-03
-5.034663572351348593e-04 -2.809982298570446943e-03
-4.674305161336876711e-04 -2.476231952767338727e-03
-1.608289035512533612e-04 -1.939751377409338132e-03
3.532932216906689354e-04 -1.288919661956046750e-03
9.714285588280019770e-04 -6.339799261208928748e-04
1.569288291811206989e-03 -8.649367850646139718e-05
2.025420875239803374e-03 2.614631723187445331e-04
2.244295277273966691e-03 3.544316395660216659e-04
2.174476374719279750e-03 1.837923618336786925e-04
1.818449609983939421e-03 -2.108486832208381111e-04
1.232233366778655304e-03 -7.493673034492254062e-04
5.148513730169384985e-04 -1.326456099612089573e-03
-2.103423811471981939e-04 -1.831679115398860943e-03
-8.189508031969979906e-04 -2.170445372884130704e-03
-1.209024023601151798e-03 -2.281927751501731938e-03
-1.320305280313002544e-03 -2.150533305882420566e-03
-1.145588200802121360e-03 -1.808753402100641595e-03
-7.320347749855307239e-04 -1.330855525764932604e-03
-1.722040019723116030e-04 -8.186139622359677077e-04
4.135107624551887916e-04 -3.817851600139749889e-04
8.997111767984806736e-04 -1.170297841638122741e-04
1.179768331470750680e-03 -8.927859390330883729e-05
1.186041703178519844e-03 -3.190774316187603397e-04
9.027154110389300039e-04 -7.783152178571093238e-04
3.688224450735876720e-04 -1.395152115001612163e-03
-3.291146142009646449e-04 -2.067223376354799733e-03
-1.073431852906894107e-03 -2.680627596840404019e-03
-1.737564803350777429e-03 -3.131112784532615653e-03
-2.209969709877220370e-03 -3.343457267129203072e-03
-2.415195227411103158e-03 -3.285383786391612212e-03
-2.328114251583773397e-03 -2.973379600912824661e-03
-1.978620892421151679e-03 -2.469327161992277992e-03
-1.445903207844599723e-03 -1.868588942519218291e-03
-8.433763208834930188e-04 -1.281807033105918439e-03
-2.971291833867178468e-04 -8.138670189460849545e-04
7.803336675026224280e-05 -5.440113274072626032e-04
2.004160699768725226e-04 -5.108682889918517590e-04
3.699261250250098984e-05 -7.052310676993499890e-04
-3.902484604377210939e-04 -1.071951905819217617e-03
-1.008374294299652823e-03 -1.520589914808246441e-03
-1.707225590341163255e-03 -1.942791996095297527e-03
-2.360186086405272488e-03 -2.233110478542255257e-03
-2.848072847982443482e-03 -2.309309344285647141e-03
-3.081625694385121614e-03 -2.128306906435892005e-03
-3.018339324736141714e-03 -1.694728346799563839e-03
-2.670452834348592194e-03 -1.060440323036469269e-03
-2.102585512482590784e-03 -3.151470671617436110e-04
-1.419468088528393936e-03 4.301802254784072715e-04
-7.460937804055714105e-04 1.063911817754303792e-03
-2.040485433766766298e-04 1.494511904826015345e-03
1.114968935505740184e-04 1.667513595395806684e-03
1.497762082511742369e-04 1.575509414425611127e-03
-8.600852796367846644e-05 1.259271968832256349e-03
-5.393588890253690369e-04 7.997978916798850800e-04
-1.111260536345491873e-03 3.027857155185737208e-04
-1.679030159854536268e-03 -1.215102587953762088e-04
-2.119659364566217358e-03 -3.792337399294230501e-04
-2.333234192213953957e-03 -4.107198607248843062e-04
-2.261994381875311131e-03 -2.017598938649182039e-04
-1.901421825776057270e-03 2.137936411528760074e-04
-1.301256694962464296e-03 7.605715399710698439e-04
-5.562466731223305932e-04 1.336138644898985078e-03
2.116214253219757713e-04 1.830609242269765850e-03
8.760457175502149845e-04 2.147706834916329743e-03
1.330150924349811749e-03 2.223273779209165076e-03
1.506554790580999763e-03 2.037718565515592682e-03
1.389962250887184086e-03 1.620036018029805992e-03
1.019905082693796242e-03 1.042631134858769144e-03
4.831105453849026321e-04 4.079185989754157684e-04
-1.030539951743313196e-04 -1.707725445042086732e-04
-6.129239850980242304e-04 -5.903808367212716370e-04
-9.364361102526966383e-04 -7.773770754062735589e-04
-1.000055976552640313e-03 -7.014700671678722205e-04
-7.807716022244178856e-04 -3.811634738085391792e-04
-3.105025636165513686e-04 1.198842973946463502e-04
3.299102850390529524e-04 7.050049199165030677e-04
1.025996403917485986e-03 1.262868298601965960e-03
1.651332670165775018e-03 1.688559293541884660e-03
2.091500822056510146e-03 1.903392841424741792e-03
2.265788021428017697e-03 1.869717374004774323e-03
2.142520377939331495e-03 1.597906526699383826e-03
1.745124605047768855e-03 1.144219322726726124e-03
1.147768343693452136e-03 5.999390188416046715e-04
4.614027316274581323e-04 7.385301539156651981e-05
-1.871520625390320040e-04 -3.286021989456803464e-04
-6.791204384698383079e-04 -5.255750742348886577e-04
-9.261583654529134332e-04 -4.745732143465657225e-04
-8.869770953876725348e-04 -1.807832550223222772e-04
-5.750580826217566947e-04 3.036466669825014283e-04
-5.600033267134517552e-05 8.892335337085675905e-04
5.649956989369062836e-04 1.465879553290882088e-03
1.163136127977593311e-03 1.923526467222503797e-03
1.617743718515554608e-03 2.172839109341799264e-03
1.835179440540872162e-03 2.162006835870796360e-03
1.766634514128654146e-03 1.886485483339007084e-03
1.417423483617803693e-03 1.389838062539368226e-03
8.460183913802962578e-04 7.555166145681238435e-04
1.530068707211230158e-04 9.114167232307090073e-05
-5.379349024102866904e-04 -4.917449258110658450e-04
-1.103451262044000949e-03 -8.986222477136757061e-04
-1.443865025093719109e-03 -1.069665466066227954e-03
-1.502060752541857979e-03 -9.908117154750388858e-04
-1.274316734783301642e-03 -6.961267496960271911e-04
-8.110334398752428505e-04 -2.610305930344814255e-04
-2.072190872232411310e-04 2.123280582649692558e-04
4.154676471575817400e-04 6.147717374345375470e-04
9.317192298410237241e-04 8.511302474896265211e-04
1.236271516075231969e-03 8.586214461395334698e-04
1.263802194339836609e-03 6.190880949022475790e-04
1.001269251680514697e-03 1.627655725865650126e-04
4.903546093585328452e-04 -4.371407950679239655e-04
-1.804485506341875424e-04 -1.078049321240067077e-03
-8.926055365736809775e-04 -1.647199122702003304e-03
-1.519990928453746754e-03 -2.042821613823493122e-03
-1.952768904523567066e-03 -2.193282220298845963e-03
-2.118181185585522007e-03 -2.070571400459495209e-03
-1.994306428566729357e-03 -1.695592782920970782e-03
-1.614185952171440187e-03 -1.134248136724886865e-03
-1.059534994616758308e-03 -4.850601606942791123e-04
-4.452308576789793968e-04 1.393249600054115604e-04
1.024841436697261979e-04 6.332557302130636208e-04
4.699567446670902503e-04 9.178197529451075781e-04
5.776970448669538566e-04 9.554811119474194286e-04
3.954867769785323089e-04 7.568454687089912376e-04
-5.184054504373263213e-05 3.782790595031522711e-04
-6.890434991460378392e-04 -8.915974427498070810e-05
-1.404662834113362896e-03 -5.373721927414613995e-04
-2.072072390773811203e-03 -8.621032510597393186e-04
-2.573406369205860633e-03 -9.830948832146742516e-04
-2.821833715055552250e-03 -8.596838194046643213e-04
-2.777963219686234962e-03 -4.988819272702352692e-04
-2.457274081923792146e-03 4.559886385527571646e-05
-1.927165779731998584e-03 6.831999134965375305e-04
-1.294186432852018889e-03 1.303388485160502860e-03
-6.838582715094014119e-04 1.796360618075247984e-03
-2.169202820946243560e-04 2.073658929226907151e-03
1.351377925829021047e-05 2.084804924854824666e-03
-4.044258187592734109e-05 1.826798739207797107e-03
-3.724186697496563534e-04 1.344688389992351914e-03
-9.230375786761887058e-04 7.231002287438229948e-04
-1.591210027332773218e-03 7.033239394001959254e-05
