-3.000579016306629838e-04 -1.721219545386100608e-04
-2.647045937388243196e-04 3.816687313193539710e-04
-2.678072596877826769e-06 7.368102601985522266e-04
4.126824889458115633e-04 8.536422292919128730e-04
8.790747839096572187e-04 7.332029143379085187e-04
1.285191767341060682e-03 4.165366027643788941e-04
1.532369452605727858e-03 -2.346912155067297100e-05
1.553812275730304376e-03 -4.961616552363315100e-04
1.327743448233987839e-03 -9.104451861535837196e-04
8.819788626123469541e-04 -1.192062561645546069e-03
2.890481684981257996e-04 -1.297564096357258076e-03
-3.472221280804980341e-04 -1.222320332306742500e-03
-9.111304804692018722e-04 -1.001066276616086048e-03
-1.296855228340091162e-03 -7.008814095537481068e-04
-1.428427205584408780e-03 -4.079444652384274636e-04
-1.274140112845737523e-03 -2.105829439801855342e-04
-8.526698965347908688e-04 -1.818408722153348495e-04
-2.297421954544551486e-04 -3.648812208597461328e-04
4.940253966323548225e-04 -7.640039795268816674e-04
1.201810370518186432e-03 -1.342998487977268597e-03
1.782271173590740075e-03 -2.031160379897596190e-03
2.150135147300343431e-03 -2.735852265225546809e-03
2.261800984027629354e-03 -3.359247886361015935e-03
2.123013280171642380e-03 -3.816106640936615078e-03
1.787168798378663531e-03 -4.049229199483079904e-03
1.344588527048149341e-03 -4.039682578504285443e-03
9.048004748062028020e-04 -3.809871566438278491e-03
5.752013864522911857e-04 -3.418885682259462881e-03
4.401506958651975419e-04 -2.951010906657913248e-03
5.444673886167356643e-04 -2.499586930139003835e-03
8.844657514690092755e-04 -2.149269186955896603e-03
1.408237323662784625e-03 -1.960054226226407102e-03
2.025134260648891842e-03 -1.956090395419062683e-03
2.622665535434474688e-03 -2.121387145087881131e-03
3.087612132299551952e-03 -2.403227602407197443e-03
3.327366746229231190e-03 -2.722628243667541380e-03
3.287459121226944236e-03 -2.989853165739012573e-03
2.961948465041388916e-03 -3.122031663598763551e-03
2.394712987511992547e-03 -3.059528109563076220e-03
1.671388195137234710e-03 -2.777948193453868946e-03
9.034742337240661732e-04 -2.293490965349028170e-03
2.076135308189651103e-04 -1.660615628881646679e-03
-3.160470591716492070e-04 -9.624472527881033392e-04
-6.023232796811907363e-04 -2.957209701876870999e-04
-6.328046414947124335e-04 2.469006579027024613e-04
-4.387856071673063084e-04 5.938036827581349205e-04
-9.477439945849790680e-05 7.074908555365101975e-04
2.961788242077127904e-04 5.912783327474575032e-04
6.225439879582639509e-04 2.883616651528126567e-04
7.859528114557709846e-04 -1.265659237070740242e-04
7.203114355367943016e-04 -5.615523946205293890e-04
4.047550800967179103e-04 -9.247859509740538608e-04
-1.320169363256473239e-04 -1.141861628362472389e-03
-8.168540049088148869e-04 -1.169650376221186092e-03
-1.545752613208687017e-03 -1.004151307548873957e-03
-2.203369694899560798e-03 -6.808492883471650194e-04
-2.684758597802145656e-03 -2.675211382242804938e-04
-2.915212661649567091e-03 1.491347019873138038e-04
-2.864457869030070936e-03 4.804992127078438601e-04
-2.552504180023179234e-03 6.534301182706443462e-04
-2.046042766816740400e-03 6.247452121386355521e-04
-1.446064761928515883e-03 3.900327008961782362e-04
-8.690377661860996129e-04 -1.489632835158423169e-05
-4.251948724313338226e-04 -5.202046637333406637e-04
-1.980366789437711713e-04 -1.034717136769265937e-03
-2.289163752611539804e-04 -1.462712049354491107e-03
-5.096150982502789441e-04 -1.721649190878432210e-03
-9.843016973026998823e-04 -1.757488543341514118e-03
-1.560494322114444436e-03 -1.554707788353024579e-03
-2.126937281563745594e-03 -1.139128064681185423e-03
-2.574998040597150858e-03 -5.730165412811835885e-04
-2.819523752968425452e-03 5.660598596553913014e-05
-2.815200314872080140e-03 6.542403724209242292e-04
-2.565309895485076708e-03 1.133690038738267500e-03
-2.121223703860183017e-03 1.433987634575995332e-03
-1.572722557764335725e-03 1.530460883472184279e-03
-1.030976181679220133e-03 1.438853414278021096e-03
-6.074039396101842125e-04 1.211733170937104743e-03
-3.924213592442411282e-04 9.278828456665257291e-04
-4.381002624735917672e-04 6.766968499272991815e-04
-7.480310560349563188e-04 5.405557098285263245e-04
-1.276313663038370575e-03 5.785322110134390183e-04
-1.935876564147015347e-03 8.145315194115208043e-04
-2.614558460006127273e-03 1.232127628665281253e-03
-3.195918329041902949e-03 1.777089876489321152e-03
-3.580845177126183547e-03 2.367136120103478097e-03
-3.705887836732453013e-03 2.907079329323528430e-03
-3.554846278955058232e-03 3.306511189498616277e-03
-3.161441440842909997e-03 3.496683576979203560e-03
-2.602569113430259866e-03 3.443398015052908864e-03
-1.983425414758669715e-03 3.153466375321052617e-03
-1.417329496502650566e-03 2.673520714108088177e-03
-1.004072174574172993e-03 2.081396291382105190e-03
-8.108971211348587477e-04 1.471715632972156636e-03
-8.597213772842929227e-04 9.383970887372963679e-04
-1.123018858650019075e-03 5.573912565128736219e-04
-1.529148294770395948e-03 3.729031506250217367e-04
-1.976116719937785586e-03 3.896958228411509170e-04
-2.351170315336913782e-03 5.729177832688710312e-04
-2.552498992702643445e-03 8.554704774664076590e-04
-2.508938956697999521e-03 1.151503309680147963e-03
-2.193934763197993333e-03 1.373462801894315697e-03
-1.631107716010689887e-03 1.449449277252651616e-03
-8.903653882005638752e-04 1.337576463281894661e-03
-7.527701574267260513e-05 1.034597637192735372e-03
6.959074064524122579e-04 5.771487725827090546e-04
1.312013326778258861e-03 3.535873077220228183e-05
1.689366750572366283e-03 -4.999762357880135292e-04
1.787033798244406710e-03 -9.342356556504281036e-04
1.614001796291081358e-03 -1.186654626398597799e-03
1.226954333949470659e-03 -1.205498342517903089e-03
7.190730067211817487e-04 -9.778613682400252860e-04
2.019966471201832536e-04 -5.322368684921816593e-04
-2.156368696824007003e-04 6.663270013794158199e-05
-4.489957225287189227e-04 7.296532273609215684e-04
-4.532611578215841935e-04 1.359779657853756041e-03
-2.321640528385694388e-04 1.869824408708012494e-03
1.627669469587621166e-04 2.198313840600076442e-03
6.421029267084488830e-04 2.320404664471685009e-03
1.095681288264001036e-03 2.251809196061638294e-03
1.413786420915478029e-03 2.045003462385217019e-03
1.508327383806785460e-03 1.778454358666923477e-03
1.329994242227164249e-03 1.540924408352628994e-03
8.781345352781997271e-04 1.413844749913938494e-03
2.014684789765846347e-04 1.455112273029475056e-03
-6.105048354553339234e-04 1.687396236657722360e-03
-1.443796095608032353e-03 2.093184535001777358e-03
-2.180838608263765792e-03 2.617522014058949482e-03
-2.722079270485011204e-03 3.177934829346158469e-03
-3.004173034853079797e-03 3.679671901412009082e-03
-3.011348783053054319e-03 4.033385160162899878e-03
-2.777806615782039360e-03 4.171905712346136996e-03
-2.380703701162234683e-03 4.062941473327674399e-03
-1.925066769852838179e-03 3.715291443217716340e-03
-1.523496874698365006e-03 3.177396971825092488e-03
-1.274516789554324108e-03 2.528498971808184389e-03
-1.243666831653650285e-03 1.864067725115732283e-03
-1.450932590693303995e-03 1.278254053310401601e-03
-1.866887031240163034e-03 8.466724027432759314e-04
-2.418277234311853700e-03 6.127615874855125728e-04
-3.001995587277901147e-03 5.802898943797168800e-04
-3.504785594435252168e-03 7.134066070584228238e-04
-3.824944714562979360e-03 9.442123103646162148e-04
-3.891906776529709122e-03 1.186396349054473628e-03
-3.679986586718601328e-03 1.352341210235418444e-03
-3.213673631512283663e-03 1.370437880545871635e-03
-2.563461200034489792e-03 1.199317508256466085e-03
-1.832988890766811462e-03 8.362901893486054299e-04
-1.139920984704760436e-03 3.183803895296501239e-04
-5.941691427238998333e-04 -2.842477133459768565e-04
-2.775708101410414783e-04 -8.812386234043124468e-04
-2.288594668201256177e-04 -1.378922147207169938e-03
-4.367616315839500983e-04 -1.697926380732690376e-03
-8.425178645991655748e-04 -1.788193058787396379e-03
-1.351341951298730805e-03 -1.638550384129746143e-03
-1.850641494398821019e-03 -1.279026375471813744e-03
-2.231544407019397588e-03 -7.754579441149262245e-04
-2.409651430438201208e-03 -2.174075154384558879e-04
-2.341083062595750077e-03 2.983357815067473866e-04
-2.030782122993536436e-03 6.855590984421733314e-04
-1.531501498263925561e-03 8.843764235317451341e-04
-9.336722905918427720e-04 8.719600136249464062e-04
-3.480761800482121311e-04 6.662372334728650352e-04
1.153900879193963096e-04 3.218696884029961379e-04
3.688288882170294132e-04 -8.070725626134548887e-05
3.633272307043643439e-04 -4.510930328117065437e-04
9.858709656897809807e-05 -7.065699146584579048e-04
-3.766339282072834116e-04 -7.882348959420607372e-04
-9.733666250994459784e-04 -6.725484211449468501e-04
-1.578895688488527772e-03 -3.761027218515028457e-04
-2.077740404235678580e-03 4.730137456886103530e-05
-2.373188492030192664e-03 5.167214419036433859e-04
-2.405315565153821195e-03 9.393812844134849342e-04
-2.162087100215427139e-03 1.228321707060535655e-03
-1.681448484449127615e-03 1.319050199207762262e-03
-1.044013804325868381e-03 1.182032633757078462e-03
-3.577426541771840259e-04 8.286550233149690692e-04
2.624904205460455676e-04 3.095174958243769830e-04
7.165640509759124482e-04 -2.946276617287133795e-04
9.379135654415027192e-04 -8.875911629286907956e-04
9.059120119285596308e-04 -1.375343512423994521e-03
6.494886130537838847e-04 -1.683177356972617158e-03
2.413053458716127710e-04 -1.769202281014123964e-03
-2.163983824474781706e-04 -1.631633685973659558e-03
-6.116039713354533194e-04 -1.308512444255297436e-03
-8.441960424637180542e-04 -8.699248697410522915e-04
-8.454124759616664852e-04 -4.042118448070920896e-04
-5.913674413542490240e-04 -7.929074734996672397e-07
-1.080746441411866744e-04 2.671295485866036169e-04
5.329926482977181707e-04 3.567000809724710751e-04
1.227976154684942787e-03 2.636898674819198500e-04
1.859877592152930437e-03 2.335226747373730753e-05
2.320340888482256246e-03 -2.963113522284327840e-04
2.529856859107814000e-03 -6.076013556833831765e-04
2.452572998260051530e-03 -8.200123786658549199e-04
2.102911004013350259e-03 -8.577655494753968482e-04
1.542744158616996680e-03 -6.746535277525676604e-04
8.696723989635421525e-04 -2.633779051283973317e-04
1.986167543858971584e-04 3.424007732358053287e-04
-3.597820331598754586e-04 1.073702133360427032e-03
-7.198726341344765731e-04 1.838501695644417051e-03
-8.368927498558684751e-04 2.538335338836697919e-03
-7.150544707003945837e-04 3.086105985010343701e-03
-4.062919612313015084e-04 3.421738942734257535e-03
8.228700103647557259e-08 3.522739891976484419e-03
3.948435464308587052e-04 3.407674451999464626e-03
6.701244237378581933e-04 3.131927916926076361e-03
7.404479693186259964e-04 2.776564405092216310e-03
5.595285800953600942e-04 2.432409787146934833e-03
1.296460584744158189e-04 2.182385251904863082e-03
-4.981954752350951964e-04 2.085447407591463874e-03
-1.233366850056941133e-03 2.165184155260158581e-03
-1.962260592290214663e-03 2.405231338231104878e-03
-2.569344346899153381e-03 2.752380863153870878e-03
-2.958644502880546524e-03 3.126791756358269711e-03
-3.071600615083224656e-03 3.437367849237653490e-03
-2.897916762274140023e-03 3.599384761788762890e-03
-2.477360261780723900e-03 3.551020405378453246e-03
-1.892170455437855925e-03 3.265648525037915390e-03
-1.251516366085381454e-03 2.757554978922461056e-03
-6.709455861561379984e-04 2.079979984023888010e-03
-2.507131247976406019e-04 1.315841000893176044e-03
-5.708899253271970155e-05 5.628755272643551225e-04
-1.101773741330541127e-04 -8.400125849408225653e-05
-3.805455701980085294e-04 -5.498021446238906141e-04
-7.952912915175380272e-04 -7.928165607979940953e-04
-1.252388501716819678e-03 -8.116929232514386592e-04
-1.640583449264888458e-03 -6.449309384933253099e-04
-1.861060831192145161e-03 -3.628960639548032890e-04
-1.846764359770445944e-03 -5.388262549190756022e-05
-1.575699950252066337e-03 1.931229896947962753e-04
-1.075689264864743318e-03 3.057050698384913010e-04
-4.196606615728387516e-04 2.420308365963857664e-04
2.876429308367424919e-04 -1.046052998034553011e-06
9.290334838939472714e-04 -3.873274772354921456e-04
1.396666960772477168e-03 -8.481824479748462965e-04
1.612134658539504922e-03 -1.295716448078084544e-03
1.541059206160404291e-03 -1.639699062674609313e-03
1.199436315377899916e-03 -1.805036317402841086e-03
6.505243817478236542e-04 -1.746468706602022272e-03
-7.128173105173414700e-06 -1.457699200029524212e-03
-6.582518191708930074e-04 -9.732085039373193202e-04
-1.192508023112632360e-03 -3.623981514796565588e-04
-1.525129531981399538e-03 2.828463024367631421e-04
-1.612647166989872923e-03 8.648344505195958935e-04
-1.460733405439565685e-03 1.297851971548067296e-03
-1.122687071396303617e-03 1.523693909369264578e-03
-6.888566770355626558e-04 1.522025813130787296e-03
-2.690165949110550573e-04 1.313626560669878176e-03
2.895475227733621676e-05 9.559131374597824556e-04
1.200449225161775210e-04 5.316073254744309567e-04
-4.125752296646055702e-05 1.327008085921834715e-04
-4.518251720871874818e-04 -1.572368413775803971e-04
-1.059993129579714973e-03 -2.790515526851253085e-04
-1.774891368563079590e-03 -2.092680344912052235e-04
-2.483250865464609915e-03 3.551020331144850474e-05
-3.070509854788128212e-03 4.018950308720972914e-04
-3.442230815272432146e-03 8.100735490560026161e-04
-3.541778283825933876e-03 1.169264740268147933e-03
-3.360913771093660372e-03 1.395336671508943345e-03
-2.941303264145688975e-03 1.427236816729623298e-03
-2.366651554692871494e-03 1.239111013549096295e-03
-1.746950567177286626e-03 8.458015117053947199e-04
-1.197820329270455567e-03 3.006672367884606514e-04
-8.188488332026757494e-04 -3.138774137838045331e-04
-6.750251355123839704e-04 -9.013303914044289329e-04
-7.847730240828410843e-04 -1.368758752255196153e-03
-1.116841617373080971e-03 -1.643817008423281928e-03
-1.596631254145150719e-03 -1.687919749404668060e-03
-2.120745754707486011e-03 -1.503088169162281702e-03
-2.577004050519857321e-03 -1.131186387140188350e-03
-2.866110337529256119e-03 -6.457025078243600969e-04
-2.920868062396212404e-03 -1.376387933675713858e-04
-2.719288597201425725e-03 3.018116652774451404e-04
-2.289102220165292571e-03 5.985184701930861039e-04
-1.702807961882295143e-03 7.093301647906820632e-04
-1.064191569082415445e-03 6.300203133955124650e-04
-4.888578280899114059e-04 3.957636156333650722e-04
-8.245855647203695002e-05 7.405925850746970644e-05
7.926428596862649702e-05 -2.485487942516555128e-04
-3.515725958465071993e-05 -4.834282154653434774e-04
-4.068662456728161601e-04 -5.572671121703294105e-04
-9.700913261919257577e-04 -4.266238237469506403e-04
-1.624377053347198603e-03 -8.684664919897530037e-05
-2.253323951392816743e-03 4.263421998102438900e-04
-2.746297259231666489e-03 1.042915427831013183e-03
-3.019002479112016350e-03 1.671130167221820213e-03
-3.029041555734148482e-03 2.214270896082429132e-03
-2.783514751401384643e-03 2.588391104006757849e-03
-2.337239976050465781e-03 2.737708600393348908e-03
-1.781938241369904370e-03 2.644752004892798186e-03
-1.228444617125520584e-03 2.333347961650806667e-03
-7.853246296427589430e-04 1.863892164777595237e-03
-5.379563406825147755e-04 1.321806058267745903e-03
-5.320495087198957862e-04 8.013688542108173170e-04
-7.647320776064945366e-04 3.879875006928897203e-04
-1.184900067463142293e-03 1.422602084472444472e-04
-1.702771370944703181e-03 8.884673320244543607e-05
-2.206839456908043454e-03 2.122457360012329529e-04
-2.585019930203066082e-03 4.602691427494964892e-04
-2.745987014026969771e-03 7.545436932196689398e-04
-2.636659063884541285e-03 1.006037267916004259e-03
-2.252519434586612492e-03 1.132654489318169833e-03
-1.638813770114451625e-03 1.075553029252519386e-03
-8.823906047321745331e-04 8.110734766952701087e-04
-9.572229678992761129e-05 3.560058168239840521e-04
6.038774070919148166e-04 -2.348226836115730387e-04
1.115914554262766728e-03 -8.781990358883440262e-04
1.375164878373904328e-03 -1.477604809543520310e-03
1.363431150639438875e-03 -1.940885320325021982e-03
1.112394440907703633e-03 -2.197176198632355693e-03
6.970323385057313565e-04 -2.209894635669522236e-03
2.208633289565121115e-04 -1.983345729874267868e-03
-2.041760269130755328e-04 -1.561701079138173636e-03
-4.793987780425683267e-04 -1.020548579720826927e-03
-5.384662206782483843e-04 -4.526163154764896359e-04
-3.602912820861978215e-04 4.962629888882286004e-05
2.670498127403306537e-05 4.111985443387100548e-04
5.497964192005609478e-04 5.884127931415860085e-04
1.105633981287177780e-03 5.766477900724174387e-04
1.579819161966858863e-03 4.106298188367488687e-04
1.868663185509939449e-03 1.571816329087598503e-04
1.899010435680986968e-03 -9.817281728256952323e-05
1.642369126156743983e-03 -2.681949027470650632e-04
1.120668227718279574e-03 -2.812750523842540455e-04
4.025435008218492135e-04 -9.583142930288577298e-05
-4.091527857622940731e-04 2.909812875359449758e-04
-1.196263526642520753e-03 8.419203264602242130e-04
-1.847090332302934752e-03 1.485934206569374406e-03
-2.276900521745224386e-03 2.130901078259349237e-03
-2.443307772469296459e-03 2.680429736606596697e-03
-2.353627637354512980e-03 3.051556013521972578e-03
-2.062828642571791840e-03 3.189995581608016679e-03
-1.662480091852639461e-03 3.080074526270184902e-03
-1.262802003501481158e-03 2.747464346568960838e-03
-9.712281055313113157e-04 2.254208035908807778e-03
-8.715522460748870767e-04 1.686981031835921210e-03
-1.007616993820593335e-03 1.140809161107760820e-03
-1.374641705384628760e-03 7.013232011931680356e-04
-1.919839084799713266e-03 4.289040404584941110e-04
-2.552208554556649120e-03 3.477118009037882818e-04
-3.159655066568791207e-03 4.416650741612007745e-04
-3.630192785666180085e-03 6.581182636449839536e-04
-3.873217482193047623e-03 9.185255773987316972e-04
-3.836816393597087052e-03 1.134055873654026426e-03
-3.517832686208041595e-03 1.223184141176696842e-03
-2.962771844587485780e-03 1.127910639577044951e-03
-2.259369942947391831e-03 8.255186066222743512e-04
-1.520410730476461905e-03 3.336267021574686230e-04
-8.628451626940060503e-04 -2.924371429579060845e-04
-3.861556850585144782e-04 -9.694587120882094435e-04
-1.540499854514269101e-04 -1.601511407704982095e-03
-1.829381802070186892e-04 -2.097620224147141513e-03
-4.393629514699050331e-04 -2.388581400328898367e-03
-8.468571944364714941e-04 -2.439760960750664807e-03
-1.300919148258883676e-03 -2.257454334360586411e-03
-1.689258660950632021e-03 -1.887605957712416849e-03
-1.913471098601245580e-03 -1.407131856566012397e-03
-1.908026288149042337e-03 -9.094862325025421072e-04
-1.652969736114742304e-03 -4.872003807557170191e-04
-1.177925616372561520e-03 -2.146930214121827492e-04
-5.566398645509482417e-04 -1.345973441580518553e-04
1.069051101805223872e-04 -2.501820062417335275e-04
6.981746842920894371e-04 -5.252875545292008111e-04
1.113835839621330013e-03 -8.917751759028347573e-04
1.281457383677043864e-03 -1.263061106759976512e-03
1.173420524681127643e-03 -1.551157039741244206e-03
8.123984944346293981e-04 -1.683972801158342952e-03
2.673590434109514823e-04 -1.619588192489909359e-03
-3.591628578681918494e-04 -1.354775522725800915e-03
-9.501225122010587693e-04 -9.261441289097901248e-04
-1.395755459873782543e-03 -4.036766554553854994e-04
-1.613985077673822741e-03 1.221308163441995123e-04
-1.565594759369753506e-03 5.570996422650002170e-04
-1.261302697874832311e-03 8.209912550547178792e-04
-7.594100013338124771e-04 8.625900382589690111e-04
-1.544770538298295150e-04 6.693933247322819777e-04
4.408191129233508549e-04 2.700740417239292463e-04
9.172036153544807025e-04 -2.707524682141036363e-04
1.189617890766210377e-03 -8.644711717634413718e-04
1.213383383881586411e-03 -1.414865280860170367e-03
9.926511520456614279e-04 -1.835873776750092433e-03
5.795363176592042411e-04 -2.067357623422460058e-03
6.410208986270727227e-05 -2.085902775214718528e-03
-4.429073084417646218e-04 -1.908629499486577761e-03
-8.313106008522066744e-04 -1.589302997570348494e-03
-1.012681384753228060e-03 -1.207498771675304160e-03
-9.374674795285999757e-04 -8.528914948103816229e-04
-6.047870126933560997e-04 -6.076592899689970328e-04
-6.303614241553057856e-05 -5.303515562245170525e-04
5.988177021195869405e-04 -6.442903463968476744e-04
1.267620014832946621e-03 -9.327154610314910632e-04
1.827000271919068056e-03 -1.341604710454534326e-03
2.178970660647092279e-03 -1.789645410884114574e-03
2.262074096048916419e-03 -2.183476814305344241e-03
2.062656037198792609e-03 -2.435322766754378053e-03
1.617135987593674822e-03 -2.479678935041444363e-03
1.004857945822469666e-03 -2.285895562068288207e-03
3.328818146167351649e-04 -1.864271380862967059e-03
-2.843977674607037470e-04 -1.264500298991378746e-03
-7.469411578348380707e-04 -5.667576807099898757e-04
-9.879522878953250417e-04 1.328959631774405902e-04
-9.863888394195260111e-04 7.400424825106052557e-04
-7.707264603153656923e-04 1.179060344589710502e-03
-4.132672919454157445e-04 1.406673363130411152e-03
-1.607520130148594895e-05 1.419345404331005117e-03
3.087927520997719001e-04 1.253138568341637636e-03
4.610074506801831000e-04 9.760797929662874987e-04
3.715190350669773760e-04 6.744994039027770632e-04
1.622550615434036579e-05 4.359461701387012944e-04
-5.788414466191079853e-04 3.319308292024237671e-04
-1.341808000628367257e-03 4.037812745197072884e-04
-2.167927705633606282e-03 6.543018156253109247e-04
-2.938786590572422652e-03 1.046828069471139643e-03
-3.544120786969227194e-03 1.511866582116114808e-03
-3.902128517563569626e-03 1.960069734626547142e-03
-3.974442565380007474e-03 2.299094210014734994e-03
-3.772939119230812183e-03 2.451152984628425947e-03
-3.357103110791648162e-03 2.367936415883472798e-03
-2.822456615365210707e-03 2.040073201231550407e-03
-2.282247469396405694e-03 1.499333190684501872e-03
-1.845869866079749349e-03 8.131460247172477224e-04
-1.598105877769649122e-03 7.246247261326766581e-05
-1.583119648331498099e-03 -6.247560359019183399e-04
-1.796234142389874916e-03 -1.191308193254244502e-03
-2.185044661482041153e-03 -1.566435371356893723e-03
-2.659653362691985923e-03 -1.726464103266318710e-03
-3.110079990515450879e-03 -1.688411859776336402e-03
-3.427543429634968136e-03 -1.505892313518861691e-03
-3.525574188344869284e-03 -1.258114314382520948e-03
-3.356948637097494775e-03 -1.034075972789323889e-03
-2.923225964317923472e-03 -9.149640708634767519e-04
-2.275068795908961883e-03 -9.581074278693698515e-04
-1.503273204581242421e-03 -1.185536779183061660e-03
-7.221930452586900135e-04 -1.579329295534842234e-03
-4.868405900281631490e-05 -2.084628727103543001e-03
4.194578160194026902e-04 -2.619776121389274376e-03
6.214928038543642225e-04 -3.091636922864389545e-03
5.447711771128706942e-04 -3.413223557504823508e-03
2.267246034389205564e-04 -3.520275251095153577e-03
-2.525542915769560422e-04 -3.383651703235522439e-03
-7.857327708251658814e-04 -3.015187452675580082e-03
-1.258734662738002132e-03 -2.465889665618090348e-03
-1.572429051732611438e-03 -1.816809626071217180e-03
-1.661403473860327377e-03 -1.164303373068184631e-03
-1.506268206990247919e-03 -6.024575533040801064e-04
-1.137165102015149677e-03 -2.059919213006707224e-04
-6.278216618056152790e-04 -1.685869661135694364e-05
-8.128304234492018726e-05 -3.705843765600830026e-05
3.899679824924344841e-04 -2.290148396889034104e-04
6.857289962770871192e-04 -5.234198275660235326e-04
7.375105672313971928e-04 -8.330464896282108525e-04
5.219921027142295769e-04 -1.069898519184833263e-03
6.594069442182202891e-05 -1.162434635711132773e-03
-5.583509649024838602e-04 -1.069594214165397539e-03
-1.246256159176334279e-03 -7.889582748526594892e-04
-1.880149399753849176e-03 -3.574928609203120895e-04
-2.351235599139857649e-03 1.552711381040118804e-04
-2.579750315404031463e-03 6.603329132319420191e-04
-2.529715489694344191e-03 1.066111824038851706e-03
-2.215464580028668213e-03 1.295931747335521541e-03
-1.698707827929880508e-03 1.302783630094256784e-03
-1.076697904910836959e-03 1.078563120758117746e-03
-4.637396087506917954e-04 6.560241367591758757e-04
3.045412654023279056e-05 1.030666062157731695e-04
3.214622169153749914e-04 -4.895734291503596545e-04
3.659942178564159782e-04 -1.024915205014799782e-03
1.698729441259530385e-04 -1.417480289370776081e-03
-2.133447842602415696e-04 -1.608851332807411738e-03
-6.928407096047550697e-04 -1.578113213791974053e-03
-1.158109222270246094e-03 -1.345216194000335317e-03
-1.500295321530155813e-03 -9.666403667613788098e-04
-1.633245226637505603e-03 -5.241974356512141145e-04
-1.510272225770338192e-03 -1.091039008937260898e-04
-1.133451365166078528e-03 1.956466683065590222e-04
-5.536712376918854258e-04 3.312645887826781623e-04
1.385784192945390173e-04 2.744646951543631974e-04
8.299498044511556104e-04 4.194184800776891518e-05
1.405350439773087826e-03 -3.128284750468782118e-04
1.769437801296644928e-03 -7.098583360840984369e-04
1.864432573775535399e-03 -1.058036929483101643e-03
1.680883470647944432e-03 -1.272722000513675259e-03
1.259349580604320149e-03 -1.292194195514812221e-03
6.826843062816726837e-04 -1.089848612906122154e-03
6.038283512033458577e-05 -6.798030872680664539e-04
-4.920439143499980104e-04 -1.148476236594612120e-04
-8.747659882680913898e-04 5.228917941483572553e-04
-1.022297890808104067e-03 1.136823344310017476e-03
-9.156010153441509081e-04 1.633494616797637579e-03
-5.853409644304113490e-04 1.939616499638912184e-03
-1.056918179998611129e-04 2.015299146188952346e-03
4.201295489411435062e-04 1.861010158261844566e-03
8.798491687039469017e-04 1.516952899640998647e-03
1.173845880253690868e-03 1.054996815109628117e-03
1.234462739582338269e-03 5.647002461912044779e-04
1.039251347885261981e-03 1.360828046331056303e-04
6.156295766906280014e-04 -1.575824841253900283e-04
3.605963278988799517e-05 -2.736933543025237177e-04
-5.953507328813585978e-04 -2.083193560883701573e-04
-1.162295888406823840e-03 3.235306262753851088e-06
-1.558094139816421347e-03 2.934110421174029220e-04
-1.705757876345720186e-03 5.755873247123675799e-04
-1.572516175975974175e-03 7.609859792811988219e-04
-1.176042615072187165e-03 7.760723182892999110e-04
-5.812097841159020485e-04 5.771467490465883796e-04
1.120160794272651050e-04 1.593496533705951847e-04
7.872511420464953225e-04 -4.416412970855482147e-04
1.333409134905199451e-03 -1.155559687414601817e-03
1.665350296409357249e-03 -1.890036113882709789e-03
1.739562220404186708e-03 -2.547275069443433963e-03
1.561912819585792398e-03 -3.041783268651507017e-03
1.186017935169273330e-03 -3.315810194696047243e-03
7.025442236994264289e-04 -3.349594032770368025e-03
2.214851362784736382e-04 -3.164488596720872390e-03
-1.492211243770977594e-04 -2.818393326859605988e-03
-3.246699305534833137e-04 -2.394363965347418369e-03
-2.595796930896722594e-04 -1.984570514285011883e-03
4.266115916117733768e-05 -1.672647542711515898e-03
5.302143267036955529e-04 -1.517783583616711795e-03
1.112247733107717563e-03 -1.543564212849343493e-03
1.675846206437926799e-03 -1.733680394233164373e-03
2.107182284304614552e-03 -2.035310865795540106e-03
2.312944264559696136e-03 -2.369531496639532258e-03
2.237968037615540359e-03 -2.646771411316042443e-03
1.875736124326852008e-03 -2.784377766156738085e-03
1.269756014917874151e-03 -2.722949804848748961e-03
5.055550061696417090e-04 -2.438334208212451087e-03
-3.051963948723564212e-04 -1.946993947336782098e-03
-1.045431868951409186e-03 -1.303716524176554061e-03
-1.614386410688743636e-03 -5.920772813012715454e-04
-1.946143975561219703e-03 9.055506110134704800e-05
-2.021534239839885977e-03 6.506499370801885080e-04
-1.871137545226493224e-03 1.015462888599543085e-03
-1.568841592445010874e-03 1.146107654830644295e-03
-1.217183033528753278e-03 1.044292546719398102e-03
-9.272629606833794049e-04 7.514591508494186797e-04
-7.970527921490268460e-04 3.404979771381493004e-04
-8.922116215404089432e-04 -9.838108482416562783e-05
-1.233060029268388509e-03 -4.749413852032690134e-04
-1.790188794392856900e-03 -7.160968796364198521e-04
-2.489544804325853969e-03 -7.797205522447654561e-04
-3.226040578024857042e-03 -6.624709525575630652e-04
-3.883118283869516942e-03 -4.001593510172217743e-04
-4.354569882850677087e-03 -6.059510597817641467e-05
-4.564485922059603219e-03 2.697264403561928339e-04
-4.481557844703166517e-03 5.025610686005762846e-04
-4.125025823282273997e-03 5.652570015855945020e-04
-3.561144069191221791e-03 4.152015483113971790e-04
-2.890829207166928719e-03 4.862112497461615335e-05
-2.230825012561299739e-03 -4.979488897903932860e-04
-1.691942813169804377e-03 -1.153820467635118842e-03
-1.358489039310737008e-03 -1.826787468247111947e-03
-1.272765274665733221e-03 -2.419863486870964080e-03
-1.427564605126495660e-03 -2.848970385434772355e-03
-1.768073192927446802e-03 -3.058243687270784973e-03
-2.202804653412513813e-03 -3.030070691697257790e-03
-2.621484251129799561e-03 -2.787972636082087716e-03
-2.916484035052683416e-03 -2.391795072731829619e-03
-3.003737969708311726e-03 -1.926124719781513017e-03
-2.839165165820410619e-03 -1.484131087237543223e-03
-2.427480730565151866e-03 -1.149894832619439804e-03
-1.821716317404894602e-03 -9.825685924466315366e-04
-1.113532968930638391e-03 -1.005366315846777277e-03
-4.161538990455785963e-04 -1.201460212617089197e-03
1.568560297785461964e-04 -1.517554023012374293e-03
5.129491665921291545e-04 -1.874445595570470736e-03
5.980492465444958846e-04 -2.182566380422327687e-03
4.067952891575997171e-04 -2.359541383156684487e-03
-1.636702770161388518e-05 -2.346429178612918429e-03
-5.854575678467241256e-04 -2.119550526935401556e-03
-1.189037213760480447e-03 -1.695648896192875022e-03
-1.711050178392360980e-03 -1.129388737724647696e-03
-2.052495272363193297e-03 -5.036485879965945430e-04
-2.149832231790432292e-03 8.556886755778727888e-05
-1.986648183117516089e-03 5.467672708619994741e-04
-1.596386078023109877e-03 8.098026904037019646e-04
-1.055629693324460546e-03 8.387673076082730831e-04
-4.692279830880482084e-04 6.384810155927049579e-04
4.991345333111229469e-05 2.533693847787188490e-04
4.025368213526603605e-04 -2.410543834484403579e-04
5.221131588946248273e-04 -7.524881098285273991e-04
3.876784480280075131e-04 -1.189212639461666599e-03
2.798705693131614894e-05 -1.477250651246461320e-03
-4.838097633130881677e-04 -1.574068648745052118e-03
-1.043956938590842815e-03 -1.476235482174396768e-03
-1.537750953057644794e-03 -1.219597368729065075e-03
-1.861336398033407776e-03 -8.719484677504627055e-04
-1.941515177072279576e-03 -5.195988297436839390e-04
-1.749814295674752621e-03 -2.503984787325286461e-04
-1.308143578463061849e-03 -1.364483803320164831e-04
-6.849655536316125040e-04 -2.197888466123685929e-04
1.730512002200796859e-05 -5.037922510737826180e-04
6.812958575612814826e-04 -9.519065565563959979e-04
1.196477588963509734e-03 -1.494003682546921367e-03
1.479656315998997568e-03 -2.039145790703971069e-03
1.490286187633737712e-03 -2.492365944643817454e-03
1.237716171675072845e-03 -2.772297668953352737e-03
7.790095814691302186e-04 -2.826325049173594207e-03
2.077603337562051035e-04 -2.640392162698683171e-03
-3.639659706118193272e-04 -2.241619475854985874e-03
-8.271369334375390861e-04 -1.693234399328109267e-03
-1.096623419637852374e-03 -1.082776003874222478e-03
-1.127475392346842910e-03 -5.058048463572334267e-04
-9.235155249330579286e-04 -4.819731540673917805e-05
-5.366189590680221473e-04 2.296307016592704893e-04
-5.681307543984356716e-05 3.035938536823460645e-04
4.049286086051796362e-04 1.898553746463227583e-04
7.379388992031336598e-04 -5.893421848924559154e-05
8.531280634235435248e-04 -3.643494764487015952e-04
7.002405278457242465e-04 -6.378077611335628613e-04
2.778223816708896062e-04 -7.981171433000171320e-04
-3.659964605501322618e-04 -7.876134402896731515e-04
-1.142063694368282726e-03 -5.838126968859297817e-04
-1.936499776530751539e-03 -2.043552101785982983e-04
-2.631653303161430278e-03 2.957114659370702731e-04
-3.127761207101326709e-03 8.338110196561046008e-04
-3.361225153194965631e-03 1.315021061815561335e-03
-3.316056258605584815e-03 1.649696312133283604e-03
-3.026333680520722647e-03 1.770204336327303295e-03
-2.569223791797472893e-03 1.643611630750498390e-03
-2.049893434598403820e-03 1.277922233482092947e-03
-1.581184685609472208e-03 7.206892647947533417e-04
-1.261909177018024231e-03 5.026117901970094456e-05
-1.157879770015036005e-03 -6.386837958246966394e-04
-1.289277218054715691e-03 -1.252582895866277560e-03
-1.626748006076212793e-03 -1.716120062759758993e-03
-2.096974362582315447e-03 -1.985811337608830301e-03
-2.596661915528070998e-03 -2.057486025631461227e-03
-3.012294565770963495e-03 -1.966262853279484267e-03
-3.241912094950390871e-03 -1.779042859719858448e-03
-3.214781050570485188e-03 -1.580958778947580629e-03
-2.905226554741313985e-03 -1.458365601460623589e-03
-2.337996741399105908e-03 -1.481612028519868314e-03
-1.584133497627479310e-03 -1.690873649354075140e-03
-7.481197045737175092e-04 -2.087748173416211894e-03
5.127594969094441488e-05 -2.634220923096571888e-03
7.028428349006003327e-04 -3.259211842300166386e-03
1.123338425029136653e-03 -3.871477963011286938e-03
1.272613447405950959e-03 -4.376439693931030023e-03
1.160601225219808769e-03 -4.693753753896771561e-03
8.448599549655730866e-04 -4.772311386046622188e-03
4.191444427773400585e-04 -4.599825179034055904e-03
-4.818648493287247883e-06 -4.205189779500411069e-03
-3.188921564206696931e-04 -3.653167519290706489e-03
-4.393359538256277549e-04 -3.032400807960335988e-03
-3.229144910898281914e-04 -2.439014260033298478e-03
2.475007234665127162e-05 -1.958902159493076944e-03
5.501632497759223819e-04 -1.652043452584150453e-03
1.162095854947618485e-03 -1.541800433011915024e-03
1.748952493179917710e-03 -1.611211829752495425e-03
2.200078286323835577e-03 -1.806965212919093167e-03
2.426963535406627751e-03 -2.050278586849911978e-03
2.380323586242335220e-03 -2.252612304688567102e-03
2.059810711513696078e-03 -2.333217871333141333e-03
1.514508810610593536e-03 -2.235182991031365099e-03
8.341061984422910684e-04 -1.936918051240776092e-03
1.324063125705277890e-04 -1.456893862415558575e-03
-4.737133954145697490e-04 -8.507200344754744636e-04
-8.859224614063029553e-04 -2.011055124760379852e-04
-1.042556579795076571e-03 3.974074148530112221e-04
-9.298159608460244497e-04 8.560523982582387203e-04
-5.839336413717336307e-04 1.108462132543365335e-03
-8.391333376884586208e-05 1.123159853320104557e-03
4.637791668352599008e-04 9.095534106472909219e-04
9.456647417956412201e-04 5.162937885673813407e-04
1.262961743877944864e-03 2.230327743351144629e-05
1.350443297837557134e-03 -4.778358073727006724e-04
1.188867618863422449e-03 -8.913753233102919733e-04
8.086267016654915575e-04 -1.144478032689771885e-03
2.839235186550444754e-04 -1.195657339904796944e-03
-2.814167429677187507e-04 -1.043050633568983528e-03
-7.738099548640196444e-04 -7.241654497515978648e-04
-1.091683299931214607e-03 -3.081634438213150641e-04
-1.165022489329483549e-03 1.178398609728437542e-04
-9.689856497585170713e-04 4.658488656897540828e-04
-5.289960229938575793e-04 6.641865202751348098e-04
8.366171353028689552e-05 6.715465404671901780e-04
7.649190753363535556e-04 4.852252341584246823e-04
1.397210664390202651e-03 1.419629148846844298e-04
1.871329722955452366e-03 -2.887735493803161228e-04
2.106724885760883834e-03 -7.178018258095491145e-04
2.066405146050952907e-03 -1.053069427763563947e-03
1.763640161104547801e-03 -1.217145340692859330e-03
1.259195604234398906e-03 -1.162045235924740903e-03
6.496342826831675177e-04 -8.785799977014336140e-04
4.890398868282472625e-05 -3.984518316920066840e-04
-4.332975193853240512e-04 2.113070177005251698e-04
-7.122816711213858336e-04 8.605103803081520352e-04
-7.443214284114838507e-04 1.452316155838732480e-03
-5.347778880941935148e-04 1.900936622100933907e-03
-1.368657085635135388e-04 2.147223199742596782e-03
3.587039622109030072e-04 2.169191126925661822e-03
8.412355266778674071e-04 1.985508101699509469e-03
1.201392167182038740e-03 1.651303370397966654e-03
1.352319707625986933e-03 1.247107655880732441e-03
1.246540957013927498e-03 8.630343702746806449e-04
8.854104136685923224e-04 5.812125390061227258e-04
3.193274079222535393e-04 4.598113847804846752e-04
-3.613445344723608343e-04 5.216932648235421584e-04
-1.042944466752374674e-03 7.498531435453033344e-04
-1.609622530102906672e-03 1.090515437873154636e-03
-1.964904160301879799e-03 1.463306680949724497e-03
-2.049636770647601369e-03 1.776580021896767645e-03
-1.852929447494023512e-03 1.944989324318885816e-03
-1.414021476155110681e-03 1.905981857246351763e-03
-8.147314860768115757e-04 1.632080608682724178e-03
-1.639208552047674247e-04 1.136621966844206244e-03
4.230845956322415577e-04 4.718514972117760029e-04
8.462176600264382544e-04 -2.802744267235817701e-04
1.039425602184517817e-03 -1.022853945086422316e-03
9.829105148353063648e-04 -1.661592148832034517e-03
7.065414270907896923e-04 -2.121834232427460051e-03
2.837988315093064326e-04 -2.361872126179778101e-03
-1.825933493889772682e-04 -2.380023419183229568e-03
-5.806179033425850483e-04 -2.214160559920217569e-03
-8.107079783363107563e-04 -1.933797318353606184e-03
-8.051551737149098597e-04 -1.626247750558590041e-03
-5.414946589335842405e-04 -1.379493833427528461e-03
-4.732004562302467333e-05 -1.265019355537887798e-03
6.043965169405737803e-04 -1.323871946330080389e-03
1.308605447070451417e-03 -1.558601520576762857e-03
1.947595452689393231e-03 -1.932608137396415581e-03
2.412858605847501437e-03 -2.377026569981625665e-03
2.625274599538116125e-03 -2.803845017107672605e-03
2.549800974775476552e-03 -3.122772200221529681e-03
2.201894950952583419e-03 -3.258654683480933893e-03
1.644456517174555654e-03 -3.166139541408951631e-03
9.758754664120887099e-04 -2.838796668573930794e-03
3.114475523933404487e-04 -2.310961766564781535e-03
-2.383216127574233579e-04 -1.651937208098270844e-03
-5.884191491481354300e-04 -9.536331052413186526e-04
-6.951183956678024444e-04 -3.139714930281096777e-04
-5.638791072566421390e-04 1.808222366438376342e-04
-2.478664163116035867e-04 4.717063411914257116e-04
1.626216263852174582e-04 5.371745576312091834e-04
5.578054357740850873e-04 3.965310848795946608e-04
8.298002969042414306e-04 1.054862376261460138e-04
8.936577612179358657e-04 -2.550768215765163139e-04
7.040749023161103470e-04 -5.950223665230125253e-04
2.645943278789515771e-04 -8.325419047268149599e-04
-3.724602597232014095e-04 -9.100539242607454896e-04
-1.115313640936125075e-03 -8.054045273618504934e-04
-1.849579559416411265e-03 -5.362422033910036172e-04
-2.459434838084307608e-03 -1.567351163906780431e-04
-2.849128168908193672e-03 2.527480580172894453e-04
-2.960759854228369771e-03 6.010376201319065585e-04
-2.784973243525962899e-03 8.037218632989133384e-04
-2.362538958198658404e-03 7.995333049378521538e-04
-1.776535490069908359e-03 5.624494313828790927e-04
-1.136608304082742382e-03 1.072044902628620580e-04
-5.582874645735213387e-04 -5.128454522221859678e-04
-1.412774667352552447e-04 -1.215115658115167733e-03
4.917435108097649270e-05 -1.902682413399414251e-03
-5.690845285153756442e-06 -2.481867650412800455e-03
-2.749825729195462271e-04 -2.879206953807309215e-03
-6.844600192661102079e-04 -3.054606066502043096e-03
-1.131087732112007107e-03 -3.008212166068932169e-03
-1.503080603770614188e-03 -2.779715310847255798e-03
-1.701630679315091791e-03 -2.440227446354159037e-03
-1.660189441180316304e-03 -2.078290118256918579e-03
-1.357641921874453003e-03 -1.782671798384668268e-03
-8.228656784725243544e-04 -1.625221401603721460e-03
-1.297993166193715038e-04 -1.647031520284746465e-03
6.160570842546871442e-04 -1.850535664277411013e-03
1.297164022884323299e-03 -2.199037580121178566e-03
1.805799985142584989e-03 -2.623760835665778050e-03
2.064123506586286114e-03 -3.037080291887458375e-03
2.038647511038584915e-03 -3.349423987728689014e-03
1.746389746182943009e-03 -3.486636501958950522e-03
1.251537287468286420e-03 -3.404505169528119785e-03
6.532572299454906780e-04 -3.097685711839427009e-03
6.696022639684031698e-05 -2.601322662573487057e-03
-3.974385453088081577e-04 -1.985042004336308452e-03
-6.561494851730347456e-04 -1.340436982979561868e-03
-6.671297038903652946e-04 -7.643997579845786651e-04
-4.377449571395380934e-04 -3.414381231959531197e-04
-2.303045115452481868e-05 -1.283090485574354782e-04
4.851102707104750010e-04 -1.438628156523619759e-04
9.757124846848843486e-04 -3.660059997567380926e-04
1.340180509318896580e-03 -7.363450948209167551e-04
1.493271773003787724e-03 -1.171620095105943256e-03
1.389650036850540501e-03 -1.579753791059564788e-03
1.032862362177371703e-03 -1.877470870384756463e-03
4.750295230843033789e-04 -2.006146135505636544e-03
-1.927012012189084893e-04 -1.942879047693100341e-03
-8.571416507281409258e-04 -1.704698379451913184e-03
-1.404277750217013945e-03 -1.345104282094668766e-03
-1.740702291940855176e-03 -9.436086342798126686e-04
-1.811211019387361579e-03 -5.902627870706929434e-04
-1.609232182687642945e-03 -3.681131652082357542e-04
-1.178114936073595877e-03 -3.369194300120339873e-04
-6.030310766839846494e-04 -5.212323889564691917e-04
4.979724929345835140e-06 -9.051045335164315539e-04
5.298050886583789785e-04 -1.434451088951641190e-03
8.719644164569732110e-04 -2.026631377484961784e-03
9.671208710646529401e-04 -2.585453268393124709e-03
7.979046651426796458e-04 -3.018776310365152774e-03
3.968188759936444382e-04 -3.255396310102523765e-03
-1.603118267315038704e-04 -3.258029019497311711e-03
-7.690979923998526695e-04 -3.029947768243947473e-03
-1.316742186216964461e-03 -2.614029800183250308e-03
-1.703767665074122205e-03 -2.084401534406347348e-03
-1.863193418509232445e-03 -1.532272149796970939e-03
-1.773514159617648866e-03 -1.048642856238583094e-03
-1.463017792807636865e-03 -7.071681197482720515e-04
-1.004614350633493188e-03 -5.504135284472256792e-04
-5.021485150738217058e-04 -5.821090012302917267e-04
-7.078208165593562196e-05 -7.668580701886541871e-04
1.848426288208145953e-04 -1.037349574637247201e-03
1.905253532921247044e-04 -1.307695167700629853e-03
-8.325610145368885114e-05 -1.490354032366681975e-03
-6.154941588651910347e-04 -1.513425202199896250e-03
-1.338296121701396243e-03 -1.335016884989819559e-03
-2.149340807443056445e-03 -9.519546884305771662e-04
-2.930795817787912403e-03 -4.011620497370270433e-04
-3.571122140788318428e-03 2.465664070986456303e-04
-3.985647252220315961e-03 8.992371600818464296e-04
-4.132022070513950533e-03 1.460393148246964335e-03
-4.017646698024630869e-03 1.846759300803103463e-03
-3.697671272198031506e-03 2.003471744312933928e-03
-3.263963347603666271e-03 1.914020213739924632e-03
-2.827143930891193833e-03 1.603032420841926740e-03
-2.495106558111308444e-03 1.131382296251657758e-03
-2.352099108459171622e-03 5.845548955941003329e-04
-2.442340471860023586e-03 5.647472969781013909e-05
-2.761284220157253673e-03 -3.681397104495290340e-04
-3.256192008312876196e-03 -6.295563484978299604e-04
-3.835915037593886408e-03 -7.039619350492950633e-04
-4.388036629932545903e-03 -6.074842202636675887e-04
-4.800133267961680453e-03 -3.925525781266159210e-04
-4.981129677055806323e-03 -1.372987281288954469e-04
-4.878703780216990700e-03 6.998104794435897925e-05
-4.489443451606918607e-03 1.483442049132509873e-04
-3.859827662220238851e-03 4.036666197751231575e-05
-3.077840261166418009e-03 -2.761245948812969878e-04
-2.256796572961984430e-03 -7.829908914285116373e-04
-1.514435729980225529e-03 -1.424370024610417326e-03
-9.512264668036414256e-04 -2.116441654768192945e-03
-6.319817192761926355e-04 -2.762538851309483991e-03
-5.742499766111419830e-04 -3.270761330247340393e-03
-7.456677716156234889e-04 -3.570770566045424095e-03
-1.070760954649195877e-03 -3.626599728637390323e-03
-1.445893640381534870e-03 -3.443063522716059352e-03
-1.759521514799011798e-03 -3.064562248280291567e-03
-1.913902490165388624e-03 -2.566511904216080536e-03
-1.844142570827106073e-03 -2.041025754430680818e-03
-1.530960412762071314e-03 -1.579558563720160399e-03
-1.004744736946691294e-03 -1.255797088356215042e-03
-3.401290163628392475e-04 -1.112031055540782781e-03
3.578948554654003806e-04 -1.151577242611754454e-03
9.736982867743635339e-04 -1.338680754591633180e-03
1.402840658502589729e-03 -1.605899716940249397e-03
1.571864354365291308e-03 -1.867560814542874653e-03
1.452309833416059624e-03 -2.036722041571063790e-03
1.066292781430889548e-03 -2.042413658884800753e-03
4.825810988474740358e-04 -1.843874771691904725e-03
-1.960934126689751035e-04 -1.439071417299166676e-03
-8.520954808143211710e-04 -8.658650289134401691e-04
-1.374720181590241390e-03 -1.955925233509877301e-04
-1.680677004046442430e-03 4.797427230192506599e-04
-1.729357133636750046e-03 1.064258523936084840e-03
-1.530005127363352367e-03 1.475794681227785227e-03
-1.139449302115653952e-03 1.661005669605596785e-03
-6.508328722493624246e-04 1.605096827887688826e-03
-1.754915534948419233e-04 1.334367628124556639e-03
1.785796473813642269e-04 9.110849933517451999e-04
3.275829691884355431e-04 4.216591550918833559e-04
2.281397199485320302e-04 -3.964013659255179699e-05
-1.142016062708683336e-04 -3.883475525205900853e-04
-6.457877719806654707e-04 -5.655080088045688841e-04
-1.274862259675766871e-03 -5.484592414393070796e-04
-1.888854391760550790e-03 -3.546603769747957492e-04
-2.375682930796179336e-03 -3.785442838394732735e-05
-2.645038908414703432e-03 3.226941387413849146e-04
-2.645614505508190120e-03 6.378331452542083772e-04
-2.375010734429923442e-03 8.260509689865691996e-04
-1.880441463106562487e-03 8.295635568782241563e-04
-1.250092731794108557e-03 6.258974188650824177e-04
-5.967645577975302321e-04 2.327591281822880519e-04
-3.688267499578302619e-05 -2.947462311954834120e-04
3.311565175828021235e-04 -8.740354953453085022e-04
4.452188408270611264e-04 -1.410241435501520708e-03
2.908022587134663928e-04 -1.813814715986699581e-03
-9.659769590134113359e-05 -2.017210016437213319e-03
-6.385641116457569776e-04 -1.987503473915698191e-03
-1.228926664163747413e-03 -1.732556395868336055e-03
-1.754140283367297245e-03 -1.299559598587825618e-03
-2.115007866565397909e-03 -7.662328985653348154e-04
-2.245627115350384666e-03 -2.263425210140193990e-04
-2.125968631350577936e-03 2.277273872387269209e-04
-1.785699990807250448e-03 5.220575673358869616e-04
-1.298529910648895140e-03 6.147069309741139001e-04
-7.681435079886385613e-04 5.031103530299315405e-04
-3.083937004514548811e-04 2.239745953950965005e-04
-2.150311186394299537e-05 -1.542923514813879867e-04
2.159082512539567747e-05 -5.451686539029705712e-04
-2.049808404816593193e-04 -8.610332250431675669e-04
-6.767249531607810644e-04 -1.030369007008214051e-03
-1.322994113317962298e-03 -1.011881023050857946e-03
-2.039909779302905100e-03 -8.028401976736063020e-04
-2.709564855247556178e-03 -4.400584562363351769e-04
-3.221881387252527578e-03 6.702554997355260986e-06
-3.494996349411801789e-03 4.476522131355234880e-04
-3.490327067458410919e-03 7.897836225360767900e-04
-3.219474879573260527e-03 9.544015659716956288e-04
-2.741670466348405076e-03 8.920511526807012401e-04
-2.152254331873994144e-03 5.920222310458873828e-04
-1.564382204591495450e-03 8.462899874486914595e-05
-1.087426481336693871e-03 -5.641705512994187825e-04
-8.061687241925309319e-04 -1.264803046494424304e-03
-7.647266182921532308e-04 -1.920487557196292380e-03
-9.582605042303929573e-04 -2.444927469570627558e-03
-1.334029741906087594e-03 -2.777949913460479175e-03
-1.801597004965315753e-03 -2.896146524121134564e-03
-2.250244690858107903e-03 -2.816517114382555229e-03
-2.570300283848131820e-03 -2.592443689551611821e-03
-2.674325675272455974e-03 -2.302775076876220194e-03
-2.514149657690470038e-03 -2.036107132900413872e-03
-2.090508545041227899e-03 -1.873252967351497463e-03
-1.453458390610766525e-03 -1.871239677013668452e-03
-6.934687869999459336e-04 -2.051877980901280034e-03
7.512795185787369059e-05 -2.397083858974450102e-03
7.352112624451443302e-04 -2.851851070316434832e-03
1.188492966837322203e-03 -3.334322689297866855e-03
1.373602846711494780e-03 -3.751063263646904448e-03
1.277226627827876288e-03 -4.014645871299076137e-03
9.361983894027091444e-04 -4.060227255326094922e-03
4.301609562355852498e-04 -3.857972967092647594e-03
-1.338076390508389406e-04 -3.418977404699893950e-03
-6.416838784324355041e-04 -2.793552616017959660e-03
-9.942198663211586525e-04 -2.062202077447115086e-03
-1.125779677510093529e-03 -1.320978285653179925e-03
-1.016722942677624397e-03 -6.639841551682543891e-04
-6.969914626039408262e-04 -1.663170331743218239e-04
-2.402223050374243068e-04 1.293313355038962567e-04
2.504934527304498245e-04 2.198990983139438625e-04
6.625034745700022695e-04 1.416532906014650859e-04
8.953637686266821983e-04 -3.756065903437615680e-05
8.803536161091321966e-04 -2.320325436862507684e-04
5.940299212734525321e-04 -3.552490534655402361e-04
6.324265401777258520e-05 -3.370553445230190046e-04
-6.393508922942819830e-04 -1.376506658682674373e-04
-1.408436763753728987e-03 2.442467187110953500e-04
-2.125383182944185628e-03 7.706241239057990593e-04
-2.680119007934412580e-03 1.370945987111250311e-03
-2.991421997645320706e-03 1.955198384777880136e-03
-3.021787456718039860e-03 2.430742151154561582e-03
-2.784072997720256522e-03 2.719786302960314033e-03
-2.338671023603642977e-03 2.774173158181695610e-03
-1.781752568152363209e-03 2.584672715571093363e-03
-1.226815093521047050e-03 2.183020791910339313e-03
-7.830329810315748984e-04 1.636306829674493736e-03
-5.345130419361519489e-04 1.034763550489387323e-03
-5.243841343666908687e-04 4.752579106433417466e-04
-7.467327182618221492e-04 4.359496612933787089e-05
-1.147908627817327640e-03 -2.010304656930828830e-04
-1.636949210513745931e-03 -2.365072818629833156e-04
-2.103141642838814076e-03 -8.124129420526400927e-05
-2.437390000544450985e-03 2.100838948861370498e-04
-2.553331807162897114e-03 5.575977942634197451e-04
-2.404195011342836422e-03 8.720683554779526695e-04
-1.992191915534011377e-03 1.072448898151030262e-03
-1.368658991621500435e-03 1.101809156641765999e-03
-6.249033765901940369e-04 9.386206464344424693e-04
1.245235357194729334e-04 6.012482489868792648e-04
7.629707822513613104e-04 1.447886442791602654e-04
1.193258976692426363e-03 -3.491521190944362786e-04
1.355604481649900573e-03 -7.878100010752434176e-04
1.238512655785839033e-03 -1.084837536906771600e-03
8.805862857245974531e-04 -1.176772245154837160e-03
3.629141244593773628e-04 -1.035276438602378279e-03
-2.065134438119855002e-04 -6.728242442493736911e-04
-7.134066577719284843e-04 -1.407500767563408996e-04
-1.058893327205185676e-03 4.799830180389730002e-04
-1.178238121159185621e-03 1.093560192463193317e-03
-1.053021347389819290e-03 1.606853471970309290e-03
-7.144745993987288834e-04 1.946417177891617001e-03
-2.373467310612095487e-04 2.071738608932091868e-03
2.745317871494863844e-04 1.982251894806803284e-03
7.082447630124779790e-04 1.716803844959663254e-03
9.635509606060172318e-04 1.345689434249833531e-03
9.722788669534461296e-04 9.567807233830379976e-04
7.116720520061921035e-04 6.383902210940642450e-04
2.091466242382123428e-04 4.621264192230585977e-04
-4.624517226384619356e-04 4.689987486477258279e-04
-1.198204504332614755e-03 6.614116973413028530e-04
-1.880573059630322131e-03 1.002570322480897608e-03
-2.401274052243339979e-03 1.423413539503297831e-03
-2.681445226317046016e-03 1.835763598650856990e-03
-2.686291298474396613e-03 2.149200456925173461e-03
-2.431443557680457515e-03 2.288461743120178554e-03
-1.979834071691978069e-03 2.208066868472147344e-03
-1.429679721230339229e-03 1.901387040535835148e-03
-8.958529428045604835e-04 1.402432531581869566e-03
-4.881666557167850702e-04 7.800058201076105757e-04
-2.906835398849886253e-04 1.253133434992783897e-04
-3.459642492456788208e-04 -4.646339108253374020e-04
-6.472323286962333982e-04 -9.047042090918127558e-04
-1.139932983448007676e-03 -1.137081703131134769e-03
-1.732382641781780256e-03 -1.141549989376593622e-03
-2.313483617767157167e-03 -9.386921701517045519e-04
