1.611070683536000841e-04 2.594431948050803134e-03
-2.127133786708652885e-04 3.044407741288557290e-03
-5.797762982342603670e-04 3.230792313332652051e-03
-8.721973113378260825e-04 3.105772428904337527e-03
-1.034705419035068493e-03 2.677721840444466719e-03
-1.035016872440385058e-03 2.009830468250883156e-03
-8.698894768352133421e-04 1.208413747189402343e-03
-5.657136876636260437e-04 4.031096536904757921e-04
-1.735304576648737996e-04 -2.772943432794964949e-04
2.405798267034582280e-04 -7.288358370493176058e-04
6.079174451541376461e-04 -8.916234841332522842e-04
8.700416679668896997e-04 -7.607204247590208107e-04
9.896706622079705362e-04 -3.866149763000872918e-04
9.575418418596838652e-04 1.347997320734340809e-04
7.939372425751541756e-04 6.808291234611824495e-04
5.445894286069008928e-04 1.125630620139161236e-03
2.717481415590850252e-04 1.364428589192752525e-03
4.210476505902129105e-05 1.333696660642198599e-03
-8.613291189879892541e-05 1.023477841773993459e-03
-7.456194660416344197e-05 4.795027067385781191e-04
8.784864388775080572e-05 -2.053010229146536188e-04
3.823842578860840594e-04 -9.083040154233194916e-04
7.638604360185690095e-04 -1.500365828969990123e-03
1.168933851493551921e-03 -1.870330254176671373e-03
1.527880654030784515e-03 -1.946186634785298250e-03
1.777617177083997205e-03 -1.708887919030866245e-03
1.873502104342031089e-03 -1.196204995561408460e-03
1.797689128794361345e-03 -4.958819293673626810e-04
1.562451405838303359e-03 2.706188558412650751e-04
1.207850216963689965e-03 9.707118847857357496e-04
7.941901550775015781e-04 1.485355361866430969e-03
3.906892600896637270e-04 1.731128870685963396e-03
6.250818098851797407e-05 1.675552394883993417e-03
-1.414078624314156398e-04 1.342757075295477080e-03
-1.973754151983208877e-04 8.084450522417979939e-04
-1.111986083981197676e-04 1.851036247673572537e-04
8.322078489231531919e-05 -3.997161743850581985e-04
3.306202762874976570e-04 -8.279339444072665718e-04
5.651787680919760377e-04 -1.013632864174702055e-03
7.233318516327621583e-04 -9.196066351820286148e-04
7.561668051580231094e-04 -5.646208372982331868e-04
6.390432141532494418e-04 -2.000873469973525609e-05
3.766104408836382328e-04 6.037574044791773785e-04
2.264898974721626327e-06 1.177978686038889423e-03
-4.278568177757650784e-04 1.580166193814423314e-03
-8.452178499853025152e-04 1.717373368343312352e-03
-1.181601907442409848e-03 1.544003137944810911e-03
-1.381811381562613470e-03 1.070713382284176150e-03
-1.413942584350417076e-03 3.627283303172018007e-04
-1.275295821883639345e-03 -4.721318906822039182e-04
-9.928035646825149416e-04 -1.303445663205923203e-03
-6.178969343492041752e-04 -2.002431994452913509e-03
-2.167827661045148408e-04 -2.465860517640760825e-03
1.420285446143963758e-04 -2.635112912614831580e-03
4.005846646879583184e-04 -2.506797549374367891e-03
5.223098886229499528e-04 -2.132918471527683359e-03
4.987358586523866480e-04 -1.610577372360567916e-03
3.508744717325967127e-04 -1.063168545334006437e-03
1.249781813374311365e-04 -6.166367721876597850e-04
-1.165038001482076257e-04 -3.753019225073959703e-04
-3.070548150128054720e-04 -4.018348902317242771e-04
-3.890024767794926226e-04 -7.051821046566712943e-04
-3.247613787585747593e-04 -1.238729346107757517e-03
-1.042713990720411108e-04 -1.909055254283414417e-03
2.527833014912103833e-04 -2.593618171662106630e-03
7.004009502033403840e-04 -3.164026821140942473e-03
1.174691453941472362e-03 -3.510486403518052467e-03
1.605717485965431953e-03 -3.562787555219721312e-03
1.930509866857756975e-03 -3.303858707993208126e-03
2.104796626746669244e-03 -2.773309113923760894e-03
2.111227851732008515e-03 -2.060283817628084588e-03
1.962541024425158882e-03 -1.286974578331214272e-03
1.699068627270266738e-03 -5.858991995697853620e-04
1.381060096183919696e-03 -7.524108410796493014e-05
1.077271154323091937e-03 1.630921964891037315e-04
8.519794073712444807e-04 9.854742148182626428e-05
7.528822146152338614e-04 -2.427033013169268508e-04
8.021650236222267619e-04 -7.831060981508969083e-04
9.924273656279156836e-04 -1.408762365753255408e-03
1.288233364021234770e-03 -1.991303704911086790e-03
1.632988185113161492e-03 -2.412455552265433886e-03
1.959833101134006352e-03 -2.586632491356133465e-03
2.204490750291328988e-03 -2.477282328404143644e-03
2.317622878720601576e-03 -2.103881178628077761e-03
2.274355259315124535e-03 -1.538253584475878129e-03
2.079161101896120824e-03 -8.909145632219597679e-04
1.765173485050480339e-03 -2.900213977881969203e-04
1.388052667254588467e-03 1.430761327157858542e-04
1.015565739925716575e-03 3.170528250363909440e-04
7.148486231744161741e-04 1.881901984151046307e-04
5.397600085933024162e-04 -2.310127922137998266e-04
5.207202661574362752e-04 -8.738393335296878702e-04
6.589586740218209568e-04 -1.631595313117161763e-03
9.262585063109276531e-04 -2.373783087698180284e-03
1.270249383074952172e-03 -2.972398947312811755e-03
1.624246770057293301e-03 -3.325764084812727738e-03
1.919778313283656418e-03 -3.377387078953311261e-03
2.099428659923420135e-03 -3.126296277864343276e-03
2.127574727932461402e-03 -2.626894980914327906e-03
1.996983328668361975e-03 -1.978375276325449166e-03
1.730026878877928293e-03 -1.305702356363892770e-03
1.374292236315285531e-03 -7.357759879061721593e-04
9.934194508333825044e-04 -3.732876152971371670e-04
6.549103979862064663e-04 -2.808477032140111948e-04
4.172208430570276648e-04 -4.671477974941625096e-04
3.185848684933393227e-04 -8.853988232832647179e-04
3.696921589799363360e-04 -1.442339755674983256e-03
5.516085736918946436e-04 -2.016107754459406463e-03
8.193369913162031060e-04 -2.479581455940487421e-03
1.110346709102629382e-03 -2.724771383122449528e-03
1.356458083896508069e-03 -2.683631894122238612e-03
1.496832926322852215e-03 -2.341345550312416614e-03
1.489610876952283079e-03 -1.739555192556325753e-03
1.319987443345309796e-03 -9.689216837937529320e-04
1.003202213704922595e-03 -1.524059651093565698e-04
5.818686106909038043e-04 5.775698157314740127e-04
1.181471192543443610e-04 1.103768315091978747e-03
-3.177604712375120045e-04 1.345933866037665738e-03
-6.606223349168617457e-04 1.275622841102333309e-03
-8.622354022975534929e-04 9.212684088812411916e-04
-9.002544657668523501e-04 3.625286423205906325e-04
-7.821262004084974812e-04 -2.850051261237348957e-04
-5.433897080757712182e-04 -8.918389382226100037e-04
-2.406718594498870995e-04 -1.339170575677786461e-03
5.928993195747887541e-05 -1.541388567940630595e-03
2.925129863240859707e-04 -1.462215152862418252e-03
4.100811187001080849e-04 -1.121437660896575615e-03
3.875667021288015470e-04 -5.909564827014882754e-04
2.297746986047429288e-04 1.909777314573797981e-05
-3.009310953224630806e-05 5.815434773011355848e-04
-3.366980548825787545e-04 9.766061806325962089e-04
-6.230650532761652840e-04 1.115016400903619037e-03
-8.233360382222515688e-04 9.553641526539794057e-04
-8.853611723997290234e-04 5.124140388693425221e-04
-7.807423270869923247e-04 -1.452042650807924004e-04
-5.104247064412777537e-04 -9.075038999193485011e-04
-1.047744606108763957e-04 -1.643489891797041743e-03
3.818767202575890996e-04 -2.225507318361993284e-03
8.811922040937660190e-04 -2.552988819834875293e-03
1.323416052373144452e-03 -2.571114731707407116e-03
1.650207085554645289e-03 -2.280861454912967885e-03
1.825298180570990390e-03 -1.738543137086404457e-03
1.840969685549416739e-03 -1.044939811877599375e-03
1.719118560807588467e-03 -3.260754314581706210e-04
1.506728118142183466e-03 2.907112993691108021e-04
1.266603283031824366e-03 7.008707489484502715e-04
1.065132434793942704e-03 8.423569272086692695e-04
9.593994174650911358e-04 7.072216540412098193e-04
9.860917560968493305e-04 3.428963915636203726e-04
1.154310289108175305e-03 -1.570760363534345026e-04
1.443645886930778732e-03 -6.710985483928115936e-04
1.807890717316773402e-03 -1.072939020087721167e-03
2.183683664914797332e-03 -1.256068479927231578e-03
2.502454231620578930e-03 -1.154300234314739517e-03
2.703403648522838786e-03 -7.548115756054084779e-04
2.745064496829392048e-03 -1.010715965680048433e-04
2.613248270363696581e-03 7.148903346147459942e-04
2.323873268768937399e-03 1.569422531877403670e-03
1.920133695664711032e-03 2.330198966095126112e-03
1.464541491831520799e-03 2.880842310350402273e-03
1.027342554554605677e-03 3.142569142706104317e-03
6.734949082201162601e-04 3.088767217468321204e-03
4.506682360368324293e-04 2.749751786353815328e-03
3.805304949423281334e-04 2.206806129316812425e-03
4.549647947344197425e-04 1.576638937133914738e-03
6.379262052678308674e-04 9.892041164652602171e-04
8.725804173809337131e-04 5.630837320842393967e-04
1.092366389825319374e-03 3.830945442901709328e-04
1.233882563254354563e-03 4.843559315329227458e-04
1.249151500038630288e-03 8.458319777664125537e-04
1.114936172336169389e-03 1.394565137698011150e-03
8.373401420105100164e-04 2.019793149146661363e-03
4.508176878728920056e-04 2.594268335995414052e-03
1.177927898098572317e-05 2.998733718516223036e-03
-4.119979356674601163e-04 3.144911847214030502e-03
-7.541497137852173124e-04 2.992643342734159322e-03
-9.622738698981317526e-04 2.557919551700231151e-03
-1.007871216620728110e-03 1.910277837455826412e-03
-8.917935401870164197e-04 1.160042364899143037e-03
-6.441638132718106868e-04 4.378163994641635134e-04
-3.187798349840098773e-04 -1.299000302004155866e-04
1.694353507666066308e-05 -4.443587011618071667e-04
2.945940735257937624e-04 -4.530074177522928902e-04
4.575595615990435969e-04 -1.592434436471939531e-04
4.715850915096603691e-04 3.783661597826391484e-04
3.310967466796750289e-04 1.057246729069476416e-03
6.009959178177834730e-05 1.750245879972897167e-03
-2.925150172169888214e-04 2.329652402966100357e-03
-6.623596084143837121e-04 2.691258205950142549e-03
-9.818561170573808505e-04 2.773910748988285546e-03
-1.193123220508951086e-03 2.570858744536484199e-03
-1.259002484631177587e-03 2.130749154693346598e-03
-1.170133498632251225e-03 1.548094191715086373e-03
-9.467371030112972045e-04 9.450218468880421064e-04
-6.347686663186083260e-04 4.477747026390944355e-04
-2.971702345819292150e-04 1.624167520862520794e-04
-1.879234445289123742e-06 1.543582526402783282e-04
1.911336387102838957e-04 4.355858084003376082e-04
2.413401316971370723e-04 9.620257720117421103e-04
1.354672780984561651e-04 1.641549957807507095e-03
-1.098361439830227533e-04 2.351116945449678499e-03
-4.509891121934359124e-04 2.959811606967136400e-03
-8.255628351005557183e-04 3.353427619627388431e-03
-1.163934753782270475e-03 3.455944320978002280e-03
-1.402310854620651085e-03 3.243835905341569976e-03
-1.494655959505042375e-03 2.750506608553218452e-03
-1.421278251945775652e-03 2.060013531021818393e-03
-1.192447487030336975e-03 1.291265449488875582e-03
-8.463662353733903548e-04 5.756876589103997318e-04
-4.418821706120218472e-04 3.257846586479759728e-05
-4.732449444428570885e-05 -2.531814886877832745e-04
2.724192957176418701e-04 -2.468528005241733044e-04
4.681377465182749655e-04 2.997580329077375282e-05
5.155236751088560160e-04 5.039000143451169422e-04
4.196491770745205399e-04 1.064047941438633687e-03
2.138412418984640294e-04 1.583536615471912122e-03
-4.682706022310328926e-05 1.943963684734893076e-03
-2.961944554898040811e-04 2.058286123104287497e-03
-4.697966080583964666e-04 1.887743275730661063e-03
-5.173531858238340948e-04 1.449609585691635089e-03
-4.125872905198905462e-04 8.142992886722208836e-04
-1.585122485347501562e-04 9.236233628537586938e-05
2.128214300112357942e-04 -5.861741103129948114e-04
6.460774613671820899e-04 -1.096213721072934397e-03
1.072801155481011492e-03 -1.341132333414843782e-03
1.424084178668845501e-03 -1.270998934886027930e-03
1.643335118878377736e-03 -8.920284141233975799e-04
1.696743917455052156e-03 -2.654767559973216602e-04
1.579464433371740879e-03 5.038133064193574262e-04
1.316349570062783081e-03 1.287050196616062276e-03
9.571041333966699748e-04 1.955601052088255971e-03
5.667767522915690553e-04 2.405010221596663722e-03
2.133938198889118436e-04 2.574388214296040919e-03
-4.492140838605236403e-05 2.457508388530704746e-03
-1.709049515170601736e-04 2.103519764168641001e-03
-1.551093440725875416e-04 1.607151256217756235e-03
-1.754605506400507041e-05 1.090272915689170959e-03
1.962954987897204135e-04 6.783165625625269327e-04
4.242952033132890450e-04 4.760315788495204231e-04
5.997363228899072135e-04 5.471772911225685800e-04
6.642427508006497339e-04 9.020075232662823263e-04
5.791640738741371270e-04 1.494926775278525126e-03
3.332464160483665895e-04 2.232770596096792827e-03
-5.487014310780451848e-05 2.992149935986756788e-03
-5.398075080716296936e-04 3.642581723811830988e-03
-1.057668501452668774e-03 4.071030854872947392e-03
-1.537769757635630043e-03 4.203219952956097072e-03
-1.915674015784788430e-03 4.017673622839475558e-03
-2.145060890177765550e-03 3.549837908429464596e-03
-2.206194652327720350e-03 2.885493196885845560e-03
-2.109391292009979088e-03 2.144704400314163643e-03
-1.892833259525549938e-03 1.459342407012031041e-03
-1.615149700073884248e-03 9.484266026706014013e-04
-1.344170204913076091e-03 6.959495449316884918e-04
-1.143983652016574305e-03 7.353737879839648568e-04
-1.062753613353831315e-03 1.043726620975448825e-03
-1.123597517620471709e-03 1.546400501661277264e-03
-1.320255619964897341e-03 2.131739475818874869e-03
-1.618367902653262361e-03 2.672638778057273307e-03
-1.962114246661965204e-03 3.051056988261600933e-03
-2.284956827858173820e-03 3.180788983683960174e-03
-2.522446169795639591e-03 3.024177825541887743e-03
-2.624660865287941139e-03 2.599592171969778223e-03
-2.565919788919662509e-03 1.978245342879567624e-03
-2.349921645525109969e-03 1.270951486791762047e-03
-2.009332237755244270e-03 6.073210371647108381e-04
-1.599891009213195081e-03 1.113307324070917682e-04
-1.190146195719265446e-03 -1.221084737652224778e-04
-8.487557966802934326e-04 -4.514958375305606376e-05
-6.317528012560077967e-04 3.338349935202780672e-04
-5.721803312031576057e-04 9.516768250732937987e-04
-6.740542136710152288e-04 1.702148300957044991e-03
-9.117918127572368497e-04 2.455796241324631826e-03
-1.235211724804294656e-03 3.084123806982159294e-03
-1.579154984902055026e-03 3.483550087613489568e-03
-1.875904281394124001e-03 3.594619801329001704e-03
-2.068048825282766887e-03 3.412835651722906892e-03
-2.119359084701274987e-03 2.989072605180541266e-03
-2.021613346749283162e-03 2.419506223397265617e-03
-1.796085462401554762e-03 1.826972654910228536e-03
-1.489414841787554261e-03 1.337300016784429783e-03
-1.164644214910794725e-03 1.055102548174814605e-03
-8.891262914993431753e-04 1.043629913228099606e-03
-7.215938602408647354e-04 1.312495266293846894e-03
-7.008466911856472146e-04 1.815612752053119301e-03
-8.382027637216609133e-04 2.459740704888408683e-03
-1.115148739520498058e-03 3.122017237186620539e-03
-1.486640160119798507e-03 3.673170702438092409e-03
-1.889431971585245210e-03 4.002011405126825079e-03
-2.253867243807006378e-03 4.036566700580111397e-03
-2.516896762291139303e-03 3.757855566699855061e-03
-2.633868593166322197e-03 3.203690841543579970e-03
-2.586858997627736537e-03 2.461784054317402420e-03
-2.387970236034550088e-03 1.653451924557730081e-03
-2.076973009975436463e-03 9.110019356337684202e-04
-1.713741267038534043e-03 3.530702149198981007e-04
-1.366912264403094763e-03 6.257187468183432119e-05
-1.100918638465844855e-03 7.142874238305336847e-05
-9.638466165697262382e-04 3.549558187476826131e-04
-9.784172527449405167e-04 8.369588955598651495e-04
-1.137795468316788166e-03 1.404567838663883577e-03
-1.407016861037181307e-03 1.929987068190247481e-03
-1.729757946600918046e-03 2.295035695067008247e-03
-2.039163249042263027e-03 2.413822450793311029e-03
-2.270674138094704812e-03 2.249254800858698378e-03
-2.374425046884566862e-03 1.820250359114997975e-03
-2.324854510691636011e-03 1.198280598326145058e-03
-2.125705860347028731e-03 4.938982449553318364e-04
-1.809465522801090949e-03 -1.642021225732174291e-04
-1.431340402236023698e-03 -6.536253228140970857e-04
-1.058910252050308072e-03 -8.815890325166309948e-04
-7.594104255761856964e-04 -8.026917778657900260e-04
-5.870497344783055099e-04 -4.277662703707027112e-04
-5.727622521716864076e-04 1.778645481495327255e-04
-7.183318727308826831e-04 9.064060902381028059e-04
-9.960013574058371785e-04 1.627618294709381628e-03
-1.353640052719096805e-03 2.213067010567771904e-03
-1.724492878410857502e-03 2.560018832778032140e-03
-2.039666650055680167e-03 2.610465536484098212e-03
-2.240992371354199805e-03 2.361686587046277035e-03
-2.291831756042709157e-03 1.866360315569518067e-03
-2.183786223958460778e-03 1.222212893872433618e-03
-1.938043099976794609e-03 5.531746000984084921e-04
-1.601109688729011838e-03 -1.437992006408082314e-05
-1.235748924730086613e-03 -3.758009194855715853e-04
-9.088391174058652391e-04 -4.681595585949887336e-04
-6.784628355944234170e-04 -2.822794496962820286e-04
-5.826759041095523617e-04 1.354779235964900363e-04
-6.320891844997836816e-04 6.920139147927070831e-04
-8.076735546081408425e-04 1.265213467385862059e-03
-1.064209048987883183e-03 1.727229194271209193e-03
-1.338729832042421814e-03 1.968917035768341130e-03
-1.562370025280858561e-03 1.920792125912620767e-03
-1.673370658294818158e-03 1.566530903696462720e-03
-1.628787258460993740e-03 9.464555006759495020e-04
-1.412682655828005791e-03 1.503320753015640395e-04
-1.039254077750469997e-03 -6.991628542281926560e-04
-5.503017461023601261e-04 -1.469187807243609251e-03
-7.516573154162369420e-06 -2.041397545655346778e-03
5.189554677484896610e-04 -2.333861673115287475e-03
9.635106750558804396e-04 -2.316101512491033215e-03
1.277190208452945105e-03 -2.014408906224928082e-03
1.436601686220095528e-03 -1.506450141823602014e-03
1.447976519594142142e-03 -9.061862606600177813e-04
1.345601283974262813e-03 -3.419735779094069342e-04
1.184927083184631174e-03 6.800164020038038104e-05
1.031668818811364756e-03 2.382969784806483228e-04
9.489656743938467212e-04 1.325173629387391399e-04
9.850411731897566747e-04 -2.297417063869442670e-04
1.163706370380560235e-03 -7.766271446707175745e-04
1.479511049844766963e-03 -1.397730275969891059e-03
1.898467218198435485e-03 -1.965161348230866876e-03
2.364213468648623806e-03 -2.358002500122417973e-03
2.808457833685562306e-03 -2.485503866814294839e-03
3.163725781375666471e-03 -2.304624063822197002e-03
3.376002606107618865e-03 -1.828585878832487011e-03
3.414878462319333521e-03 -1.124818139139948780e-03
3.279276114311489333e-03 -3.026635199319022184e-04
2.997676812461228836e-03 5.068308190465343685e-04
2.622800412780914702e-03 1.175224203194135449e-03
2.221744903731328810e-03 1.600502978609202528e-03
1.863449282421296947e-03 1.725911318761989138e-03
1.605849647825428623e-03 1.550237416509209166e-03
1.485155676487132093e-03 1.127617437955228319e-03
1.509272484485330197e-03 5.569035248781710684e-04
1.656607420013499719e-03 -3.738293225649918627e-05
1.880481308002727309e-03 -5.288994868215289363e-04
2.118302226217078782e-03 -8.136112971227882872e-04
2.303758014627641914e-03 -8.296276760832602213e-04
2.379712173881019799e-03 -5.689882474938783453e-04
2.309354811432942980e-03 -7.916638453318934187e-05
2.083491022107758148e-03 5.459937476483657862e-04
1.722580912803015063e-03 1.184187894442376241e-03
1.273139819777961181e-03 1.708014665814141554e-03
7.991758336125579475e-04 2.009361430245396041e-03
3.702821965309927498e-04 2.020188826132517448e-03
4.863638063991185603e-05 1.725770319805630714e-03
-1.226344180723955421e-04 1.167870883523495140e-03
-1.275194182478232938e-04 4.372531086769461004e-04
1.990522228696397534e-05 -3.430806324425244593e-04
2.781648443105012489e-04 -1.040747530326208798e-03
5.862264318461979287e-04 -1.538627448064489468e-03
8.750085907432364821e-04 -1.756634053438085093e-03
1.080385376629071359e-03 -1.666501519798373968e-03
1.155225790740924303e-03 -1.296796070862491022e-03
1.078193897445003588e-03 -7.272115670204652629e-04
8.576482967920214320e-04 -7.323619704148850084e-05
5.299078840545364249e-04 5.359007890502075124e-04
1.522176903178085682e-04 9.818224230349805598e-04
-2.082478834893453220e-04 1.179478144689822487e-03
-4.872569622896964249e-04 1.093242282284571064e-03
-6.358249702456531373e-04 7.435892776548821709e-04
-6.296178110110178501e-04 2.030838976510632968e-04
-4.736689029917971186e-04 -4.175506226686644985e-04
-2.015134365175285107e-04 -9.906434085570224504e-04
1.310990006575067364e-04 -1.396043082440343421e-03
4.567249462243593234e-04 -1.544200809110097845e-03
7.089898979408871572e-04 -1.393489936151522980e-03
8.351771962579067256e-04 -9.584734152014302540e-04
8.062587645539674632e-04 -3.075436383687037297e-04
6.224670394871557617e-04 4.496286966331646592e-04
3.133508654762210180e-04 1.182470520006029908e-03
-6.769819316963313614e-05 1.763859161218179431e-03
-4.534163474882503021e-04 2.093850553767320159e-03
-7.752512462362509205e-04 2.118299041241551543e-03
-9.761808479879729127e-04 1.838851295386349349e-03
-1.021345360458066065e-03 1.312429019797294386e-03
-9.044844083270217128e-04 6.403040805974414412e-04
-6.489659310277378062e-04 -5.116109225635921600e-05
-3.032172814846129019e-04 -6.344583769505296716e-04
6.857128704443972217e-05 -1.005029113316359283e-03
3.987057438206498879e-04 -1.100947720580605508e-03
6.288845182396862092e-04 -9.144688869567772164e-04
7.212863027084932734e-04 -4.932556075841350827e-04
6.657469730971927145e-04 6.893927933352076288e-05
4.816644566257635967e-04 6.503671063683167178e-04
2.142694549274498281e-04 1.124719159600363460e-03
-7.403238209912835080e-05 1.385457970308953289e-03
-3.156071207871039811e-04 1.366427460205614421e-03
-4.505646851798410105e-04 1.054829256577948307e-03
-4.382980358617795261e-04 4.940975543735971406e-04
-2.654013997894374109e-04 -2.238825537015260445e-04
5.153563791348561227e-05 -9.757504575903762356e-04
4.687918705945333993e-04 -1.629635124307946686e-03
9.234990768236441688e-04 -2.069771151507860708e-03
1.345241445869106451e-03 -2.218113558727516799e-03
1.669079712423147347e-03 -2.048866293305960130e-03
1.847540380386562906e-03 -1.593179920345166953e-03
1.859306475390669995e-03 -9.331339664325814754e-04
1.712970769422658690e-03 -1.861467467663727952e-04
1.445147121547907297e-03 5.172336093187503755e-04
1.113303498752251037e-03 1.057951652369731486e-03
7.846791818808884289e-04 1.350820034093318635e-03
5.233894892020053745e-04 1.360414381380572416e-03
3.781638054797439299e-04 1.107482783011627886e-03
3.730419613238753840e-04 6.646625273434465797e-04
5.027929463835229332e-04 1.423226736477223320e-04
7.339248150244027328e-04 -3.327781833469844498e-04
1.011094963608580441e-03 -6.419682360071152488e-04
1.267706392111991268e-03 -6.976279994654011008e-04
1.438681939961382848e-03 -4.602857554711395870e-04
1.472995098377925978e-03 5.340516745839618377e-05
1.343581144737159699e-03 7.733288527964176772e-04
1.052747492489567067e-03 1.588715712090790072e-03
6.320535693147930501e-04 2.368682868906638473e-03
1.366770325004892581e-04 2.986626339881197443e-03
-3.646734292346394597e-04 3.343855035166147949e-03
-8.023956316159225593e-04 3.387998970781291863e-03
-1.118796055006595659e-03 3.122712203548466420e-03
-1.278639846105208066e-03 2.606837802003240164e-03
-1.275458257399147716e-03 1.943195875421710591e-03
-1.132426216696033909e-03 1.259118836853787698e-03
-8.976504747693028101e-04 6.824190008064326927e-04
-6.347666024696350939e-04 3.173367985687242619e-04
-4.106307176443971859e-04 2.250199343278732299e-04
-2.824411671471279816e-04 4.122243549957830839e-04
-2.867324715926328291e-04 8.303697344756904089e-04
-4.323284041973870931e-04 1.385120343787669007e-03
-6.985904412499161810e-04 1.954668183513586389e-03
-1.039294141608100097e-03 2.413246671844056484e-03
-1.391399351057431800e-03 2.655412180576149743e-03
-1.687052474778715557e-03 2.616484947893456953e-03
-1.866546087028612359e-03 2.285267978668791954e-03
-1.889778937320403746e-03 1.706624803580403943e-03
-1.744042488436557160e-03 9.734175323880391115e-04
-1.446654903721970213e-03 2.093218457517137228e-04
-1.041938352804048845e-03 -4.542361608233467249e-04
-5.931060383299545900e-04 -9.026622975969884324e-04
-1.705887727559859913e-04 -1.059647881198588857e-03
1.609951581786931655e-04 -9.014377298344508453e-04
3.547663162979335484e-04 -4.612146981823683030e-04
3.901550313320297923e-04 1.772273302525628888e-04
2.765004566915283974e-04 8.953235542209633455e-04
5.100234312463837287e-05 1.562093432306009208e-03
-2.285810879584072126e-04 2.058780920938160005e-03
-4.951015967691006769e-04 2.301118654956757666e-03
-6.849367718298728308e-04 2.255006290390347990e-03
-7.502042807811042883e-04 1.942641523612186538e-03
-6.679592486716517171e-04 1.437951163723192151e-03
-4.446316343402736330e-04 8.521965406806773649e-04
-1.148627010228174040e-04 3.124886745647239379e-04
2.650388732758008400e-04 -6.270840268184497794e-05
6.277810294013231717e-04 -1.864372870201619955e-04
9.078874878205685705e-04 -2.013091910355382930e-05
1.054185708066403921e-03 4.186867071354015944e-04
1.039615501304872423e-03 1.059350639980483674e-03
8.664968285693920450e-04 1.791106224555254591e-03
5.662545683814996112e-04 2.483798289932648371e-03
1.936471789289662322e-04 3.012287670068801004e-03
-1.834134289356299081e-04 3.279977378171264162e-03
-4.965288379773978534e-04 3.236997876986493113e-03
-6.895750392619138126e-04 2.889610606217753001e-03
-7.291465162183601197e-04 2.299050095166021730e-03
-6.107110868903403017e-04 1.570023109021005149e-03
-3.593148185460528880e-04 8.310400563343033368e-04
-2.470770686240371231e-05 2.102988556313451114e-04
3.281834295102208044e-04 -1.883178741769319254e-04
6.316281350279476627e-04 -3.045942130265536906e-04
8.279667851037242950e-04 -1.330247203588958305e-04
8.805474655318363576e-04 2.765316393067783051e-04
7.806541361442658747e-04 8.287016439284266862e-04
5.491148562292548843e-04 1.401076839641818110e-03
2.322870100322777908e-04 1.867812139659170458e-03
-1.068180242701079294e-04 2.123865301483533839e-03
-4.005872378986656025e-04 2.105277467317874952e-03
-5.897496273486343933e-04 1.801645030167857084e-03
-6.347560002696141842e-04 1.258412329072147338e-03
-5.234354778262916008e-04 5.685429776665993761e-04
-2.734738572190194435e-04 -1.448601449659554373e-04
7.076076681083811356e-05 -7.517010946292370819e-04
4.464494860861936698e-04 -1.139424876085899131e-03
7.840579364903590065e-04 -1.234296580984656395e-03
1.020358656472077291e-03 -1.015397648692448630e-03
1.110279551815635760e-03 -5.186885895719178753e-04
1.035339379389128758e-03 1.696332509225719257e-04
8.070768125643784088e-04 9.292269570449917691e-04
4.648269067197860569e-04 1.628110393316758390e-03
6.826830299488364975e-05 2.147317539150994832e-03
-3.138461973093224213e-04 2.403049884656457882e-03
-6.166412841287858410e-04 2.362136481166733117e-03
-7.913010063348515939e-04 2.047885032634640806e-03
-8.141755203124289826e-04 1.535226412879564300e-03
-6.910905436563342507e-04 9.360825768897819031e-04
-4.560465430481579186e-04 3.777390808207055795e-04
-1.645577608305680793e-04 -2.167219170867359934e-05
1.171031769022363696e-04 -1.759277417076314954e-04
3.247134506927656255e-04 -4.738663399110674794e-05
4.085302246662069099e-04 3.455816310492995907e-04
3.429831961015410852e-04 9.318295009210745975e-04
1.317880207859672189e-04 1.600718225800707231e-03
-1.924939423586545040e-04 2.222948219194913720e-03
-5.743725074724813232e-04 2.674992097581060588e-03
-9.457079244964346513e-04 2.862505803612360247e-03
-1.238411948956531436e-03 2.738285048175932018e-03
-1.397171094400956890e-03 2.311365453596875893e-03
-1.389787626557063577e-03 1.645540040637966106e-03
-1.213184195402113291e-03 8.475699123893717934e-04
-8.939382392107898942e-04 4.731407741091655898e-05
-4.832471439262504376e-04 -6.264668823764988010e-04
-4.727867897218293765e-05 -1.070060588967265431e-03
3.452660031267923879e-04 -1.223980992666605112e-03
6.360227520967072631e-04 -1.083753937006460286e-03
7.878330942303515393e-04 -7.002788076372212398e-04
7.915560961046508304e-04 -1.697088330693543267e-04
6.675373828504603752e-04 3.852228536712174888e-04
4.614617692574284058e-04 8.388848872013761945e-04
2.353801534566125832e-04 1.086942936635975406e-03
5.561569595315227384e-05 1.066477973303204228e-03
-2.015428547800515117e-05 7.682099146880342483e-04
4.581217579058076937e-05 2.385050318160343661e-04
2.638055252099744553e-04 -4.292187285004711930e-04
6.143522075726350539e-04 -1.112065397608272884e-03
1.051550854240951901e-03 -1.680888776376518153e-03
1.511432328249425741e-03 -2.024777274450135535e-03
1.923767187842685255e-03 -2.072159000423063994e-03
2.225090847731117823e-03 -1.804528568825688713e-03
2.370485492642375978e-03 -1.260192510454748388e-03
2.341892425610102215e-03 -5.273185732046388463e-04
2.151384605705868383e-03 2.724019420182690232e-04
1.838782442318537009e-03 1.006393525810205880e-03
1.464065982225718583e-03 1.555860052441814185e-03
1.096020862169872455e-03 1.837812733074736631e-03
7.992674667404125848e-04 1.820302180455629160e-03
6.221278264234283767e-04 1.527981446077043230e-03
5.876251687569810853e-04 1.036957759303567747e-03
6.893169425312074177e-04 4.599186571418240532e-04
8.927460802476913388e-04 -7.564073612037328954e-05
1.142230716843471022e-03 -4.519569252029636067e-04
1.371701126183030297e-03 -5.836484741175824130e-04
1.517525799048945103e-03 -4.341811003638375299e-04
1.530891575011467196e-03 -2.302332419688662112e-05
1.387386948419461240e-03 5.778673113163285396e-04
1.091967155691705516e-03 1.257565687608002639e-03
6.783541621268015034e-04 1.887149939501312542e-03
2.029786145421979800e-04 2.344151213544748771e-03
-2.653953547985509745e-04 2.535851520602373267e-03
-6.584036552996177421e-04 2.417015327184868397e-03
-9.207681172306476924e-04 1.998692921442539287e-03
-1.020537036879814487e-03 1.346422664561966551e-03
-9.549448961706267450e-04 5.681652127070538263e-04
-7.507843673843573110e-04 -2.057541219955994361e-04
-4.592218530627734693e-04 -8.469063973628298408e-04
-1.460389438676259577e-04 -1.252639778169263671e-03
1.208527006544622522e-04 -1.365068762099143004e-03
2.842602155773306643e-04 -1.181587052557931533e-03
3.084913246294216900e-04 -7.549241333741471462e-04
1.860304680430924619e-04 -1.827451374357578692e-04
-6.115120098745840428e-05 4.112270290163857144e-04
-3.858957227349451105e-04 9.009839121243114679e-04
-7.249491761262094429e-04 1.182388968233076109e-03
-1.011116956269804065e-03 1.193139378000646154e-03
-1.186176476023781097e-03 9.247471073064448318e-04
-1.212096742178978177e-03 4.242666893239187124e-04
-1.078434857123607626e-03 -2.145598317541128400e-04
-8.045035329731668261e-04 -8.690649345454148087e-04
-4.358940796000904463e-04 -1.410960651302337748e-03
-3.600851020765390132e-05 -1.730771471757767705e-03
3.258000574344817627e-04 -1.758764896008896753e-03
5.872366854781495976e-04 -1.478411120866293541e-03
7.047631562222397492e-04 -9.298166044141201831e-04
6.617727295823829306e-04 -2.024735035456215926e-04
4.716944516291909548e-04 5.813109881651026172e-04
1.754395483702192676e-04 1.289177398393672076e-03
-1.663271303544153537e-04 1.803368887778759432e-03
-4.846286494872001555e-04 2.042620362005192081e-03
-7.151663157526043368e-04 1.977147527674626495e-03
-8.104020904334480538e-04 1.633907881010182323e-03
-7.484489610918381407e-04 1.091147087883675157e-03
-5.370901120847804177e-04 4.632722459362419989e-04
-2.121705293644609810e-04 -1.210758654044748629e-04
1.693294388329130598e-04 -5.435928383971638366e-04
5.402218961146688144e-04 -7.188652791725344375e-04
8.359662121458206032e-04 -6.106353674080904938e-04
1.007011668886725018e-03 -2.386931937967564201e-04
1.028285960083267971e-03 3.249090814270756558e-04
9.040283302361995770e-04 9.696037207390902427e-04
6.670480809766896014e-04 1.567409412823820344e-03
3.725452890009827637e-04 1.997389358203770920e-03
8.766088637630052062e-05 2.168829079180130924e-03
-1.212673485989805089e-04 2.038738663082192461e-03
-2.013311275512030124e-04 1.620357597926723979e-03
-1.231699475488806260e-04 9.810429695525566245e-04
1.133350473195094202e-04 2.299312031103155720e-04
4.788712000234385301e-04 -5.023007032764329784e-04
9.200467705416611776e-04 -1.087752901960165617e-03
1.369275405928975422e-03 -1.425105561288112204e-03
1.757325061794104675e-03 -1.458410354527379070e-03
2.026159988391596466e-03 -1.187322491953979493e-03
2.139649505004695591e-03 -6.668452242874579666e-04
2.090121682853530137e-03 3.356400536667919357e-06
1.899527156172841182e-03 6.980418469060893595e-04
1.614999040342467206e-03 1.290261565732541121e-03
1.299656072976400909e-03 1.675480068153012555e-03
1.020396684739070803e-03 1.791384998198056579e-03
8.350012295161426739e-04 1.629630066142536728e-03
7.809902261095430509e-04 1.237288654205289350e-03
8.683534604843177627e-04 7.077448058335222576e-04
1.077531231803082867e-03 1.627499162143823674e-04
1.363033807581316963e-03 -2.709522774326643835e-04
1.662016739023025819e-03 -4.859999049733625034e-04
1.906190394394652017e-03 -4.151633882163124727e-04
2.034809767117852584e-03 -4.453413193167559021e-05
2.006285051146531467e-03 5.833555987457944006e-04
1.806213594645810763e-03 1.377082894981835129e-03
1.450310415318091560e-03 2.213135903548843573e-03
9.816794046861045640e-04 2.958796858427867500e-03
4.629379796284975330e-04 3.496784748641245093e-03
-3.531843966460106177e-05 3.747002414433482035e-03
-4.475334658874681026e-04 3.681280542262097954e-03
-7.252297581793350472e-04 3.328336210892724606e-03
-8.457989803355657997e-04 2.768015428830264673e-03
-8.163844203610197241e-04 2.115916894943852336e-03
-6.721283851893643723e-04 1.501314086197191866e-03
-4.691235474951124525e-04 1.042560177983923057e-03
-2.734101060537395475e-04 8.246352933288872162e-04
-1.481090758562651722e-04 8.830882579500107157e-04
-1.411345385984768067e-04 1.197412571898468815e-03
-2.758175203613681768e-04 1.695108309096946030e-03
-5.462221923444343956e-04 2.265656711201848722e-03
-9.180458403097688539e-04 2.781755802443671745e-03
-1.334935911513475794e-03 3.123789125779143690e-03
-1.729030796907876167e-03 3.202886301488730957e-03
-2.033730253883844156e-03 2.978199709670545803e-03
-2.196278161881907044e-03 2.465115931728796474e-03
-2.187774786445616498e-03 1.732836465240510364e-03
-2.008721401065951054e-03 8.917747717926627826e-04
-1.689045043813214905e-03 7.314487075983536028e-05
-1.282595406806078496e-03 -5.954046311033378905e-04
-8.571516739229072864e-04 -1.013507968619661772e-03
-4.818265345238770692e-04 -1.126670116370532323e-03
-2.142467929256805948e-04 -9.362145095527852658e-04
-8.993178463951147575e-05 -4.987148026151187177e-04
-1.158742986151335653e-04 8.497526472263150282e-05
-2.695327616046010611e-04 6.890117150515274362e-04
-5.034187778458650269e-04 1.186513968307596582e-03
-7.544047495095855494e-04 1.473644897375193550e-03
-9.559828133329359087e-04 1.489257660785856061e-03
-1.051147887615217977e-03 1.226390735215526426e-03
-1.003459959264200356e-03 7.334376886669756370e-04
-8.041861190074215673e-04 1.047748070802430472e-04
-4.741658628594344811e-04 -5.373727903813466794e-04
-6.004311627946196475e-05 -1.066385692989379628e-03
3.744240489897044289e-04 -1.375576010695840580e-03
7.603320962443063180e-04 -1.398769211684285996e-03
1.036613498927323532e-03 -1.123234979285520378e-03
1.161572691384397255e-03 -5.925083337629121101e-04
1.120790956764697180e-03 1.014436813442205971e-04
9.299013590682628748e-04 8.352370043853114085e-04
6.317053456222551915e-04 1.477055669124709321e-03
2.881732955007437411e-04 1.911264457957688456e-03
-3.116063647213212573e-05 2.059997554787518920e-03
-2.622168170098027051e-04 1.897643222128198720e-03
-3.583418191411457863e-04 1.455488429359400688e-03
-2.989721557018633997e-04 8.156491672215958333e-04
-9.335516966883880986e-05 9.543940653012396866e-05
2.213719477463175610e-04 -5.748595118812664792e-04
5.873759604942186720e-04 -1.076619288587200591e-03
9.372270949802921896e-04 -1.325214239051227937e-03
1.206798049968288000e-03 -1.285870957627001723e-03
1.347516137259556577e-03 -9.800212545546570578e-04
1.335645318975049820e-03 -4.809611309930501388e-04
1.176838020783091323e-03 1.003553076607319574e-04
9.050930482694232240e-04 6.366890812455291461e-04
5.763159576415931816e-04 1.009000802007420459e-03
2.577011005567805043e-04 1.129400670594196947e-03
1.494657917565378209e-05 9.582083639579896126e-04
-1.002754746171787134e-04 5.118822137475908781e-04
-6.021841837853289352e-05 -1.396940478594930557e-04
1.335471903576916598e-04 -8.860633313528083407e-04
4.502744315616217987e-04 -1.596762129510903355e-03
8.356911520125790164e-04 -2.145716930862706130e-03
1.222096235493605725e-03 -2.434858624543954561e-03
1.540994524123629004e-03 -2.412490323085708134e-03
1.735883412752796048e-03 -2.082936118654420566e-03
1.772775473176930669e-03 -1.505647741875445773e-03
1.646470048589041349e-03 -7.839406298300074898e-04
1.381391442604116594e-03 -4.549291284867192781e-05
1.026839753570742142e-03 5.817011582392229464e-04
6.475578547476843003e-04 9.933727641085691312e-04
3.114042829669767158e-04 1.128466982241431047e-03
7.646907769047581356e-05 9.803936733621312211e-04
-1.992569890351411979e-05 5.979173815735486924e-04
3.174326455224261816e-05 7.552582089365198305e-05
2.114701376585612059e-04 -4.648903121637835674e-04
4.736170980692108083e-04 -8.975675263809537383e-04
7.556997160799560492e-04 -1.117144017481281216e-03
9.903948094588600932e-04 -1.059071508175358969e-03
1.118493993288399799e-03 -7.122888347821885189e-04
1.100346299488100862e-03 -1.217470740233232360e-04
9.236186244762994123e-04 6.197019806021712490e-04
6.058993628437767467e-04 1.388527491428826312e-03
1.916465177744373807e-04 2.053599016187575288e-03
-2.559479299906709197e-04 2.500761071322948198e-03
-6.666432459834190387e-04 2.654255782619260959e-03
-9.761785802101795610e-04 2.490941940214158688e-03
-1.138184391165087284e-03 2.044621182208437513e-03
-1.132727336067925047e-03 1.399653563697621618e-03
-9.698763697397007116e-04 6.750710995672426495e-04
-6.876199927607966290e-04 2.195363757137884161e-06
-3.445335345100148110e-04 -5.000064220369029259e-04
-8.588663018701430448e-06 -7.471657145041322307e-04
2.557730795753422929e-04 -7.051520686323613099e-04
3.998531382492730136e-04 -3.961542100353687788e-04
3.998817167530503464e-04 1.059397640787121831e-04
2.614371450359310707e-04 6.899785374821110640e-04
1.826304001545446228e-05 1.229056228606094630e-03
-2.742907885301357771e-04 1.605010136381470600e-03
-5.499587997866888303e-04 1.731258039028035420e-03
-7.443535002566140264e-04 1.569640000412929424e-03
-8.074354039250828449e-04 1.138065206704253277e-03
-7.132926202353641809e-04 5.075059763938906529e-04
-4.653723072670224023e-04 -2.111010213835186507e-04
-9.616690704751897686e-05 -8.875742387836801353e-04
3.385923061177783426e-04 -1.396911133202920078e-03
7.701420157585089996e-04 -1.642797374359618486e-03
1.129368501181769648e-03 -1.575753947444325084e-03
1.359569916014833138e-03 -1.202488392097824082e-03
1.426889460351960740e-03 -5.846801942046137273e-04
1.326450284823075133e-03 1.725707532304510301e-04
1.083036262004070244e-03 9.404481241492365510e-04
7.461947883231376082e-04 1.590549052216494496e-03
3.806931442140709513e-04 2.018876901279477009e-03
5.413883178450836550e-05 2.165161199657710586e-03
-1.758896658441280259e-04 2.023854997350253010e-03
-2.727635729703998353e-04 1.644736741593205839e-03
-2.277078165674142245e-04 1.123012876801596661e-03
-6.138177392428609443e-05 5.808059007141407439e-04
1.801608243383499234e-04 1.435440198961767267e-04
4.343651685192536521e-04 -8.426606130984841576e-05
6.342343070495958315e-04 -3.928510614357571401e-05
7.212659916731367421e-04 2.882377445220768008e-04
6.568127122068067670e-04 8.522305783640117842e-04
4.297081462109558314e-04 1.559182592329772790e-03
5.870969898376062531e-05 2.285566351191903409e-03
-4.107119866549667313e-04 2.901005843372510620e-03
-9.146354922834822217e-04 3.292808359739611730e-03
-1.382445474372176030e-03 3.387218423023176384e-03
-1.749864563107657138e-03 3.163371021556979183e-03
-1.970799283619050629e-03 2.657302080500187087e-03
-2.025763128443746394e-03 1.955255051409545385e-03
-1.925287473089346479e-03 1.177547608489521065e-03
-1.707679398481477557e-03 4.560483014864830445e-04
-1.431555111673595004e-03 -9.047847661083972641e-05
-1.164566029351566225e-03 -3.784984857623193734e-04
-9.704545842834448035e-04 -3.751238154488037435e-04
-8.968921271185778619e-04 -1.039097979547180459e-04
-9.664022445779472991e-04 3.600547852460218032e-04
-1.172087645032808025e-03 9.048239883792446800e-04
-1.478968295286548461e-03 1.403247879308437522e-03
-1.830675142190309147e-03 1.737492080361001260e-03
-2.160228880018912924e-03 1.821770769214294807e-03
-2.402859009088117222e-03 1.618979110058382537e-03
-2.508431483289347980e-03 1.148067025383298773e-03
-2.451126844732035709e-03 4.807503344964524040e-04
-2.234530967844348265e-03 -2.718245815788732133e-04
-1.891168889374815476e-03 -9.799428090911366761e-04
-1.476564271093852750e-03 -1.519763211728506836e-03
-1.058943625775020467e-03 -1.796715124828254448e-03
-7.065292602342850871e-04 -1.763419895286677487e-03
-4.748217701807930019e-04 -1.428742790234306149e-03
-3.962753434409275761e-04 -8.562586170745759397e-04
-4.743166202700689399e-04 -1.524173269545956821e-04
-6.828360873097842187e-04 5.533552946251755512e-04
-9.712455265325746229e-04 1.132860979736358305e-03
-1.274141941307695971e-03 1.483061665940355088e-03
-1.523747016880966018e-03 1.545218976982450131e-03
-1.662766508981937310e-03 1.315626217252130210e-03
-1.655235312272718227e-03 8.459109743920796738e-04
-1.493296208424746939e-03 2.328613884306541561e-04
-1.198631033675358641e-03 -4.002872538322192796e-04
-8.182762818492465753e-04 -9.275522872036396672e-04
-4.156190937484267661e-04 -1.244392879040451955e-03
-5.828271030372121804e-05 -1.287799853872848574e-03
1.948001250257401593e-04 -1.048474477749683758e-03
3.046732521868041966e-04 -5.727836293716613352e-04
2.598605425992854849e-04 4.588409901946021666e-05
7.866075806636855768e-05 6.847284919774377461e-04
-1.942058195355614856e-04 1.214781860198958351e-03
-4.959689350544217550e-04 1.525386728358291751e-03
-7.576175022623499091e-04 1.545271349901597251e-03
-9.169143825974343217e-04 1.256229914855771200e-03
-9.301559609864502474e-04 6.968130327500655832e-04
-7.804526476158856699e-04 -4.467587516456911169e-05
-4.809643999081961965e-04 -8.465590887108076718e-04
-7.247975799229286952e-05 -1.576444887144246715e-03
3.842029703524626528e-04 -2.115888054792788159e-03
8.196504572771971201e-04 -2.382391036859848269e-03
1.168772852718918476e-03 -2.344590239409044367e-03
1.382951066337619744e-03 -2.027762596332649721e-03
1.439019872419418974e-03 -1.508620351656658667e-03
1.343409975036696400e-03 -9.003899908257993658e-04
1.130669474974638558e-03 -3.310104161701997189e-04
8.566499857552329917e-04 8.141242516636229380e-05
5.876533230325950777e-04 2.512387196824303857e-04
3.875998609987739863e-04 1.417232381178250029e-04
3.056544211809458442e-04 -2.278773273963459554e-04
3.666589661473947928e-04 -7.858681633426491987e-04
5.661898066363583309e-04 -1.421679206291093060e-03
8.711811454442958819e-04 -2.006860112264541481e-03
1.226002423960566865e-03 -2.419531453600846926e-03
1.562843752624374456e-03 -2.567660193871500705e-03
1.814447334179695700e-03 -2.406748494568758563e-03
1.926777818491562898e-03 -1.948581185017224642e-03
1.869235229487408150e-03 -1.259368814814337606e-03
1.640478471267294838e-03 -4.476298460710003216e-04
1.268757547113427177e-03 3.559026858961467999e-04
8.066913540804066017e-04 1.022555448842543072e-03
3.214785921785834463e-04 1.449584422907726705e-03
-1.176069659062061725e-04 1.579131244594583414e-03
-4.520723764390145944e-04 1.408688117534176573e-03
-6.449825457596304124e-04 9.911008019471310646e-04
-6.876227707574699300e-04 4.241197206288634222e-04
-6.007909791665180755e-04 -1.685124023229870476e-04
-4.304812953908554668e-04 -6.608463041622588373e-04
-2.387830052515727843e-04 -9.488736048181698650e-04
-9.172526300149381334e-05 -9.704569299115354359e-04
-4.637637073503261646e-05 -7.172637240389378478e-04
-1.396476259833431908e-04 -2.364403495712556020e-04
-3.809288479444185608e-04 3.782926743807709150e-04
-7.499568958167009570e-04 1.004438699694958298e-03
-1.200327216211931987e-03 1.514045059204584265e-03
-1.667989403307764285e-03 1.798126827948448884e-03
-2.083123357757453529e-03 1.787565232749855487e-03
-2.383151720859818471e-03 1.466517717773848034e-03
-2.524428210163298658e-03 8.757931961627133874e-04
-2.490391219784020629e-03 1.055448725579387218e-04
-2.294640308682430012e-03 -7.213453024671960100e-04
-1.978353474357118225e-03 -1.472054758373268681e-03
-1.602533598454860923e-03 -2.028477002391025630e-03
-1.236550486659854014e-03 -2.309089349776533538e-03
-9.451453449225653272e-04 -2.283902240127256168e-03
-7.763547387629192616e-04 -1.979670417846910932e-03
-7.526361437098487038e-04 -1.474389627608887381e-03
-8.668702550507228913e-04 -8.821304754960226143e-04
-1.083991220831090254e-03 -3.310897596894711754e-04
-1.347929862010865346e-03 6.097734209038296709e-05
-1.592548618374685712e-03 2.092862454492199105e-04
-1.754490957356570581e-03 7.824261905907230197e-05
-1.785505453492941715e-03 -3.117215350811157470e-04
-1.661904331439270632e-03 -8.879912754118403362e-04
-1.389359105488961483e-03 -1.539563710898087879e-03
-1.002119251997220500e-03 -2.138180767257968039e-03
-5.567963584691067473e-04 -2.562794929073144122e-03
-1.218858464989047881e-04 -2.722730552623028530e-03
2.349938105817024180e-04 -2.575148930856704411e-03
4.597314363561240923e-04 -2.133502602262277170e-03
5.218339248022089635e-04 -1.465369475488129125e-03
4.201044260584719517e-04 -6.800673680122077498e-04
1.828132622591729147e-04 9.161603847456097852e-05
-1.376712877756463746e-04 7.217502962418740828e-04
-4.747771253952024796e-04 1.109050757615752565e-03
-7.602762853277779485e-04 1.197634863586768007e-03
-9.371139186419491290e-04 9.872048665635296903e-04
-9.700930237382210213e-04 5.327384395082909209e-04
-8.523962580689449595e-04 -6.624559440014237419e-05
-6.067148830745630779e-04 -6.848063311126034161e-04
-2.807763690763825709e-04 -1.196458185616127790e-03
6.187700299900190264e-05 -1.497280568901906842e-03
3.541069234368125589e-04 -1.525691304852734662e-03
5.380761195344902327e-04 -1.274137875674805293e-03
5.763763755386537482e-04 -7.904925217931401153e-04
4.592754700048056740e-04 -1.688883676135725985e-04
2.067063151928408716e-04 4.682653800725396741e-04
-1.353823088789658877e-04 9.936794025279160805e-04
-5.036257612389539833e-04 1.299555668053978003e-03
-8.291684764631834965e-04 1.318312565426772113e-03
-1.050657650631655520e-03 1.035731391525030951e-03
-1.125846282802810041e-03 4.940259024242948374e-04
-1.039608618825833483e-03 -2.157560136834902123e-04
-8.068494697540450154e-04 -9.705700054372216629e-04
-4.697548528330719735e-04 -1.638274493386514047e-03
-8.990204780029163235e-05 -2.102265899602304838e-03
2.632802258644901562e-04 -2.283195278740516795e-03
5.255203647797392075e-04 -2.153663816517684300e-03
6.497224718017376903e-04 -1.743123284992066039e-03
6.147241555911552805e-04 -1.132061182794153690e-03
4.291404313615237043e-04 -4.365779895361540847e-04
1.295712044502414419e-04 2.137181792644440035e-04
-2.264829255896701394e-04 7.003103869356845515e-04
-5.716499611583889104e-04 9.382054674220064892e-04
-8.415675881942958833e-04 8.919524804391035407e-04
-9.871724835751804691e-04 5.822152303136431247e-04
-9.840668430582486664e-04 8.165719368492287134e-05
-8.371851544142188805e-04 -4.990776161562973223e-04
-5.798748285794320338e-04 -1.032627595120460661e-03
-2.675628026853715097e-04 -1.399387165963495968e-03
3.279379810033130217e-05 -1.510548864513691549e-03
2.554756912683685179e-04 -1.325341797751324914e-03
3.485699000921359324e-04 -8.591925345149641329e-04
2.839572665550019670e-04 -1.812527855476109740e-04
6.282543764230387549e-05 5.982486741975267001e-04
-2.843398583020383184e-04 1.348445654540796328e-03
-7.032876877586160397e-04 1.942206029684152412e-03
-1.126016092128745471e-03 2.279830327088405023e-03
-1.483376784626158759e-03 2.307599366895137123e-03
-1.717889529078947975e-03 2.027667233397273654e-03
-1.794345984728212742e-03 1.497433414029890938e-03
-1.706201534505324838e-03 8.185186738144740104e-04
-1.476551171484304613e-03 1.174362404456849064e-04
-1.153510883756233727e-03 -4.783792508641094557e-04
-8.008850055612145614e-04 -8.646452628812441570e-04
-4.858921756051777811e-04 -9.798497958967249122e-04
-2.662789419779746812e-04 -8.167024500258129351e-04
-1.792653372634993129e-04 -4.232538609468735344e-04
-2.344191032433812173e-04 1.065229768664367077e-04
-4.118105137045327178e-04 6.508992490106386367e-04
-6.657989564675746274e-04 1.083856867205949424e-03
-9.337351068107213907e-04 1.299402583280537433e-03
-1.147930769511527329e-03 1.232115905563667662e-03
-1.248628731839847078e-03 8.700295503824464604e-04
-1.195514621924323190e-03 2.573925908526246984e-04
-9.755878703740565551e-04 -5.132179858912559517e-04
-6.058973605914100193e-04 -1.317954629919530687e-03
-1.306188840674963627e-04 -2.024706316565488915e-03
3.869778443354014458e-04 -2.517708999006128701e-03
8.761578128546230419e-04 -2.719108584844017427e-03
1.271749825743204252e-03 -2.603401530397628574e-03
1.526116087710526013e-03 -2.202025458335423250e-03
1.617803025011812406e-03 -1.597235817151574939e-03
1.555242507240729320e-03 -9.064316827545200982e-04
1.374809667062710898e-03 -2.599005719710175072e-04
1.133611763214250777e-03 2.238034691019804168e-04
8.983797343872850730e-04 4.601878022283945307e-04
7.325714429390153305e-04 4.146304705319532775e-04
6.841335071117528354e-04 1.086819819186243298e-04
7.762431049354571620e-04 -3.843275505963904292e-04
1.002785986286735837e-03 -9.535367526457816899e-04
1.329429179692540172e-03 -1.471950409643756497e-03
1.700086533653326131e-03 -1.820924956048795276e-03
2.047553082719035314e-03 -1.913095575491047034e-03
2.306293838543991247e-03 -1.709393029665124547e-03
2.424963655437051453e-03 -1.226917167380454227e-03
2.376284764140224395e-03 -5.361653171259569105e-04
2.162407971851976803e-03 2.518703672516623619e-04
1.814737851447149625e-03 1.006303758127624756e-03
1.388249744548882437e-03 1.600762583105032940e-03
9.513687581735469096e-04 1.936990204223851351e-03
5.733207913235504076e-04 1.963179769358121707e-03
3.113439732496017364e-04 1.683575215369196958e-03
2.001751631794245357e-04 1.157525702031045236e-03
2.457953811399231575e-04 4.881754156049322312e-04
4.246117762735440119e-04 -1.970684724613591026e-04
6.882246502005283763e-04 -7.705918101935507530e-04
9.728709833999912415e-04 -1.128600616077951677e-03
1.211751001945359082e-03 -1.210573622924005725e-03
1.347899109537435604e-03 -1.010462148629401704e-03
1.345158212203409736e-03 -5.775232115631709871e-04
1.195176430986199037e-03 -6.635923440922544846e-06
9.190992527832132428e-04 5.800564845639760931e-04
5.636355129542698194e-04 1.056693376408810846e-03
1.922418561838450720e-04 1.317963486542788817e-03
-1.269044279782105458e-04 1.299486388540010582e-03
-3.338652653039624225e-04 9.904388571378968525e-04
-3.883779457957330442e-04 4.360248725570095812e-04
-2.775988574277399139e-04 -2.706885205056694301e-04
-1.868452789579916253e-05 -1.006033116565266915e-03
3.442833787601326566e-04 -1.638839344672193138e-03
7.484520053408973573e-04 -2.055007632568551981e-03
1.123891761093501499e-03 -2.178905128678877527e-03
1.406622709863691433e-03 -1.987541271856917841e-03
1.550512176162631992e-03 -1.514841472227446660e-03
