5.215888418994165223e-04 -4.611370537133468940e-04
6.620183420724206312e-04 -4.122081100924415730e-04
8.688421213931560392e-04 -2.691520419073907934e-04
1.080707490123846868e-03 -3.053067367646896020e-05
1.232735005984618177e-03 2.900711769837364040e-04
1.269369432569654801e-03 6.659932793541182118e-04
1.155492436790653277e-03 1.061875155900345469e-03
8.836797166755425408e-04 1.439645986873859789e-03
4.762150795219000175e-04 1.765011329428529951e-03
-1.853316538348965213e-05 2.013224947319969954e-03
-5.347002679800475899e-04 2.173069312896023456e-03
-1.000863632667026246e-03 2.248307042244318456e-03
-1.353082644962189801e-03 2.256343533483493122e-03
-1.546580677115961481e-03 2.224367906666733109e-03
-1.563865849184592439e-03 2.183715270058991798e-03
-1.417759768681214590e-03 2.163528290379295761e-03
-1.148765820785795609e-03 2.184926653572759076e-03
-8.172784636702077558e-04 2.256794591564316530e-03
-4.921098669361835543e-04 2.373987905494100419e-03
-2.375055666771687824e-04 2.518301347326623758e-03
-1.011049794956686825e-04 2.662012087345626016e-03
-1.051218551092042690e-04 2.773324780928348651e-03
-2.424083223585491971e-04 2.822681331026926851e-03
-4.781399090244666319e-04 2.788732502251826863e-03
-7.567932158914734975e-04 2.662830552460049641e-03
-1.013084618109709716e-03 2.451180315653571709e-03
-1.184787451557498938e-03 2.174228050394645326e-03
-1.224988825189565755e-03 1.863389231704318076e-03
-1.111452969460123910e-03 1.555719532603016056e-03
-8.513058719435419005e-04 1.287522285003587716e-03
-4.801421342595723436e-04 1.088087075684811885e-03
-5.571170170328999918e-05 9.747296880942728833e-04
3.526287412297263190e-04 9.500579528926569525e-04
6.767118669221496062e-04 1.001967701782201670e-03
8.621885807186195193e-04 1.106357491130556016e-03
8.786051343648852881e-04 1.232037652786025384e-03
7.250254585216928550e-04 1.346895660156584859e-03
4.301374313420639871e-04 1.424144039423752475e-03
4.682440209598584535e-05 1.447463705851703870e-03
-3.577706119033271463e-04 1.414067139107328059e-03
-7.148090649871075529e-04 1.335102115688450259e-03
-9.665745153825517320e-04 1.233322689106955763e-03
-1.077122611810934832e-03 1.138473886152039640e-03
-1.038754289557941015e-03 1.081271700053689682e-03
-8.730952705543416816e-04 1.087127974114400920e-03
-6.265874090437509748e-04 1.170819887899931556e-03
-3.612564505373408994e-04 1.333126443929444002e-03
-1.425158236569999855e-04 1.560083132753751220e-03
-2.632766373615624041e-05 1.825011078502483241e-03
-4.816402892238538271e-05 2.092952112866698113e-03
-2.158701599525738148e-04 2.326685761986077745e-03
-5.077922526081129952e-04 2.493204300528973402e-03
-8.765345727856545125e-04 2.569434612829307914e-03
-1.257643766834544343e-03 2.546137170588650810e-03
-1.581583957006784703e-03 2.429256209283477564e-03
-1.786741596961210609e-03 2.238476105834196102e-03
-1.831002409758143625e-03 2.003266018597005087e-03
-1.699711328927194526e-03 1.757168310204313983e-03
-1.408509403396325955e-03 1.531416543965683115e-03
-1.000509816273197159e-03 1.349093437401720956e-03
-5.383452100353125708e-04 1.220934518645787684e-03
-9.258782321376450315e-05 1.143569212381319658e-03
2.712709780574805961e-04 1.100527184134562214e-03
5.048240230874782896e-04 1.065811886280741564e-03
5.854708070379248137e-04 1.009355010386194483e-03
5.202178688759758439e-04 9.033074653298275164e-04
3.438488255844112784e-04 7.279624284672656489e-04
1.118226285404327284e-04 4.761743179638190096e-04
-1.107427697287448722e-04 1.554213175201766162e-04
-2.619028235184652268e-04 -2.128953529774356109e-04
-2.950927028576491975e-04 -5.967992334244892269e-04
-1.883844037705195056e-04 -9.591158943303400037e-04
5.096919362750757486e-05 -1.263877221950455250e-03
3.875736709526766076e-04 -1.482554817213208639e-03
7.643276318083227572e-04 -1.598955635707854407e-03
1.113041180648204672e-03 -1.611864661067512975e-03
1.367233122897781828e-03 -1.534944106903770450e-03
1.474687361920675203e-03 -1.393916020578316213e-03
1.407392705780962684e-03 -1.221567298578728157e-03
1.166983842982932933e-03 -1.051526082387218902e-03
7.846511683002274119e-04 -9.119886898551596201e-04
3.155325308805528297e-04 -8.205830998749166598e-04
-1.713570636421245762e-04 -7.813373007026374901e-04
-6.057586593521608383e-04 -7.843198282463864158e-04
-9.289826488764928647e-04 -8.080115633168786842e-04
-1.104486626814991631e-03 -8.239486322836686930e-04
-1.124226652890787746e-03 -8.027444283125054550e-04
-1.009591911644976310e-03 -7.203361404412270304e-04
-8.067589226900787232e-04 -5.632575005830595463e-04
-5.773583463173437638e-04 -3.319230303345583515e-04
-3.862349150376202757e-04 -4.128515592444144443e-05
-2.886310562954881500e-04 2.812770333813441543e-04
-3.192332161551747439e-04 6.004540606480662616e-04
-4.851662355085107877e-04 8.790516942866852691e-04
-7.642723616288144353e-04 1.084455778879686453e-03
-1.109009404034003296e-03 1.194305276959131516e-03
-1.455236929533989870e-03 1.200310696756088161e-03
-1.734232034584403531e-03 1.109504210129576155e-03
-1.885662763282016773e-03 9.426918003816269192e-04
-1.869063869289214631e-03 7.304051348748615479e-04
-1.671641137033457467e-03 5.071217571013502800e-04
-1.310923643165676179e-03 3.048475513283473593e-04
-8.317569550827615859e-04 1.472737070440663181e-04
-2.982000078805706377e-04 4.560924732194320203e-05
2.181482623386441205e-04 -3.129338119782596340e-06
6.511919118333846972e-04 -1.505716913132658071e-05
9.522919485718513502e-04 -1.580123127857796083e-05
1.098879873428323245e-03 -3.502047186931825048e-05
1.098112727756645791e-03 -1.001180040800733078e-04
9.848909587656495390e-04 -2.303517068369617411e-04
8.146279816087366281e-04 -4.324747338181439654e-04
6.521539141773331598e-04 -6.987480115256416730e-04
5.588674596553307259e-04 -1.007717512326092562e-03
5.805808251486716410e-04 -1.327625015921003477e-03
7.383702610276814777e-04 -1.621821473058235015e-03
1.024174368210783136e-03 -1.855171584743930003e-03
1.401981800099482605e-03 -2.000248895715391224e-03
1.814389943169772553e-03 -2.042158472512316681e-03
2.193297367778786026e-03 -1.981082005730353153e-03
2.472708256606570738e-03 -1.832069197471376679e-03
2.601225237665482758e-03 -1.622118382893666944e-03
2.551864163225188616e-03 -1.385100229401110741e-03
2.327329573932226340e-03 -1.155484338346239289e-03
1.959747223210672566e-03 -9.620527962247222469e-04
1.504897760513149900e-03 -8.227847831258146456e-04
1.032035170932539114e-03 -7.418723180818584612e-04
6.112081004812520285e-04 -7.094216189902594494e-04
3.004738152009411422e-04 -7.038842612970353310e-04
1.354139895005666882e-04 -6.967440106884863465e-04
1.229251234681914742e-04 -6.585570445778977326e-04
2.404467718236681911e-04 -5.651863400331507987e-04
4.407612106114284340e-04 -4.030339379839245422e-04
6.614435977207733242e-04 -1.722646079045246138e-04
8.371617620243691727e-04 1.126048144925149183e-04
9.124860729980852287e-04 4.248765680913499246e-04
8.527743697126274197e-04 7.302059481998758681e-04
6.510627123859810380e-04 9.926516958124729541e-04
3.296504719628882214e-04 1.181107566770919944e-03
-6.392550922011939498e-05 1.274905773384505531e-03
-4.657688152540483822e-04 1.267537681797316958e-03
-8.076740001572205695e-04 1.167791354298482100e-03
-1.030067751153600436e-03 9.980922246247249732e-04
-1.093388110164688395e-03 7.903602908222168285e-04
-9.857430817233970091e-04 5.801649728930383587e-04
-7.253926876469915909e-04 4.002787208152522726e-04
-3.575771033376890819e-04 2.748420679513337100e-04
5.371731600669284634e-05 2.152350328241351015e-04
4.375049537141719987e-04 2.184249251058254892e-04
7.288473423451017263e-04 2.680902488779426853e-04
8.807401640476774339e-04 3.382936069168046632e-04
8.726017817962683238e-04 3.989930683632812291e-04
7.137677402831944708e-04 4.223329323792483336e-04
4.413409789069027214e-04 3.885072092994325613e-04
1.128156322637946475e-04 2.900703944947529648e-04
-2.051189636159431802e-04 1.338648237741237891e-04
-4.494652683722805825e-04 -5.981375935338566349e-05
-5.730478509034308632e-04 -2.606665050658322569e-04
-5.535840652777844571e-04 -4.338147728190132964e-04
-3.979730646241447191e-04 -5.461781486060056758e-04
-1.409882305438668062e-04 -5.726059959725424055e-04
1.613804198866295651e-04 -5.006057853299160018e-04
4.426724469629471966e-04 -3.327747672341560179e-04
6.387544194215318515e-04 -8.647398103659047533e-05
7.002409772826497479e-04 2.091967021453528539e-04
6.021814884769813303e-04 5.185551636499504411e-04
3.491704148891450047e-04 8.056565909564072621e-04
-2.509542447738937095e-05 1.040589271625360192e-03
-4.637392651990814040e-04 1.204566302466720086e-03
-8.969964614816878807e-04 1.292862496769943848e-03
-1.254939470895358351e-03 1.315055059393754541e-03
-1.480238715627027728e-03 1.292538033120353225e-03
-1.538555509411945396e-03 1.253797241037127178e-03
-1.424611304351159399e-03 1.228356613571925798e-03
-1.162795586907146034e-03 1.240558089564550116e-03
-8.022079654396270998e-04 1.304368154731752561e-03
-4.070827388099215152e-04 1.420208706771740152e-03
-4.441721322112385413e-05 1.574425333089486938e-03
2.288470238729264352e-04 1.741505104397805684e-03
3.766576920300332898e-04 1.888633515161239427e-03
3.906457618406996950e-04 1.981735205752974648e-03
2.915920204481655363e-04 1.991859883635095554e-03
1.252891706600495138e-04 1.900707095880974128e-03
-4.641450342435785763e-05 1.704244073854867692e-03
-1.576896120348586939e-04 1.413729422174740983e-03
-1.516257390815757382e-04 1.053944124558012577e-03
8.493458778732710865e-06 6.589577170389353342e-04
3.316845914277337772e-04 2.662219314764229829e-04
7.969603904749001213e-04 -8.990124093546795255e-05
1.356675372051361619e-03 -3.839647997341739971e-04
1.944900658582453604e-03 -6.035269475376146223e-04
2.489255600426047536e-03 -7.507475689013138210e-04
2.923969548140763035e-03 -8.412052327177582927e-04
3.201714129923613136e-03 -9.001756490493194101e-04
3.301978790614968576e-03 -9.570931603563550454e-04
3.234416142351616112e-03 -1.039260452339240900e-03
3.036535087968614960e-03 -1.166013182872690547e-03
2.766188601152862452e-03 -1.344458889313188826e-03
2.490287138370488994e-03 -1.567609931543782189e-03
2.271881634348673316e-03 -1.815275139790624047e-03
2.158066938286197587e-03 -2.057550475762061262e-03
2.170999304123991461e-03 -2.260254706646766011e-03
2.303729957913867171e-03 -2.391285466077920554e-03
2.521642872573182700e-03 -2.426694349537796783e-03
2.769221756540583314e-03 -2.355330368212721695e-03
2.980860238286703410e-03 -2.181169615923832933e-03
3.093661775857574521e-03 -1.922884598043845704e-03
3.059797305641615700e-03 -1.610726919526758814e-03
2.856070802760592858e-03 -1.281303506033772306e-03
2.488870268737780958e-03 -9.712234225040846779e-04
1.993554393115236356e-03 -7.108045759866116978e-04
1.428378029375632682e-03 -5.190169975490251195e-04
8.640933130320503901e-04 -4.006043806438362091e-04
3.711819820629086919e-04 -3.459125964936341944e-04
7.123189804115613762e-06 -3.334411883896647296e-04
-1.939051496401459447e-04 -3.346184428803357716e-04
-2.269534922726652382e-04 -3.198801402950695412e-04
-1.167450199033115508e-04 -2.648861232137631242e-04
8.743713174666960057e-05 -1.556839562437496499e-04
3.214433772539953822e-04 8.170129064292454540e-06
5.186898457656408112e-04 2.131341841728230657e-04
6.229703959136723233e-04 4.339458681495063103e-04
5.992196717778435410e-04 6.382070873765259469e-04
4.401883376132344552e-04 7.924233160691810263e-04
1.677676440346930159e-04 8.683550191057246145e-04
-1.712844241433133347e-04 8.484769755159842072e-04
-5.144012481004135284e-04 7.295077370255034603e-04
-7.953281362931325814e-04 5.233345090982525691e-04
-9.570021481973205006e-04 2.551497338625825523e-04
-9.627428963410543774e-04 -4.085833237930914207e-05
-8.036247722278892346e-04 -3.274572844085553739e-04
-5.006232454373613604e-04 -5.708511407252368428e-04
-1.011168261362789327e-04 -7.464774059962877521e-04
3.296052757633851217e-04 -8.430383466264774681e-04
7.202341010878032107e-04 -8.640188945877212093e-04
1.006490973350744264e-03 -8.264194435758248376e-04
1.142876988613956892e-03 -7.569587071926276584e-04
1.110907685777449321e-03 -6.864800277390315040e-04
9.222829946450210401e-04 -6.436335476727350798e-04
6.164002083625171480e-04 -6.490423327774642870e-04
2.526873548197303208e-04 -7.110672091909317353e-04
-1.007865609392260111e-04 -8.239804402829749904e-04
-3.802647732802172061e-04 -9.689001300130948777e-04
-5.383655817688009527e-04 -1.117312198987946859e-03
-5.529714331975479034e-04 -1.236514405479290524e-03
-4.312637424813425021e-04 -1.295950471859202242e-03
-2.081439070705846483e-04 -1.273231377723913014e-03
6.065435797116610906e-05 -1.158697741513095483e-03
3.094495016887168805e-04 -9.576512291238417629e-04
4.754234366794021565e-04 -6.898222744719976303e-04
5.109237072322696423e-04 -3.861629392808376858e-04
3.929161389267922608e-04 -8.355877581586211643e-05
1.277865864452695831e-04 1.815535002511615005e-04
-2.494292066789982024e-04 3.794692493562649743e-04
-6.812535404326907230e-04 4.922258766996918987e-04
-1.098248415185078611e-03 5.164064016150704799e-04
-1.431797029744002244e-03 4.632208896799135892e-04
-1.626774935321859995e-03 3.558647223416901584e-04
-1.651720500765682144e-03 2.246672694949860963e-04
-1.504586582423331383e-03 1.009615742411454093e-04
-1.212990521297722165e-03 1.084620187360838981e-05
-8.289196804612300159e-04 -2.997107877895579956e-05
-4.188977818465733209e-04 -1.926509356400769651e-05
-5.147490773169994833e-05 3.126891629553980910e-05
2.155911296219828552e-04 9.831594773646571859e-05
3.460378112940630112e-04 1.515438481240228034e-04
3.316635141213408766e-04 1.596330180615225546e-04
1.935190244623165735e-04 9.658570007718101117e-05
-2.249254365911466230e-05 -5.288789082972964123e-05
-2.547647768341597049e-04 -2.899366593666722345e-04
-4.381429172868527922e-04 -6.007510451350379140e-04
-5.167716587092767563e-04 -9.585292302249474612e-04
-4.551908984460643556e-04 -1.327869738128780288e-03
-2.455659960744571799e-04 -1.670774459516174114e-03
9.032899915454445372e-05 -1.953141697709188419e-03
5.047628866740784146e-04 -2.150536141752921668e-03
9.326538371100209258e-04 -2.252159293513909897e-03
1.303512028474429355e-03 -2.262283934304976183e-03
1.554466702458504133e-03 -2.198895349409982908e-03
1.641919254949247408e-03 -2.089809555082299333e-03
1.549622600739301685e-03 -1.967014858905857897e-03
1.291662069680892845e-03 -1.860317631533209629e-03
9.097767127173327951e-04 -1.791502859287339572e-03
4.655296736680021412e-04 -1.770120342661997545e-03
2.880967134626772307e-05 -1.791697204936905635e-03
-3.351616395896007353e-04 -1.838715453940875438e-03
-5.778607150234456443e-04 -1.884167223943469197e-03
-6.762598278069473570e-04 -1.897009706504478900e-03
-6.367336721074674495e-04 -1.848479630995339407e-03
-4.933447970870178615e-04 -1.718062118948744969e-03
-3.008435011969413909e-04 -1.497972124353387155e-03
-1.237196983959004096e-04 -1.195286539677545973e-03
-2.339259440376135514e-05 -8.313084513096090453e-04
-4.597707318519227843e-05 -4.382680463401508048e-04
-2.129566365735253769e-04 -5.396829200995630418e-05
-5.165422222309528667e-04 2.846276255318969757e-04
-9.206085011208562426e-04 5.476696411303811837e-04
-1.367042427293435397e-03 7.173833484539462926e-04
-1.786312998737446880e-03 7.907975001568286980e-04
-2.110270638311449731e-03 7.797342239194312002e-04
-2.284760928192188303e-03 7.080764681828299358e-04
-2.279670895678700612e-03 6.068409230699628974e-04
-2.094510368462975790e-03 5.079981483656651961e-04
-1.758474436196447990e-03 4.382166419587012651e-04
-1.324976088749505636e-03 4.137196428293979486e-04
-8.616831794715689233e-04 4.372303313622444331e-04
-4.379431279671916304e-04 4.975831575585446713e-04
-1.119714617282944764e-04 5.720716886816299036e-04
7.977684211705245859e-05 6.310827441201982257e-04
1.290492781664341181e-04 6.441313214964302161e-04
5.684133585869108503e-05 5.861433974847009851e-04
-9.114095158589872688e-05 4.427848087078596249e-04
-2.537298708500813470e-04 2.138133945585203306e-04
-3.664919391657232026e-04 -8.619542625450899516e-05
-3.745480948303126487e-04 -4.299030588709111100e-04
-2.435771417853529108e-04 -7.816696607402463977e-04
3.309430449129221151e-05 -1.103595382387163350e-03
4.326705186008675610e-04 -1.362013359573761417e-03
9.066906726044932953e-04 -1.533220657403466152e-03
1.389748523680936184e-03 -1.607376596586880145e-03
1.811486017032959851e-03 -1.589843510217489207e-03
2.109597586851839207e-03 -1.499727592692627143e-03
2.241388888769413942e-03 -1.365905779906853232e-03
2.191705640118970372e-03 -1.221298556555551430e-03
1.975733709096643732e-03 -1.096478508877839729e-03
1.636140801436035928e-03 -1.013827879645197308e-03
1.235099544831742141e-03 -9.833519910431810437e-04
8.426990084120726098e-04 -1.000939373942045683e-03
5.239336341802270768e-04 -1.049393689237565486e-03
3.267261451606204509e-04 -1.102035318396866722e-03
2.732436247425876858e-04 -1.128181735579036719e-03
3.561410493179790939e-04 -1.099458058031205698e-03
5.404324577233532304e-04 -9.957302836846797060e-04
7.706235483724095583e-04 -8.095237895703296174e-04
9.817427455055542825e-04 -5.480754503913928821e-04
1.112169412556273740e-03 -2.326151572115812180e-04
1.115817718294897587e-03 1.050031344178930463e-04
9.713570739145283104e-04 4.276987093615371312e-04
6.867118516665690880e-04 6.995830748311592136e-04
2.979778684330852603e-04 8.921996510524857812e-04
-1.370485693910005148e-04 9.894159815338329431e-04
-5.495118090542336874e-04 9.900539305569286755e-04
-8.722997594215497249e-04 9.077698594519586052e-04
-1.052589084951433517e-03 7.682154396998759453e-04
-1.061760150204617975e-03 6.040224206599008588e-04
-9.008052973950079990e-04 4.485643263942921109e-04
-6.002054580936072407e-04 3.296772174225919287e-04
-2.142956569991216178e-04 2.645269904631078603e-04
1.888182785173020970e-04 2.565912370160053162e-04
5.398887646040010767e-04 2.953210279304027013e-04
7.813176949759858452e-04 3.585384141402127799e-04
8.776969145450547790e-04 4.171054670838295390e-04
8.221122745048970630e-04 4.409688359634497462e-04
6.370286232475219374e-04 4.054218988857968440e-04
3.695997420032126396e-04 2.963842688091474810e-04
8.230312067501657086e-05 1.136837267336577380e-04
-1.593153411789303107e-04 -1.282964799794251759e-04
-2.994547295256287048e-04 -4.027431613299602446e-04
-3.029935708552877272e-04 -6.749242958961860573e-04
-1.624649676714185484e-04 -9.082460202798056442e-04
1.002571440609924367e-04 -1.070721949950450072e-03
4.378873843147319247e-04 -1.140641750769795905e-03
7.865358909541392317e-04 -1.110375753623602359e-03
1.077729554750563121e-03 -9.876033597333122409e-04
1.251373853327768541e-03 -7.937386221184502839e-04
1.267201693743116690e-03 -5.598548013705280249e-04
1.112540309354435701e-03 -3.208808670128194531e-04
8.049225764031521122e-04 -1.091676732933757172e-04
3.890434993649525956e-04 5.136156205215295940e-05
-7.136838331466772490e-05 1.493748757120055923e-04
-5.052336507785935632e-04 1.878291529163852362e-04
-8.471561021424708644e-04 1.828905653980750440e-04
-1.049350923714506469e-03 1.602943577006768385e-04
-1.090219777110868621e-03 1.498468266848494018e-04
-9.779611105994177097e-04 1.791252727090360481e-04
-7.485443260328335105e-04 2.675843856897531028e-04
-4.584435991662204378e-04 4.222010406364722470e-04
-1.735190867184673849e-04 6.354982840180427740e-04
4.383785913979882081e-05 8.863385208104330526e-04
1.468510125352694064e-04 1.143350914227620483e-03
1.134879468870171517e-04 1.370358205585423157e-03
-4.916538847365503964e-05 1.532788211699106368e-03
-3.061189101754241502e-04 1.603867136487223573e-03
-6.010562413117919323e-04 1.569431198994828899e-03
-8.670335030757662844e-04 1.430452519517589781e-03
-1.039274182293087930e-03 1.202805643618649629e-03
-1.067636330750884859e-03 9.143210769331905612e-04
-9.263884202908637382e-04 5.996833593677789679e-04
-6.194378641130912199e-04 2.941368088759024196e-04
-1.800154405621646613e-04 2.718537683456078010e-05
3.351330307961058910e-04 -1.825281502643439887e-04
8.559578355693457739e-04 -3.302038210902201714e-04
1.311796995021242106e-03 -4.251742495550671005e-04
1.644157379478643211e-03 -4.884609800954772384e-04
1.817178103235081530e-03 -5.480749983698773951e-04
1.823808303301751449e-03 -6.329670815649834047e-04
1.686543011943715531e-03 -7.667900075210583701e-04
1.452591060504804764e-03 -9.626705521401893607e-04
1.184402733722269120e-03 -1.219997892965880935e-03
9.473627155042207461e-04 -1.523852733287591040e-03
7.969895405289924512e-04 -1.847200569541484951e-03
7.680748919132344499e-04 -2.155447910749511836e-03
8.678272516441981523e-04 -2.412511285745649360e-03
1.074324489468503471e-03 -2.587260589298476417e-03
1.340572893503585517e-03 -2.659125349811422481e-03
1.603406629497490738e-03 -2.621808712955923677e-03
1.795543079544647484e-03 -2.484409800501890392e-03
1.858509918187351831e-03 -2.269743293670040390e-03
1.753992707558614354e-03 -2.010173224682744279e-03
1.471448914118209930e-03 -1.741746098138915143e-03
1.030539357170681073e-03 -1.497728028141339556e-03
4.779077331029078237e-04 -1.302761122911673180e-03
-1.210924261958696375e-04 -1.168735003452733281e-03
-6.941685280984211115e-04 -1.093142754057494686e-03
-1.175141250525588328e-03 -1.060218647544451361e-03
-1.515820245303113730e-03 -1.044627059731738014e-03
-1.694468169964028067e-03 -1.016988070368799032e-03
-1.719264036432092881e-03 -9.501769876702217087e-04
-1.626123462961333917e-03 -8.251883849434691644e-04
-1.471301349942384261e-03 -6.354379724180915599e-04
-1.320189574963227678e-03 -3.886720742455957367e-04
-1.234441640825574213e-03 -1.061084927284888639e-04
-1.259871636480237086e-03 1.810418712785355423e-04
-1.417426693073685091e-03 4.370256612626013818e-04
-1.698948428628818674e-03 6.279476139916395508e-04
-2.068530234831382920e-03 7.279166373829812483e-04
-2.469215760613012109e-03 7.237788954792093469e-04
-2.833770629404625419e-03 6.175444865024663863e-04
-3.097486207066658948e-03 4.260485251419128625e-04
-3.210587566308881723e-03 1.779086227240632380e-04
-3.147890922667731690e-03 -9.164973304140851479e-05
-2.913874931408497529e-03 -3.471269902122961753e-04
-2.542197072833633602e-03 -5.590522812193221211e-04
-2.089736818727627385e-03 -7.090726690244899318e-04
-1.626282504055878795e-03 -7.928778976263172341e-04
-1.221802848117237161e-03 -8.204208527377661233e-04
-9.337008837219129033e-04 -8.134069893297649458e-04
-7.964511811507186609e-04 -8.005437146722660510e-04
-8.155701023576478019e-04 -8.114650889401762253e-04
-9.670487993970807317e-04 -8.704978724836563101e-04
-1.202345025041165819e-03 -9.914644613554517323e-04
-1.457978245121227317e-03 -1.174521041427815590e-03
-1.667902118314873059e-03 -1.405642718999705176e-03
-1.776303923688482382e-03 -1.658864674285134367e-03
-1.748401245581659730e-03 -1.900864754247686816e-03
-1.577187139881031097e-03 -2.097027563386789917e-03
-1.284843938518525405e-03 -2.217847401247304701e-03
-9.185571651652209854e-04 -2.244460913924096329e-03
-5.415232094347429033e-04 -2.172262710228800575e-03
-2.208562866716131659e-04 -2.011917743144388693e-03
-1.468909711305850171e-05 -1.787574758033977276e-03
3.908405740883104645e-05 -1.532612748427165765e-03
-6.971758269410884869e-05 -1.283717301685177682e-03
-3.212923594643069935e-04 -1.074397995523002948e-03
-6.692333830414077091e-04 -9.291621727107704683e-04
-1.048923282689290378e-03 -8.594347892136350482e-04
-1.389368459649800193e-03 -8.619824060342931712e-04
-1.626243731996810911e-03 -9.201245755697745957e-04
-1.713689014016023596e-03 -1.007487770797836201e-03
-1.632635628709218486e-03 -1.093575624970447632e-03
-1.394096330192063846e-03 -1.150085749860613616e-03
-1.036805814315214453e-03 -1.156762825270230824e-03
-6.196670489142826329e-04 -1.105666604544716311e-03
-2.104408688530450097e-04 -1.003035084172605729e-03
1.271739580290543728e-04 -8.683801867331947472e-04
3.456199243450693167e-04 -7.309793065626384295e-04
4.224299449797819152e-04 -6.244213261657457830e-04
3.643517042171744375e-04 -5.802364126421780555e-04
2.058678414030950784e-04 -6.218148125242608116e-04
2.395618022514803681e-06 -7.597676187321286342e-04
-1.805410707910937358e-04 -9.896119121195388023e-04
-2.801101717018714436e-04 -1.292224944328282041e-03
-2.485086417021695237e-04 -1.636989947314769532e-03
-6.249254145080274277e-05 -1.987048528204412873e-03
2.717152991832242660e-04 -2.305677508805454266e-03
7.190809964410609361e-04 -2.562596644956982236e-03
1.221866813393700539e-03 -2.739027900830891000e-03
1.710045975835537907e-03 -2.830564118548120796e-03
2.114065513434200145e-03 -2.847320077701401709e-03
2.377552530605036695e-03 -2.811353471180530299e-03
2.467569315482732138e-03 -2.751859836188723027e-03
2.380485867937697300e-03 -2.699066220165536809e-03
2.142367116319926837e-03 -2.677993707796712339e-03
1.803809410217329257e-03 -2.703282450939671882e-03
1.430210406930575726e-03 -2.776070070676586385e-03
1.089319478180655713e-03 -2.883523625415019501e-03
8.384288511965417483e-04 -3.001120745285839470e-03
7.136317499564607007e-04 -3.097252606438137545e-03
7.231803711028352271e-04 -3.139279241922107808e-03
8.461981803691323275e-04 -3.099890065325518543e-03
1.036985198222682442e-03 -2.962562070909822032e-03
1.234094066304357003e-03 -2.725076491506355034e-03
1.372449681908635005e-03 -2.400419949253434961e-03
1.396207462159840783e-03 -2.014889229358006288e-03
1.269904270244837877e-03 -1.603746422669772307e-03
9.857784121189592727e-04 -1.205233439438387587e-03
5.658598443707152110e-04 -8.540642747262145156e-04
5.842159008725503482e-05 -5.756113328490295496e-04
-4.705490783766138035e-04 -3.818700713309861766e-04
-9.492579799064756324e-04 -2.699492385563095941e-04
-1.313147999138418454e-03 -2.233558904780604351e-04
-1.516621808949466556e-03 -2.158157152835559704e-04
-1.541234559735641134e-03 -2.168900537740227970e-04
-1.398814832747155915e-03 -1.983120647629991844e-04
-1.128930941275256301e-03 -1.398298838107267582e-04
-7.911886517400454647e-04 -3.343980953980358987e-05
-4.538232061447072157e-04 1.148005291772591125e-04
-1.807482304700990580e-04 2.857285658775042102e-04
-1.951425992016871114e-05 4.506254343575309706e-04
7.544689306961398396e-06 5.766861469087616052e-04
-9.269623859490649497e-05 6.333741725395997113e-04
-2.857712906380394991e-04 5.984532490244237873e-04
-5.165399711617813059e-04 4.625479098777383132e-04
-7.200816736331004924e-04 2.313604861640467447e-04
-8.344957433492724208e-04 -7.488600186851982550e-05
-8.131716856437716957e-04 -4.246861904761529364e-04
-6.341936826950196745e-04 -7.805728904315242973e-04
-3.050856202872755606e-04 -1.105527595662263683e-03
1.380151713498980418e-04 -1.369283173885763212e-03
6.366123013870823334e-04 -1.553341723401820400e-03
1.120361523466171724e-03 -1.653773863973091078e-03
1.519860828824940151e-03 -1.681285455796031371e-03
1.779309132654993512e-03 -1.658554454138291877e-03
1.866647050175918032e-03 -1.615356486729953951e-03
1.779268709836225905e-03 -1.582415117162781423e-03
1.544230643668083845e-03 -1.585152609391150000e-03
1.212924041114957349e-03 -1.638533935553420284e-03
8.512231153478509726e-04 -1.743987600133015342e-03
5.269769173094677149e-04 -1.888991250113017557e-03
2.972128951340017927e-04 -2.049402982442552305e-03
1.974730467081274761e-04 -2.194096833213422717e-03
2.352977595942807925e-04 -2.291022127811096539e-03
3.890852522291837800e-04 -2.313534336971434166e-03
6.125350153956279041e-04 -2.245791386864364782e-03
8.438248832067177935e-04 -2.086184234391844951e-03
1.017773844667171738e-03 -1.848140881614018403e-03
1.078676403517686479e-03 -1.558138777224175354e-03
9.913664412693509558e-04 -1.251287889612106652e-03
7.484033435046577934e-04 -9.653057994309816600e-04
3.720072169970836500e-04 -7.340100385603127130e-04
-8.963563247125485786e-05 -5.815440740076034589e-04
-5.710094371319883021e-04 -5.184145564154142051e-04
-1.001223927109734339e-03 -5.400750165458790284e-04
-1.317034258851612800e-03 -6.283099394939157872e-04
-1.474469769716222137e-03 -7.551441789110410578e-04
-1.456877357321524017e-03 -8.885261101090714342e-04
-1.277862504773804187e-03 -9.986989440342007585e-04
-9.785752998232714363e-04 -1.064046414064532143e-03
-6.198576839780742904e-04 -1.075300826072966495e-03
-2.707392696907498053e-04 -1.037313907253676259e-03
4.541453660181519678e-06 -9.680547902902862135e-04
1.585363486933821396e-04 -8.950269342128106724e-04
1.693403582801431039e-04 -8.497868785416306647e-04
4.444713432751631714e-05 -8.616094046694378755e-04
-1.810143409580352008e-04 -9.515073988743943251e-04
-4.513188798262009129e-04 -1.127749427255135507e-03
-7.011167573707038046e-04 -1.383736066891732598e-03
-8.682493597005361491e-04 -1.698650746435030438e-03
-9.059706106830825272e-04 -2.040776518327257639e-03
-7.922482769094574490e-04 -2.372866068438305321e-03
-5.343722338178953559e-04 -2.658563799861746787e-03
-1.679857378661978821e-04 -2.868679550336971154e-03
2.492876373634092839e-04 -2.986141149239128750e-03
6.484245572054654540e-04 -3.008702364174899689e-03
9.617953129302921284e-04 -2.948906631574761510e-03
1.135755012939673866e-03 -2.831325077358186251e-03
1.140654257354939503e-03 -2.687601638970834109e-03
9.763778398735238704e-04 -2.550251259294040573e-03
6.723649096325174778e-04 -2.446390964096086060e-03
2.821070238579748146e-04 -2.392593950354056885e-03
-1.268357970852435133e-04 -2.391841720375825417e-03
-4.854141017933183877e-04 -2.433149586053379772e-03
-7.358865970638482808e-04 -2.493932275474675109e-03
-8.424199979459737544e-04 -2.544655247693887803e-03
-7.974924272348654468e-04 -2.554882380456119373e-03
-6.228974901173953138e-04 -2.499564341563220542e-03
-3.651695218121638314e-04 -2.364364665533864006e-03
-8.630761903670756746e-05 -2.149001326786446637e-03
1.484332565312700830e-04 -1.867956233459437589e-03
2.833602312792352085e-04 -1.548402654311350482e-03
2.833303763373039167e-04 -1.225726942682783295e-03
1.408161728170057025e-04 -9.374763940262326699e-04
-1.223003856524047502e-04 -7.168634370424149371e-04
-4.585549886608845656e-04 -5.870411161997800015e-04
-8.036338787119033655e-04 -5.572199056501754783e-04
-1.088366483118071272e-03 -6.213487040762092012e-04
-1.251713070037826668e-03 -7.595990912481845889e-04
-1.252292537814920104e-03 -9.423631351548635276e-04
-1.076270006990922862e-03 -1.136001306973290952e-03
-7.401112037119030344e-04 -1.309248048005519100e-03
-2.876805990705338587e-04 -1.439060487450247302e-03
2.177707106191922577e-04 -1.514803781404798402e-03
7.052156887541864184e-04 -1.539984017479101817e-03
1.108869311079040522e-03 -1.531206420984676389e-03
1.380157620729986203e-03 -1.514564259096291875e-03
1.496381707323511364e-03 -1.520152410528484129e-03
1.464447389501939614e-03 -1.575756508229960492e-03
1.318966586844878223e-03 -1.700926259863647701e-03
1.115102731400516734e-03 -1.902570116592386049e-03
9.175281587345258776e-04 -2.172921384297199499e-03
7.875976983603368052e-04 -2.490277470925166860e-03
7.711802234509353799e-04 -2.822389110526683960e-03
8.894648016189684366e-04 -3.131874460477235972e-03
1.134494009689120814e-03 -3.382648973205060194e-03
1.470280758757054173e-03 -3.546168617139075670e-03
1.839306341669678631e-03 -3.606317992162742965e-03
2.173176847878914401e-03 -3.562029757449689318e-03
2.405425883515406333e-03 -3.427149361162886050e-03
2.484043189882272681e-03 -3.227578447953672030e-03
2.381358663456916228e-03 -2.996243258975977812e-03
2.099410052373438390e-03 -2.766843774180315074e-03
1.669775825185358924e-03 -2.567567790907990775e-03
1.147900826262926227e-03 -2.415958345448504605e-03
6.029832715911376782e-04 -2.315902081427301425e-03
1.053303242791904645e-04 -2.257302194884677933e-03
-2.864328317946404200e-04 -2.218488994567351449e-03
-5.358892139630227602e-04 -2.170900661923600046e-03
-6.351103768158678246e-04 -2.085135095675243449e-03
-6.055145533504185766e-04 -1.937212577502774990e-03
-4.931535869374266932e-04 -1.713847887152174752e-03
-3.593348263531481257e-04 -1.415717241316762944e-03
-2.683674313435965159e-04 -1.058084692456651198e-03
-2.747666572604427586e-04 -6.686525993687545463e-04
-4.123516406632962141e-04 -2.830267982337745679e-04
-6.873127137534823516e-04 6.136045618800796430e-05
-1.076571434563039975e-03 3.317335403079720458e-04
-1.531752912465756322e-03 5.056479086379649102e-04
-1.988025695872550156e-03 5.747926739349784294e-04
-2.376141028458138640e-03 5.462104563735244644e-04
-2.635395567912748090e-03 4.407104313840425015e-04
-2.725064818016473267e-03 2.887795833912317747e-04
-2.632142093428566174e-03 1.247684239943111051e-04
-2.373915419008522636e-03 -1.954830770140421553e-05
-1.994890315322376314e-03 -1.208195245353312227e-04
-1.558635248606227673e-03 -1.682721410969597632e-04
-1.136086271764998219e-03 -1.653926780194704205e-04
-7.925163568302063871e-04 -1.288271826553075508e-04
-5.756264859414524223e-04 -8.471909600069818123e-05
-5.070021304175297439e-04 -6.319142138148389027e-05
-5.785407514353793071e-04 -9.203222809189414311e-05
-7.545142283407191286e-04 -1.907943360134629202e-04
-9.788629914706744890e-04 -3.664421996974930517e-04
-1.186328171489067036e-03 -6.113862578210067355e-04
-1.315301817141355505e-03 -9.042927579035718328e-04
-1.319950681882709875e-03 -1.213530942377498076e-03
-1.179307667815427188e-03 -1.502619126539277931e-03
-9.016004696416077355e-04 -1.736651381728333702e-03
-5.229902821042402283e-04 -1.888499215771599236e-03
-1.009535374513682751e-04 -1.943623333659740254e-03
2.964442472837270064e-04 -1.902591612297247761e-03
6.033537544562580417e-04 -1.780831461544777087e-03
7.686019568903606179e-04 -1.605666025514006657e-03
7.654461870889567700e-04 -1.411195562574480127e-03
5.967719348088639528e-04 -1.231990964154287306e-03
2.947451441575730429e-04 -1.096788976988005487e-03
-8.502176014842323566e-05 -1.023376172390624665e-03
-4.736934885999584182e-04 -1.015621575490245707e-03
-8.018985758429601199e-04 -1.063209175345209128e-03
-1.012487207583671021e-03 -1.144108712517154453e-03
-1.070955543902688250e-03 -1.229303328238567352e-03
-9.715742331300388250e-04 -1.288864320184220959e-03
-7.380724166393018253e-04 -1.298207518081091272e-03
-4.187593373563150228e-04 -1.243331112698693340e-03
-7.701849817333796325e-05 -1.124027726102499406e-03
2.210151761375714037e-04 -9.544475701172513461e-04
4.192522996279624730e-04 -7.608919774321043061e-04
4.824886894715689142e-04 -5.772422513781912123e-04
4.032283760978651408e-04 -4.388781006985528169e-04
2.031927770699832724e-04 -3.762277817915091627e-04
-7.077322178186394607e-05 -4.091639037973536204e-04
-3.556247567167977524e-04 -5.433010011440917060e-04
-5.841801790006566440e-04 -7.688932722359873191e-04
-6.980377177351174177e-04 -1.062540992502596657e-03
-6.588959644084345672e-04 -1.391384734816594141e-03
-4.561290483066553301e-04 -1.718997848024275471e-03
-1.091749586483869864e-04 -2.011868344636348095e-03
3.357238207622839405e-04 -2.245251841938127914e-03
8.138200321585122195e-04 -2.407298179780300879e-03
1.253640996061030407e-03 -2.500682860032799916e-03
1.590028759173377649e-03 -2.541448282071349755e-03
1.775983966549468576e-03 -2.555289141471394580e-03
1.791083124126232468e-03 -2.572001051150771527e-03
1.644887679597006750e-03 -2.619159632542241919e-03
1.374711276447311906e-03 -2.716243051142397304e-03
1.038179128607132290e-03 -2.870326620784051201e-03
7.019985808074144344e-04 -3.074179641544290149e-03
4.290760593711739077e-04 -3.307138599085325883e-03
2.664272239354128179e-04 -3.538603626642660479e-03
2.361752516142663497e-04 -3.733506593467943342e-03
3.313456306671771524e-04 -3.858723785959135549e-03
5.172557232780094182e-04 -3.889225026699676385e-03
7.382360537035783385e-04 -3.812798585560950478e-03
9.284087901755001511e-04 -3.632458439390596691e-03
1.024478779065295889e-03 -3.366076793557282350e-03
9.781096062467626532e-04 -3.043307713158417173e-03
7.655340231116896516e-04 -2.700378246384043182e-03
3.925701516622275532e-04 -2.373724927543539170e-03
-1.059166467518594858e-04 -2.093670046931101099e-03
-6.720158868141508498e-04 -1.879322636673472951e-03
-1.235114090751935961e-03 -1.735655600011429441e-03
-1.724631869629532788e-03 -1.653297081769476359e-03
-2.082757751230052742e-03 -1.611059342763789546e-03
-2.274781168894563724e-03 -1.580709561095013137e-03
-2.295081290532881638e-03 -1.533062379846700067e-03
-2.167650285464331559e-03 -1.444224040590321931e-03
-1.941063595595001953e-03 -1.300789902313222949e-03
-1.678860044197521195e-03 -1.102996336109696249e-03
-1.447162343572649165e-03 -8.652166683297830407e-04
-1.301889481943059330e-03 -6.136953946057410259e-04
-1.277987981475126609e-03 -3.819397335619376240e-04
-1.382724865027910085e-03 -2.046333112514256653e-04
-1.594314128696055002e-03 -1.112189215544494552e-04
-1.866136625509285437e-03 -1.203624181364279315e-04
-2.135752161713093747e-03 -2.363454786019590094e-04
-2.336993248523463844e-03 -4.480722979513650662e-04
-2.412844565844354805e-03 -7.308828305414858187e-04
-2.326661665223568771e-03 -1.050836188190396080e-03
-2.069595313221330411e-03 -1.370662323122221393e-03
-1.662804952229565746e-03 -1.656266258619343160e-03
-1.154030292119216303e-03 -1.882566257743313034e-03
-6.091574618018981901e-04 -2.037574879481182221e-03
-1.003633531298344164e-04 -2.123965677345210530e-03
3.069305549643200673e-04 -2.157845117722238023e-03
5.658381187861878485e-04 -2.164978830630377975e-03
6.563048028850475323e-04 -2.175203277632659603e-03
5.883618316905103252e-04 -2.216097071745208071e-03
3.997334739251432595e-04 -2.307125552855255647e-03
1.482606899844033461e-04 -2.455381447668021980e-03
-9.941558110075567230e-05 -2.653740748346952467e-03
-2.807616308258525776e-04 -2.881793870706806683e-03
-3.493994447171274017e-04 -3.109384665124024193e-03
-2.840116587734883716e-04 -3.302093872106104215e-03
-9.241540248682510693e-05 -3.427633098905092258e-03
1.899658575550747502e-04 -3.461940549959598851e-03
5.069406911932248291e-04 -3.393823730820816863e-03
7.923991481564199128e-04 -3.227266994043865786e-03
9.831128436175084941e-04 -2.980961537358957532e-03
1.031054251338827136e-03 -2.685139096505318509e-03
9.128933346009626216e-04 -2.376299014904209497e-03
6.348628711683179660e-04 -2.090815413353434155e-03
2.320597914937944778e-04 -1.858621701609096963e-03
-2.376972880392911062e-04 -1.698153845563832266e-03
-7.043037437126078645e-04 -1.613494642135648513e-03
-1.098134394240150684e-03 -1.594244045379531382e-03
-1.362733919044387555e-03 -1.618124324969838880e-03
-1.465041146596805267e-03 -1.655811270950511248e-03
-1.401222298249952007e-03 -1.677061783160755520e-03
-1.197018676419006958e-03 -1.656963685171380148e-03
-9.025516925213525722e-04 -1.581111760912842779e-03
-5.825761388779542894e-04 -1.448718935575389177e-03
-3.040328215731293851e-04 -1.273064369673587931e-03
-1.232612537442855094e-04 -1.079186574794255369e-03
-7.529561725523440958e-05 -8.992535679278925711e-04
-1.672708411749651482e-04 -7.664843078033293762e-04
-3.771855087506573124e-04 -7.087724144086246948e-04
-6.582521517461097224e-04 -7.432220000722127235e-04
-9.480057766205981541e-04 -8.726351331504435477e-04
-1.180438894903081994e-03 -1.084623192963487040e-03
-1.298856844489372020e-03 -1.353519634066108288e-03
-1.267009600868718644e-03 -1.644743084674023595e-03
-1.076381661863007495e-03 -1.920797306265451714e-03
-7.482483504531331703e-04 -2.147785862914499983e-03
-3.300974205633264678e-04 -2.301222811333532813e-03
1.129183711337916867e-04 -2.370054580010392924e-03
5.098910266550455220e-04 -2.358147091570115313e-03
7.971855834163267020e-04 -2.282971920536412680e-03
9.301305428218591175e-04 -2.171755042617463851e-03
8.911663916408176346e-04 -2.055831242202574120e-03
6.929175795738966130e-04 -1.964285747678833852e-03
3.756131410376780744e-04 -1.918098101333807256e-03
-6.503381727213412237e-07 -1.925906402529894632e-03
-3.673348092083711857e-04 -1.982201251997288763e-03
-6.604105895436991787e-04 -2.068296469989868054e-03
-8.323779784108608238e-04 -2.155895528586537074e-03
-8.610863628332960165e-04 -2.212578684987669218e-03
-7.536847844661800737e-04 -2.208169624059692221e-03
-5.449615790692353273e-04 -2.120771420922091480e-03
-2.903947757808887729e-04 -1.941321887374642926e-03
-5.523792532997613518e-05 -1.675796526494308667e-03
9.828203820309681926e-05 -1.344630779208959379e-03
1.232198202476930508e-04 -9.794580909165031667e-04
-2.712524439608368816e-06 -6.177672214895148489e-04
-2.724366130280799370e-04 -2.964752196119301323e-04
-6.503693801722047318e-04 -4.561718462373597072e-05
-1.078704272175556606e-03 1.166684115725038356e-04
-1.487934270242808384e-03 1.869252476234597180e-04
-1.809635113592954463e-03 1.764235185334872677e-04
-1.989098155170536918e-03 1.084693384431106215e-04
-1.995429556322534867e-03 1.350207652304553007e-05
-1.827210869799649959e-03 -7.708008497188411669e-05
-1.512654920434730382e-03 -1.371870080663918873e-04
-1.104231456222177447e-03 -1.512009990391881709e-04
-6.687823117547792538e-04 -1.170548338380134556e-04
-2.749979247845519116e-04 -4.663692180976178802e-05
1.937531525624306382e-05 3.655428666379914636e-05
1.781784024775103859e-04 1.020611523761566118e-04
1.933241045503361426e-04 1.185384400426868685e-04
8.590203265562489999e-05 6.008966566152561598e-05
-9.829581843545999486e-05 -8.834023473353394551e-05
-2.979714034616822056e-04 -3.275477829463121398e-04
-4.484859534788529869e-04 -6.432890454996134221e-04
-4.946783787074095304e-04 -1.008295170171123268e-03
-4.018966068302451812e-04 -1.386719121779858782e-03
-1.631398384917991844e-04 -1.740187850330724914e-03
1.990538531439604592e-04 -2.034330577738240921e-03
6.363448319913090224e-04 -2.244563781785039250e-03
1.083258644214045311e-03 -2.360053849099769206e-03
1.469152397992218220e-03 -2.385122689265111937e-03
1.731224988690866114e-03 -2.337844679206336519e-03
1.826116302944071762e-03 -2.246113714184958237e-03
1.737906112427210119e-03 -2.141936498434981757e-03
1.481003353861002833e-03 -2.055042171662360521e-03
1.097382155607865180e-03 -2.007025729094247170e-03
6.486894793345503868e-04 -2.007139353925583951e-03
2.047182965771125870e-04 -2.050531333012262265e-03
-1.695736353463593018e-04 -2.119266254369474994e-03
-4.260459593579266546e-04 -2.185930984749917018e-03
-5.420965227772905817e-04 -2.219138775600701559e-03
-5.244777763160626220e-04 -2.189882007641140091e-03
-4.074959721754347329e-04 -2.077521139123271205e-03
-2.459453202897569197e-04 -1.874264285097008553e-03
-1.041272609744049835e-04 -1.587275919314103112e-03
-4.304706014534773716e-05 -1.238000715475427987e-03
-1.082255105113483521e-04 -8.588148244459677203e-04
-3.204471943702331960e-04 -4.876222845514481064e-04
-6.712105682656389644e-04 -1.614030883741365808e-04
-1.123754395727886036e-03 9.008194710594916209e-05
-1.619478451510004448e-03 2.492535541366288970e-04
-2.088554022489814976e-03 3.134191677621391437e-04
-2.462725137927135235e-03 2.947225735648221307e-04
-2.687885156050500313e-03 2.173599643252793279e-04
-2.734054185765954787e-03 1.126000929245569917e-04
-2.600873150485561586e-03 1.255995232408611221e-05
-2.317577313630715501e-03 -5.607915714276820191e-05
-1.937455440605298160e-03 -7.722135233528088991e-05
-1.527842941265464835e-03 -4.839503240829763023e-05
-1.157541015903609154e-03 1.889362405398451036e-05
-8.840393042440435707e-04 1.015561130752086082e-04
-7.429549328931255850e-04 1.696066856172951309e-04
-7.416795204097403373e-04 1.922419137073013936e-04
-8.584274587711194409e-04 1.441534637043258597e-04
-1.046854833887931203e-03 1.086679022270400485e-05
-1.245362595202210076e-03 -2.079186485709622599e-04
-1.389309966111270441e-03 -4.976348563729299799e-04
-1.423812688308072859e-03 -8.309435276231359399e-04
-1.314689926538231734e-03 -1.172245756493188983e-03
-1.055474494337222888e-03 -1.483765367576014935e-03
-6.691470510171299013e-04 -1.732069684291465865e-03
-2.042547907004358852e-04 -1.893807980839110191e-03
2.738604559015657500e-04 -1.959594899721676334e-03
6.950724307059018541e-04 -1.935315952595265858e-03
9.974520104649988936e-04 -1.840618658393912985e-03
1.138767586037561091e-03 -1.704883851726180823e-03
1.104330429177075978e-03 -1.561446726241305129e-03
9.097014715052670775e-04 -1.441166360195697072e-03
5.977470529597510946e-04 -1.366563512260116813e-03
2.305993536108256851e-04 -1.347636492315535490e-03
-1.219598149190558901e-04 -1.380144774067319172e-03
-3.954977032632486051e-04 -1.446680397216778451e-03
-5.428575015416934810e-04 -1.520317091170923438e-03
-5.427634930493712220e-04 -1.570136878249665021e-03
-4.034847708048706840e-04 -1.567576551396306864e-03
-1.608744361959565299e-04 -1.492379584844330358e-03
1.288331054839949566e-04 -1.337012467049195378e-03
4.000911882472051929e-04 -1.108694278139240718e-03
5.908685254621279465e-04 -8.286397193154753944e-04
6.547949367337242178e-04 -5.286432857074488834e-04
5.703142892778637497e-04 -2.456359780533465525e-04
3.451012540211259669e-04 -1.523048059869167720e-05
1.489630426607991588e-05 1.345367436980367346e-04
-3.630284640360807139e-04 1.880939578632188263e-04
-7.205420222527801448e-04 1.449384531105990092e-04
-9.914497149495745190e-04 1.947248182987595781e-05
-1.123991639690528595e-03 -1.618912508908337692e-04
-1.090678963508381893e-03 -3.658018594702254207e-04
-8.936052441406533388e-04 -5.582576368871901675e-04
-5.642247863521057151e-04 -7.109181490877079443e-04
-1.576359383357145395e-04 -8.062484210337563309e-04
2.575539794371978957e-04 -8.405260494640838390e-04
6.118703804148517816e-04 -8.241489684245459834e-04
8.477348069340939242e-04 -7.791948069010662349e-04
9.299432454541895496e-04 -7.347050877309974819e-04
8.518862567127551610e-04 -7.205999727139965252e-04
6.363448149819564371e-04 -7.613899246527206129e-04
3.307232543499629101e-04 -8.708901316997535655e-04
-2.365844091714542838e-06 -1.048954315696958971e-03
-2.973700903906830915e-04 -1.280862435223130771e-03
-4.985845495150049468e-04 -1.539494143111955421e-03
-5.710258858567344997e-04 -1.789891848748860741e-03
-5.073247484937565277e-04 -1.995363858832962210e-03
-3.293229947849217031e-04 -2.123985195249538001e-03
-8.406648431323078671e-05 -2.154276803964580347e-03
1.650529637403617706e-04 -2.078997576209808129e-03
3.503325628051040270e-04 -1.906338849399012540e-03
4.126931853291614148e-04 -1.658300627845593796e-03
3.130640414041283319e-04 -1.366560013026611644e-03
4.005937501478133104e-05 -1.066614715295173587e-03
-3.875106657149727119e-04 -7.913086351717027846e-04
-9.237765338855953058e-04 -5.649610335616754662e-04
-1.504007128227625046e-03 -3.992041306345099996e-04
-2.056326152636313992e-03 -2.913082418461702028e-04
-2.514739292854825670e-03 -2.253005165096215055e-04
-2.831017404985329035e-03 -1.756526107535760686e-04
-2.983198335998650183e-03 -1.128247324553636436e-04
-2.979110775207320302e-03 -9.600847241642202802e-06
-2.854266332995748865e-03 1.530007752661951864e-04
-2.664532338324401319e-03 3.813775304105553932e-04
-2.474985735554086682e-03 6.673934008623548780e-04
-2.347070890503641892e-03 9.892163263164038128e-04
-2.326504304895038542e-03 1.314799185301680643e-03
-2.434226580558578480e-03 1.607359890860869060e-03
-2.662123511143596813e-03 1.831836119583363058e-03
-2.974333476693319812e-03 1.961103877752350469e-03
-3.313898721075860497e-03 1.980791784714218060e-03
-3.613504284260129779e-03 1.891786597796685319e-03
-3.808272355715398242e-03 1.709960258292783815e-03
-3.848188598815789705e-03 1.463172349105846225e-03
-3.707804689535562203e-03 1.186115235308622153e-03
-3.391375131296220282e-03 9.139751485327521005e-04
-2.932449086234760818e-03 6.761042401919851877e-04
-2.387986182580834494e-03 4.908942168954312686e-04
-1.828100578930912795e-03 3.628124703869900556e-04
-1.323364002905734948e-03 2.821501789267570918e-04
-9.320596007630725915e-04 2.275166541901254733e-04
-6.897869635875402295e-04 1.705928415680784446e-04
-6.033730409059402406e-04 8.222810544931421052e-05
-6.502282016363151573e-04 -6.129055065312349936e-05
-7.832558517263151898e-04 -2.730005804226649769e-04
-9.403729444751919315e-04 -5.520656495594342562e-04
-1.056826426469978548e-03 -8.832386758714796081e-04
-1.077962296516417774e-03 -1.239102994205414782e-03
-9.700195356640961119e-04 -1.584681226962072077e-03
-7.268966454181925111e-04 -1.883551575890158279e-03
-3.716027766266455454e-04 -2.104323997758540243e-03
4.788629941030315930e-05 -2.226258516144799700e-03
4.675857788040620015e-04 -2.242968089147234431e-03
8.195779444706908275e-04 -2.163508716028976313e-03
1.044919276545171367e-03 -2.010651664924581125e-03
1.104931661321375234e-03 -1.816663711572418871e-03
9.887348532029841854e-04 -1.617390630702671746e-03
7.155872836969250604e-04 -1.445758085547126787e-03
3.315837680152516420e-04 -1.325912196972040078e-03
-9.867417452280110191e-05 -1.269099008138233238e-03
-5.038688491006422087e-04 -1.272051119072680056e-03
-8.189967795884717976e-04 -1.318173627973009488e-03
-9.971838221450443282e-04 -1.381290357997848241e-03
-1.018060295992991721e-03 -1.431225769165968709e-03
-8.911228287030269332e-04 -1.440149925882215675e-03
-6.534586158004750556e-04 -1.388469332548463624e-03
-3.622747078506781859e-04 -1.269132745286136480e-03
-8.365775728639364330e-05 -1.089521873754915188e-03
1.202976896248305521e-04 -8.705552308951136457e-04
2.035466941378656549e-04 -6.431624601172117664e-04
1.450472670969090794e-04 -4.427860609029791918e-04
-4.709092484990473355e-05 -3.029429110717193701e-04
-3.370513807302289691e-04 -2.490582023195210266e-04
-6.680769711171532501e-04 -2.937351792356615696e-04
-9.732758617772800788e-04 -4.343546508774054349e-04
-1.188418684747959619e-03 -6.534595702273302041e-04
-1.264299644070412867e-03 -9.218550465083843451e-04
-1.176315133493994114e-03 -1.203842307617764484e-03
-9.294387785085092731e-04 -1.463603236949850752e-03
-5.576421490854783494e-04 -1.671536227964316636e-03
-1.178609543396037210e-04 -1.809355066313723514e-03
3.203615642012985461e-04 -1.872998242613857240e-03
6.876044363802143785e-04 -1.872811849637607282e-03
9.272733361257716900e-04 -1.830986275267910404e-03
1.005885755084091806e-03 -1.776747352263198607e-03
9.190010453503134761e-04 -1.740227925161655191e-03
6.916835370187661642e-04 -1.746195420751672301e-03
3.734213356759939198e-04 -1.808837696195389087e-03
2.847220774402405832e-05 -1.928608130327873552e-03
-2.765274155407969120e-04 -2.091739735779225753e-03
-4.853375385658347972e-04 -2.272531087345321891e-03
-5.628499705730996778e-04 -2.437980115293189240e-03
-5.017481642937934080e-04 -2.553895090245698538e-03
-3.238293270927443076e-04 -2.591330076964604157e-03
-7.573923922945261433e-05 -2.532128231521640210e-03
1.800699223605872811e-04 -2.372522731272048296e-03
3.774420988315580318e-04 -2.124110421746040235e-03
4.593823644143630387e-04 -1.812008341413076781e-03
3.892406857324976475e-04 -1.470534465028640499e-03
1.580876772116214220e-04 -1.137220760259118448e-03
-2.131244699495971149e-04 -8.462806356341295681e-04
-6.770361705995565091e-04 -6.227546429633242864e-04
-1.168343664369035553e-03 -4.784286352963898026e-04
-1.615660905259944146e-03 -4.102820514596623638e-04
-1.954546320692774567e-03 -4.017443490481700818e-04
-2.139239878191278189e-03 -4.265056785117809775e-04
-2.150899616851258828e-03 -4.541444058843061124e-04
-2.000788864497402356e-03 -4.564905916241479892e-04
-1.727820425677167263e-03 -4.135060494233140822e-04
-1.390931266533646481e-03 -3.175543533954973299e-04
-1.057738578316460166e-03 -1.752405600875650408e-04
-7.916305376898569212e-04 -6.462423556629758471e-06
-6.397396315214233260e-04 1.591550115099395841e-04
-6.240773514060978053e-04 2.877717777660688137e-04
-7.375084540831016323e-04 3.477515224750482906e-04
-9.453246086943232346e-04 3.157712769621508686e-04
-1.192115059301884251e-03 1.814634064665479000e-04
-1.412627099019822139e-03 -5.029390613866624535e-05
-1.544551992621287376e-03 -3.598784434573091217e-04
