-7.188879312486861056e-05 -1.546203067142848039e-03
-5.258182127595169807e-04 -1.042185313916022676e-03
-1.036445676497301958e-03 -4.939571294478676275e-04
-1.500574456370675370e-03 5.603911562263030888e-06
-1.824487409199869372e-03 3.746698448376731272e-04
-1.941712219760138424e-03 5.578562365030435150e-04
-1.825617269900064402e-03 5.365685510055202530e-04
-1.494453388084913351e-03 3.323446899914122470e-04
-1.007887287842257687e-03 2.564431136503001873e-06
-4.556837223003288900e-04 -3.706574266621006546e-04
5.931980692234020431e-05 -6.962860736581171026e-04
4.407210734620822671e-04 -8.918896583247413849e-04
6.168489088886531689e-04 -8.995461679792277326e-04
5.543811837555220326e-04 -6.971158765167416709e-04
2.647050780303992611e-04 -3.027383941475031426e-04
-1.981860880141263041e-04 2.283037322259469349e-04
-7.478626997732099350e-04 8.137674087573389201e-04
-1.281771238002451640e-03 1.359755521065660272e-03
-1.700602013136538358e-03 1.778255117038936989e-03
-1.927046471195695710e-03 2.003591665730947678e-03
-1.920393740804538212e-03 2.004688336543308108e-03
-1.684203696832156649e-03 1.790812685045601758e-03
-1.265604496971763256e-03 1.409725313047922781e-03
-7.463481854943822009e-04 9.385827530501665832e-04
-2.273183500764745985e-04 4.693178394782643748e-04
1.905765041684402044e-04 9.126557979807477326e-05
4.255060065444430219e-04 -1.256768179405860515e-04
4.302004229132106849e-04 -1.441691722173099469e-04
2.008814265426888410e-04 3.365433762199485524e-05
-2.220492237712890296e-04 3.667756842937698256e-04
-7.616926107149873818e-04 7.832749480149206163e-04
-1.319251400896109946e-03 1.194187149895002426e-03
-1.792779020090452726e-03 1.510604555013954743e-03
-2.096527916489594225e-03 1.660780185131775950e-03
-2.177232012426504569e-03 1.603987804162116098e-03
-2.024238800477630180e-03 1.338507632155296057e-03
-1.671570971211963326e-03 9.022193021295894701e-04
-1.191525557086936613e-03 3.656835642591328012e-04
-6.810210333825599243e-04 -1.809830922208399717e-04
-2.432761810480382758e-04 -6.449608047802072967e-04
3.171132926078120556e-05 -9.481191571900846049e-04
8.419120932513443623e-05 -1.041660809431874416e-03
-1.040314190151651018e-04 -9.152460770514643691e-04
-5.061466982577545294e-04 -5.988728393309153929e-04
-1.055401966693659231e-03 -1.571570795946901052e-04
-1.657716126146065866e-03 3.229026505889422225e-04
-2.209457884346591357e-03 7.483607592937318361e-04
-2.617021857113396074e-03 1.037849798206321545e-03
-2.814496345791491026e-03 1.136879545741331828e-03
-2.776078094635521173e-03 1.028016488097155227e-03
-2.520884076897244360e-03 7.340202051351636800e-04
-2.109250092747621229e-03 3.133473347485963081e-04
-1.631218136440805086e-03 -1.511204575050545959e-04
-1.189393823998010843e-03 -5.679845150150287809e-04
-8.794214734761831957e-04 -8.548550042736624381e-04
-7.717757056045957374e-04 -9.541697461387870860e-04
-8.983191913655246257e-04 -8.443045663712959309e-04
-1.246173627440634330e-03 -5.438654943587724897e-04
-1.760066129782800626e-03 -1.083445951003498490e-04
-2.352708293433285712e-03 3.802323044734315892e-04
-2.921244088190104449e-03 8.287101580775563334e-04
-3.366653518028854888e-03 1.150348345740221647e-03
-3.612439108913215961e-03 1.281184392125963309e-03
-3.619057793200663314e-03 1.192121171732366154e-03
-3.391366033705901610e-03 8.944497282246269363e-04
-2.977668705507661561e-03 4.377618117607592505e-04
-2.460551945797847650e-03 -9.935360721241298253e-05
-1.941235852393469316e-03 -6.240699638749004586e-04
-1.520409897856203575e-03 -1.046746545756960765e-03
-1.279179814866528717e-03 -1.297719756662159491e-03
-1.263733387230561809e-03 -1.340286644770228523e-03
-1.476628109883006135e-03 -1.177426884613608140e-03
-1.876349500118739636e-03 -8.509957161581275988e-04
-2.385222486713649195e-03 -4.335465341398623716e-04
-2.904176408065395343e-03 -1.433778558070536750e-05
-3.331566256941151730e-03 3.178197679765253645e-04
-3.582484650516151291e-03 4.916210632367329358e-04
-3.604906012554386086e-03 4.669937236537714201e-04
-3.389604260786247686e-03 2.428887497317160776e-04
-2.971964373057345114e-03 -1.423458147562685220e-04
-2.425343320817002681e-03 -6.180838193438330805e-04
-1.847236288649951310e-03 -1.094688500712631641e-03
-1.340866723884396455e-03 -1.480419285681185918e-03
-9.956855140488536735e-04 -1.698778575215546165e-03
-8.704713426350137260e-04 -1.703014917551971992e-03
-9.822318858063122746e-04 -1.485036495143506399e-03
-1.303007226048562804e-03 -1.077046378487246875e-03
-1.765180650418946440e-03 -5.455882982066629847e-04
-2.274291211025937075e-03 2.087205227501912454e-05
-2.726922084728092711e-03 5.284819154650383273e-04
-3.030277817706300298e-03 8.955256586487034915e-04
-3.119743916227594137e-03 1.067624714967751543e-03
-2.971104469975002077e-03 1.027740456425875254e-03
-2.605105221897836831e-03 7.990918078389566822e-04
-2.083499168543477293e-03 4.404415146919238126e-04
-1.497324847359613430e-03 3.465037824333628506e-05
-9.496384290350705359e-04 -3.273263002433429540e-04
-5.359710071349279518e-04 -5.639628260637400813e-04
-3.262132011801410162e-04 -6.188828607907647999e-04
-3.513588365532691136e-04 -4.717920044133758727e-04
-5.976192409006233141e-04 -1.425474623150786106e-04
-1.009023843872211860e-03 3.124106815284708643e-04
-1.498015598832177966e-03 8.105948170353234963e-04
-1.962035610670520222e-03 1.258979876845377904e-03
-2.302956992525859344e-03 1.571553200176562665e-03
-2.445688208113186955e-03 1.685581995764799191e-03
-2.352423216616190450e-03 1.573518046129715594e-03
-2.029839901605902212e-03 1.248284490071867314e-03
-1.527883460021837092e-03 7.609418201668646580e-04
-9.303647670513199609e-04 1.911724653036464213e-04
-3.391534477873458554e-04 -3.676176472947087059e-04
1.450419746243737694e-04 -8.257636707142486550e-04
4.416684786322754019e-04 -1.114070512642492466e-03
5.055019975922947929e-04 -1.196643504400193327e-03
3.351280706869965874e-04 -1.077397498671927006e-03
-2.687474757533483451e-05 -7.990181507751531855e-04
-5.020819088926144159e-04 -4.345785669849230675e-04
-9.911559625421055564e-04 -7.340536069602379568e-05
-1.392736270851231088e-03 1.961229736042193438e-04
-1.622706670600617155e-03 3.035818067489765753e-04
-1.630190911756406597e-03 2.100842085622332692e-04
-1.407245486129356064e-03 -8.413457700424584705e-05
-9.904131280978551236e-04 -5.395726641623061967e-04
-4.538417623569350337e-04 -1.084788017420757703e-03
1.047289354759731921e-04 -1.629811245275976936e-03
5.824603935599796667e-04 -2.083106592376332382e-03
8.908859825173404958e-04 -2.368870157743239828e-03
9.726729405428654338e-04 -2.441389490063093377e-03
8.125011622555857902e-04 -2.293744159857898091e-03
4.399984217345906477e-04 -1.959197577934244927e-03
-7.582436995902150476e-05 -1.505013520174411064e-03
-6.395848464015434784e-04 -1.019864585592062788e-03
-1.147524780724042516e-03 -5.972126088040903254e-04
-1.507083012345966037e-03 -3.178032041743750723e-04
-1.654340646785119407e-03 -2.345838591649924195e-04
-1.566036544055724551e-03 -3.628957021911720848e-04
-1.263879400484149620e-03 -6.777902313721451306e-04
-8.103415366399170866e-04 -1.118973027378666711e-03
-2.967326053939202879e-04 -1.602432268901307242e-03
1.741866371516970734e-04 -2.036544206126970902e-03
5.077564525079543336e-04 -2.339600311748964590e-03
6.354320139246351102e-04 -2.455432108860044257e-03
5.278463832234926538e-04 -2.364170567014030420e-03
2.004476267829427951e-04 -2.086099114435761327e-03
-2.893584167945634656e-04 -1.677868063262673856e-03
-8.530194408499769659e-04 -1.221785669110317689e-03
-1.387555391642610872e-03 -8.102129848562177787e-04
-1.795019191912769225e-03 -5.280176861350073005e-04
-2.001014685825007640e-03 -4.364104680829462412e-04
-1.968765331883031398e-03 -5.612267200344244009e-04
-1.706069395710391699e-03 -8.878753547495239111e-04
-1.263824123682429079e-03 -1.363915035204794641e-03
-7.263976640223480030e-04 -1.908774425607298337e-03
-1.956710861817981522e-04 -2.428780832435150933e-03
2.282286032117615982e-04 -2.834656794793383519e-03
4.658570595505730997e-04 -3.058177159971951081e-03
4.734596717580680843e-04 -3.064838418066702635e-03
2.512167748527984216e-04 -2.860147410234326493e-03
-1.568326795181931030e-04 -2.488344866580856091e-03
-6.711728086290207757e-04 -2.023811649495192797e-03
-1.191909048348459895e-03 -1.556790759126417713e-03
-1.617722592393871844e-03 -1.176133834978574776e-03
-1.865090750715944290e-03 -9.523435017754612684e-04
-1.884132832221311130e-03 -9.241260601144797408e-04
-1.668080253994573591e-03 -1.091003531916346150e-03
-1.254576939192859637e-03 -1.413385908595224741e-03
-7.185631650655031205e-04 -1.820090947910879249e-03
-1.580899605651492150e-04 -2.221887645656510542e-03
3.242499250714545294e-04 -2.528497846562118359e-03
6.407581786954865289e-04 -2.665834645673365207e-03
7.352535536233270348e-04 -2.590210545885196329e-03
5.937330336824309107e-04 -2.296821449277363248e-03
2.470523975376286217e-04 -1.820895873434278571e-03
-2.348819183920720162e-04 -1.231287054675279675e-03
-7.563106903979055669e-04 -6.177158968011564654e-04
-1.213711682998543269e-03 -7.407427925727109834e-05
-1.515357578253773586e-03 3.190563101595560950e-04
-1.598640503189117023e-03 5.093675115414752390e-04
-1.441884465822320001e-03 4.824416977151139941e-04
-1.068410540518561222e-03 2.642096827664783959e-04
-5.420863720792823155e-04 -8.421100722288418034e-05
4.479612618856469329e-05 -4.783146326966535066e-04
5.890183994035189021e-04 -8.264037044903810390e-04
9.959939448183016426e-04 -1.047112464679324749e-03
1.197683681001903474e-03 -1.084935935955262058e-03
1.165475022360284649e-03 -9.208216915427850030e-04
9.155856392270072738e-04 -5.758174371198619603e-04
5.059686185134197123e-04 -1.070834227660769794e-04
2.530510461318355615e-05 4.029746575035142615e-04
-4.238312274348121958e-04 8.623931976452583765e-04
-7.444499331260769504e-04 1.187186077121995002e-03
-8.635718181893071478e-04 1.317404683051777133e-03
-7.461193679740540626e-04 1.228677814565175578e-03
-4.016385609926901874e-04 9.370417224280421951e-04
1.174219476816686395e-04 4.961402579572838463e-04
7.255499309144778025e-04 -1.268075285371228077e-05
1.320265552034956963e-03 -4.955156380726434160e-04
1.801428041458961581e-03 -8.634168276503812692e-04
2.090099025864603638e-03 -1.048978088548681515e-03
2.143392490459647328e-03 -1.018849465188926282e-03
1.962501403839504114e-03 -7.798205495034457547e-04
1.592383066443349036e-03 -3.773262258204204537e-04
1.113164517259097571e-03 1.133367524679299119e-04
6.248968127233788319e-04 6.014146541190808258e-04
2.285459718034212918e-04 9.979920233492050111e-04
6.820601425536155712e-06 1.232899936968014434e-03
8.466897994578378994e-06 1.268034145184591477e-03
2.390050561467673904e-04 1.104560629172660026e-03
6.596613851828607303e-04 7.826443369256881784e-04
1.194698514257930624e-03 3.737534123247253045e-04
1.745755764960374001e-03 -3.300208185616878209e-05
2.210484214445852975e-03 -3.479075084478442130e-04
2.501947583781749963e-03 -4.978275524236366227e-04
2.565114915576705446e-03 -4.402786881545728238e-04
2.387321522147604208e-03 -1.717207667083718017e-04
2.000716590746401055e-03 2.715076866242164015e-04
1.476232867459016142e-03 8.197935099982069443e-04
9.102187875603699654e-04 1.383148242143890936e-03
4.062624690170357203e-04 1.867967052269823777e-03
5.564720593569192492e-05 2.194480853523379099e-03
-7.986282139772803504e-05 2.311603779357179235e-03
2.035097406769838767e-05 2.206370975372799921e-03
3.319226817293743524e-04 1.906185348857368251e-03
7.901760444622911266e-04 1.473452745739116387e-03
1.302425507504030404e-03 9.936253843739546905e-04
1.765574137098697418e-03 5.589205893398323287e-04
2.085675667408202864e-03 2.507997989519461686e-04
2.195756252827232337e-03 1.245265963854878897e-04
2.068521230265399011e-03 1.987278884850490930e-04
1.721540873595481681e-03 4.519340931525764457e-04
1.213933311342105898e-03 8.267518870702782619e-04
6.351728271119047196e-04 1.240877089125114229e-03
8.814285971635857971e-05 1.602859372162847729e-03
-3.303571256236699765e-04 1.829630051091993542e-03
-5.479594609491458129e-04 1.862469687630410788e-03
-5.304560142963628180e-04 1.678387041440623220e-03
-2.883056243800936197e-04 1.294749188762377677e-03
1.253121017411221822e-04 7.662800361812759000e-04
6.245295374342838945e-04 1.749891379644068678e-04
1.107012278452765936e-03 -3.850688268294188087e-04
1.473299178718650085e-03 -8.253247512468622456e-04
1.645600987044920725e-03 -1.079202959968865710e-03
1.582499849255657350e-03 -1.114486483627687412e-03
1.286767933390957266e-03 -9.392037722872094430e-04
8.048260349695615570e-04 -5.999267615407154457e-04
2.179456258209959245e-04 -1.728061494282624462e-04
-3.731391660419540370e-04 2.509560627509104121e-04
-8.672956212204229994e-04 5.824444024130036313e-04
-1.182122685472610174e-03 7.518945804580733387e-04
-1.269525230409007492e-03 7.218919498699369417e-04
-1.124783639728956083e-03 4.944058528374892757e-04
-7.874018476906686007e-04 1.103299637729813912e-04
-3.335737929507062759e-04 -3.583815276778964509e-04
1.383046609810790160e-04 -8.224894347827530188e-04
5.263344207946709643e-04 -1.192544399639997987e-03
7.444812066048965647e-04 -1.396023399180087998e-03
7.389447828362954128e-04 -1.391278129799529764e-03
4.984287983863806403e-04 -1.175648661416081684e-03
5.636527897687204636e-05 -7.862001366880324487e-04
-5.153290758522370606e-04 -2.929368326886872508e-04
-1.119784361000047100e-03 2.142277546085739990e-04
-1.653436373580379187e-03 6.422836705350005743e-04
-2.025557442177408282e-03 9.125423183833493261e-04
-2.175362738491070508e-03 9.753664757366612998e-04
-2.083454623580594921e-03 8.194279940946705811e-04
-1.775439533770305483e-03 4.737441322654604211e-04
-1.317033790109499100e-03 2.109954207290713280e-06
-8.015859108623847075e-04 -5.090170279281475965e-04
-3.323784952567499255e-04 -9.668851201461848947e-04
-3.060813871358153068e-06 -1.289970627490035502e-03
1.200831232120904823e-04 -1.423337488615444759e-03
1.067397183370432864e-05 -1.348928246982902118e-03
-3.127898558585258176e-04 -1.088840700466271348e-03
-7.904665199660420964e-04 -7.009733335344775149e-04
-1.332542691280652874e-03 -2.678681680848248037e-04
-1.836289129872461156e-03 1.191317089763824525e-04
-2.205569573562083351e-03 3.774050057959627046e-04
-2.369107917618387162e-03 4.489319591852188431e-04
-2.294053678292975931e-03 3.115183168373030246e-04
-1.992275918917715740e-03 -1.676758831951820784e-05
-1.518192558619667690e-03 -4.807907484223712061e-04
-9.585445613120324206e-04 -9.985791266746760469e-04
-4.160495071768849492e-04 -1.476655857353801997e-03
9.972188127440077474e-06 -1.827576396903979545e-03
2.423319413379553195e-04 -1.986355025665669221e-03
2.405229427167409999e-04 -1.922674639277310860e-03
8.331791744978591686e-06 -1.646571198795040861e-03
-4.069284240910600982e-04 -1.206518631302626017e-03
-9.234178021533294900e-04 -6.802777823997305804e-04
-1.440297690402523451e-03 -1.602420729448142530e-04
-1.856846847567520829e-03 2.639464064767895477e-04
-2.091546171718195769e-03 5.222207037655066976e-04
-2.097518639694261142e-03 5.771700314758478664e-04
-1.871401495239839556e-03 4.309049291394146785e-04
-1.453971544325850535e-03 1.244112569022647594e-04
-9.224060640325125460e-04 -2.704794402171887754e-04
-3.756455969662958125e-04 -6.649771865797318889e-04
8.436902796768658893e-05 -9.704430786358810967e-04
3.720319348843267350e-04 -1.115475380025014165e-03
4.343177514878959278e-04 -1.059730829725175766e-03
2.608603512854607009e-04 -8.018578110974007274e-04
-1.140449093349157374e-04 -3.800328498073775535e-04
-6.178960842211188428e-04 1.350074664081545332e-04
-1.153676009612880551e-03 6.531257531310928144e-04
-1.618189218192964476e-03 1.081648037552415762e-03
-1.921573696078083399e-03 1.342744430234170221e-03
-2.004294207975819073e-03 1.388039217321371168e-03
-1.848400680727608440e-03 1.207687128732547448e-03
-1.480920893967595416e-03 8.321994619264822457e-04
-9.687458036022197298e-04 3.266754857472540640e-04
-4.059762474158801595e-04 -2.214686231327473614e-04
1.038732996196690137e-04 -7.189511119436023997e-04
4.674449004105760879e-04 -1.084143734258552700e-03
6.191766602525387679e-04 -1.262344907511734910e-03
5.336726585927498981e-04 -1.235919311777820178e-03
2.304621731314623629e-04 -1.027388886174834641e-03
-2.297519436596892790e-04 -6.948952310672740999e-04
-7.566444050371186466e-04 -3.208982343399081720e-04
-1.247429947516558689e-03 3.743220525623757421e-06
-1.606386305882070769e-03 1.972879335004224530e-04
-1.763039850747836427e-03 2.029033108111901991e-04
-1.685569218238188631e-03 -2.658163425553472514e-07
-1.386887722350710339e-03 -3.928525249232569464e-04
-9.222515661270790435e-04 -9.186569316622472496e-04
-3.788453428403977768e-04 -1.495033024776921179e-03
1.406847252916278873e-04 -2.028311731982333343e-03
5.376334472390390234e-04 -2.431344652985016098e-03
7.359028677330174684e-04 -2.639850615242262961e-03
6.963988251348419457e-04 -2.624472918711352742e-03
4.244326645418609704e-04 -2.396266124397904065e-03
-3.127315725253473466e-05 -2.004574074627001046e-03
-5.877875065414199084e-04 -1.527700339576370386e-03
-1.143639093989786120e-03 -1.058136007038542811e-03
-1.597984932934455593e-03 -6.851394525435936097e-04
-1.869649979305386487e-03 -4.779633825844399088e-04
-1.912433741798907731e-03 -4.729011547778005659e-04
-1.723786710199786288e-03 -6.666004904369246271e-04
-1.345215072566973129e-03 -1.016905357036254533e-03
-8.543385414605822676e-04 -1.451060927348984606e-03
-3.501065727184116344e-04 -1.879722139461579341e-03
6.602636530390535146e-05 -2.214107461161689879e-03
3.094007090395640806e-04 -2.383043987958492413e-03
3.282711064058711900e-04 -2.346670658037112566e-03
1.136914066357356829e-04 -2.104199241949969781e-03
-2.987080763034572189e-04 -1.694258105455762747e-03
-8.353893057990714700e-04 -1.187748575417911425e-03
-1.398760192783024547e-03 -6.745621137386936719e-04
-1.885591400096581563e-03 -2.466698117568063382e-04
-2.206510163180430174e-03 1.921643155483035090e-05
-2.302880833352104542e-03 7.612964709588303756e-05
-2.157876505293171432e-03 -8.426160122922013527e-05
-1.799645855033988381e-03 -4.300412270932630699e-04
-1.295975860950202398e-03 -8.950184446307855608e-04
-7.414609953421678369e-04 -1.391156424621853250e-03
-2.396079633271876305e-04 -1.825106423104203967e-03
1.167363601996276000e-04 -2.115720587985021536e-03
2.629288976113807862e-04 -2.209232074435964113e-03
1.747254629372737254e-04 -2.089233292499941604e-03
-1.271809862306442010e-04 -1.779568382092216626e-03
-5.811370961579438200e-04 -1.339597888017432254e-03
-1.096266647708358556e-03 -8.527380764633868578e-04
-1.569745019978067806e-03 -4.104508857203797729e-04
-1.906338180153081298e-03 -9.472192552289235117e-05
-2.036504938485333462e-03 3.764995620621778075e-05
-1.929633293359839935e-03 -3.402856266418756090e-05
-1.599903168647536216e-03 -2.902904111382233069e-04
-1.103664165367596647e-03 -6.750890331296399011e-04
-5.288236684883240377e-04 -1.106340411397905253e-03
2.174645946771745861e-05 -1.491432732100648768e-03
4.496437125742883166e-04 -1.744768799054071231e-03
6.795304045318608299e-04 -1.804020501538789161e-03
6.733703377224548861e-04 -1.642017491414735682e-03
4.376112505948107664e-04 -1.272017805724151313e-03
2.195299335097563578e-05 -7.453602500016997135e-04
-4.900656455656346184e-04 -1.419399366885317490e-04
-9.968795868367781674e-04 4.446934806505599544e-04
-1.398116104855619225e-03 9.247978122119456922e-04
-1.613581212724241867e-03 1.229159317590268171e-03
-1.598419686918032450e-03 1.321912249687148735e-03
-1.351579344512060694e-03 1.207035706383616062e-03
-9.159781849132573586e-04 9.273040317345606146e-04
-3.703441516183010205e-04 5.558960268315212222e-04
1.857259505566799464e-04 1.822581768295187220e-04
6.506579655720398734e-04 -1.050951815057249829e-04
9.401639781193228858e-04 -2.355822459035139364e-04
1.003229254870759493e-03 -1.701304421258956808e-04
8.317942863667130695e-04 9.124597227095807787e-05
4.622975762912382770e-04 5.093061950365676853e-04
-3.121390155386637947e-05 1.012910712976202495e-03
-5.511028370931576317e-04 1.512431471905926941e-03
-9.946345714359394654e-04 1.916706522748107613e-03
-1.273443676169846430e-03 2.150329147466875819e-03
-1.330288302163175991e-03 2.167997147648604780e-03
-1.149919822620973624e-03 1.963203667752928643e-03
-7.620093351636330822e-04 1.569621409966243672e-03
-2.355763703466351227e-04 1.054914691449131353e-03
3.340260519857405990e-04 5.081467281676731954e-04
8.431066715241216161e-04 2.316151483685148591e-05
1.199205382778175105e-03 -3.189187431879511331e-04
1.338532706449492571e-03 -4.647726853954802948e-04
1.237978665942596028e-03 -3.986865721710705981e-04
9.194187350737531399e-04 -1.452384646832965151e-04
4.455030894270661009e-04 2.356418530274716054e-04
-9.227199011614309722e-05 6.602953789644268757e-04
-5.909503984029199465e-04 1.037431989278277686e-03
-9.556666898937015006e-04 1.285650290632767362e-03
-1.117657606067009061e-03 1.349056757797665066e-03
-1.047323007045889874e-03 1.208022252688001168e-03
-7.598620820570419713e-04 8.830355010248562651e-04
-3.124167144589888633e-04 4.309210099145606172e-04
2.067378413633980290e-04 -6.586440547189692150e-05
6.949087687570917795e-04 -5.148307918154042349e-04
1.054443149461867972e-03 -8.309962266542872140e-04
1.211242861216725499e-03 -9.530475683621547015e-04
1.128830933552568520e-03 -8.550587892131949162e-04
8.153054923135125490e-04 -5.515451663357241307e-04
3.218639355804048469e-04 -9.489262393364364129e-05
-2.668240859740300111e-04 4.343554977085954585e-04
-8.485731544715916950e-04 9.425202443453687762e-04
-1.322948088256906563e-03 1.340278856330502037e-03
-1.610193066678297863e-03 1.559320774389793716e-03
-1.666241374481251510e-03 1.565020531657840015e-03
-1.490965398869234428e-03 1.362734442334194006e-03
-1.128106401633486265e-03 9.965351675085183398e-04
-6.568989438596870749e-04 5.406298404252185032e-04
-1.769774070247502043e-04 8.509243622677577570e-05
2.105759402108826287e-04 -2.813827751061303726e-04
4.224513327012798403e-04 -4.884363528803559824e-04
4.089596428790969341e-04 -4.974929293959258741e-04
1.635062689433613992e-04 -3.091547951176841112e-04
-2.761040217663474029e-04 3.686238301104521626e-05
-8.347790722164044174e-04 4.692408209234345904e-04
-1.414322023944450347e-03 8.985969593494223719e-04
-1.911999621606007282e-03 1.234479252716808115e-03
-2.239980453493391633e-03 1.402607443416013702e-03
-2.341962469494584219e-03 1.359086688674371454e-03
-2.203840986942848072e-03 1.098901744174340207e-03
-1.856396465473318918e-03 6.570785552277093626e-04
-1.369492096627321093e-03 1.022882638777036985e-04
-8.388787076033917206e-04 -4.759008751232615296e-04
-3.681042348357923709e-04 -9.837157340190946613e-04
-4.895196579945493634e-05 -1.340660120755418280e-03
5.588971537807659387e-05 -1.494482160666265984e-03
-7.535401897332846648e-05 -1.430799406411815619e-03
-4.194737341985655104e-04 -1.175565350403578058e-03
-9.127221682404993656e-04 -7.899162952729872579e-04
-1.462934321560544187e-03 -3.583798965495880204e-04
-1.967024877297126381e-03 2.731698118538011723e-05
-2.330548657520379284e-03 2.857709671364552003e-04
-2.485619382885084425e-03 3.614342007901449232e-04
-2.403792977004318241e-03 2.352121545190900657e-04
-2.101475192483534971e-03 -7.188116050333120521e-05
-1.636828966830013513e-03 -5.027035856639645514e-04
-1.098766664471691147e-03 -9.748470107313769815e-04
-5.901114176814463300e-04 -1.396323444234500843e-03
-2.081162215523226552e-04 -1.683102560827863872e-03
-2.603004277000955935e-05 -1.775176799219352862e-03
-7.920212433092078085e-05 -1.648108127343483106e-03
-3.583564358121293274e-04 -1.317865552110857562e-03
-8.113106107411835206e-04 -8.380323707182334029e-04
-1.352814879919468811e-03 -2.899065015173373015e-04
-1.880649213032990850e-03 2.326375062867318873e-04
-2.294932137205634402e-03 6.406646541390846866e-04
-2.516986724696254965e-03 8.667635649786044772e-04
-2.504193075505945290e-03 8.775644922387187009e-04
-2.258016411901009671e-03 6.798268222633432629e-04
-1.823691892683260976e-03 3.189486958002895061e-04
-1.281626923720394348e-03 -1.298143190192810315e-04
-7.321500166253256704e-04 -5.757545637268424860e-04
-2.764951139087774585e-04 -9.300103478311617629e-04
2.376911020944777811e-06 -1.122478378235329012e-03
5.548720494194091940e-05 -1.115136089318236046e-03
-1.228967704433880665e-04 -9.092502200957895860e-04
-4.941960381752093278e-04 -5.451067326572632630e-04
-9.828556059589472257e-04 -9.431431172220926208e-05
-1.490691371979534349e-03 3.538591920802796752e-04
-1.915531390122316227e-03 7.095273483903210936e-04
-2.170621165377405529e-03 8.993725497908635052e-04
-2.201117752666489295e-03 8.807214652315787382e-04
-1.994548359585425739e-03 6.498382820144827515e-04
-1.583251680050620563e-03 2.428597042219900214e-04
-1.038338087275604907e-03 -2.708114392716866044e-04
-4.563107218192244820e-04 -8.014092757277095419e-04
5.912070988437010798e-05 -1.255567561355109933e-03
4.165912256874187416e-04 -1.553773798680542755e-03
5.542962300317373853e-04 -1.645215467759370952e-03
4.516131595397640097e-04 -1.517212593033739725e-03
1.329300807638254941e-04 -1.197455651109366991e-03
-3.370421046947223091e-04 -7.486296941553798826e-04
-8.655846966104979896e-04 -2.564465627218242335e-04
-1.349580356038206910e-03 1.866456618784453209e-04
-1.695081160401562884e-03 4.989893318207243560e-04
-1.835129700102816012e-03 6.251603621957575827e-04
-1.742458337774594433e-03 5.464035987854548061e-04
-1.434661695290447665e-03 2.840852965412393738e-04
-9.708627885676298849e-04 -1.044893224777105050e-04
-4.405041794086005883e-04 -5.370988311464718100e-04
5.361299031586737058e-05 -9.223778627582061808e-04
4.148296809263138374e-04 -1.177347810112025234e-03
5.709757846934788560e-04 -1.243381179603532134e-03
4.880878938010555250e-04 -1.097570907623670634e-03
1.768993050147440408e-04 -7.573457401565141835e-04
-3.091278462661258301e-04 -2.774514940961328880e-04
-8.838569864014915499e-04 2.601365547025375966e-04
-1.444715663490028171e-03 7.614664878966572424e-04
-1.892045085464413509e-03 1.138146033839612138e-03
-2.147898455673804760e-03 1.323847979650683666e-03
-2.170730193309651761e-03 1.286665039770967973e-03
-1.963195955830187179e-03 1.034979683592270354e-03
-1.571587606960890126e-03 6.157415358836278900e-04
-1.077011048542826123e-03 1.054817834895703971e-04
-5.799782870711921038e-04 -4.042314799791719808e-04
-1.813321195852098762e-04 -8.241411856391499084e-04
3.688382923300466930e-05 -1.084166759202958002e-03
2.698684382317290478e-05 -1.146593733709684159e-03
-2.152982752038929293e-04 -1.013091233318517319e-03
-6.500206176177909627e-04 -7.242308725630007722e-04
-1.200567152328392779e-03 -3.516015109255996225e-04
-1.768176380917761302e-03 1.598284369725409305e-05
-2.250652660478606390e-03 2.895655111497960838e-04
-2.561736664401716157e-03 3.971798858789151463e-04
-2.647463035038989578e-03 2.977822900902943586e-04
-2.496406556868779013e-03 -1.065978178272709073e-05
-2.141875234115805850e-03 -4.904623513247519453e-04
-1.655633477274792925e-03 -1.071042988224009699e-03
-1.134342474348145604e-03 -1.661977847398911487e-03
-6.812839931978916354e-04 -2.169831624006312871e-03
-3.868271041580419612e-04 -2.515579443932105912e-03
-3.113354370134421845e-04 -2.649327093931035191e-03
-4.737504967274317521e-04 -2.559547006189519074e-03
-8.480117917192207507e-04 -2.275085262412751292e-03
-1.367990653121764488e-03 -1.859563001429757195e-03
-1.940002679378862761e-03 -1.399234899318485201e-03
-2.460528963328961760e-03 -9.866053155828135614e-04
-2.835790271790352302e-03 -7.029049303713442737e-04
-2.999467770136879201e-03 -6.027454276627207917e-04
-2.925215059388274787e-03 -7.038564046102630369e-04
-2.631592751833351958e-03 -9.838454713630520078e-04
-2.178491823920652038e-03 -1.384591793312479197e-03
-1.655723860697272789e-03 -1.823437076466307479e-03
-1.165939807576447506e-03 -2.209050096567740078e-03
-8.051130094678619203e-04 -2.458955262013015966e-03
-6.442836977074268244e-04 -2.515400133531121591e-03
-7.160233000805757159e-04 -2.356551079216641191e-03
-1.008183230578175212e-03 -2.000890803796604757e-03
-1.466113434421964339e-03 -1.503978820201420886e-03
-2.002932155483454473e-03 -9.481822224939581495e-04
-2.515903858486488384e-03 -4.273154918922365212e-04
-2.905825621538456454e-03 -2.909244521785822515e-05
-3.095752572070520521e-03 1.812917486044011072e-04
-3.045517929065938521e-03 1.733438382301948468e-04
-2.759299298728461018e-03 -4.308256568353533832e-05
-2.284799366765853049e-03 -4.197467990087668942e-04
-1.704196790616235727e-03 -8.792130141604540591e-04
-1.118581276497407004e-03 -1.329532865764047715e-03
-6.288204421265806672e-04 -1.681638941115225086e-03
-3.164815011118217100e-04 -1.866156483899107524e-03
-2.284201660403908669e-04 -1.846452025965278267e-03
-3.679544863521581801e-04 -1.625450991367089620e-03
-6.942941743257946075e-04 -1.244937040363975397e-03
-1.130332504122542490e-03 -7.774702725762442854e-04
-1.577324163418527582e-03 -3.124596687334538778e-04
-1.933668382473147920e-03 6.096746475688812669e-05
-2.114239180108264636e-03 2.710494621806652533e-04
-2.066600860203318766e-03 2.771867309061750058e-04
-1.781036610040695207e-03 7.783218316593696305e-05
-1.292489545329213608e-03 -2.890243358043889915e-04
-6.740469935949765625e-04 -7.528749623980884702e-04
-2.320020470002447663e-05 -1.223892171852466147e-03
5.565202269589392906e-04 -1.609812011300200754e-03
9.750572056215349752e-04 -1.833309232909504380e-03
1.172794651575714180e-03 -1.846577449250096613e-03
1.131767899971749571e-03 -1.640355833126434185e-03
8.789951399135807579e-04 -1.245694565565492323e-03
4.812997873539887842e-04 -7.281252805273628805e-04
3.260473238417743507e-05 -1.753399941863425138e-04
-3.638953147560754090e-04 3.192897081302625969e-04
-6.153075240633509250e-04 6.742346948246684055e-04
-6.566544524328290534e-04 8.350567042705689825e-04
-4.631925225962311207e-04 7.844996684622318819e-04
-5.510350611663691282e-05 5.455177107938963179e-04
5.063285325600523808e-04 1.766716965783050636e-04
1.130329911219335026e-03 -2.392282163297990117e-04
1.713839547747963077e-03 -6.110773049975320222e-04
2.161042124242069928e-03 -8.570008315975860547e-04
2.401532142263258091e-03 -9.201236396635012168e-04
2.403668005904874977e-03 -7.795924079680331209e-04
2.180586047967592121e-03 -4.547573457644028642e-04
1.787734338371028270e-03 -1.715819868230658313e-06
1.312391990546888211e-03 4.971327154624641861e-04
8.571574045031825698e-04 9.485470723435542127e-04
5.205310433103068051e-04 1.265996099922679858e-03
3.782686569055065170e-04 1.385981132897244963e-03
4.690351454113401118e-04 1.280040247714519987e-03
7.870750868810658541e-04 9.601621781735432751e-04
1.283287501787443771e-03 4.765846908486306380e-04
1.874501236974369369e-03 -9.160670170986078041e-05
2.459194728906140791e-03 -6.513014685336942274e-04
2.936683841576479340e-03 -1.112804343505747508e-03
3.226144977188965396e-03 -1.406594479181175151e-03
3.281872030739698028e-03 -1.496234520755445642e-03
3.101879077778793049e-03 -1.384990356497541129e-03
2.728220898711734756e-03 -1.114913815907311043e-03
2.238971916993476568e-03 -7.585682726005103533e-04
1.733383819994840057e-03 -4.049705737981163824e-04
1.313033874026697930e-03 -1.424180530870562938e-04
1.062535135747800239e-03 -4.145917205072152667e-05
1.033462673938206206e-03 -1.412389291897010041e-04
1.234540877696191884e-03 -4.418107930357727383e-04
1.629951268691390894e-03 -9.038766418688219456e-04
2.146082454829815848e-03 -1.456009046222536728e-03
2.685445139609994418e-03 -2.007992668095519122e-03
3.145118169777012893e-03 -2.467762018311316519e-03
3.436233427721715594e-03 -2.758730913552461580e-03
3.500810484027999138e-03 -2.834233876313928344e-03
3.322753622032319221e-03 -2.686345683337442326e-03
2.930929116181176311e-03 -2.347408913351236269e-03
2.393740142636695961e-03 -1.883979225841222495e-03
1.806226422937971940e-03 -1.384332884354525211e-03
1.272130830606532995e-03 -9.418990425158399720e-04
8.843278285963270414e-04 -6.377499809709491745e-04
7.073184599488942584e-04 -5.254599953064672743e-04
7.651050731033468087e-04 -6.211944475805811477e-04
1.036740167009512093e-03 -9.008996727153025528e-04
1.460390563881612839e-03 -1.305119560965342087e-03
1.945145686535313962e-03 -1.750520344270132568e-03
2.388332341737702761e-03 -2.145934873097664428e-03
2.695055766398666772e-03 -2.409882019746263562e-03
2.796265220206393520e-03 -2.486237815196314180e-03
2.661921903998075434e-03 -2.355085340352368068e-03
2.306774489723344927e-03 -2.036683854763549507e-03
1.787647401648985836e-03 -1.587801141760405294e-03
1.192754114743827800e-03 -1.091099735998768763e-03
6.250578545594744420e-04 -6.395836612372353142e-04
1.828293021845356619e-04 -3.190483983350096697e-04
-5.891817599728188699e-05 -1.918557940050597248e-04
-6.260116815724097242e-05 -2.851057313932733265e-04
1.648365273306136563e-04 -5.854448892321524990e-04
5.732458822776409241e-04 -1.041497213932852939e-03
1.078763848289223531e-03 -1.573458546928549777e-03
1.579677256395126302e-03 -2.088042235570223074e-03
1.975656484859853769e-03 -2.495950169287970612e-03
2.186718151068909374e-03 -2.728566189094861275e-03
2.168327569576213726e-03 -2.750716597565566746e-03
1.919782747040363032e-03 -2.567087540964081704e-03
1.484293842743868858e-03 -2.221090272098185346e-03
9.407444633112820032e-04 -1.786395309387659456e-03
3.886961842236513146e-04 -1.352744554803166207e-03
-7.052291147448394235e-05 -1.008733715544586846e-03
-3.530633835991123584e-04 -8.248307613387723287e-04
-4.084878073441179040e-04 -8.398510447913142864e-04
-2.293740401602974675e-04 -1.053454645023815285e-03
1.472312456534768900e-04 -1.426090517541282916e-03
6.467851278718951286e-04 -1.886401223689278912e-03
1.171327858020927530e-03 -2.344688536378451357e-03
1.618004081290158342e-03 -2.709891721715183138e-03
1.898519542697039639e-03 -2.906864231336623791e-03
1.955849560443234745e-03 -2.890677017429939787e-03
1.775035579026976217e-03 -2.655238621741710502e-03
1.386025177215810533e-03 -2.234597263773647081e-03
8.580171821155246816e-04 -1.696674889875911686e-03
2.863818616059330248e-04 -1.130615403425017313e-03
-2.253680186245468793e-04 -6.301378747956761254e-04
-5.851424289526886658e-04 -2.760415368967847165e-04
-7.296719393594559844e-04 -1.211696123510994788e-04
-6.364450610363820262e-04 -1.806731380360186061e-04
-3.279260007835894789e-04 -4.294121899508174462e-04
1.327444210069614588e-04 -8.069803732632474611e-04
6.537492265057813804e-04 -1.229395081665284658e-03
1.132023417256108801e-03 -1.605234153104576414e-03
1.472808433214183640e-03 -1.853158056541100943e-03
1.607629021874106869e-03 -1.917494921943054941e-03
1.507287372477327577e-03 -1.778933125096601384e-03
1.187412922365611726e-03 -1.458293215771503792e-03
7.055159761166470214e-04 -1.012662233671186244e-03
1.501022885432118327e-04 -5.246206168782719358e-04
-3.760906454959779977e-04 -8.660090518178081235e-05
-7.755614494773857819e-04 2.166596677060625463e-04
-9.745303972176315443e-04 3.242486416949090858e-04
-9.369419242014583645e-04 2.107333658149471850e-04
-6.713321296476726591e-04 -1.088684658575673949e-04
-2.292601757618558181e-04 -5.817478448774326353e-04
3.044002599394872791e-04 -1.127094093108109690e-03
8.274721801515597889e-04 -1.651166565068523358e-03
1.239758567561900131e-03 -2.064800179012454481e-03
1.461947788580425251e-03 -2.300036035712790458e-03
1.450562695643756216e-03 -2.322734195543561288e-03
1.206124140781514092e-03 -2.138786449164733344e-03
7.729844751328410549e-04 -1.792758650575564106e-03
2.308639683741329314e-04 -1.359225486174748393e-03
-3.203057590566036543e-04 -9.284440135725040722e-04
-7.793598087172035321e-04 -5.890838978313405350e-04
-1.063104520130467171e-03 -4.112890435985006900e-04
-1.122110626299679167e-03 -4.332818382343629846e-04
-9.501034186524053796e-04 -6.540495332532169455e-04
-5.851709966062000005e-04 -1.033499629619336491e-03
-1.025612504903513576e-04 -1.500055808161765728e-03
3.995687781400629576e-04 -1.964256004227908983e-03
8.187527459261443761e-04 -2.335776671611665065e-03
1.067641842605276600e-03 -2.540657521880374838e-03
1.090579518821493303e-03 -2.535462108343477898e-03
8.741848197019135144e-04 -2.315688962418878741e-03
4.499393482058131988e-04 -1.916835945517460314e-03
-1.117130693598520285e-04 -1.407911073665721498e-03
-7.146378841237737128e-04 -8.786129649991400274e-04
-1.255140649351889608e-03 -4.226024472933967695e-04
-1.641525272236841592e-03 -1.200268043553020560e-04
-1.811377597387746558e-03 -2.259954401033384234e-05
-1.743303023996508423e-03 -1.440546841463613212e-04
-1.460897074736836141e-03 -4.577770043349624340e-04
-1.028198608599454819e-03 -9.020511697428052747e-04
-5.374881902941684719e-04 -1.391930355231345848e-03
-9.174357632835508126e-05 -1.835472099210188127e-03
2.149241164058064528e-04 -2.151262840407880145e-03
3.151477716099939947e-04 -2.283909373237211736e-03
1.811089059701798728e-04 -2.214561331926019529e-03
-1.701558994216108246e-04 -1.964470705538368459e-03
-6.799521241662193505e-04 -1.590913930424526926e-03
-1.259022828442823072e-03 -1.176249397821804449e-03
-1.804441491535355765e-03 -8.121841369728958907e-04
-2.219103068669003691e-03 -5.822316039572665797e-04
-2.430121947295532311e-03 -5.456859391506654021e-04
-2.402652266790088198e-03 -7.261517123552101594e-04
-2.146512700603364111e-03 -1.106806253705593102e-03
-1.714360196515080093e-03 -1.633297356447692243e-03
-1.191757344829428352e-03 -2.223733730206031364e-03
-6.810129722876751132e-04 -2.783882792433752407e-03
-2.818545827577758484e-04 -3.224704484658293645e-03
-7.259113848590427291e-05 -3.478907465871201692e-03
-9.533181396227858630e-05 -3.513399023281939260e-03
-3.480583247771250549e-04 -3.335277343804986423e-03
-7.850506471217397935e-04 -2.990237247225679788e-03
-1.325584158137154073e-03 -2.553696607325622783e-03
-1.869250012887248812e-03 -2.116328501362742774e-03
-2.314996540252791443e-03 -1.766742706760193304e-03
-2.580285036304556887e-03 -1.574599080889278442e-03
-2.616731902143603055e-03 -1.577352623107014301e-03
-2.419274645475636386e-03 -1.773141336863272299e-03
-2.027125815369991858e-03 -2.121163802975726837e-03
-1.516334224021256231e-03 -2.549474100332344353e-03
-9.853623170669799196e-04 -2.968716143171473525e-03
-5.364112768903999155e-04 -3.289193841841546277e-03
-2.560308904024709113e-04 -3.438040931179109361e-03
-1.986868479485178265e-04 -3.373234663398414889e-03
-3.763982645454818851e-04 -3.091794580550075167e-03
-7.564088458788824267e-04 -2.630608226015679688e-03
-1.267333932794859194e-03 -2.059721486008287469e-03
-1.812620745547693923e-03 -1.469357916298484916e-03
-2.288774433151265220e-03 -9.531187398220061519e-04
-2.604900183839185465e-03 -5.905384020400048471e-04
-2.699862477186280429e-03 -4.322927543055400407e-04
-2.553813715023366300e-03 -4.908549834462287362e-04
-2.191910556519236983e-03 -7.383633292163525484e-04
-1.679515479376403071e-03 -1.112099614546179427e-03
-1.109793316064264582e-03 -1.526537103321247727e-03
-5.860524642036657331e-04 -1.889672976530720446e-03
-2.021754488303122935e-04 -2.120550210436500816e-03
-2.484510211193751393e-05 -2.164649323958026898e-03
-8.093235807161243064e-05 -2.004234792980252779e-03
-3.524339810163015915e-04 -1.661697314227083763e-03
-7.799186107844381047e-04 -1.195260400937439354e-03
-1.273828117782212221e-03 -6.878666211706312931e-04
-1.731493568254277582e-03 -2.313511376438680657e-04
-2.056642804019999902e-03 9.109665060444080160e-05
-2.177704654176124653e-03 2.208577407358712713e-04
-2.061442479999293052e-03 1.351738106288262594e-04
-1.719334015233181349e-03 -1.483403633478649853e-04
-1.205487893489918432e-03 -5.748227155908036332e-04
-6.064897934977597814e-04 -1.062342036996825933e-03
-2.509930994112517192e-05 -1.517207101031837211e-03
4.391169200816454499e-04 -1.851513638733461248e-03
7.085501325926206505e-04 -1.999611968748468260e-03
7.421606242312980091e-04 -1.930382041534624716e-03
5.431699080931628705e-04 -1.652996018786442346e-03
1.583786171295539281e-04 -1.215081067958378308e-03
-3.307594504993283482e-04 -6.936334153200955123e-04
-8.236158726876397981e-04 -1.804064949906564620e-04
-1.219486891809239398e-03 2.354584969965939660e-04
-1.436696240235765419e-03 4.842701162064810393e-04
-1.428083868794907891e-03 5.289044086256865273e-04
-1.189947537458704938e-03 3.717203406466419420e-04
-7.627442184221288951e-04 5.396575757180314351e-05
-2.234188562298702570e-04 -3.522104320800147157e-04
3.291862967034062310e-04 -7.576232613366777960e-04
7.930780794916823459e-04 -1.073163704855509921e-03
1.082463755314902725e-03 -1.226912045156869271e-03
1.144041765674417687e-03 -1.178006260604150127e-03
9.671458113931688918e-04 -9.246332425510878387e-04
5.858200008440931587e-04 -5.046233888538146500e-04
7.243068046664053665e-05 1.147025426254387774e-05
-4.759768526153238541e-04 5.335038555260458986e-04
-9.559947355781714482e-04 9.686048227218848391e-04
-1.277375083795147985e-03 1.238576384498299215e-03
-1.380063290550728392e-03 1.294553834083571678e-03
-1.245517931470136504e-03 1.126141284899080880e-03
-9.001748737336752590e-04 7.633021858663572353e-04
-4.104006126791522047e-04 2.706481534938788634e-04
1.301087165090724599e-04 -2.647907687373560431e-04
6.180959313962146404e-04 -7.499979208763447652e-04
9.603139847892513048e-04 -1.103492703852826905e-03
1.091193624705399023e-03 -1.270627348568757926e-03
9.852620832575466770e-04 -1.233763444936288468e-03
6.619614836078893845e-04 -1.015404354908042758e-03
1.819550389634119530e-04 -6.736943430314014250e-04
-3.643788050977770200e-04 -2.911414715164622915e-04
-8.740846438911147043e-04 4.129486336364261018e-05
-1.251154437106351313e-03 2.417325722794117209e-04
-1.424739562876128039e-03 2.531860678505693180e-04
-1.362600682120361766e-03 5.467384811455578125e-05
-1.077247210110202601e-03 -3.344955832670707925e-04
-6.236024741019042302e-04 -8.580776762147383427e-04
-8.863534035370216582e-05 -1.433256971537935761e-03
4.250796564041153889e-04 -1.966066721529118825e-03
8.187619031588046778e-04 -2.368948694997064300e-03
1.016111686007140948e-03 -2.577132967557749406e-03
9.777469929658512936e-04 -2.560740165377340012e-03
7.086571854721657442e-04 -2.330317745924552313e-03
2.572627079007377211e-04 -1.934764310774676234e-03
-2.937406883184284214e-04 -1.452036423619090626e-03
-8.430192163229755647e-04 -9.743981736117520538e-04
-1.289758696684507834e-03 -5.910061414471834331e-04
-1.552715063648510809e-03 -3.711260066752832074e-04
-1.585550758439359083e-03 -3.511564596264857806e-04
-1.385553572277740259e-03 -5.279142169930111121e-04
-9.940878214562186375e-04 -8.594474986017921776e-04
-4.886935055479475851e-04 -1.273218986849198719e-03
3.166918767325113725e-05 -1.680103176084927954e-03
4.654345321931171878e-04 -1.991541516131270853e-03
7.277408227379673217e-04 -2.136600448013088217e-03
7.665768000463502822e-04 -2.075695616670699111e-03
5.727058244815025605e-04 -1.808376794583902358e-03
1.814869340435660335e-04 -1.373692848307284803e-03
-3.337536047124742148e-04 -8.430614343138961376e-04
-8.755465438521521648e-04 -3.069878726507990546e-04
-1.340683280831055741e-03 1.418570647459193538e-04
-1.639715169468459587e-03 4.260005714534246743e-04
-1.713857185178940812e-03 4.976882360621758114e-04
-1.546095935297345150e-03 3.478147824752681741e-04
-1.164399261774342860e-03 7.575972357297335209e-06
-6.364201138674692275e-04 -4.574700929552691559e-04
-5.669779165821275555e-05 -9.598076268198046327e-04
4.712198850542307390e-04 -1.406485691186244377e-03
8.543484128841335665e-04 -1.716631721946621121e-03
1.027826846174256662e-03 -1.836642402686263333e-03
9.671419789670674880e-04 -1.750178880450391650e-03
6.927026442226462671e-04 -1.481077905010456681e-03
2.658990956589679395e-04 -1.088632574484509410e-03
-2.226049766459861417e-04 -6.561418245169429531e-04
-6.701292518297456355e-04 -2.749028539892872094e-04
-9.815130256008834393e-04 -2.668386385750332740e-05
-1.087229826456524630e-03 3.199765638709352149e-05
-9.566485071122298595e-04 -1.191921742865169201e-04
-6.039279954024232271e-04 -4.603357861352331670e-04
-8.542783377277045082e-05 -9.348372688694395107e-04
5.108767010411712460e-04 -1.459964926593425045e-03
1.081971972520852626e-03 -1.942371400126741664e-03
1.529238038700429618e-03 -2.295656186729104920e-03
1.777056825687646675e-03 -2.456647804824722663e-03
1.787073661369391027e-03 -2.397324399269774083e-03
1.565412287832184269e-03 -2.130116569951151853e-03
1.161477625619090123e-03 -1.705588452073091271e-03
6.585733389389362416e-04 -1.202935451413420127e-03
1.581109932047123105e-04 -7.150963821805180528e-04
-2.395991757027330239e-04 -3.312966562483631808e-04
-4.543388510849281046e-04 -1.203247375614281602e-04
-4.411582230076141996e-04 -1.177044276474148183e-04
-1.988656383583787450e-04 -3.191871736787237112e-04
2.297762263411283522e-04 -6.817913073241430814e-04
7.661836211383493385e-04 -1.132185631523556718e-03
1.310872975682000939e-03 -1.580823760000603546e-03
1.762343241857299361e-03 -1.939146501051773521e-03
2.036342291002767903e-03 -2.136588622289249673e-03
2.081867613797531297e-03 -2.134163566609093097e-03
1.890870043272581055e-03 -1.932048067201989862e-03
1.499821751378881997e-03 -1.569725329998819616e-03
9.828504906831496673e-04 -1.118655206989877795e-03
4.377391632426804184e-04 -6.688555577760186156e-04
-3.255913620636805440e-05 -3.119326764284592601e-04
-3.393912213447230174e-04 -1.237718196391869845e-04
-4.251730168541709891e-04 -1.501640907805976057e-04
-2.742830485697146051e-04 -3.980908727978843455e-04
8.398225012392506773e-05 -8.343167192025119838e-04
5.809510062157943874e-04 -1.391558700998952883e-03
1.121566865657373964e-03 -1.981066479931556813e-03
1.602368943755242423e-03 -2.509234307750642622e-03
1.931056771886299024e-03 -2.895103453158807353e-03
2.043936338804105968e-03 -3.085445668037122176e-03
1.917944800202223479e-03 -3.064577005204929122e-03
1.574978231236934430e-03 -2.857049690230986476e-03
1.077704429212012578e-03 -2.522718707553419249e-03
5.176551708782428738e-04 -2.145123791855029546e-03
-2.145828752630053564e-06 -1.815393176939823468e-03
-3.867284709193267826e-04 -1.614723143387836526e-03
-5.671931374188978912e-04 -1.598756689609096612e-03
-5.137862192459575605e-04 -1.786824590568300217e-03
-2.415573746768857541e-04 -2.158090886086283869e-03
1.924736976611395511e-04 -2.655336866469449469e-03
7.001054092802367831e-04 -3.195670546110062835e-03
1.178655392429351408e-03 -3.686136452198741573e-03
1.530412835664887207e-03 -4.041271800178196198e-03
1.681159214204467527e-03 -4.199285675507528036e-03
1.594250828506701793e-03 -4.133797659640826155e-03
1.277596741305966465e-03 -3.858912214783289177e-03
7.822106922059027115e-04 -3.426666030420776662e-03
1.926106988238931355e-04 -2.917328704782887281e-03
-3.891166644870763715e-04 -2.424389386223815401e-03
-8.625710394930095762e-04 -2.037067363800746950e-03
-1.147967601714554873e-03 -1.823652761165333062e-03
-1.201158177682044989e-03 -1.818825818938435987e-03
-1.021901501024152477e-03 -2.017349590834189611e-03
-6.538182374219023629e-04 -2.375323920595752772e-03
-1.760408702566606544e-04 -2.818756842539028081e-03
3.118589472296111353e-04 -3.257824150838003422e-03
7.088101445113524678e-04 -3.604111123104280362e-03
9.314615166730942468e-04 -3.787566119969549942e-03
9.300401006861699384e-04 -3.769950825058765442e-03
6.978446275270329228e-04 -3.552235796438651949e-03
2.725752494720415473e-04 -3.174537070203619239e-03
-2.707534014281528590e-04 -2.708602627492240952e-03
-8.339749320655637493e-04 -2.244269073845178361e-03
-1.314328762064653593e-03 -1.872451600739514577e-03
-1.623899175667106124e-03 -1.667887774852125013e-03
-1.706255272320104672e-03 -1.674903367752713203e-03
-1.547140977488879136e-03 -1.898897221910885585e-03
-1.177190648788325848e-03 -2.305160194602418923e-03
-6.661555146558279178e-04 -2.825255406514260229e-03
-1.097333363090674421e-04 -3.369756129715407045e-03
3.885060057322787435e-04 -3.844934586729270576e-03
7.366779275213899145e-04 -4.170247434989278294e-03
8.719217883107723477e-04 -4.293313256281711121e-03
7.722391120034515204e-04 -4.199552432017065844e-03
4.605911624192293740e-04 -3.914670459152708344e-03
4.812966916955012039e-07 -3.499520762273209285e-03
-5.161400865252627592e-04 -3.038325872426369569e-03
-9.863563711966960752e-04 -2.622493261977348715e-03
-1.315839800382754068e-03 -2.333095987490039266e-03
-1.436776514511948957e-03 -2.225340643557818278e-03
-1.320766006937670618e-03 -2.317968168620507859e-03
-9.842512360727815549e-04 -2.589598177458150418e-03
-4.854501926121204355e-04 -2.982711798328350778e-03
8.663082970434815685e-05 -3.414520647475115505e-03
6.290224307641905082e-04 -3.792664663641355689e-03
1.044270155323412039e-03 -4.032766135568984119e-03
1.258877160603839081e-03 -4.074514715815383964e-03
1.237218988018673168e-03 -3.893235317069449787e-03
9.882950090949148541e-04 -3.504745146139622621e-03
5.640373288726283291e-04 -2.962576051977717020e-03
4.949647586912581739e-05 -2.348083402467874940e-03
-4.532386658167095054e-04 -1.755309186696329439e-03
-8.443428398410841428e-04 -1.273459942008981459e-03
-1.045124495379648249e-03 -9.703114030518056495e-04
-1.012892043569378620e-03 -8.796760384465176965e-04
-7.490026236342121110e-04 -9.953001905028610596e-04
-2.985707060385393288e-04 -1.272340077744566270e-03
2.581068532882725306e-04 -1.636130991058162799e-03
8.207841665127308707e-04 -1.996583323224283835e-03
1.288272178960477108e-03 -2.265474057187228871e-03
1.577616896640595540e-03 -2.373354658380981939e-03
1.639817328819774805e-03 -2.282869670771504184e-03
1.469105922098761126e-03 -1.995960816052442383e-03
1.104033505998156710e-03 -1.553590174506842229e-03
6.201529350731385020e-04 -1.028033618120496873e-03
1.156867346484987086e-04 -5.092035704858801715e-04
-3.071071878821775205e-04 -8.759173329496309016e-05
-5.613429137511430486e-04 1.629366320878541984e-04
-5.920115352597061674e-04 1.992362966667718654e-04
-3.864577710481780946e-04 1.719142771879739705e-05
2.315657389627889459e-05 -3.473368532028890459e-04
5.658698851579343483e-04 -8.251089295426515795e-04
1.145280584100972707e-03 -1.326406988657009801e-03
1.657721105999174303e-03 -1.757800047311655579e-03
2.011806063927304086e-03 -2.039605010265057358e-03
2.145654508715998457e-03 -2.120743384527486695e-03
2.038526692488745306e-03 -1.988186431021636211e-03
1.714673466624127684e-03 -1.669206154380426747e-03
1.238671075771027690e-03 -1.226011564396011638e-03
7.031263654618632357e-04 -7.437911336963620810e-04
2.110819819881891218e-04 -3.144303484854461036e-04
-1.435455008052399653e-04 -1.899142698159222205e-05
-2.937893694795050718e-04 8.772418763768378112e-05
-2.123426565129101374e-04 -1.239477668960899375e-05
8.325315303569678308e-05 -2.973242642329757381e-04
5.339234964393275301e-04 -7.090966802115219710e-04
1.050252572061306745e-03 -1.164835283289131869e-03
1.529432320801146338e-03 -1.572540195834569790e-03
1.874758832306239360e-03 -1.848634378356346078e-03
2.013983871323854220e-03 -1.933943819122767912e-03
1.913045838878952784e-03 -1.805081961782947168e-03
1.582579279529939967e-03 -1.479078030467252192e-03
1.075969336402463365e-03 -1.010367718615432647e-03
4.793183972354257130e-04 -4.807105052273251693e-04
-1.047765671755985888e-04 1.606312029226125791e-05
-5.765657053115192787e-04 3.915925111230433723e-04
-8.579463013478162226e-04 5.795005942655285418e-04
-9.071629865362996863e-04 5.477596246626181657e-04
-7.266262775026978687e-04 3.045731912259903233e-04
-3.623705241433508345e-04 -1.033340817232472663e-04
1.047446757710249795e-04 -5.996906763610140162e-04
5.744222670932461715e-04 -1.093212964186898164e-03
9.459898600008724351e-04 -1.494945275440394796e-03
1.137525738727717143e-03 -1.735119571754342683e-03
