-8.158412208493264134e-05 -3.376202512786263127e-03
-9.217074812171674762e-04 -3.525650127253603452e-03
-1.592521842959567988e-03 -3.180543034519204854e-03
-1.945788384344877484e-03 -2.395039561551291860e-03
-1.897113785188240783e-03 -1.303851979883568785e-03
-1.442245139441023167e-03 -9.714168337310866760e-05
-6.580996680556065910e-04 1.015021899403374108e-03
3.116709180322851220e-04 1.841920428069385206e-03
1.283851018579558814e-03 2.247742887450455626e-03
2.070422707196232278e-03 2.176720131695614961e-03
2.514334610481889012e-03 1.663092895570274753e-03
2.519501417022775632e-03 8.240404840473810125e-04
2.069347508906592241e-03 -1.630763375306364788e-04
1.230375257594755554e-03 -1.094835064601000062e-03
1.400721897234471949e-04 -1.780759875178072622e-03
-1.018564995440254979e-03 -2.079820267940071191e-03
-2.051078852933800861e-03 -1.927498017777183300e-03
-2.787739248322891779e-03 -1.348287993582364484e-03
-3.115033848142749733e-03 -4.512581977883249520e-04
-2.996513722600441416e-03 5.904959980094079885e-04
-2.479062316055264184e-03 1.572616756167878518e-03
-1.683415649099997014e-03 2.298265221314764115e-03
-7.807427525705909824e-04 2.615575323137820513e-03
4.026639603835744687e-05 2.446684738028431089e-03
6.095622113154505056e-04 1.802840375618774797e-03
8.082892473610498417e-04 7.827104259247813847e-04
5.915603313731911291e-04 -4.457870593707798372e-04
-2.867253756234054707e-06 -1.676709621900196239e-03
-8.616603211269437080e-04 -2.704470157964442359e-03
-1.817386310602618973e-03 -3.362117829297797504e-03
-2.680330535387567478e-03 -3.552286606271997868e-03
-3.274626536780607909e-03 -3.264966824387095269e-03
-3.471853042380367450e-03 -2.578750250319040982e-03
-3.215728669017149134e-03 -1.645328057089716790e-03
-2.533219250931671891e-03 -6.601914222798291277e-04
-1.529943684856139218e-03 1.749040210801842878e-04
-3.707356887067582559e-04 6.905903793074255701e-04
7.509716869472399942e-04 7.823268791029461093e-04
1.649156432143542668e-03 4.304751203841731579e-04
2.179809380906551092e-03 -2.957979510209750654e-04
2.267590696521677891e-03 -1.251533075055049184e-03
1.919508384413219464e-03 -2.243446120246264837e-03
1.223042952043803741e-03 -3.066649179673122151e-03
3.290866262746390547e-04 -3.543670252415428903e-03
-5.770602143246453871e-04 -3.558379115561339980e-03
-1.311132865861089000e-03 -3.078389366520296270e-03
-1.725066305674880299e-03 -2.161686442418106393e-03
-1.735214516447561913e-03 -9.462160551530515544e-04
-1.338277613295055929e-03 3.756080303292443643e-04
-6.119191255966557365e-04 1.592663973926982486e-03
3.000430854485628307e-04 2.514393537364283029e-03
1.215065732126080662e-03 3.006165003535391476e-03
1.946730718810008292e-03 3.014047121610039914e-03
2.340412071728076651e-03 2.574318674710440215e-03
2.302997233297186894e-03 1.805928095873682304e-03
1.821024707871050051e-03 8.873451962377760247e-04
9.637917713485393782e-04 2.220131518603017488e-05
-1.291694336596065930e-04 -5.997643370120485026e-04
-1.273890217616943090e-03 -8.390473199480575142e-04
-2.276168041778037048e-03 -6.331199539129823712e-04
-2.967712593903656243e-03 -8.502813757034705447e-06
-3.237406359352042878e-03 9.241243265194891985e-04
-3.051775554708388224e-03 1.990848632252166777e-03
-2.460809465043572661e-03 2.987525115759509173e-03
-1.588039108051961766e-03 3.718601207193697727e-03
-6.067647943456795992e-04 4.034408631135204606e-03
2.930572227773620923e-04 3.859854017987889626e-03
9.409921905536682007e-04 3.209066245752974396e-03
1.218513346022918279e-03 2.183215978013414681e-03
1.081462116441610308e-03 9.519079877929963705e-04
5.683282202882465172e-04 -2.783436163277970814e-04
-2.072169714182695846e-04 -1.302602107355454964e-03
-1.078116479899678213e-03 -1.955684047444248251e-03
-1.855920214501934062e-03 -2.142810842461622366e-03
-2.366908078010950597e-03 -1.856947062838404687e-03
-2.485493806494018347e-03 -1.179556931758880996e-03
-2.158572966957600890e-03 -2.646491136049932986e-04
-1.416191915996039673e-03 6.908570647212520285e-04
-3.665035088470424752e-04 1.484822339427315039e-03
8.240502452222864867e-04 1.948489667324581958e-03
1.961591640012823063e-03 1.978681587124895072e-03
2.860870254267221593e-03 1.557491404984493680e-03
3.379721962815312314e-03 7.557371821831217022e-04
3.445413274793630593e-03 -2.804755872615323454e-04
3.067895623994372836e-03 -1.357536058997269642e-03
2.337471528744600874e-03 -2.271190112381864853e-03
1.407324758470656668e-03 -2.845496600051627186e-03
4.642310716280503412e-04 -2.966493852515102517e-03
-3.069978098958377200e-04 -2.604192567478358540e-03
-7.586000282249110230e-04 -1.818719974342627305e-03
-8.078338997216227141e-04 -7.494395068142532899e-04
-4.525373708439976890e-04 4.109075467669597937e-04
2.286662534615937093e-04 1.452156717625332442e-03
1.091549789533466635e-03 2.185978188246413996e-03
1.953968893949126900e-03 2.481018886461234044e-03
2.630802489463456972e-03 2.287288573439440632e-03
2.969520285997569176e-03 1.645185334887722117e-03
2.879630569269717513e-03 6.774632127084755095e-04
2.350418946630260242e-03 -4.343268389641052885e-04
1.453604943445967667e-03 -1.484453276004474211e-03
3.303986549007970888e-04 -2.282116510029615596e-03
-8.346066258766701501e-04 -2.687647443746055131e-03
-1.847777149423382621e-03 -2.638935679188875519e-03
-2.542528465543694369e-03 -2.163083104648397259e-03
-2.810342441182485038e-03 -1.371078029206682612e-03
-2.620851334686009372e-03 -4.365019528188578309e-04
-2.027197434873557417e-03 4.376936083922847512e-04
-1.155662949306436637e-03 1.058041917354408164e-03
-1.815410000060455270e-04 1.277680810787177202e-03
7.041786142555353989e-04 1.024697608633105481e-03
1.330998462664056709e-03 3.163193096185523863e-04
1.581124917724466891e-03 -7.437526207061781643e-04
1.411604975890899238e-03 -1.984372661622426422e-03
8.622012963115024010e-04 -3.198758252168976135e-03
4.752095024750059224e-05 -4.183065659516306718e-03
-8.651029853059242786e-04 -4.774445033603001015e-03
-1.687778354881359130e-03 -4.881382897054665007e-03
-2.248166651737465004e-03 -4.500599450456839457e-03
-2.422690685049066431e-03 -3.717312199510125394e-03
-2.160535686698388143e-03 -2.688824982799082816e-03
-1.493885094358703060e-03 -1.614556684776676833e-03
-5.324383573444369053e-04 -6.981894221121589129e-04
5.567658219750091890e-04 -1.091060461894327940e-04
1.580414825961620317e-03 4.958072587777414414e-05
2.355007802914403474e-03 -2.396445690263991450e-04
2.741141989379409886e-03 -9.056727770006315313e-04
2.669519453047224707e-03 -1.802610222349830668e-03
2.153760202920557750e-03 -2.737858254377735587e-03
1.287603916295212460e-03 -3.509106225313809828e-03
2.270362897988830375e-04 -3.943222396154934077e-03
-8.392720132810933039e-04 -3.929666232125362396e-03
-1.725615536346241513e-03 -3.442081446845456083e-03
-2.284244677359061580e-03 -2.543966032039714133e-03
-2.433075404413564524e-03 -1.377329950965516239e-03
-2.170877367519610107e-03 -1.364723806001565381e-04
-1.577072612126911334e-03 9.681716896393081006e-04
-7.961928706680396553e-04 1.749284714703391343e-03
-9.949919930298477787e-06 2.077601026989461981e-03
5.977797212562297596e-04 1.905920207286426488e-03
8.764118642012228531e-04 1.277663307708575263e-03
7.378253733080102680e-04 3.183605548108456567e-04
1.737084534997595121e-04 -7.883112097429410955e-04
-7.422186908245171667e-04 -1.835399930464906224e-03
-1.867540219853421925e-03 -2.631853864090454107e-03
-3.017528962149070276e-03 -3.038583730381809803e-03
-3.999596258088264529e-03 -2.994585634822220094e-03
-4.649296656443046433e-03 -2.528182991863968908e-03
-4.861080886750942034e-03 -1.751265436675371757e-03
-4.607983132574909775e-03 -8.376241570892024608e-04
-3.946521890328786968e-03 1.050387064178959738e-05
-3.005891328970023216e-03 6.013361612066984389e-04
-1.963492333558824500e-03 7.905107737789995523e-04
-1.011436501132118113e-03 5.091045511674443906e-04
-3.203630161340378403e-04 -2.226167126335642718e-04
-7.414554659450605517e-06 -1.298335450143224849e-03
-1.144284688709396557e-04 -2.545128778159566965e-03
-6.004631727886886039e-04 -3.755557804112984177e-03
-1.350063595337630627e-03 -4.726338706260569192e-03
-2.195688099731648180e-03 -5.296287023858030352e-03
-2.950036915176566105e-03 -5.376362526372160250e-03
-3.442146709502596526e-03 -4.966135777611564543e-03
-3.550402449627736330e-03 -4.153566399889354298e-03
-3.226201198964755851e-03 -3.098140773329278314e-03
-2.503772556572247954e-03 -2.000565577991443925e-03
-1.494281994945946025e-03 -1.064756971899573227e-03
-3.653200637052902620e-04 -4.593217226751180465e-04
6.903513784851049830e-04 -2.858205726564465657e-04
1.490889289258324991e-03 -5.598178366435072918e-04
1.899472048000654806e-03 -1.208298320208185716e-03
1.849965245938569062e-03 -2.083931854641058248e-03
1.359296805457901837e-03 -2.993474128808995896e-03
5.242017489218154776e-04 -3.734914329035593245e-03
-4.970461412048467632e-04 -4.136322509363742593e-03
-1.514458561348463583e-03 -4.089026611287779889e-03
-2.342070086529711263e-03 -3.568822004258695099e-03
-2.832828534931461015e-03 -2.641182309898747887e-03
-2.906040285023817407e-03 -1.449470033855351043e-03
-2.562183782028111100e-03 -1.883653014683056310e-04
-1.882297718048341712e-03 9.324690748951857625e-04
-1.012072496195062831e-03 1.727618120673595891e-03
-1.336711859867288675e-04 2.070623178116453612e-03
5.693695913625085661e-04 1.917605352413696059e-03
9.474977676438868773e-04 1.315337893921617474e-03
9.140529613593626097e-04 3.922437465458539088e-04
4.622346982628168770e-04 -6.659748765989087537e-04
-3.330948345080014718e-04 -1.651460540372952975e-03
-1.329127556629444620e-03 -2.373429962642848497e-03
-2.341760104238778221e-03 -2.694085132122924723e-03
-3.180142161305210893e-03 -2.554412812322251827e-03
-3.682589167997390740e-03 -1.984995542018965983e-03
-3.747065579917717524e-03 -1.099797035882636069e-03
-3.350470576095265600e-03 -7.411017488516348679e-05
-2.553075994245631274e-03 8.891442856678556054e-04
-1.487275393252868345e-03 1.598373662796984986e-03
-3.327715922283347753e-04 1.910133992471428014e-03
7.171043306770733807e-04 1.756829602157429504e-03
1.491572605805336054e-03 1.160032907482017126e-03
1.874242032733542361e-03 2.268887098656204547e-04
1.824588237509712670e-03 -8.697293047907330918e-04
1.385019243521607530e-03 -1.923564726254669904e-03
6.722047301313493995e-04 -2.733713293687195685e-03
-1.456744633041740389e-04 -3.142420955802834818e-03
-8.814338965306459887e-04 -3.064794804882075511e-03
-1.364980051331957578e-03 -2.504805606298585695e-03
-1.476142753878796794e-03 -1.554554117551778733e-03
-1.168014507927463749e-03 -3.769402476120890691e-04
-4.763639583315610725e-04 8.249853599391961546e-04
4.866713410404207739e-04 1.846188235275110501e-03
1.553429471157963173e-03 2.518114950259585112e-03
2.532168172768497431e-03 2.740181040682328553e-03
3.243161517246252387e-03 2.498329929237618797e-03
3.552619309638859607e-03 1.867160313048840843e-03
3.398009372074817149e-03 9.952318652101559745e-04
2.799988379695191737e-03 7.634509825295233889e-05
1.858680117187142510e-03 -6.877523659897066648e-04
7.350013202851285975e-04 -1.126157091975672547e-03
-3.794358935605788435e-04 -1.131739050037592655e-03
-1.298155090144909605e-03 -6.819594773063578433e-04
-1.874606261965674429e-03 1.563777927120753135e-04
-2.029340798161891751e-03 1.239353308707267544e-03
-1.764438383915658496e-03 2.372832779250545233e-03
-1.162468282244390021e-03 3.348957073683992130e-03
-3.701965591696857513e-04 3.985319458918515356e-03
4.298604263900807488e-04 4.159417411147359536e-03
1.054634631910242272e-03 3.831859027898449569e-03
1.355777358090134218e-03 3.053931055087106498e-03
1.248310206906765247e-03 1.958094164332757105e-03
7.272182371276590500e-04 7.332013122289890309e-04
-1.311678128162834227e-04 -4.108746828040900530e-04
-1.183271563400499276e-03 -1.282514969037412602e-03
-2.245191289384357303e-03 -1.744103622414386627e-03
-3.127348993994722749e-03 -1.737494464118378512e-03
-3.670311178671585659e-03 -1.294386688029949654e-03
-3.775000043637388118e-03 -5.296587943646437419e-04
-3.421573639082768278e-03 3.810621338779807414e-04
-2.673396670386287907e-03 1.235333416383833580e-03
-1.665344501441528516e-03 1.842891727396793553e-03
-5.786472967372616660e-04 2.062311610701754189e-03
3.929721027958505038e-04 1.828372191198015737e-03
1.079466232890573642e-03 1.164936977522039972e-03
1.366101549537381086e-03 1.808958501928266578e-04
1.214590856644660790e-03 -9.500731022409780084e-04
6.697330926257765620e-04 -2.022098820242229558e-03
-1.496815558615430253e-04 -2.835904695713268014e-03
-1.073963983684969245e-03 -3.236448568161205425e-03
-1.915228755763071205e-03 -3.142290558700259508e-03
-2.503500832879713631e-03 -2.561127884413626817e-03
-2.719376768546975104e-03 -1.588552636676951197e-03
-2.517044396399646146e-03 -3.902628700206534464e-04
-1.933292167782856485e-03 8.289117896955799708e-04
-1.080793914464930026e-03 1.863314227106735790e-03
-1.269342135160972059e-04 2.544851798764605558e-03
7.378204842077361152e-04 2.774219277714516825e-03
1.336018099191761807e-03 2.539054540861667743e-03
1.536949527931023244e-03 1.915603884930151823e-03
1.281620615848779550e-03 1.053596802901097564e-03
5.942342919026139675e-04 1.472095059698326882e-04
-4.219982536936839335e-04 -6.023695846936105366e-04
-1.603933240911381650e-03 -1.025669455990405477e-03
-2.758855748200812232e-03 -1.017613850755495243e-03
-3.700390501733791249e-03 -5.579460072669909648e-04
-4.283176093807822271e-03 2.844782198297771125e-04
-4.429751807185498130e-03 1.364351810996464621e-03
-4.144581319033376586e-03 2.487143440667668407e-03
-3.512573314058185011e-03 3.445740606130290144e-03
-2.682394221271976707e-03 4.059574671128231803e-03
-1.837747154479384398e-03 4.208821089617391376e-03
-1.162068658875452069e-03 3.857198092888783954e-03
-8.033399084284523900e-04 3.059043578644509917e-03
-8.456858831711118636e-04 1.949324610071324296e-03
-1.293149157397274849e-03 7.184635933499336621e-04
-2.068717880704025631e-03 -4.232616947422527393e-04
-3.028797149521453985e-03 -1.285014533124006000e-03
-3.990386570226384620e-03 -1.730963950571236167e-03
-4.765818592672154200e-03 -1.705397234120924459e-03
-5.198478225355807232e-03 -1.242639681312117210e-03
-5.192736612190603646e-03 -4.599181497063418566e-04
-4.732424306759580243e-03 4.654654311244227046e-04
-3.884337918582691975e-03 1.330313796523969029e-03
-2.786105705278519272e-03 1.944581372266521342e-03
-1.620697534794175027e-03 2.167881879400221888e-03
-5.823921231237802042e-04 1.936531873082074102e-03
1.593689336252456998e-04 1.275999175336088847e-03
4.914111790957824497e-04 2.963906239463000086e-04
3.776052957720878525e-04 -8.281728742719630509e-04
-1.349262224151139434e-04 -1.892392925311560566e-03
-9.253344030890249278e-04 -2.698626397406456677e-03
-1.822483661298206475e-03 -3.094361390917147077e-03
-2.637854987161039784e-03 -3.001238300588839666e-03
-3.201670663197980250e-03 -2.430116680398272840e-03
-3.395390360932432246e-03 -1.479328738487873957e-03
-3.174417470847078031e-03 -3.164418529679629047e-04
-2.576710309306560250e-03 8.530267848141377240e-04
-1.715663915087937801e-03 1.824031203471910157e-03
-7.586086857596218563e-04 2.430291171748437742e-03
1.050022265365868884e-04 2.575222772678084117e-03
6.996901063751994384e-04 2.249662477419717838e-03
8.974921537516428790e-04 1.533043061257031341e-03
6.425885616505797038e-04 5.778130268699278784e-04
-3.765767687118320300e-05 -4.199364170160889637e-04
-1.037350163719145697e-03 -1.258062057560747080e-03
-2.191530316198804680e-03 -1.767047557861549812e-03
-3.306797600282629368e-03 -1.842436551408480321e-03
-4.197295648973069920e-03 -1.464870401605746116e-03
-4.719265552498694630e-03 -7.039300127227870888e-04
-4.797639014195144436e-03 2.949502470038302447e-04
-4.439650995145764251e-03 1.338021045069505205e-03
-3.732908541089960657e-03 2.219994707872152695e-03
-2.828294514990225671e-03 2.763094078998677185e-03
-1.910955036019876957e-03 2.850975212399498547e-03
-1.164874254124091115e-03 2.451094119976476252e-03
-7.377527538612255534e-04 1.621274180138542994e-03
-7.128466858186783758e-04 4.992209067653560327e-04
-1.093104786829998416e-03 -7.230416774962585350e-04
-1.800609687467481053e-03 -1.834984964842425363e-03
-2.691429707226232829e-03 -2.646872033282061335e-03
-3.583066943311907521e-03 -3.025109700872460547e-03
-4.289299932386734550e-03 -2.916977063919805931e-03
-4.655816674294753835e-03 -2.360062818267891389e-03
-4.589881996887418616e-03 -1.474638672391097999e-03
-4.078410913808885527e-03 -4.404264265777822133e-04
-3.191013296864713290e-03 5.378297926306637713e-04
-2.067419532943862246e-03 1.269456376997877764e-03
-8.916533582293209451e-04 1.614196836632511784e-03
1.421730056348207306e-04 1.508922887076295880e-03
8.659800244987820445e-04 9.796474922587577842e-04
1.168933767037303503e-03 1.365627459175278429e-04
1.017854727688585065e-03 -8.469579460147026251e-04
4.629715377841486573e-04 -1.767415283062393882e-03
-3.720577121060992046e-04 -2.430033699888270449e-03
-1.313956303906509138e-03 -2.686042648655839141e-03
-2.172954112509590564e-03 -2.461322087183685781e-03
-2.778947533380774371e-03 -1.770978234919804188e-03
-3.013841779197484055e-03 -7.170782304121760004e-04
-2.833948226574030567e-03 5.300401833384947364e-04
-2.278194823961749403e-03 1.763358875188155046e-03
-1.460596134093655653e-03 2.777702568700496800e-03
-5.484122654447095820e-04 3.407915903811592050e-03
2.698620096051669755e-04 3.559480775872503680e-03
8.206087857184341233e-04 3.225791665931269751e-03
9.784514826950822287e-04 2.488832475347358981e-03
6.905428124165695000e-04 1.503140397023966469e-03
-1.283603629871512934e-05 4.661056313969223460e-04
-1.023386426947815253e-03 -4.197586361476405344e-04
-2.174660924237837873e-03 -9.854231495670484446e-04
-3.272942896855103676e-03 -1.127509729953957152e-03
-4.133305351335492261e-03 -8.279237501074450650e-04
-4.614036058132569250e-03 -1.572329275831387593e-04
-4.642924482070874201e-03 7.388464746414615848e-04
-4.230445786360093573e-03 1.667293935622829026e-03
-3.467356761688767178e-03 2.424681605517456633e-03
-2.507168529511036737e-03 2.836129879756668724e-03
-1.536822766973249422e-03 2.788936072828600028e-03
-7.411300723455767955e-04 2.254497796671226222e-03
-2.677082341869373855e-04 1.294367686213599442e-03
-1.990612685720447549e-04 4.927956555098760624e-05
-5.370855833380220636e-04 -1.286790611292320478e-03
-1.202934166949107221e-03 -2.502632837039248104e-03
-2.052259423436770744e-03 -3.409077714612478074e-03
-2.902941267927937243e-03 -3.874116648791584624e-03
-3.570041081224390855e-03 -3.847232692619453019e-03
-3.901352084319646175e-03 -3.368349376525373896e-03
-3.806802113695711889e-03 -2.559716376954381412e-03
-3.276127465314680656e-03 -1.602280402459943607e-03
-2.381456377329350602e-03 -7.010256611482623083e-04
-1.264297553613080455e-03 -4.585482910980133442e-05
-1.093819511471532009e-04 2.245764410294826680e-04
8.897042920928097424e-04 4.922009179486553851e-05
1.566602892696317747e-03 -5.438010873326708326e-04
1.813163608921512186e-03 -1.442615692299722280e-03
1.599467660077790853e-03 -2.472981088626648519e-03
9.791134593170056424e-04 -3.431562284567148038e-03
7.877239544171416117e-05 -4.124802992638809153e-03
-9.260011883017905824e-04 -4.406018854279273450e-03
-1.844120963745769911e-03 -4.203677935364754682e-03
-2.505163102718306438e-03 -3.535501129969430105e-03
-2.791550521692141157e-03 -2.505699203774996563e-03
-2.660634659509627728e-03 -1.285855570707635041e-03
-2.152497697506409145e-03 -8.306008408624884938e-05
-1.382004135516048515e-03 8.986870381731896628e-04
-5.166150454424494991e-04 1.496507548960033466e-03
2.558239867959774712e-04 1.618926361906276781e-03
7.632100676647790051e-04 1.262681001282434101e-03
8.823714083295861391e-04 5.128884166174885271e-04
5.630183146984578130e-04 -4.734519351170502041e-04
-1.620935408077875308e-04 -1.497486347652061999e-03
-1.182727507939133199e-03 -2.356373971095601649e-03
-2.331419821194835595e-03 -2.881818257756913870e-03
-3.414602765161058734e-03 -2.971964848814765987e-03
-4.248717950674397656e-03 -2.610626488548853721e-03
-4.694494396446993734e-03 -1.870197514601089047e-03
-4.682912093367467415e-03 -8.977110366643732903e-04
-4.227944302238164156e-03 1.133141238409590733e-04
-3.423673252194959701e-03 9.598970839966634947e-04
-2.426330604586676709e-03 1.468468191138207158e-03
-1.424666302081754573e-03 1.528219433144161095e-03
-6.042572560900902941e-04 1.112604224756450540e-03
-1.125126964252216866e-04 2.849021123066536321e-04
-3.099900471479743319e-05 -8.132191027168122772e-04
-3.603188431192585334e-04 -1.987991985394868284e-03
-1.020400233760829570e-03 -3.029724851204044014e-03
-1.866131486717450020e-03 -3.752027426080131907e-03
-2.715370405837090433e-03 -4.026671996926374682e-03
-3.384011592792834922e-03 -3.807500672166238588e-03
-3.721457949680113692e-03 -3.138862169144071221e-03
-3.639765034154423748e-03 -2.146989227659412344e-03
-3.130924457972247138e-03 -1.015955989487303101e-03
-2.268998277804163723e-03 4.722769741476715889e-05
-1.196685055514992192e-03 8.517734505581247770e-04
-9.884678298104250527e-05 1.259108726473236271e-03
8.320041049062761691e-04 1.208895365476751922e-03
1.431734581222267625e-03 7.301505372206229614e-04
1.595325680164417278e-03 -6.462860594979387332e-05
1.296500508963026148e-03 -1.001215012743184724e-03
5.925350552555281713e-04 -1.877147411715052693e-03
-3.866553466417115004e-04 -2.500617057321091134e-03
-1.463085819590034331e-03 -2.727369228822743626e-03
-2.444276300445225557e-03 -2.488618423027318637e-03
-3.159475892636961873e-03 -1.804677348190875628e-03
-3.491683068918700807e-03 -7.817047337991341223e-04
-3.399405768360223845e-03 4.078265209070296095e-04
-2.924050126496970971e-03 1.557256384098362843e-03
-2.181549446023619589e-03 2.464389727007840637e-03
-1.339830487123128914e-03 2.969366474149408731e-03
-5.863970158959555621e-04 2.984589595209844251e-03
-9.218284960034028169e-05 2.511052925829974913e-03
2.146619584758764632e-05 1.637984265720340143e-03
-2.935859529166586282e-04 5.258765203901413429e-04
-1.002528434689940002e-03 -6.238770435208920804e-04
-1.993609556905515980e-03 -1.606993212369340132e-03
-3.098763045661268208e-03 -2.254759450199348564e-03
-4.124961665503751838e-03 -2.465666491021475254e-03
-4.890372557296893130e-03 -2.224229905054457904e-03
-5.258477514019085225e-03 -1.603445584936872594e-03
-5.163704615741164516e-03 -7.504249365552792626e-04
-4.623722673257589684e-03 1.420578825920954490e-04
-3.736072949705821801e-03 8.727054715158287556e-04
-2.659776016557912140e-03 1.270476476803534789e-03
-1.585394334561945374e-03 1.227646718449927361e-03
-6.992149819392177394e-04 7.208768429014969330e-04
-1.483283252288144539e-04 -1.837176352132204732e-04
-1.320687337110328444e-05 -1.342468466108079957e-03
-2.929666109612167040e-04 -2.560789190881451217e-03
-9.060901203166851292e-04 -3.629511733038211056e-03
-1.706461837438481236e-03 -4.364056348973143623e-03
-2.511665421590555166e-03 -4.639028176125249703e-03
-3.138170598671304393e-03 -4.411697849650384785e-03
-3.436731779702904832e-03 -3.729926560668191289e-03
-3.321280459865429829e-03 -2.723039287917432532e-03
-2.785825577866973476e-03 -1.577376413986262063e-03
-1.906147361340482238e-03 -5.011526579014522181e-04
-8.259505917501979875e-04 3.147255602074430086e-04
2.699127450793999518e-04 7.324703731570285370e-04
1.190091281120601949e-03 6.930772805109502478e-04
1.772700092097236405e-03 2.269946532613125595e-04
1.915800229381255798e-03 -5.522106828598984281e-04
1.596624101056097131e-03 -1.469979133260791455e-03
8.759073973643576603e-04 -2.324471363254433740e-03
-1.134940246802135016e-04 -2.925469902530532067e-03
-1.191550446435708484e-03 -3.131087767401452126e-03
-2.164849773597468142e-03 -2.875317855918596045e-03
-2.862843258538601884e-03 -2.181191546369854600e-03
-3.169691610624222715e-03 -1.157040413850925773e-03
-3.045692379149804018e-03 2.344479914448676511e-05
-2.534243685614785691e-03 1.153594744704099576e-03
-1.753039121616510121e-03 2.032461484866286174e-03
-8.711751524353343948e-04 2.502519541897087890e-03
-7.652026130077122824e-05 2.479236781789672609e-03
4.604607705886616664e-04 1.966921357215785111e-03
6.195628540926760748e-04 1.057847480162813370e-03
3.541412071994456262e-04 -8.517323966219462333e-05
-2.995689691200355796e-04 -1.259475878591027106e-03
-1.228890831139501684e-03 -2.260675158917618832e-03
-2.265693953337349215e-03 -2.921032667245427369e-03
-3.217966895029519304e-03 -3.140801627616909321e-03
-3.906002697931266598e-03 -2.906624289997848665e-03
-4.196349945376789264e-03 -2.293510339191798253e-03
-4.027102698021393576e-03 -1.450035053274892436e-03
-3.419740173744793832e-03 -5.695742986356697873e-04
-2.475271434706959473e-03 1.469619693131266492e-04
-1.355409882003248559e-03 5.298259914150202192e-04
-2.523348605723912345e-04 4.732159666374449215e-04
6.472431204022589465e-04 -4.407494147873813536e-05
1.196919981873235776e-03 -9.540679719601443797e-04
1.317753953313411568e-03 -2.111948294182140664e-03
1.012610776050091102e-03 -3.323027461274205563e-03
3.649957717337367138e-04 -4.379223014470924255e-03
-4.773916838228889088e-04 -5.098155694269262787e-03
-1.331252525059836538e-03 -5.357467317960096925e-03
-2.013001894173342948e-03 -5.117865525638311611e-03
-2.374101135118724792e-03 -4.430534168679608337e-03
-2.329703736357506029e-03 -3.427506235508133697e-03
-1.875178289892879581e-03 -2.296819816507233644e-03
-1.087368594949767852e-03 -1.247156496811849822e-03
-1.103428482994297057e-04 -4.686508039867154536e-04
8.716771921577384612e-04 -9.728235558508586608e-05
1.669086575741558992e-03 -1.895822418755631865e-04
2.122786322772159465e-03 -7.124307025625565334e-04
2.134396329234836652e-03 -1.549864431126000541e-03
1.685069283884373234e-03 -2.525590263061133940e-03
8.393389541180471761e-04 -3.436927680904863953e-03
-2.667321154148856498e-04 -4.093738715843115231e-03
-1.450869354255859920e-03 -4.354960075150289371e-03
-2.518583420744869086e-03 -4.155807187660873897e-03
-3.299422013376970310e-03 -3.520487038967339867e-03
-3.678624981014642914e-03 -2.558001522686041435e-03
-3.618203200478818833e-03 -1.441825958447125579e-03
-3.163465172128112832e-03 -3.773021279189058691e-04
-2.433771041168930616e-03 4.370866623437383910e-04
-1.599280023607993831e-03 8.472302759355916819e-04
-8.481087170214933729e-04 7.725947045539218599e-04
-3.501326286162831196e-04 2.215832266604413070e-04
-2.242978999061726215e-04 -7.098555786333976114e-04
-5.156444285655701829e-04 -1.856114171057084801e-03
-1.186401327564524889e-03 -3.012926739513904079e-03
-2.122849290915537757e-03 -3.975623001258234146e-03
-3.156656863094081319e-03 -4.577402362546140191e-03
-4.096654671218112262e-03 -4.720393462602217628e-03
-4.765032920428059066e-03 -4.393631421929311207e-03
-5.031107656170177161e-03 -3.674562965215174420e-03
-4.836259474024089816e-03 -2.713808854219835337e-03
-4.205317685950987067e-03 -1.706083241311253697e-03
-3.242227310552844161e-03 -8.527904742815762239e-04
-2.110810151580683192e-03 -3.233952887339037324e-04
-1.004251718897672570e-03 -2.228938318221658846e-04
-1.090789448341537068e-04 -5.715566363158688934e-04
4.295642753077647674e-04 -1.300789435139334616e-03
5.347830910831592906e-04 -2.265903948802417377e-03
2.118669644711780597e-04 -3.273386881158553332e-03
-4.533295309276575607e-04 -4.117508115190498391e-03
-1.311238952055182681e-03 -4.619338735384058078e-03
-2.177460854646961260e-03 -4.660791162580113500e-03
-2.868187266758952941e-03 -4.207234049012152644e-03
-3.235453657772740469e-03 -3.314395555976850857e-03
-3.195530071666766517e-03 -2.118241154458523970e-03
-2.745067973661373222e-03 -8.097335155547472031e-04
-1.961938847076067586e-03 4.007573821593396132e-04
-9.906012051443409926e-04 1.322667648020862258e-03
-1.476423370140329122e-05 1.820665132278710945e-03
7.774762642608617092e-04 1.839594086635114398e-03
1.229426392676881939e-03 1.414230658363282338e-03
1.245726598205954558e-03 6.620173426929013873e-04
8.107540508574021757e-04 -2.398326370665900095e-04
-7.997885494782138588e-06 -1.088510969641487761e-03
-1.072213214492234333e-03 -1.694584855341970710e-03
-2.198403921138460896e-03 -1.918370765358147923e-03
-3.192073843083005451e-03 -1.696812678278596066e-03
-3.883941115240252366e-03 -1.055765640244446177e-03
-4.161375501510118299e-03 -1.053506954300029034e-04
-3.989113367811075728e-03 9.807454309296150061e-04
-3.415343212982981450e-03 1.998110301317495251e-03
-2.562024129311739687e-03 2.750368749305016902e-03
-1.601283990331986342e-03 3.086528165148704449e-03
-7.223786045516082926e-04 2.929831267311814973e-03
-9.547884545727013464e-05 2.292647227002985073e-03
1.608481966184510149e-04 1.274573534946252425e-03
2.299155242570845997e-06 4.409817777359048238e-05
-5.326608001110673656e-04 -1.192717125649206140e-03
-1.330062130901323546e-03 -2.230615810046450952e-03
-2.222089795691674450e-03 -2.903334707863986213e-03
-3.019034549368442098e-03 -3.114385930939767011e-03
-3.545483218818388203e-03 -2.854619599203933079e-03
-3.673889640174469486e-03 -2.203257761027645548e-03
-3.349161848635231770e-03 -1.312219247161425109e-03
-2.599600269747077193e-03 -3.767183729435138063e-04
-1.532104359385935135e-03 4.022815352992506650e-04
-3.125424057603762708e-04 8.566377799951176934e-04
8.650126199039256817e-04 8.833068760895313679e-04
1.814370853993206708e-03 4.642108537007121755e-04
2.391819005062443410e-03 -3.300776733553816705e-04
2.522684455025834150e-03 -1.353534553398167122e-03
2.214854946795262458e-03 -2.412270902194615235e-03
1.556708078305678311e-03 -3.301284748406463354e-03
6.998558350652118445e-04 -3.843417009166909433e-03
-1.700166281122099691e-04 -3.923131687693412473e-03
-8.686859884384539243e-04 -3.508718036472660909e-03
-1.248562568105112151e-03 -2.658702609692594355e-03
-1.226832837870676018e-03 -1.511247002961515432e-03
-8.012396911535439332e-04 -2.585269918696056794e-04
-5.051060153461804474e-05 8.890688713616606885e-04
8.806470576395419294e-04 1.742156511311103396e-03
1.809139827590660037e-03 2.167578615914085224e-03
2.548441483837697585e-03 2.112977866583017408e-03
2.944280617297648402e-03 1.616083320699171575e-03
2.904296234395325853e-03 7.969662459738747042e-04
2.416035503578572042e-03 -1.652543886346687584e-04
1.549873631568418012e-03 -1.066833252029321995e-03
4.462895554158649884e-04 -1.718417861074695132e-03
-7.101076241554133035e-04 -1.981267737260432489e-03
-1.724898434371752859e-03 -1.793807601407743611e-03
-2.430035905034505332e-03 -1.183480931222600108e-03
-2.715055446008220446e-03 -2.616556949191971250e-04
-2.547416716527718065e-03 7.974546587493753190e-04
-1.978139399384371347e-03 1.789862940861394140e-03
-1.131678146415733815e-03 2.520607670562400975e-03
-1.819647610130782460e-04 2.840928561530048965e-03
6.808368384627842135e-04 2.676771870716368896e-03
1.286560774377436484e-03 2.043219236794597583e-03
1.517389318741462542e-03 1.042097285242451696e-03
1.330194762072583244e-03 -1.567915218719651135e-04
7.646422239459738004e-04 -1.347276209856966122e-03
-6.447898780219364027e-05 -2.325292125761064393e-03
-9.892393852934881337e-04 -2.926952655030637396e-03
-1.820699942422271574e-03 -3.059023504861542019e-03
-2.385097441653409676e-03 -2.716043428009954318e-03
-2.557223016613887311e-03 -1.980863056919756910e-03
-2.284662180982350004e-03 -1.008512305023050691e-03
-1.598293581499965780e-03 3.537763901819259219e-06
-6.070445186893423965e-04 8.530780793472043239e-04
5.221184701863638197e-04 1.371682874742306737e-03
1.595190287246197117e-03 1.456749422698028727e-03
2.427264348701447215e-03 1.090985836997090171e-03
2.876978306215618487e-03 3.456553942268679978e-04
2.872760255860120661e-03 -6.330363769833837612e-04
2.425918789568447080e-03 -1.651831563378691227e-03
1.628109874474590376e-03 -2.507300923059415862e-03
6.336699286439628417e-04 -3.024725730878176366e-03
-3.698320616360240357e-04 -3.091609134950331662e-03
-1.197242000458366255e-03 -2.679460889133382200e-03
-1.700914593184273821e-03 -1.849718376293570067e-03
-1.798607493262785462e-03 -7.426696216229224622e-04
-1.488894835332178366e-03 4.485381277888977436e-04
-8.511846518225040133e-04 1.513897080868774944e-03
-3.034211599933494955e-05 2.265743000214237232e-03
7.911623913147079442e-04 2.573755865428619446e-03
1.428297195848980509e-03 2.389143731509307377e-03
1.729058469335447790e-03 1.753443699382190545e-03
1.603853173509029112e-03 7.902853523597689125e-04
1.043098425755545951e-03 -3.183135955344685002e-04
1.196902936896431218e-04 -1.366622752448103670e-03
-1.024140570033354927e-03 -2.164273540870441295e-03
-2.203112941784610059e-03 -2.572329803942414311e-03
-3.223357023441184802e-03 -2.529522598479676601e-03
-3.918543610490391772e-03 -2.063681995326720718e-03
-4.180852843443303574e-03 -1.286204052135168571e-03
-3.980930635642325813e-03 -3.706057425629020975e-04
-3.373064403462258665e-03 4.807643090251022266e-04
-2.484606688768588052e-03 1.075546914392065245e-03
-1.491656064411922469e-03 1.268363865136347760e-03
-5.856048721445705242e-04 9.889636456852546505e-04
6.310954891470838685e-05 2.561787403163474225e-04
3.371864300151889912e-04 -8.249626101430120083e-04
1.944848705984791350e-04 -2.082438554691099734e-03
-3.242763594768262054e-04 -3.309129490917140769e-03
-1.103593517667307827e-03 -4.301383832381971278e-03
-1.975489451004217023e-03 -4.896966323924398581e-03
-2.751827131960730630e-03 -5.005217429620434019e-03
-3.260495004495417033e-03 -4.623725877011507224e-03
-3.378599513675506136e-03 -3.838368759111774296e-03
-3.056365697635816427e-03 -2.806721375034446943e-03
-2.327205281639294944e-03 -1.727986114343325105e-03
-1.302030484641765549e-03 -8.051401986678352000e-04
-1.488749040621148954e-04 -2.064730908066768345e-04
9.383345333156640697e-04 -3.379746370607821654e-05
1.775955462422837070e-03 -3.033515315716672073e-04
2.224920328717269573e-03 -9.430051168337542748e-04
2.216657498449476488e-03 -1.806292532122237473e-03
1.765744640479177370e-03 -2.700607099270025194e-03
9.669058881482787710e-04 -3.424208585985727589e-03
-2.307358629730410960e-05 -3.805024237515597200e-03
-1.015088465819448480e-03 -3.733882925471926090e-03
-1.823477807345188963e-03 -3.185874974916870321e-03
-2.301042801592290479e-03 -2.225778077705770942e-03
-2.366690707087897635e-03 -9.965066060264372340e-04
-2.020476030750183432e-03 3.072437766328437684e-04
-1.343198280834424600e-03 1.475180786044046240e-03
-4.806417274701524443e-04 2.320592417157357062e-03
3.845475658696049202e-04 2.715111738434933079e-03
1.068009709995756604e-03 2.612499665557098914e-03
1.419174787388009871e-03 2.056953859601552519e-03
1.350385093559141724e-03 1.174380092748106112e-03
8.541063681796530905e-04 1.482863725928415316e-04
4.953867086577266876e-06 -8.151305083352897250e-04
-1.053865275019065214e-03 -1.526092301496182998e-03
-2.137140520064940812e-03 -1.847135118822659577e-03
-3.052255921765164443e-03 -1.718998890735757082e-03
-3.635258236496796257e-03 -1.171612769021774473e-03
-3.781575541909974053e-03 -3.181032162443360499e-04
-3.465577619067276242e-03 6.670316864944778046e-04
-2.745280017959012865e-03 1.581438260179962758e-03
-1.751304640722118776e-03 2.233755178012327997e-03
-6.621886268150685689e-04 2.480424366592688667e-03
3.292838091056853218e-04 2.253480919660279334e-03
1.052354306781801488e-03 1.574045705461289690e-03
1.390304845280968243e-03 5.489511564153356496e-04
1.302159166512845611e-03 -6.488757175124952028e-04
8.299713261986282073e-04 -1.812573273944261855e-03
9.033227892297102535e-05 -2.739972597826198508e-03
-7.482850332931520985e-04 -3.271390927902300023e-03
-1.498039166316369368e-03 -3.319446185171810379e-03
-1.987921767348437528e-03 -2.885256768577838631e-03
-2.096777785125723305e-03 -2.057966976460489338e-03
-1.776876768370070844e-03 -9.976938234919354668e-04
-1.063556840461979533e-03 9.487189934508620266e-05
-6.910052882722083657e-05 1.016452751807896474e-03
1.038011738321636826e-03 1.599568007405594147e-03
2.064554573469116507e-03 1.744048728309946419e-03
2.828772207515554450e-03 1.435722858361752289e-03
3.194506425056300222e-03 7.487400801601478513e-04
3.096782630981328131e-03 -1.688941852221259663e-04
2.554013969722697050e-03 -1.123825316955735700e-03
1.664514862758259984e-03 -1.914486308026203901e-03
5.879838619172025795e-04 -2.369819373165464246e-03
-4.845405857869018338e-04 -2.382236125753582276e-03
-1.366567341320927206e-03 -1.928560831489140948e-03
-1.911094158620796953e-03 -1.074976873312017810e-03
-2.037995860553148617e-03 3.497392436041361647e-05
-1.748683179056490129e-03 1.207079782776664025e-03
-1.125268118967466318e-03 2.232793854817305326e-03
-3.144066968472059541e-04 2.928346389152046165e-03
5.011076704906566870e-04 3.169237799832983794e-03
1.137606614592891544e-03 2.913589308395259699e-03
1.445972946430507111e-03 2.209935823685159687e-03
1.340507242060163260e-03 1.187989517167433850e-03
8.157540506928519577e-04 3.412477946215558729e-05
-5.191253202669948372e-05 -1.043774112982829823e-03
-1.118257298947818862e-03 -1.855449470470082280e-03
-2.198073191264736728e-03 -2.263985531632778641e-03
-3.099909891031377672e-03 -2.211347371598745056e-03
-3.662073810543500438e-03 -1.728917008638532985e-03
-3.783088510066495540e-03 -9.310429129987266234e-04
-3.440851084463283135e-03 7.163000065456672297e-06
-2.696858058760534527e-03 8.835629958487618060e-04
-1.684699080134030493e-03 1.507863134110866855e-03
-5.849933836386448467e-04 1.738240268000422473e-03
4.084909826378053943e-04 1.508776603079842443e-03
1.125127572748851022e-03 8.424930008872981956e-04
1.449269549579283983e-03 -1.525002725003060319e-04
1.341617938127127874e-03 -1.303019068795982895e-03
8.460865805765361907e-04 -2.403208606992716066e-03
8.087744249599712436e-05 -3.253208776507895365e-03
-7.845296437244662652e-04 -3.696768315417056638e-03
-1.562101186725252649e-03 -3.650691782990592681e-03
-2.081477028323287272e-03 -3.120547707851965835e-03
-2.222825746522509929e-03 -2.199665667241657279e-03
-1.940092917987319004e-03 -1.051612103064490699e-03
-1.270226632929987018e-03 1.205393230441509107e-04
-3.266210989057827902e-04 1.112328923909871887e-03
7.219909335961353404e-04 1.756212514665965712e-03
1.683209026323486106e-03 1.952800055520661614e-03
2.377208981623696836e-03 1.689127475919400580e-03
2.670701390388688107e-03 1.040514656172369674e-03
2.502176648118085295e-03 1.556718021730376517e-04
1.893655739183133053e-03 -7.721107164759368532e-04
9.467188283439764577e-04 -1.542218386368421996e-03
-1.764415458976552591e-04 -1.985344443149089470e-03
-1.283362311984539029e-03 -1.996167472409422425e-03
-2.187310519976603043e-03 -1.553872705144347839e-03
-2.742136690837826234e-03 -7.266177667149670543e-04
-2.869393386823884586e-03 3.409150559902149173e-04
-2.572597257083248171e-03 1.454533979693658054e-03
-1.935948006372596513e-03 2.407014242029142242e-03
-1.107761274567462375e-03 3.017136444816626364e-03
-2.717670026185994717e-04 3.163900020637279951e-03
3.882775296550075930e-04 2.809436561224611714e-03
7.239452412460046539e-04 2.006285254227057387e-03
6.507587980615317687e-04 8.876514828028248894e-04
1.646404408234571331e-04 -3.575105127144526107e-04
-6.569339261582849993e-04 -1.519878756606742650e-03
-1.669304445185776408e-03 -2.408917206868125063e-03
-2.687807442810397247e-03 -2.888398486144301384e-03
-3.522624729959900058e-03 -2.901581568451231698e-03
-4.014706241405506526e-03 -2.481290715795622572e-03
-4.065964483840485075e-03 -1.743002105837782988e-03
-3.658021439400202437e-03 -8.622628755784136250e-04
-2.855953788063082290e-03 -4.073433973821364261e-05
-1.796320651292537384e-03 5.326948779203399473e-04
-6.617321598849265326e-04 7.183469950659635700e-04
3.532360734151505227e-04 4.528302049970332234e-04
1.078340258486554758e-03 -2.383894314479289081e-04
1.399317517679364836e-03 -1.245311919482518150e-03
1.278907745120289605e-03 -2.393814775596399356e-03
7.632820197001524264e-04 -3.478295636657779185e-03
-2.732512851267042192e-05 -4.300371708545726313e-03
-9.219912866233150777e-04 -4.706312802287265090e-03
-1.732049062704088494e-03 -4.616122433457885317e-03
-2.287344717135150057e-03 -4.038760800317542886e-03
-2.468933934680330074e-03 -3.070625279564346069e-03
-2.232012076461283717e-03 -1.877571927179417415e-03
-1.614727026552890141e-03 -6.638756235339369084e-04
-7.311977927837282586e-04 3.660025340823215914e-04
2.499452790700867075e-04 1.045611965010225051e-03
1.137439144038955748e-03 1.277453248273989050e-03
1.753650863381501753e-03 1.050817729570149416e-03
1.968357283140556580e-03 4.431628650233959948e-04
1.723641985898592514e-03 -3.952217320669435940e-04
1.045189493224070497e-03 -1.270338417657081859e-03
3.783025389711533633e-05 -1.981865755465024928e-03
-1.133829751100335834e-03 -2.361709451511323585e-03
-2.276038261262796313e-03 -2.306406715582566287e-03
-3.201997775089431703e-03 -1.797235912500492593e-03
-3.766616359539612900e-03 -9.042127626822065020e-04
-3.893342774143563646e-03 2.267930457424459996e-04
-3.588019784620146650e-03 1.401389065539599202e-03
-2.937147626300846883e-03 2.413269580358185125e-03
-2.090900999073758322e-03 3.083174642071118653e-03
-1.234129046976168874e-03 3.292822595755130928e-03
-5.508422127369547432e-04 3.007389493595072870e-03
-1.889220716287925289e-04 2.282275367940005562e-03
-2.317468407056809745e-04 1.252870720359650081e-03
-6.821143116965370113e-04 1.092536713190654608e-04
-1.461513624851012516e-03 -9.394001940385139464e-04
-2.424888864403400898e-03 -1.703967050972712404e-03
-3.388101717843039051e-03 -2.050682503250110707e-03
-4.162893392860589521e-03 -1.925935686202256188e-03
-4.592723506946021564e-03 -1.365869384633465076e-03
-4.582695181955692178e-03 -4.889831559585251916e-04
-4.117893042671125388e-03 5.268451466956546080e-04
-3.266652692982614965e-03 1.478554039949843760e-03
-2.168131583546872940e-03 2.176820815370467642e-03
-1.006522203174701601e-03 2.482329203122759197e-03
2.322327420747872205e-05 2.332504053977312204e-03
7.516811236473806661e-04 1.753641729164877577e-03
1.066400463522727046e-03 8.561322131386288250e-04
9.325646529749760487e-04 -1.863274038536224392e-04
3.989720137858020774e-04 -1.169595107105782196e-03
-4.117825152622631634e-04 -1.897800177687029638e-03
-1.327052427721848830e-03 -2.220581221657228713e-03
-2.157303056623530689e-03 -2.061791591418569818e-03
-2.732402877655731172e-03 -1.434231455267886545e-03
-2.934161457307338065e-03 -4.376097556991163928e-04
-2.718945218076862080e-03 7.598870457925732897e-04
-2.126082914459508609e-03 1.952940105558597034e-03
-1.270465582383717125e-03 2.937434067386706510e-03
-3.207408219240880033e-04 3.548538021253697106e-03
5.327685543273607931e-04 3.691335124750013286e-03
1.114343272838787648e-03 3.358216005332188055e-03
1.296468320663295018e-03 2.629757555250594996e-03
1.024385095817821178e-03 1.658935499230975406e-03
3.269358727677035802e-04 6.416741238338709557e-04
-6.883646219111488928e-04 -2.206775113768157451e-04
-1.855110478617492519e-03 -7.598262810503521661e-04
-2.978907282191869954e-03 -8.726765532660913250e-04
-3.873559506158268887e-03 -5.410388448326775360e-04
-4.395705429791214522e-03 1.648318048632115007e-04
-4.471356123207183286e-03 1.099540946182932548e-03
-4.109327488629830466e-03 2.070184872839632255e-03
-3.399035421715915564e-03 2.873072702973603326e-03
-2.493084145121228848e-03 3.332583691803077570e-03
-1.577956175384013886e-03 3.334796933512622352e-03
-8.383640579535302922e-04 2.849518679260736303e-03
-4.220224423371128804e-04 1.936527551515257895e-03
-4.115173307861147781e-04 7.348443324763727271e-04
-8.086030657674808404e-04 -5.629545498443939240e-04
-1.533901984793426768e-03 -1.746530243915763933e-03
-2.442062869006395541e-03 -2.626919100943278171e-03
-3.349505032150285489e-03 -3.071619617815158666e-03
-4.069489716957501099e-03 -3.029000675876975489e-03
-4.447870958938262599e-03 -2.537424827476886854e-03
-4.392747384197408060e-03 -1.717374057824872739e-03
-3.892389405572292335e-03 -7.480830525405766799e-04
-3.018034798006225504e-03 1.668827860056313825e-04
-1.911009676235319883e-03 8.385757156090664025e-04
-7.565991407544891707e-04 1.128756489833236546e-03
2.503996312846841401e-04 9.762869213439423662e-04
9.419343491726215462e-04 4.088219338772812461e-04
1.207914337603040612e-03 -4.624155046999659392e-04
1.016490691514930923e-03 -1.463787791311570337e-03
4.195734587075010359e-04 -2.392317373210449231e-03
-4.574465730630490785e-04 -3.054415956343461448e-03
-1.439814824238181377e-03 -3.302928381338748887e-03
-2.336793540652324329e-03 -3.065468182000330184e-03
-2.977978912353039520e-03 -2.358668847215367702e-03
-3.245673440329467467e-03 -1.285640136185176420e-03
-3.097181206382191784e-03 -1.709770403261257933e-05
-2.572803893720223070e-03 1.240275240637020828e-03
-1.788025223131603416e-03 2.282258722516082236e-03
-9.113677494308527203e-04 2.945058141696259724e-03
-1.321212209885898586e-04 3.135625659526301151e-03
3.759383570656001008e-04 2.848615262173518660e-03
4.879588525925344748e-04 2.166776085209328774e-03
1.522133433797829422e-04 1.244723303737606994e-03
-5.995028313337312596e-04 2.791717618863210010e-04
-1.657261918410039142e-03 -5.287210009174698848e-04
-2.853174577131238621e-03 -1.011763517852077351e-03
-3.992537374485568419e-03 -1.068611863687272219e-03
-4.890074187854620211e-03 -6.830828887513719794e-04
-5.404423773041600564e-03 7.275959918142185789e-05
-5.464357024097647036e-03 1.052329591424925378e-03
-5.081772343608272936e-03 2.062453075710441071e-03
-4.349019816551837406e-03 2.900217567688995277e-03
-3.421070719250272202e-03 3.391752862614678954e-03
-2.485916634034537886e-03 3.425591395871953240e-03
-1.728809014352207128e-03 2.974281125072297631e-03
-1.297113912383446050e-03 2.100146444302065842e-03
-1.272437543806552700e-03 9.440926324052328900e-04
-1.655299159555260980e-03 -3.004411388206389361e-04
-2.365249588631463708e-03 -1.423463774155065602e-03
-3.256407122341911133e-03 -2.237551732862847614e-03
-4.145461276365645237e-03 -2.612714182311947145e-03
-4.846832495426755746e-03 -2.500416867532618322e-03
-5.208319396699541588e-03 -1.942229486652486282e-03
-5.140471551833534353e-03 -1.061471532005073487e-03
-4.634112833755007002e-03 -3.944915486409484966e-05
-3.762683259521225863e-03 9.192085493560232627e-04
-2.668941355918816316e-03 1.625543391986089548e-03
-1.538530158912266351e-03 1.942203755176093302e-03
-5.653973913084663506e-04 1.809514868765278598e-03
8.439677770101256665e-05 1.256746604715757928e-03
3.036447876185628669e-04 3.964466941454692999e-04
6.387840709364683844e-05 -5.970839941569672411e-04
-5.795780011893796220e-04 -1.521092666651256481e-03
-1.498335977244683124e-03 -2.183139023592640168e-03
-2.515415340402945860e-03 -2.437973362337946502e-03
-3.438822417381484208e-03 -2.215534419366423872e-03
-4.097874297403304722e-03 -1.534753063941999510e-03
-4.375391796180583444e-03 -5.005344273616457078e-04
-4.229668496712786149e-03 7.155246594412495876e-04
-3.702061400020727894e-03 1.907046784248934371e-03
-2.908773271240035554e-03 2.871386233890441814e-03
-2.018391764570511525e-03 3.447464552173982663e-03
-1.219448784274362397e-03 3.545778616508767078e-03
-6.841544474382979697e-04 3.164911287394575438e-03
-5.351854948488468829e-04 2.391428934132669784e-03
-8.218306619148752976e-04 1.383194232326015764e-03
-1.510024572198784450e-03 3.392611919590445696e-04
-2.488172344029985356e-03 -5.379419314033111448e-04
-3.587677108391673728e-03 -1.080978055448848004e-03
-4.614298198924314705e-03 -1.189049664188011847e-03
-5.384416188277981255e-03 -8.469389282240889424e-04
-5.759350714936037341e-03 -1.276567625810795265e-04
-5.671244290276007856e-03 8.216952018499064717e-04
-5.135620412785105171e-03 1.808165115524659316e-03
-4.248245313014178265e-03 2.629936985826875247e-03
-3.166892286569210780e-03 3.115047631868837763e-03
-2.081463772805415557e-03 3.154490575004721600e-03
-1.178128492039610085e-03 2.723424756841947517e-03
-6.042621478455378371e-04 1.886457859661737650e-03
-4.408261498763206207e-04 7.859894174587821278e-04
-6.874085596400413695e-04 -3.841932741700109259e-04
-1.262751990985248613e-03 -1.415080689260371635e-03
-2.020658895118795755e-03 -2.121533390280708024e-03
-2.778251228938072737e-03 -2.376911476485509250e-03
-3.351220704125227115e-03 -2.136695421870595836e-03
-3.589380964445516593e-03 -1.446635571572266014e-03
-3.405775056119808228e-03 -4.338952575933179923e-04
-2.793811423027320849e-03 7.171294167213522475e-04
-1.829168368729959700e-03 1.799730830431993823e-03
-6.560912811552072196e-04 2.623938340705345151e-03
5.393371923812064275e-04 3.052301102460131411e-03
1.563906055372402083e-03 3.025633067939920845e-03
2.253403625312315993e-03 2.573851088352379496e-03
2.503333120447166077e-03 1.809861938412343774e-03
2.288408052451926938e-03 9.076658027200107870e-04
1.667141677060740177e-03 6.883408173906781051e-05
7.706649847717631646e-04 -5.162779617234145458e-04
-2.221081546894541122e-04 -7.052252703445005544e-04
-1.118267074919288701e-03 -4.311110721266779751e-04
-1.747247229755733051e-03 2.840793135504367153e-04
-1.992853536240899066e-03 1.332988805032875443e-03
-1.814907681094741956e-03 2.542593263108443562e-03
-1.256429467290934342e-03 3.706383871281683680e-03
-4.350029732398302861e-04 4.622946916800610428e-03
4.800257770585631377e-04 5.133648090493270200e-03
1.300188982080141900e-03 5.152296507444486390e-03
1.854180627003990589e-03 4.681180667348028464e-03
2.020898370580936302e-03 3.810447245676359691e-03
1.752972116051016880e-03 2.700945595561335226e-03
1.086309056247321183e-03 1.553789308533956278e-03
1.338333026458710150e-04 5.723988307880848152e-04
-9.354080815258329455e-04 -7.578970046269841235e-05
-1.927828620260098194e-03 -2.907035518476793270e-04
-2.661605771421598522e-03 -5.816578162876930025e-05
-3.000838671262590247e-03 5.479189684989269928e-04
-2.881098979559585261e-03 1.380127969130308212e-03
-2.321540958634827744e-03 2.246062744478771658e-03
-1.421279604699622091e-03 2.945451634064987119e-03
-3.407222302176540849e-04 3.308772199065767097e-03
7.286141806180811880e-04 3.230064867690913850e-03
1.600089329000390585e-03 2.687709016719666815e-03
2.126922186741754713e-03 1.749212172741490805e-03
2.229554289658543589e-03 5.590905190010462839e-04
1.910222678407957246e-03 -6.878787939513309520e-04
1.251994750414174139e-03 -1.782982185788946090e-03
4.024605706780582954e-04 -2.542604943555875317e-03
-4.548158286675747872e-04 -2.842596266611504760e-03
-1.135666131854225908e-03 -2.641465552319342130e-03
-1.490796382275659006e-03 -1.988024286365244146e-03
-1.434641800324669121e-03 -1.012031033416482297e-03
-9.621194910907507423e-04 1.003868935447173273e-04
-1.500930046108097955e-04 1.141881400096619002e-03
8.567413562222463098e-04 1.922948655012898366e-03
1.872885353904475084e-03 2.307519406045901392e-03
2.706877963148738610e-03 2.238343032341691234e-03
3.197353462086780299e-03 1.747368490705703947e-03
3.243496006486404955e-03 9.491680162908597371e-04
2.824126870296054994e-03 1.866183043119012475e-05
2.001810529679210783e-03 -8.426241187018552450e-04
9.112001023253480953e-04 -1.445363326512121883e-03
-2.661752663763009051e-04 -1.648933767886796029e-03
-1.335913277283275755e-03 -1.388695359343865982e-03
-2.127101245411500315e-03 -6.888600390265022053e-04
-2.524163287677645435e-03 3.414966849216728153e-04
-2.488173050214495963e-03 1.528540853654198218e-03
-2.063609088721560583e-03 2.666107143802206279e-03
-1.369287393571905600e-03 3.554318576090915310e-03
-5.752022316036138096e-04 4.037095178486798351e-03
1.303248752319943228e-04 4.031456416503268608e-03
5.769528678706650239e-04 3.543074094349278180e-03
6.451959424371616139e-04 2.665133866256978127e-03
2.896262616724077765e-04 1.560721840437691819e-03
