-1.200101682282581853e-03 -7.609587042909888655e-04
-5.231449071719495572e-04 -7.618655648748453831e-04
1.754594949561279920e-04 -8.594875219843807739e-04
7.855525101768046818e-04 -1.044834866185404779e-03
1.212596974892687007e-03 -1.288767890960288527e-03
1.394988732709965184e-03 -1.547379191371049201e-03
1.315209210401110723e-03 -1.770260846993478455e-03
1.002720084264263666e-03 -1.910091864429405055e-03
5.280618953537088425e-04 -1.931729143595659320e-03
-1.071868034477867085e-05 -1.819077146349826462e-03
-5.067384794036790393e-04 -1.578430031885122171e-03
-8.645078220786687377e-04 -1.237646071140764302e-03
-1.017891711197501650e-03 -8.413015938482877381e-04
-9.424056378446655407e-04 -4.427314989199877078e-04
-6.595248669796280458e-04 -9.445164675118142630e-05
-2.322008823350960515e-04 1.612361096816107304e-04
2.475540958944337055e-04 2.996907202082397517e-04
6.766496845900582318e-04 3.180342230881864039e-04
9.610463658023225830e-04 2.351464461019908930e-04
1.034202605862300558e-03 8.756646832494778662e-05
8.703292819949774804e-04 -7.791042617032032432e-05
4.899234095121756533e-04 -2.135268297958014226e-04
-4.348493685325485096e-05 -2.799780268599401161e-04
-6.347743929251930921e-04 -2.541558608139832948e-04
-1.174713233159598805e-03 -1.337480509902327008e-04
-1.560185082357688118e-03 6.218337030084895509e-05
-1.713343574805937641e-03 2.967574978917610551e-04
-1.596080820295369329e-03 5.222920592495822840e-04
-1.217079439235344094e-03 6.894535353453471816e-04
-6.301195448849182751e-04 7.568045507384163787e-04
7.603494545734983167e-05 6.989359367477573004e-04
7.942548162463950075e-04 5.116369429829580951e-04
1.419024347888985481e-03 2.131161315558899988e-04
1.866002565053616813e-03 -1.589682782615464002e-04
2.087471009576853231e-03 -5.541176979073209313e-04
2.080753646310181011e-03 -9.180030660258937632e-04
1.888027635828151652e-03 -1.202182529956385623e-03
1.587575941087727635e-03 -1.372700502918199625e-03
1.278154968242550035e-03 -1.415953599518090080e-03
1.059455468907549670e-03 -1.340726234709327044e-03
1.012375616888782064e-03 -1.176023384848976904e-03
1.182861246662470292e-03 -9.651229460823484291e-04
1.572392858927131173e-03 -7.569847879423700302e-04
2.136940037265714319e-03 -5.966526980929453541e-04
2.794599765188305555e-03 -5.164744791276731396e-04
3.440489542072326830e-03 -5.298087303924845512e-04
3.966090783568492449e-03 -6.284140456709293773e-04
4.279393223841378852e-03 -7.840170504840568476e-04
4.322036914668163712e-03 -9.537623498581984357e-04
4.080214178674329215e-03 -1.088510326146822438e-03
3.587272459698990102e-03 -1.142407439043910834e-03
2.917527331418883277e-03 -1.081910775295210139e-03
2.172456094520981013e-03 -8.925501132185316476e-04
1.461881952413444496e-03 -5.821375283877764989e-04
8.837042058684211818e-04 -1.798058054463382645e-04
5.060023036187841650e-04 2.689544251962107196e-04
3.548894201800534536e-04 7.103321383977186749e-04
4.104001825830893820e-04 1.091799652059958613e-03
6.111738756889558213e-04 1.371478004583654830e-03
8.670273977550734847e-04 1.525504352572938085e-03
1.077017102721540900e-03 1.552019647305074744e-03
1.149548579437844730e-03 1.471034037550354289e-03
1.020705335073264497e-03 1.320206936889772994e-03
6.673047599930362426e-04 1.147350917793525747e-03
1.121887644990908137e-04 1.001087366784972951e-03
-5.792720782959981905e-04 9.214300305053329523e-04
-1.310816810150054702e-03 9.320843140362803942e-04
-1.972887018438109104e-03 1.035923284641124481e-03
-2.462856838823933303e-03 1.214497732844119519e-03
-2.704080493566339907e-03 1.431671687227678656e-03
-2.660158835939007392e-03 1.640691549651767354e-03
-2.341728560015243765e-03 1.793344863993690062e-03
-1.804490351851959634e-03 1.849467183693581217e-03
-1.138847904551746129e-03 1.784987879765347844e-03
-4.531149818590841753e-04 1.596980876348219267e-03
1.465374950865810759e-04 1.304752153572581903e-03
5.756079890360471865e-04 9.467453059055759654e-04
7.865804709858262344e-04 5.738376071266722885e-04
7.771456332878910137e-04 2.402821239549473545e-04
5.897880506373974312e-04 -6.002892243413553326e-06
3.028365238270763456e-04 -1.319722102704644004e-04
1.469236475748611145e-05 -1.252156566930474066e-04
-1.757572419374373333e-04 4.135057213725294115e-06
-1.888111539256973753e-04 2.257050147730526354e-04
2.003402327398662482e-05 4.949357556505232236e-04
4.507841034063170098e-04 7.617509654648857214e-04
1.058138928604164834e-03 9.801816730340118765e-04
1.759345519925587008e-03 1.117124765655215599e-03
2.449240807682026826e-03 1.158574831754409160e-03
3.019648292744255696e-03 1.112149889009255745e-03
3.379465940654877674e-03 1.005435414738780914e-03
3.471648859646617701e-03 8.804649417213015984e-04
3.283875254732192273e-03 7.853889571692709631e-04
2.850877098754408222e-03 7.649180195650311922e-04
2.247992111992958616e-03 8.513597013265511871e-04
1.577152820822687665e-03 1.057957888451717572e-03
9.479575870322941170e-04 1.375808121042814726e-03
4.573970334669069920e-04 1.774946351217201925e-03
1.720614878043390684e-04 2.209418763847568416e-03
1.161832281392476823e-04 2.625386670930231463e-03
2.677608294846900525e-04 2.970745645255094911e-03
5.634813251379586652e-04 3.204450851452188449e-03
9.114892375821700022e-04 3.303795355422726836e-03
1.209565391662208861e-03 3.268274685319570456e-03
1.365254198583303654e-03 3.119315924407518089e-03
1.314109720313634414e-03 2.895931041939570766e-03
1.032588025738394137e-03 2.647124091657214635e-03
5.431284722679615351e-04 2.422494590253654410e-03
-8.955265452020632960e-05 2.262818868091810015e-03
-7.702666619286320515e-04 2.192393231692828064e-03
-1.391029862980409145e-03 2.214587054593294361e-03
-1.851273939080811011e-03 2.311444037933118190e-03
-2.076766874972634999e-03 2.447401380739159041e-03
-2.033663306312518109e-03 2.576415031352950052e-03
-1.735022389467451038e-03 2.651132585766436279e-03
-1.238554636741799261e-03 2.632366226892755151e-03
-6.360171278653562214e-04 2.497060083076105622e-03
-3.625525017361328189e-05 2.243230537746916144e-03
4.549102280774152372e-04 1.890930563628027148e-03
7.541566647433354306e-04 1.479041690852867918e-03
8.158222966343085976e-04 1.058487266712625392e-03
6.399044063885886381e-04 6.831386329199441200e-04
2.713965039796209771e-04 4.001233557541896205e-04
-2.088915582065096642e-04 2.413588388240798599e-04
-7.002740093165328670e-04 2.179038819496823161e-04
-1.101854034984396441e-03 3.181886872644030585e-04
-1.332172768571000636e-03 5.104511625177101004e-04
-1.345106453690473854e-03 7.489128145981187919e-04
-1.138987994834514622e-03 9.825214638826246759e-04
-7.572141600171840509e-04 1.164604083583872752e-03
-2.802142636841100124e-04 1.261602857103501793e-03
1.897055280249296347e-04 1.259243228779762230e-03
5.477763345660540415e-04 1.164970984992374971e-03
7.067639569951543552e-04 1.006203745474557737e-03
6.137609424943294128e-04 8.247365025991144124e-04
2.605887082072560427e-04 6.683705894369750856e-04
-3.141678059238047589e-04 5.813624760901728002e-04
-1.031888794129782886e-03 5.955132693143894628e-04
-1.788150506722932347e-03 7.235991953976648539e-04
-2.471778979516532117e-03 9.564004976811724687e-04
-2.985135689027424832e-03 1.263904919542476607e-03
-3.261812345518683761e-03 1.600471262438707279e-03
-3.278403523800535978e-03 1.912988124036312269e-03
-3.058147628911446567e-03 2.150494928487642864e-03
-2.665766380601833439e-03 2.273454326881565492e-03
-2.194499043093297956e-03 2.260929642689337576e-03
-1.747804577435024213e-03 2.114316067300222451e-03
-1.419213120016978675e-03 1.856925016608552579e-03
-1.274156820647208204e-03 1.529504276743542685e-03
-1.337233136283242675e-03 1.182544044145071279e-03
-1.587322592536709320e-03 8.668254335552935501e-04
-1.961493081983136776e-03 6.239987056589248052e-04
-2.366956142642154520e-03 4.789707919589803863e-04
-2.698812987121220787e-03 4.355371698884014705e-04
-2.860228661512499541e-03 4.760770464438001835e-04
-2.781209840591770868e-03 5.653598409500806008e-04
-2.432423127900437167e-03 6.577311339184634988e-04
-1.831426909677755363e-03 7.063052576971593551e-04
-1.040123617221836144e-03 6.724109406371977116e-04
-1.538992620554751234e-04 5.334879951325497381e-04
7.155109360058917569e-04 2.879261417613877111e-04
1.460205699778178339e-03 -4.408380583292598621e-05
1.995548418556974436e-03 -4.238606665771845871e-04
2.275187439363400826e-03 -8.010909851821971768e-04
2.298843266610482890e-03 -1.122947201844620452e-03
2.111409328165356290e-03 -1.343749331860073695e-03
1.793556984327638682e-03 -1.433349098489316957e-03
1.445642905486298375e-03 -1.382655579697407693e-03
1.167983488353931771e-03 -1.205260731127602352e-03
1.041246842797190555e-03 -9.348595657243416283e-04
1.110688243028516665e-03 -6.189539163640520167e-04
1.377224517852412020e-03 -3.100302643301297090e-04
1.797045017338448538e-03 -5.587829780947801538e-05
2.289837343627872980e-03 1.091224421042587094e-04
2.754071677160378848e-03 1.701056440285257524e-04
3.086447796918759257e-03 1.340647881131463949e-04
3.201817529992518653e-03 2.800969010644928999e-05
3.049802285522262412e-03 -1.067058898799693568e-04
2.624948225482257209e-03 -2.227985636629902151e-04
1.968482623253578652e-03 -2.766047429895505906e-04
1.161322930656405678e-03 -2.369431247030068027e-04
3.096443936723759804e-04 -9.159826165561755530e-05
-4.742804664977752971e-04 1.498159753074627498e-04
-1.092363021291695678e-03 4.571681287423587717e-04
-1.478281286526750803e-03 7.850596470029401084e-04
-1.609056252178284315e-03 1.081030674113273634e-03
-1.508450714057846861e-03 1.295176603922680190e-03
-1.241567069498311030e-03 1.389362028100592054e-03
-9.016856883898183989e-04 1.344293046069971499e-03
-5.918529751166682088e-04 1.163112388302012939e-03
-4.047202729594817465e-04 8.708380827538743634e-04
-4.044635434472000895e-04 5.097512544395584174e-04
-6.142170836153618314e-04 1.316035315053311686e-04
-1.011407595343059764e-03 -2.118853388108334285e-04
-1.531875995847105550e-03 -4.784472672338078449e-04
-2.082007342443185222e-03 -6.428280220728662319e-04
-2.556569851825318037e-03 -7.010701862647454163e-04
-2.858879986360136731e-03 -6.707174568227055678e-04
-2.919467279275602019e-03 -5.869142151838380997e-04
-2.709693980882780812e-03 -4.951522800600881898e-04
-2.247737507290680035e-03 -4.420520518831816317e-04
-1.595787689913967088e-03 -4.659375687948664937e-04
-8.489725882837885745e-04 -5.890038202396398253e-04
-1.180915316248964128e-04 -8.125726588249042575e-04
4.905941821153822491e-04 -1.116348009823924740e-03
8.947057277740621314e-04 -1.461822708466087003e-03
1.050582765636394987e-03 -1.799201817980133986e-03
9.608205165751780661e-04 -2.076539833922291106e-03
6.730983732541362700e-04 -2.249368178792427331e-03
2.705379697585757982e-04 -2.288994592785814717e-03
-1.445693518389056572e-04 -2.187905427838436959e-03
-4.705724435578540138e-04 -1.961248279046347298e-03
-6.260470633736863084e-04 -1.644112427238145126e-03
-5.654437789097302262e-04 -1.285118146630002001e-03
-2.878300761270067036e-04 -9.375228410597205532e-04
1.629298113639731033e-04 -6.495203020497416655e-04
7.065896712782632075e-04 -4.555604996813812689e-04
1.241932769418104595e-03 -3.703226488065399294e-04
1.666254536179706796e-03 -3.864707317945767907e-04
1.895217590535491639e-03 -4.766035792502682790e-04
1.879307396533735301e-03 -5.990168081940632806e-04
1.613758499148772955e-03 -7.061718983175327858e-04
1.140055957803493914e-03 -7.542551676513907163e-04
5.387105483449786602e-04 -7.120034304247249484e-04
-8.534223872344820581e-05 -5.671126735538300481e-04
-6.219730893740612688e-04 -3.290047333546034804e-04
-9.760965867307427402e-04 -2.741782459474750356e-05
-1.085101506529275112e-03 2.929209734192802475e-04
-9.301900031346058660e-04 5.805395796512296093e-04
-5.394939010442361240e-04 7.868253388532523178e-04
1.760853745437943410e-05 8.751745980323488413e-04
6.438880027163996003e-04 8.279560510201335651e-04
1.232826503147244589e-03 6.499683099042087488e-04
1.688825854145079236e-03 3.677338769844521512e-04
1.945232593040097796e-03 2.475803848824745286e-05
1.976766008333107668e-03 -3.263566615050772003e-04
1.803998677605805684e-03 -6.334560435019082536e-04
1.489046644871876764e-03 -8.542428617943439604e-04
1.123293581689724851e-03 -9.637783796549561147e-04
8.094842203414923023e-04 -9.586690717730580839e-04
6.415908681751594095e-04 -8.571589124001623757e-04
6.862805325312420265e-04 -6.951233314107955813e-04
9.695088250995188752e-04 -5.187369616180489713e-04
1.470797391400309548e-03 -3.752168187724388938e-04
2.126297647352524533e-03 -3.034063614009122230e-04
2.840080378104467909e-03 -3.259951005377523161e-04
3.501533175713100569e-03 -4.448575577622932743e-04
4.005590680324695729e-03 -6.404032939664298669e-04
4.271985228664478690e-03 -8.750685917588612098e-04
4.259889571555361409e-03 -1.100294328756988354e-03
3.975193980101034315e-03 -1.265672504764304811e-03
3.469052504923585394e-03 -1.328531190448080899e-03
2.827983782425039314e-03 -1.262142539635871096e-03
2.157408116082069720e-03 -1.060997120071260165e-03
1.561742405756955674e-03 -7.421412514721829022e-04
1.124823164502161080e-03 -3.423175537941363310e-04
8.943626006575682800e-04 8.855823174257318508e-05
8.733759835396345209e-04 4.963589624917133037e-04
1.020195508741770715e-03 8.324607930437628563e-04
1.257057208718881814e-03 1.062383800672823042e-03
1.485621563595568989e-03 1.171735645712838154e-03
1.606473272094419234e-03 1.168346509744275447e-03
1.538890223815478743e-03 1.080204871475952356e-03
1.237119153656022000e-03 9.495985979341061561e-04
7.000557470150344571e-04 8.245838373227181491e-04
-2.752489359180842077e-05 7.494093599841484274e-04
-8.624418258573441319e-04 7.557206747537627192e-04
-1.697891954171089996e-03 8.562192350468065313e-04
-2.422765004315941169e-03 1.041985589298108405e-03
-2.941851770821430657e-03 1.283979783433208694e-03
-3.193136829884946418e-03 1.538439429584393184e-03
-3.158916898414701902e-03 1.755155791713979745e-03
-2.868652696195660330e-03 1.887061181117320567e-03
-2.393024684442691431e-03 1.899310535660702617e-03
-1.830325617801290645e-03 1.776133742032788131e-03
-1.287770727894608017e-03 1.524155360846893726e-03
-8.612654774661668115e-04 1.171545433571363455e-03
-6.174596541111351550e-04 7.631527354239591582e-04
-5.814804972294122624e-04 3.525310851976899977e-04
-7.326592126937227483e-04 -7.643593445522372642e-06
-1.009048874691596083e-03 -2.749639771404739251e-04
-1.319864522600031412e-03 -4.247253397316352224e-04
-1.563473965904313900e-03 -4.540091468424908676e-04
-1.647514915528812580e-03 -3.816568956071556234e-04
-1.507309968624971977e-03 -2.441526412089181858e-04
-1.119072231692614565e-03 -8.820663585908458540e-05
-5.053801681133211592e-04 3.854385403507306230e-05
2.681360439105106804e-04 9.694525025544296990e-05
1.104289901989201697e-03 6.405898184465232299e-05
1.891858934416144021e-03 -6.225777123624524727e-05
2.525831117915852513e-03 -2.627946562518099520e-04
2.926560552506843153e-03 -5.005629708987140419e-04
3.054220000538646236e-03 -7.278271282017005671e-04
2.915825973289299343e-03 -8.952605254776526463e-04
2.563515693965535362e-03 -9.614892187154568202e-04
2.084408771917591312e-03 -9.012113296133073123e-04
1.583976775533744823e-03 -7.103478643225758123e-04
1.166070037486442289e-03 -4.072409487794252615e-04
9.133808744824882531e-04 -2.966233219060933162e-05
8.720367685478712556e-04 3.718129970413202299e-04
1.043232223191428287e-03 7.428260286623464010e-04
1.383472646341274512e-03 1.034951394770484197e-03
1.813370627678215739e-03 1.214287269566631479e-03
2.233313622305176799e-03 1.267304926087445575e-03
2.543019367023855847e-03 1.202864009277618924e-03
2.661258033511868307e-03 1.050025032002661158e-03
2.541987799285378227e-03 8.520855106747494880e-04
2.183829328817996247e-03 6.579800384671353596e-04
1.631066079089526187e-03 5.126823042471309426e-04
9.659625262239324899e-04 4.484343990623471284e-04
2.938374025190175465e-04 4.784702775382709480e-04
-2.762976626153398766e-04 5.944260086180748991e-04
-6.518821543100689585e-04 7.679292991001117428e-04
-7.739309871166357574e-04 9.560673235527398367e-04
-6.279060452016305399e-04 1.109695431387325336e-03
-2.462830912899043739e-04 1.183009321889282647e-03
2.976682328513634182e-04 1.142562072358253248e-03
9.037127761843575472e-04 9.740106909470248354e-04
1.463470423966873029e-03 6.853051307833147188e-04
1.880670268604310103e-03 3.057048944537578720e-04
2.089011159564256332e-03 -1.192027649718055063e-04
2.064257160048172529e-03 -5.355528212374725686e-04
1.828290321259379335e-03 -8.908100105106004371e-04
1.444368000747409423e-03 -1.143128616416249407e-03
1.004498935562140064e-03 -1.268706005315124730e-03
6.113457598747036419e-04 -1.265750860292041329e-03
3.580988184797421515e-04 -1.154327311698194946e-03
3.101505721155553737e-04 -9.721160029750509522e-04
4.920588173120076479e-04 -7.669049287646972045e-04
8.822849361357068196e-04 -5.872405331378451184e-04
1.416720188879343374e-03 -4.730161470316250876e-04
2.000347633602893218e-03 -4.477847921277031736e-04
2.524844975905404278e-03 -5.142548453341350611e-04
2.888806587532885897e-03 -6.538222981035748949e-04
3.016764539814412692e-03 -8.302269161076909982e-04
2.873413205007649754e-03 -9.966366769492314426e-04
2.470347303321436452e-03 -1.104813729541110527e-03
1.864037866128682476e-03 -1.114619115010993420e-03
1.145426672217495379e-03 -1.002047641319789642e-03
4.231037944567515559e-04 -7.642611205496411446e-04
-1.967548975773334699e-04 -4.206552805265648446e-04
-6.299025548781596968e-04 -9.745702528329478441e-06
-8.293068160332905600e-04 4.175508791499929701e-04
-7.933271018397291706e-04 8.069814051703460764e-04
-5.652524918041942946e-04 1.110664728631336612e-03
-2.243060431834726840e-04 1.295618412020621080e-03
1.301619604894880774e-04 1.349502309495119890e-03
3.982793200724688270e-04 1.282503220798653174e-03
4.993241274715337543e-04 1.125014363470169462e-03
3.877200933612749093e-04 9.215581795094157430e-04
6.230843155120738101e-05 7.221106206696042366e-04
-4.328757670188056661e-04 5.724752186268370355e-04
-1.016484305444669565e-03 5.055331769753372301e-04
-1.584914034173570208e-03 5.350277784207631629e-04
-2.031701101181030041e-03 6.530594313427666225e-04
-2.267586222578699649e-03 8.317629937199466032e-04
-2.237455882321845099e-03 1.028845087884325705e-03
-1.930952817788637692e-03 1.195926330633740155e-03
-1.384744711582058287e-03 1.288100545443208751e-03
-6.760163885211378830e-04 1.272891032762997129e-03
9.159039582112588496e-05 1.136896814187159620e-03
8.069383046368124035e-04 8.888581026195178838e-04
1.371680219464737520e-03 5.585474906658206406e-04
1.718044312334290544e-03 1.916832796831922968e-04
1.820768647271327418e-03 -1.581855661475711837e-04
1.700944858748777190e-03 -4.392997479284554800e-04
1.421063526450967642e-03 -6.110066089979213034e-04
1.072220412465160148e-03 -6.510217326470791807e-04
7.559271806965562300e-04 -5.592711852457126149e-04
5.639915004911333612e-04 -3.575964803772632055e-04
5.602961791700930994e-04 -8.538609512694177704e-05
7.679461269982704435e-04 2.080331532911972731e-04
1.164233884934955804e-03 4.728000174838611468e-04
1.684391945855602535e-03 6.679352969995816470e-04
2.233433925264430558e-03 7.689878998136132158e-04
2.703852325330145280e-03 7.724648445479920288e-04
2.995828763168513487e-03 6.962105777978222325e-04
3.036133696089647616e-03 5.756699353987181252e-04
2.792137610322339633e-03 4.567503228309182641e-04
2.278278042373385950e-03 3.866442595962847964e-04
1.553752095610923083e-03 4.043610507880918310e-04
7.118624996112845899e-04 5.327725887261749484e-04
-1.369772007957861804e-04 7.736924719592788192e-04
-8.853746801597816565e-04 1.106933854830715377e-03
-1.448432652026404805e-03 1.493538335603493113e-03
-1.778895512319480197e-03 1.882578345322107266e-03
-1.875120602426465135e-03 2.220258468037100957e-03
-1.780385486459299706e-03 2.459605107551112238e-03
-1.573683622501343424e-03 2.568921490634336596e-03
-1.353772457157208621e-03 2.537417472841479657e-03
-1.219515129650025533e-03 2.376957003024206608e-03
-1.250257825031152398e-03 2.119599448105745007e-03
-1.489976685841532932e-03 1.811405466816841999e-03
-1.938212650649100708e-03 1.503683363157353164e-03
-2.549525163324315846e-03 1.243334361619337792e-03
-3.241580207560483106e-03 1.064123715651681731e-03
-3.910350510595814698e-03 9.805271402109671033e-04
-4.449556166452620261e-03 9.853123921630315557e-04
-4.770667960293278193e-03 1.051306672864895861e-03
-4.819686009934124812e-03 1.137006214472776212e-03
-4.587513816059024703e-03 1.194955375628967966e-03
-4.111957479525121285e-03 1.181296888596124282e-03
-3.470962728451760897e-03 1.064672134502500948e-03
-2.768358854801999426e-03 8.327726794575330584e-04
-2.114795108970775155e-03 4.952886311211052248e-04
-1.607463397848787933e-03 8.268155107938593082e-05
-1.312429340950343852e-03 -3.589994818899238348e-04
-1.252898686270921286e-03 -7.762902703888237537e-04
-1.405621534123897148e-03 -1.117937230070751783e-03
-1.706095706737047711e-03 -1.344164965712727790e-03
-2.061564739123218463e-03 -1.433840579838116351e-03
-2.369330767851912916e-03 -1.388186181697380686e-03
-2.536897361893694462e-03 -1.230342795987285570e-03
-2.500112380480997484e-03 -1.000872395967556576e-03
-2.235861534554674408e-03 -7.500517952892426154e-04
-1.766897360260415812e-03 -5.284174469221471779e-04
-1.157879941238503050e-03 -3.773492533755202398e-04
-5.033724472879509042e-04 -3.214720351955552930e-04
8.993926315805007322e-05 -3.643071741011112610e-04
5.234371447223103851e-04 -4.879897275699469775e-04
7.253464539160776620e-04 -6.570949133916175432e-04
6.645361575649464097e-04 -8.258383841826501736e-04
3.567234613696443997e-04 -9.472747760748990173e-04
-1.381026332512008529e-04 -9.827398177178433593e-04
-7.265634711444792816e-04 -9.097346441095656390e-04
-1.299032615989510796e-03 -7.267457181030866466e-04
-1.749807815147303965e-03 -4.540741142628359583e-04
-1.996510857312956255e-03 -1.305039751935134734e-04
-1.995060054316156496e-03 1.935714566018115841e-04
-1.747398662790925709e-03 4.652760322144652350e-04
-1.300534010835382179e-03 6.389111433207501608e-04
-7.370867365514275661e-04 6.843297296966595550e-04
-1.591559902885052950e-04 5.924449718403778341e-04
3.314294456658011933e-04 3.768354047071225841e-04
6.527217225695124570e-04 7.114527769481359320e-05
7.584021652528632942e-04 -2.772269626750417789e-04
6.466769651281435282e-04 -6.159584769952966684e-04
3.606302968455175895e-04 -8.974817834449849881e-04
-2.003482545003904209e-05 -1.087687169267327961e-03
-3.943040111873760017e-04 -1.172007387222235263e-03
-6.593058196360943512e-04 -1.157741589461291952e-03
-7.302234117059622958e-04 -1.072188992523582813e-03
-5.568846313954269392e-04 -9.569573810649608693e-04
-1.338779733243859521e-04 -8.595367597169702601e-04
4.977345777986662279e-04 -8.237469168426900766e-04
1.257447755329508437e-03 -8.808811893958699976e-04
2.039772363484123035e-03 -1.043236877355792520e-03
2.733404423125220667e-03 -1.301270513096364646e-03
3.241493767190800276e-03 -1.624929183605648480e-03
3.499193891452885737e-03 -1.968917428695339793e-03
3.485189501566365779e-03 -2.280912818598857493e-03
3.225037876514523331e-03 -2.511183509830058978e-03
2.785709111555674349e-03 -2.621793920329780134e-03
2.262375249494759984e-03 -2.593660779171026113e-03
1.759964042255836346e-03 -2.430126825151848659e-03
1.372982119473972404e-03 -2.156376711834112701e-03
1.167437460265127779e-03 -1.814804820352169598e-03
1.168290767865353763e-03 -1.457209073001294137e-03
1.354815493573671616e-03 -1.135283796459288230e-03
1.664745700163316891e-03 -8.912048425261711584e-04
2.006423890508193895e-03 -7.500809614776816252e-04
2.276643078022969231e-03 -7.156905179556980259e-04
2.380796211276619591e-03 -7.702992779751338020e-04
2.251506369063266400e-03 -8.785812393971384211e-04
1.862196234850093356e-03 -9.948868584274792211e-04
1.233011320828363878e-03 -1.072468797177871056e-03
4.279572891778472181e-04 -1.072904579865443814e-03
-4.562262123636898984e-04 -9.739184974311181553e-04
-1.307369190184949452e-03 -7.741087516700884998e-04
-2.018097324615622523e-03 -4.936726725794013653e-04
-2.505172043957873754e-03 -1.709817405974004174e-04
-2.724303697634196039e-03 1.443546218406344800e-04
-2.677653162613979464e-03 4.006310493011312453e-04
-2.412620309855207767e-03 5.536690966281186069e-04
-2.012165801486373584e-03 5.751030144397539573e-04
-1.578513675820217418e-03 4.577615800719948835e-04
-1.213333016233834405e-03 2.171268490521691152e-04
-9.981609082519076002e-04 -1.114086173868365206e-04
-9.787802225504249783e-04 -4.789710298402626043e-04
-1.156513803323913538e-03 -8.321100871044951122e-04
-1.488083843000229372e-03 -1.122501180181176544e-03
-1.894060231177422402e-03 -1.315617768960501005e-03
-2.274292236014856337e-03 -1.396743016582631305e-03
-2.527392606690386564e-03 -1.373194709400976220e-03
-2.570573078066983042e-03 -1.272355340833909460e-03
-2.356061193523559597e-03 -1.135894053581097598e-03
-1.880973473968014335e-03 -1.011288409335613526e-03
-1.188757151789539843e-03 -9.422651132324371716e-04
-3.619077433625080128e-04 -9.599830790787352870e-04
4.926793314996018476e-04 -1.076640915663809768e-03
1.262970635415478242e-03 -1.282730817237441936e-03
1.852044095576454693e-03 -1.548469094241577233e-03
2.195512395926471454e-03 -1.829141193418370569e-03
2.272841011068071643e-03 -2.073356100731798927e-03
2.110436118157185681e-03 -2.232652212677378647e-03
1.775934130273110071e-03 -2.270638818436156690e-03
1.364788331956177415e-03 -2.169943145562680531e-03
9.817040971760470670e-04 -1.935646287824837383e-03
7.204468056001506280e-04 -1.594554037271232304e-03
6.458517466409912419e-04 -1.190435253924984442e-03
7.814452990909440382e-04 -7.761220328074448782e-04
1.105021094733326737e-03 -4.039584041409896055e-04
1.553005552395126700e-03 -1.163954870322887790e-04
2.032779959249661657e-03 6.149797577765906981e-05
2.440616926244881628e-03 1.262044249909387490e-04
2.681823407672677580e-03 9.582978629501485036e-05
2.689262383940441495e-03 6.079432746458120912e-06
2.436730356463329573e-03 -9.708637053745702546e-05
1.944640279115561693e-03 -1.667132884655724749e-04
1.276915353684255055e-03 -1.642635329393432597e-04
5.296626232760056480e-04 -6.738236030924690204e-05
-1.862484547502161851e-04 1.254609548552551752e-04
-7.654229506111357925e-04 3.943458117422119066e-04
-1.127179585967798443e-03 7.014131348298952018e-04
-1.230166473925434038e-03 9.978590984384399371e-04
-1.079601747000922835e-03 1.233089352922565884e-03
-7.257818364678536366e-04 1.364302212178559407e-03
-2.541513204791746514e-04 1.364685911292185623e-03
2.311765066992562670e-04 1.228675342892697996e-03
6.273218633288956975e-04 9.732683948617723005e-04
8.521918179635902795e-04 6.351461569516269950e-04
8.599820572713158572e-04 2.641339857198722087e-04
6.496944935230404995e-04 -8.576833937406781174e-05
2.650634051464403288e-04 -3.661002164957305851e-04
-2.140877226509015877e-04 -5.425706929504216843e-04
-6.874114252269716580e-04 -6.009848066091494183e-04
-1.053563424094852100e-03 -5.493572967191854553e-04
-1.229979515138875318e-03 -4.158272493842966487e-04
-1.169141139742161262e-03 -2.427821509194727815e-04
-8.682323187177759440e-04 -7.831706464737111769e-05
-3.703412477707128522e-04 3.334157091881861414e-05
2.430394101078782009e-04 6.062307166413186902e-05
8.668117307679556885e-04 -9.063121729898423323e-06
1.391586629228880800e-03 -1.666716175846431653e-04
1.723872261737294373e-03 -3.830431689014085505e-04
1.803329064354259985e-03 -6.143210595559909191e-04
1.613837276752746715e-03 -8.102387372276460267e-04
1.186292141320696930e-03 -9.237098861001796562e-04
5.926057817630777302e-04 -9.199034059637811647e-04
-6.794298733238683576e-05 -7.830812200503825711e-04
-6.874236601251220401e-04 -5.198984469921674300e-04
-1.169490543696038521e-03 -1.585334595639335473e-04
-1.447312331451824398e-03 2.561967217543561354e-04
-1.495806010076184593e-03 6.708215389749922885e-04
-1.335867568959729721e-03 1.032802471969857709e-03
-1.029809902771863361e-03 1.299916904114338870e-03
-6.688854634038065693e-04 1.447676894409342333e-03
-3.552719012960312917e-04 1.473391831718372669e-03
-1.819489425869270493e-04 1.396119363621512593e-03
-2.142952241815825661e-04 1.252527154949942875e-03
-4.769088953506933886e-04 1.089461607146013705e-03
-9.481669925852266459e-04 9.546422029476486076e-04
-1.563573119693884971e-03 8.872537815490892914e-04
-2.227278299800876903e-03 9.102268673689769716e-04
-2.829611219099643915e-03 1.025674833017907114e-03
-3.267314706401025243e-03 1.214357059438106456e-03
-3.462670957083249616e-03 1.439272942892197383e-03
-3.377906145728364236e-03 1.652707356138116181e-03
-3.022156321526888248e-03 1.805392541652558590e-03
-2.449682150562613060e-03 1.856048588520555539e-03
-1.749674068480158717e-03 1.779490944415152744e-03
-1.029578629320448361e-03 1.571762842713371943e-03
-3.951004428648097200e-04 1.251312112449324675e-03
6.933952658361901625e-05 8.559792929540056567e-04
3.159979018258431051e-04 4.363558053449901643e-04
3.421518141139359443e-04 4.675724098946105241e-05
1.898251481031828949e-04 -2.644923122513601998e-04
-6.303380264654554594e-05 -4.636389230619986849e-04
-3.182346948691403932e-04 -5.373298197147657017e-04
-4.768985776919748912e-04 -4.946061055016123028e-04
-4.591595104723158929e-04 -3.646927269854288983e-04
-2.202628546797323009e-04 -1.910161155546018458e-04
2.400090475205729924e-04 -2.259301938381806955e-05
8.763892433141302245e-04 9.556963730020858350e-05
1.605855846169293270e-03 1.312384294645242656e-04
2.322593916989409719e-03 7.121542348577500001e-05
2.917373283843097045e-03 -7.609106921185356106e-05
3.297687732728413201e-03 -2.822755404280269994e-04
3.404854338646966065e-03 -5.044191547495343502e-04
3.224844509090103555e-03 -6.934076678712316772e-04
2.790802187493753809e-03 -8.035039498598480108e-04
2.176775520491740137e-03 -8.013561624290875714e-04
1.483848768658395248e-03 -6.727276922183856103e-04
8.212970073440376169e-04 -4.256647066814281876e-04
2.863254410779749598e-04 -8.949034008092160647e-05
-5.377983319697506558e-05 2.901963886916581218e-04
-1.737221419823246210e-04 6.595831615775764496e-04
-9.421485457543170294e-05 9.662555143559286826e-04
1.227921508023051451e-04 1.168550593682682846e-03
3.867577392954688617e-04 1.242896148643307577e-03
5.966522485687283505e-04 1.187758405194194299e-03
6.610692273220567091e-04 1.023463780764223086e-03
5.165169152931930845e-04 7.879395859646236983e-04
1.404049329641675163e-04 5.291902312443939882e-04
-4.437533552777765634e-04 2.959419850644692080e-04
-1.169927390771417254e-03 1.282343176032691703e-04
-1.941283864096635635e-03 4.974403072294003754e-05
-2.647827182434728515e-03 6.329822053465438379e-05
-3.186639790721105571e-03 1.504262050616803634e-04
-3.480901361306508804e-03 2.750336530354598489e-04
-3.494094287483269501e-03 3.904995291768965189e-04
-3.236711388537969782e-03 4.488463612718629351e-04
-2.764198313600437981e-03 4.102398775802298535e-04
-2.166519669071892938e-03 2.510099924798850682e-04
-1.551320806379536624e-03 -3.133639451026839270e-05
-1.023866849388136661e-03 -4.170719710345852376e-04
-6.675479440909528727e-04 -8.673855121877871140e-04
-5.286299338424377010e-04 -1.331118064553621621e-03
-6.081235469664390651e-04 -1.753837314836368625e-03
-8.622954162022501918e-04 -2.087545919366190928e-03
-1.211706446254560976e-03 -2.299199204236367870e-03
-1.557047350380042459e-03 -2.376432435939841454e-03
-1.798753536833585555e-03 -2.329425261652008205e-03
-1.856665762045573527e-03 -2.188561089014136232e-03
-1.685994607593116132e-03 -1.998333892609934458e-03
-1.286547455851406833e-03 -1.808663757901945264e-03
-7.034535559673622514e-04 -1.665271231488694818e-03
-1.923417912735198856e-05 -1.600936739885161237e-03
6.612943921136631414e-04 -1.629301653992422383e-03
1.230437927316678981e-03 -1.742384191661662486e-03
1.597693706476778410e-03 -1.912277843169221062e-03
1.706678422623094174e-03 -2.096706008332859840e-03
1.545712518213691444e-03 -2.247374437021860006e-03
1.150057107290995435e-03 -2.319531531563094866e-03
5.953772262256699400e-04 -2.280916285137473982e-03
-1.633646201054932568e-05 -2.118388235107367731e-03
-5.757301483878969053e-04 -1.840971636055489368e-03
-9.863538857201408199e-04 -1.478724229243437221e-03
-1.182408683141520159e-03 -1.077631113003243600e-03
-1.140628270358067615e-03 -6.914767063375343650e-04
-8.840621998547967949e-04 -3.722201690559665292e-04
-4.770614972084382451e-04 -1.606835158548852900e-04
-1.243448453943285167e-05 -7.930327635332734375e-05
4.067768529652147588e-04 -1.283069434418440311e-04
6.874312675538545719e-04 -2.860283623124485635e-04
7.645036388489114161e-04 -5.132941324727483424e-04
6.139160731018894999e-04 -7.610440693674033145e-04
2.575404707730753664e-04 -9.797383690642895090e-04
-2.405874639139243170e-04 -1.128767869052000423e-03
-7.861364826651361538e-04 -1.184085318942617411e-03
-1.272191180351813986e-03 -1.142614528687896759e-03
-1.599458276235708786e-03 -1.022606419420307635e-03
-1.695144291879979812e-03 -8.598804052502687133e-04
-1.526929751257868634e-03 -7.006704539296599449e-04
-1.109390534103000788e-03 -5.924397036978172994e-04
-5.016442338421753157e-04 -5.744135755233662323e-04
2.033418601069127249e-04 -6.696357818404118784e-04
8.957682316233414035e-04 -8.800641551418834528e-04
1.469137697625924176e-03 -1.185648214125748683e-03
1.839710421375748790e-03 -1.547576712398867054e-03
1.961612966951625705e-03 -1.915093773222207273e-03
1.834759010788817798e-03 -2.234606119882488143e-03
1.504101103346958254e-03 -2.459369389496656160e-03
1.050374535713991149e-03 -2.557930859934111692e-03
5.741050642072800022e-04 -2.519740101770302602e-03
1.759270067077072907e-04 -2.356873779211106443e-03
-6.304430736841842506e-05 -2.101554857196951710e-03
-9.705361266742042539e-05 -1.799940882307148439e-03
7.525290260561139088e-05 -1.503360420354555010e-03
4.103093143874950730e-04 -1.258657824363038601e-03
8.277418050627603817e-04 -1.099473230665186721e-03
1.225580748932903093e-03 -1.040105520095601071e-03
1.499695769670511894e-03 -1.073114908461539081e-03
1.563773809302137531e-03 -1.171111875500595702e-03
1.366054317045453919e-03 -1.292384775458373233e-03
8.996466239874613500e-04 -1.389290145065307479e-03
2.044668067717266176e-04 -1.417805376777585757e-03
-6.395846010517161097e-04 -1.346422369067524485e-03
-1.526926684996652564e-03 -1.162684880378756207e-03
-2.345392187510836248e-03 -8.761181147165020885e-04
-2.996514536537707094e-03 -5.169821531408903001e-04
-3.413186403488811718e-03 -1.310718786898385207e-04
-3.571366967021345241e-03 2.284647624490447637e-04
-3.493642386357105091e-03 5.107528340786156957e-04
-3.243986538623744049e-03 6.764488037230494437e-04
-2.914734773444687625e-03 7.048873997567776635e-04
-2.608256903223186551e-03 5.977712014752542113e-04
-2.416817907246214710e-03 3.787099850795240508e-04
-2.404456140802575890e-03 8.870067720324656510e-05
-2.594324622591109158e-03 -2.215946951270981687e-04
-2.963904024861537152e-03 -5.013115137907590141e-04
-3.449002710007049739e-03 -7.087965635708087624e-04
-3.955792354191836092e-03 -8.191957782781445060e-04
-4.378603042954926083e-03 -8.287857433010391685e-04
-4.620107973829081643e-03 -7.552373022980476708e-04
-4.610072226851157431e-03 -6.337714430903991026e-04
-4.319108818867930383e-03 -5.099467697339375586e-04
-3.764827626345385383e-03 -4.304567474143591497e-04
-3.009200379641157122e-03 -4.336925397476605821e-04
-2.147625656918206692e-03 -5.418721224872791002e-04
-1.291747244722885827e-03 -7.562399471519765538e-04
-5.492602679579730671e-04 -1.056259862625980560e-03
-4.508540755518344184e-06 -1.402967402671484887e-03
2.964740657096554032e-04 -1.745859182447933059e-03
3.536672579028336382e-04 -2.032026309364671178e-03
2.120755514086693130e-04 -2.215812448531079195e-03
-4.774504743440434321e-05 -2.267176234107464838e-03
-3.258316190955018107e-04 -2.177181237056956785e-03
-5.225552165047252402e-04 -1.959578620629680908e-03
-5.582040765539993295e-04 -1.648185373723038555e-03
-3.886872986472039455e-04 -1.290554967076726605e-03
-1.437427309937595356e-05 -9.391371471037800482e-04
5.196123330279098533e-04 -6.415969007951253687e-04
1.131711009972868756e-03 -4.321198216724515557e-04
1.719271370320398992e-03 -3.253424642643914198e-04
2.178032486435765250e-03 -3.140475556862772359e-04
2.422037668192630715e-03 -3.710496073201684166e-04
2.400208136682127451e-03 -4.549018257949715349e-04
2.106427878193451245e-03 -5.183307507087199116e-04
1.581218042228644529e-03 -5.177879436183774678e-04
9.046694846521365465e-04 -4.222962440771168180e-04
1.819554004589229957e-04 -2.199017057840882308e-04
-4.758505691620326010e-04 7.950396752200340625e-05
-9.720375347605008862e-04 4.455377664756978795e-04
-1.241784493342301373e-03 8.326119532278152859e-04
-1.263652215070188312e-03 1.188162520508322627e-03
-1.062883095398549013e-03 1.462270646781045711e-03
-7.059025024248309112e-04 1.616862786314779508e-03
-2.870798606150877464e-04 1.632752924487816931e-03
8.972835429760142156e-05 1.513197083491734339e-03
3.313455254808240352e-04 1.283288450633481969e-03
3.733220879667552327e-04 9.853069271766280376e-04
1.924373194803563961e-04 6.709007942844374744e-04
-1.887171894121013761e-04 3.915759738579936136e-04
-7.059431126658182983e-04 1.892868874239051835e-04
-1.265633626390177307e-03 8.890192007530431026e-05
-1.762651614418330077e-03 9.395999590932767494e-05
-2.100496829271884976e-03 1.865103046794677733e-04
-2.209934904135194868e-03 3.310530569936871574e-04
-2.062549884936909234e-03 4.818218954560051968e-04
-1.676640972448660300e-03 5.920154373349672747e-04
-1.114331899701844148e-03 6.232162646031029962e-04
-4.704237435166502444e-04 5.532004102401132583e-04
1.449157457747290989e-04 3.806456876091318360e-04
6.263668004323765751e-04 1.258352527563148782e-04
8.927670820328618799e-04 -1.727877857346503149e-04
9.018778159864350354e-04 -4.655719086354372549e-04
6.578280068997837543e-04 -7.008065768831697046e-04
2.098433043964324611e-04 -8.343431985223876335e-04
-3.574853009929815665e-04 -8.378701449785291811e-04
-9.405378460052935680e-04 -7.042770770043201359e-04
-1.436503368795467471e-03 -4.490928540596326969e-04
-1.762955566581976725e-03 -1.077226379419217916e-04
-1.873454631587990983e-03 2.709968559864561061e-04
-1.766219067458786682e-03 6.337098249872136213e-04
-1.484226402258796099e-03 9.322419893077994128e-04
-1.106727552895174797e-03 1.132262163867676355e-03
-7.337882435382430410e-04 1.219275738042305138e-03
-4.667938913433468569e-04 1.200827331234801320e-03
-3.886211747518070105e-04 1.104508507996568127e-03
-5.472448413508712497e-04 9.721612614082399215e-04
-9.458997665568384498e-04 8.513884985587685025e-04
-1.541678592806315640e-03 7.859925544811342986e-04
-2.252849150521111544e-03 8.071652969175872926e-04
-2.973525477117155980e-03 9.271103250150158556e-04
-3.592934082790855653e-03 1.136316215834880195e-03
-4.015646754638591519e-03 1.405007150188793477e-03
-4.178967445841875149e-03 1.688504729504398472e-03
-4.064198470779341495e-03 1.935492474660727201e-03
-3.699668540407595983e-03 2.097622972362816508e-03
-3.154963030124853778e-03 2.138651378703731228e-03
-2.527460347922699802e-03 2.041366572132828714e-03
-1.923732447332186530e-03 1.811006135704953555e-03
-1.439337127499513069e-03 1.474505034697790300e-03
-1.140831259740536074e-03 1.075714724415120088e-03
-1.053410459584251582e-03 6.674905322650940545e-04
-1.156512268616603518e-03 3.021364403638004872e-04
-1.388209001015709709e-03 2.200593404966364082e-05
-1.657549200540326013e-03 -1.479731966339416335e-04
-1.862498891601611743e-03 -2.044474542506816281e-04
-1.910071044666898817e-03 -1.656875024550806086e-04
-1.734815199126966880e-03 -6.754357917647301683e-05
-1.312147905034332686e-03 4.391400571957443160e-05
-6.639801472766882363e-04 1.216624099859913658e-04
1.444444714672345306e-04 1.271343223802615303e-04
1.015923258092296623e-03 3.797337412031010027e-05
1.838747251271085487e-03 -1.473421303264961903e-04
2.506949317445203874e-03 -4.088917465587038396e-04
2.939533234541068241e-03 -7.088441176664828178e-04
3.095060977873587832e-03 -9.984638141766874388e-04
2.978852461706951900e-03 -1.227270612083059074e-03
2.641448546987606484e-03 -1.352618393117622098e-03
2.168639821150706876e-03 -1.347879274464956799e-03
1.664957808401893499e-03 -1.207680559186872192e-03
1.233760098936768912e-03 -9.491980884293079856e-04
9.576826541741203201e-04 -6.092543467472065141e-04
8.831598094252456933e-04 -2.377622500422567071e-04
1.011939101729989344e-03 1.112540968479853358e-04
1.301190510688800739e-03 3.893729272755298777e-04
1.672179448449205054e-03 5.623959051131671803e-04
2.025848619123846173e-03 6.162576730247230211e-04
2.262343287159066050e-03 5.591186135996215750e-04
2.300765755836925355e-03 4.192583937083306294e-04
2.095399778373157121e-03 2.391827590103371673e-04
1.645312778593747537e-03 6.707252036907936695e-05
9.954968517269591546e-04 -5.279392148281592239e-05
2.293112989004619990e-04 -8.881994034818339878e-05
-5.463633618029276919e-04 -2.839987708547144114e-05
-1.220469261452845552e-03 1.194446611044937029e-04
-1.697969505209953427e-03 3.256068538899757484e-04
-1.917094192332638360e-03 5.463274141551230541e-04
-1.860384414714162400e-03 7.314916123964741550e-04
-1.557456529954128789e-03 8.342196998505628947e-04
-1.078974123127870001e-03 8.199328200964638245e-04
-5.229770098249375120e-04 6.731737257024383555e-04
3.839220717294865824e-06 4.008847410376318709e-04
4.063466402426818168e-04 3.151436531682061414e-05
6.188834608496230879e-04 -3.898879277394794803e-04
6.174429255625514621e-04 -8.096709606682777477e-04
4.238520178876203741e-04 -1.175172792433725345e-03
1.011588547169034371e-04 -1.444100443434537598e-03
-2.588852668103262594e-04 -1.591936095643118384e-03
-5.538641580785123517e-04 -1.615981395004069225e-03
-6.908232656846549635e-04 -1.535287972838143573e-03
-6.046555059876945097e-04 -1.386500830969688604e-03
-2.712460704209457112e-04 -1.216414400692651014e-03
2.871323129062367842e-04 -1.072662510469231823e-03
1.005214909200807024e-03 -9.943155417856876666e-04
1.786307655639496686e-03 -1.004174089542083639e-03
2.519846080735248413e-03 -1.104225472516887508e-03
3.101642906309621910e-03 -1.275128654946301992e-03
3.453005990233284569e-03 -1.479828342780062454e-03
3.535120107313270352e-03 -1.670615066328634936e-03
3.355980467970440338e-03 -1.798293441960837138e-03
2.968573547258100773e-03 -1.821719518497438416e-03
2.460655268660068111e-03 -1.715896190504986960e-03
1.938064660552375361e-03 -1.477086767273782554e-03
1.504732155715472579e-03 -1.123969635421556788e-03
1.243164607879572794e-03 -6.946050134079286790e-04
1.199095981712411949e-03 -2.397764626262708721e-04
1.373201234155460755e-03 1.860447753978655813e-04
1.721431065227837500e-03 5.344151568668997852e-04
2.163890726342206344e-03 7.714881688709971253e-04
2.600566468305013160e-03 8.838289294527841827e-04
2.930905197489856208e-03 8.803867070075440185e-04
3.073522294036733736e-03 7.902649148152866149e-04
2.982287692990517533e-03 6.567229808887928158e-04
2.655725957651725120e-03 5.285568002061955895e-04
2.137932366667305399e-03 4.504994020740523677e-04
1.510814218318038641e-03 4.544673322489727572e-04
8.791102962354415632e-04 5.533162826183796396e-04
3.510104769023447788e-04 7.382924119797508629e-04
1.803253142560997183e-05 9.806639711692822538e-04
-6.204388258691903753e-05 1.237224211644504532e-03
1.240376499058038883e-04 1.458621439417591729e-03
5.425432417855877935e-04 1.598934716732302620e-03
1.119064804290081493e-03 1.624675907102784500e-03
1.752424296005869377e-03 1.521505579052384203e-03
2.333537264036034467e-03 1.297381547028588454e-03
2.765670653490573741e-03 9.815329151560952398e-04
2.982268559867872707e-03 6.194417983630359260e-04
2.958982573306620685e-03 2.647700006993428199e-04
2.717642891347768746e-03 -3.025412354944667301e-05
2.321434213558917770e-03 -2.241820331064302112e-04
1.862207242757355071e-03 -2.936683702829805684e-04
1.442346764145631920e-03 -2.373977057575144727e-04
1.154648576480326672e-03 -7.588338715302470495e-05
1.064034719775778202e-03 1.528122469896704965e-04
1.194588060969332998e-03 4.006160892426301732e-04
1.524379332394039128e-03 6.188053218456285396e-04
1.989083037570488818e-03 7.674123331110726653e-04
2.493712873718720129e-03 8.228881304391345635e-04
2.930267911774573665e-03 7.825706654219235191e-04
3.197959248093710724e-03 6.651115538343159959e-04
3.222195607272345871e-03 5.067820362150639345e-04
2.968738506762386674e-03 3.543613367918166347e-04
2.450349205133860522e-03 2.559596636158052046e-04
1.724668208657331595e-03 2.515210027728679741e-04
8.837250824208880669e-04 3.648131548870813153e-04
3.705803660501542918e-05 5.984323077135397404e-04
-7.083701836963533175e-04 9.327798455972265796e-04
-1.267669666929853705e-03 1.329217885844216499e-03
-1.593257044841561504e-03 1.736819419570593236e-03
-1.682958026119531474e-03 2.101448604060839227e-03
-1.579463208311037391e-03 2.375465515030782560e-03
-1.361260135900106477e-03 2.526231067325243780e-03
-1.126779351586794028e-03 2.541814316105023980e-03
-9.747774610934869816e-04 2.432833086097193741e-03
-9.846926289679555286e-04 2.230089753691690425e-03
-1.200712556017684415e-03 1.978458667387558625e-03
-1.622590993090021168e-03 1.728189706976246626e-03
-2.204969542066882900e-03 1.525279832557912846e-03
-2.865349146388430131e-03 1.402738928406046647e-03
-3.499215613363017893e-03 1.374404819646773707e-03
-3.999466327881103477e-03 1.432477540208596098e-03
-4.276468046940221091e-03 1.549236603223099352e-03
-4.274953118067385469e-03 1.682610959390232804e-03
-3.984556915917930250e-03 1.784539925301224881e-03
-3.442000067439097456e-03 1.810533155330336721e-03
-2.724497850457276420e-03 1.728609151324405138e-03
-1.935637136660665241e-03 1.525908171044819666e-03
-1.186384547962320880e-03 1.211714706762463678e-03
-5.748086784244826105e-04 8.163038029890691116e-04
-1.683403215858641708e-04 3.858158009550827672e-04
8.087958658118971772e-06 -2.588399558083493172e-05
-2.420355823452553876e-05 -3.668331106419260709e-04
-2.026834235398879461e-04 -5.962773165198108870e-04
-4.364711814842780883e-04 -6.919040264949576167e-04
-6.245631914464432966e-04 -6.536451691516533035e-04
-6.759499271417222441e-04 -5.033391820048757972e-04
-5.277951343353539954e-04 -2.803241652801014895e-04
-1.582153735821345900e-04 -3.380280947401617707e-05
4.087775348262159001e-04 1.865710291296909687e-04
1.107122735845450208e-03 3.400995959938979624e-04
1.840630373123847141e-03 4.026611429800154270e-04
2.500729199073721629e-03 3.711018293101980793e-04
2.986689241983692903e-03 2.635722705540558875e-04
3.224495342852455593e-03 1.157512342838090788e-04
3.180799705934658599e-03 -2.632043102599449695e-05
2.869310232848650433e-03 -1.154290620368953238e-04
2.348400573362481245e-03 -1.126495666708866319e-04
1.710386993834909055e-03 4.724828200124153721e-06
1.064492250552351651e-03 2.382990876511350241e-04
5.167094892853966656e-04 5.676775243469358179e-04
1.503639748663709343e-04 9.537337493005291870e-04
1.103650980559408266e-05 1.345444135716359268e-03
9.868513172359085102e-05 1.689004362135808780e-03
3.684377561006137560e-04 1.937515576524904103e-03
7.398861261116194488e-04 2.059417834017115805e-03
1.113101716807969772e-03 2.044084349877051208e-03
1.388321906321946832e-03 1.903526142603388085e-03
1.485560669512979697e-03 1.669891361595678700e-03
1.360413662301566658e-03 1.389237925799203339e-03
1.013049857989491978e-03 1.112761687112867777e-03
4.886740646010625947e-04 8.871420028239199694e-04
-1.306380220621989696e-04 7.458315818112265516e-04
-7.411943822699205032e-04 7.029365720253339268e-04
-1.237147815015667658e-03 7.508403835317521615e-04
-1.530481206126843227e-03 8.620139873178351425e-04
-1.567732264987568630e-03 9.946610175549017423e-04
-1.340287504985069721e-03 1.101118392709980742e-03
-8.862900418110175116e-04 1.137410164113301231e-03
-2.837910024846322177e-04 1.072132957704506357e-03
3.635701121997978640e-04 8.929772502975924248e-04
9.456582993463212138e-04 6.096359979211951954e-04
1.366109349994468203e-03 2.525361296292813582e-04
1.559948980322536276e-03 -1.323803747100996760e-04
1.505246416966910233e-03 -4.918505073719171058e-04
1.226614137103437764e-03 -7.749198103052816391e-04
7.899094312885693000e-04 -9.421949520790306705e-04
2.891589661227999511e-04 -9.729766833868685409e-04
-1.718007715617725362e-04 -8.689302207320296224e-04
-4.994750064737818896e-04 -6.536038788063727213e-04
-6.288243973060790365e-04 -3.678908993086340206e-04
-5.358990304369922819e-04 -6.229548434779166345e-05
-2.425906506048879909e-04 2.125329640555925488e-04
1.874039547327451135e-04 4.152075939051223579e-04
6.606486077033791628e-04 5.211770646764598809e-04
1.071779469353234798e-03 5.270362833052323961e-04
1.323688950329116347e-03 4.507669412427904284e-04
1.346255819979299282e-03 3.278721306812729260e-04
1.110067964298363120e-03 2.041480982942526720e-04
6.325296826052969950e-04 1.264740137770404443e-04
-2.481509002269012033e-05 1.333766947710149624e-04
-7.672511937420685478e-04 2.471703149365560076e-04
-1.484091695444741390e-03 4.691730587947812474e-04
-2.068869413398368579e-03 7.789199086259172237e-04
-2.438716033538224342e-03 1.137533605431478422e-03
-2.549278732927265194e-03 1.494627690733952565e-03
-2.402369284018913108e-03 1.797445657336141627e-03
-2.044916320527425703e-03 2.000515479271460645e-03
-1.559437325401592279e-03 2.073999612172603823e-03
-1.047851332354123857e-03 2.009165772142257073e-03
-6.117125521181985322e-04 1.819947025948896822e-03
-3.326207545386987170e-04 1.540298147378327482e-03
-2.565283799184641007e-04 1.217849046157097256e-03
-3.849238624935612859e-04 9.050550953945764483e-04
-6.745657955544304011e-04 6.495160654659972539e-04
-1.045820486025399870e-03 4.852908174809663668e-04
-1.398023339923550219e-03 4.268445322276975774e-04
-1.628951492796583064e-03 4.667651414219888190e-04
-1.654713625921712828e-03 5.776705196638913086e-04
-1.426281029289582208e-03 7.179333238947309404e-04
-9.395172581555002967e-04 8.401266273208356445e-04
-2.367923354798646919e-04 9.005777443733822222e-04
6.001411948672239188e-04 8.682075509664139486e-04
1.464680224407492043e-03 7.309679563830439502e-04
2.244579503899746167e-03 4.986453499935041564e-04
2.842220340441686463e-03 2.014866351205967009e-04
3.192122955059688814e-03 -1.151035615164849873e-04
3.272407642240888689e-03 -3.988007335022638006e-04
3.108055010281737026e-03 -5.999823574731297541e-04
2.765367289317363381e-03 -6.809189489368855331e-04
2.338697188761178821e-03 -6.227991529276248259e-04
1.931972938726427219e-03 -4.292617990092983493e-04
1.638531153943805765e-03 -1.257671365950569246e-04
1.523086939796269553e-03 2.450748309716962569e-04
1.609263108273477306e-03 6.313375949043981399e-04
1.875044720786545657e-03 9.812950514268381323e-04
2.257021377350261395e-03 1.252827265353221361e-03
2.662612537075950518e-03 1.420943059366887307e-03
2.987956420723689339e-03 1.482005497866057189e-03
3.138067592791051515e-03 1.453871905467896217e-03
3.045435850801379851e-03 1.371934627268507970e-03
2.683531515924104504e-03 1.281825616554195611e-03
2.072644306018675900e-03 1.230180011069877209e-03
1.276932567551978658e-03 1.255221441632010417e-03
3.932223189263152991e-04 1.378965305339185151e-03
-4.663434682875239692e-04 1.602529295173633905e-03
-1.194541188275867688e-03 1.905451239767832388e-03
-1.708378193433499016e-03 2.249154361776108807e-03
