4.093354577185731504e-04 4.459810450933880330e-04
3.508585552795763420e-05 8.152718223963450420e-04
-5.264803831965714394e-04 8.642978035410822874e-04
-1.188491229894909169e-03 5.997547252248833791e-04
-1.845394247972060838e-03 8.486393989147412911e-05
-2.392491217772403471e-03 -5.729247403818940772e-04
-2.745326447365002871e-03 -1.242516913765385339e-03
-2.855267852669347763e-03 -1.794140521617159246e-03
-2.718340065310027864e-03 -2.123964547338301739e-03
-2.375645596475757688e-03 -2.173706480124213899e-03
-1.905301721316239897e-03 -1.941516795240351119e-03
-1.407425906274907892e-03 -1.482082743747437786e-03
-9.850173813951207044e-04 -8.959373364487005758e-04
-7.243579501009440088e-04 -3.100055494220966016e-04
-6.786445367850792252e-04 1.469190113966008064e-04
-8.579524117201173510e-04 3.691120652157507676e-04
-1.227427717302607838e-03 2.945362844620365815e-04
-1.714048157593252167e-03 -8.277953281210677361e-05
-2.220666870312135339e-03 -7.109588503459857156e-04
-2.644674078735136536e-03 -1.489446385907408849e-03
-2.897735535483351044e-03 -2.287407477114017981e-03
-2.922861847225296551e-03 -2.967889646813365485e-03
-2.705567339562032873e-03 -3.413186548334032171e-03
-2.276995661731247463e-03 -3.546615838271724528e-03
-1.708410052205998689e-03 -3.346600230446654303e-03
-1.098081143000267327e-03 -2.850396752223328164e-03
-5.530448008207567530e-04 -2.146777451773489165e-03
-1.691742097477734203e-04 -1.359054744014899768e-03
-1.333021576519388858e-05 -6.216705429740382923e-04
-1.109613237880648518e-04 -5.478460923876446800e-05
-4.414939854796652617e-04 2.583260990512204792e-04
-9.423800670871609539e-04 2.867800333077521070e-04
-1.521030634613912674e-03 5.758310881304531947e-05
-2.072373489568579870e-03 -3.499326509445908288e-04
-2.498708642992075908e-03 -8.196617001208267219e-04
-2.728102425289006747e-03 -1.221312906005601710e-03
-2.727839253150832026e-03 -1.435743178150782279e-03
-2.510387484084480609e-03 -1.378225857791237630e-03
-2.130754747884455215e-03 -1.015232892468948597e-03
-1.675739931567575124e-03 -3.715372149428433808e-04
-1.247124596400314180e-03 4.737257996023431410e-04
-9.419952352388359477e-04 1.401308367606227123e-03
-8.339319305783242462e-04 2.273729579425630247e-03
-9.586355987443570450e-04 2.960656386838219321e-03
-1.306726011326096119e-03 3.362994633186721163e-03
-1.825085185683119433e-03 3.431141274631626867e-03
-2.426502559661381560e-03 3.173952718839092267e-03
-3.005806005934713847e-03 2.656739997246011439e-03
-3.459433956659510329e-03 1.988676917348295835e-03
-3.704751430158013427e-03 1.302009544172091308e-03
-3.695460183280032014e-03 7.270053251734957377e-04
-3.430191601626163787e-03 3.673844811877028608e-04
-2.952660463383932968e-03 2.808826629598485704e-04
-2.343354182238203878e-03 4.686200450123364104e-04
-1.704333262004162006e-03 8.752823990533809559e-04
-1.140021343256069145e-03 1.400070435277527350e-03
-7.376207958383047911e-04 1.916332900414109783e-03
-5.508589341979750441e-04 2.296153059155430984e-03
-5.901375802185213591e-04 2.435218955505640166e-03
-8.209446577674494412e-04 2.273253135628157829e-03
-1.170820693443753958e-03 1.806117705123520649e-03
-1.543552039481119230e-03 1.087286627219395370e-03
-1.837893304523938783e-03 2.183906428711240388e-04
-1.967263178528868249e-03 -6.693901344559631409e-04
-1.876673092183596403e-03 -1.439576933940114618e-03
-1.553671929741276114e-03 -1.975707446090564385e-03
-1.031223123351960539e-03 -2.202933253854874422e-03
-3.819583294877042690e-04 -2.101819535906541796e-03
2.951147880527890612e-04 -1.711741414115631674e-03
8.929436470481365252e-04 -1.123238972618696230e-03
1.316338696908381711e-03 -4.607813576404369105e-04
1.499696562866913684e-03 1.407959132809829400e-04
1.419189127129042273e-03 5.617206411278911557e-04
1.097115679373268215e-03 7.197696026294573895e-04
5.975975338877938421e-04 5.855587870018463077e-04
1.443203974135461639e-05 1.877513232226857027e-04
-5.465942963488220740e-04 -3.927928649158656969e-04
-9.875865055184612253e-04 -1.038806163784753746e-03
-1.236854965393923561e-03 -1.619338405134897532e-03
-1.262199973330529546e-03 -2.015100950498020706e-03
-1.076658545693852604e-03 -2.141616057699990451e-03
-7.356335146473660328e-04 -1.965773102364380947e-03
-3.259578536099238849e-04 -1.512641695633468479e-03
5.102493463959097315e-05 -8.612370492427956535e-04
2.991498953808613241e-04 -1.300256657174378298e-04
3.461499546493617546e-04 5.450967215836396420e-04
1.578497947761327638e-04 1.036196181169553613e-03
-2.548644572938148396e-04 1.247262166236662523e-03
-8.376302464078303530e-04 1.132209928885715648e-03
-1.502458433633963291e-03 7.035202452439421380e-04
-2.143992332015504446e-03 2.988342306625832098e-05
-2.659105672728828522e-03 -7.767058169259986747e-04
-2.966135788882343950e-03 -1.581960927795633166e-03
-3.020116015670122091e-03 -2.254449097372840209e-03
-2.821127386445716236e-03 -2.690114870391243848e-03
-2.414190998556338830e-03 -2.831546663008202916e-03
-1.880722535917238791e-03 -2.678348225407413755e-03
-1.323166407677766948e-03 -2.286662974240274461e-03
-8.457166435738592896e-04 -1.757954375809408273e-03
-5.347709443440341274e-04 -1.219181004598725868e-03
-4.428132185103261700e-04 -7.981350682160536295e-04
-5.787693457911101836e-04 -5.986293671480335914e-04
-9.066540223120019741e-04 -6.802463516419850805e-04
-1.352755687695991488e-03 -1.046498723405194994e-03
-1.819989150239007371e-03 -1.643657564983909023e-03
-2.206687867781408942e-03 -2.370483003126582812e-03
-2.426266991099753322e-03 -3.097026606111980603e-03
-2.424023456469026616e-03 -3.688955255595747097e-03
-2.187881825072254469e-03 -4.032798738639769773e-03
-1.751041475198453559e-03 -4.057346183575604240e-03
-1.186014952307480044e-03 -3.747143334727659307e-03
-5.911782394001545773e-04 -3.145535972490990165e-03
-7.237259515341593410e-05 -2.346681836360324513e-03
2.769642287736846613e-04 -1.478039874440668531e-03
3.933797525050281409e-04 -6.766464662264885539e-04
2.553753668383104474e-04 -6.366248716097120536e-05
-1.125032335221325293e-04 2.779995748487412190e-04
-6.442288206429276892e-04 3.187442932581587875e-04
-1.244646898183804319e-03 8.721818693547970028e-05
-1.807286058668438992e-03 -3.358268894647504490e-04
-2.234257401831300782e-03 -8.335542956383020560e-04
-2.454481746314750128e-03 -1.275897618877076551e-03
-2.436801169978074742e-03 -1.544906500892183170e-03
-2.195501062736024585e-03 -1.557768247349972709e-03
-1.787206731821441722e-03 -1.283130862975487676e-03
-1.299752366607671242e-03 -7.476224566438849015e-04
-8.351404736587624434e-04 -3.131954798838343292e-05
-4.898288674823477688e-04 7.469890795960136857e-04
-3.360880926314554693e-04 1.451962260064873500e-03
-4.079690083079916610e-04 1.957101569764014767e-03
-6.945466596466892554e-04 2.168578339979864572e-03
-1.141727901896439192e-03 2.042983696045550142e-03
-1.662287582202279798e-03 1.595640898075212670e-03
-2.152238692415217938e-03 8.979037036182921285e-04
-2.510441108478406354e-03 6.394743887957682143e-05
-2.657738764410610532e-03 -7.704533519713623654e-04
-2.552002830466381690e-03 -1.473151600619312983e-03
-2.196232088598297754e-03 -1.940093300294979577e-03
-1.638174739007082145e-03 -2.114402209404557965e-03
-9.615397065527181040e-04 -1.996484048908573564e-03
-2.704564808974302490e-04 -1.643252024240387469e-03
3.298805820851702722e-04 -1.156636073952626307e-03
7.527264618583085452e-04 -6.635677352114031490e-04
9.457722916355461133e-04 -2.912466050378236578e-04
9.005877219043738465e-04 -1.423874180382228571e-04
6.537415660784784725e-04 -2.751496611253160911e-04
2.793995075620466992e-04 -6.915638793104580701e-04
-1.251884873088011485e-04 -1.336658529724218600e-03
-4.585522878552510118e-04 -2.108463360292485607e-03
-6.346349907803622899e-04 -2.877003837676903042e-03
-5.994683678146416192e-04 -3.508696499769536469e-03
-3.417241532344962281e-04 -3.891530088950454457e-03
1.048643468948936468e-04 -3.956266090907258233e-03
6.676752671787534663e-04 -3.689643574477298894e-03
1.248802047241417837e-03 -3.137084817892999908e-03
1.743515930346173099e-03 -2.394383943269822856e-03
2.060093372145227648e-03 -1.589944687268076036e-03
2.137254544248366750e-03 -8.609209393482162263e-04
1.955909706003358672e-03 -3.277663502637736658e-04
1.542986227500424412e-03 -7.199895909396308684e-05
9.666068254290460316e-04 -1.213767511918655180e-04
3.235256068821901350e-04 -4.452759211104090516e-04
-2.788069138725965618e-04 -9.611312802493129567e-04
-7.421628378303968439e-04 -1.550703600083104365e-03
-9.956782144393012263e-04 -2.083078309125345473e-03
-1.008792252078425516e-03 -2.440026088956908333e-03
-7.965454308497829997e-04 -2.538909716618467476e-03
-4.162445616342510635e-04 -2.348787438402724463e-03
4.386257892693100607e-05 -1.896652981147819213e-03
4.817477525299624784e-04 -1.262621748969306292e-03
8.013382911421396571e-04 -5.649677937702204380e-04
9.310821282574606016e-04 6.215995406221236971e-05
8.378179741060961649e-04 4.941252819337851182e-04
5.333168730103474316e-04 6.394891825631296824e-04
7.225035098024551244e-05 4.575044338849076735e-04
-4.580348061333407031e-04 -3.389680268035431474e-05
-9.540020960543631580e-04 -7.611415548632611411e-04
-1.315551032453529104e-03 -1.608514289163531352e-03
-1.465066589452532035e-03 -2.439569716988823286e-03
-1.362283241610673032e-03 -3.122418057565593853e-03
-1.012145264666082988e-03 -3.554108728678262094e-03
-4.641694769802882274e-04 -3.679510111650599775e-03
1.965759003405654151e-04 -3.501125785079808352e-03
8.651764343109825213e-04 -3.078003981266352190e-03
1.436296373837281327e-03 -2.513961990357022839e-03
1.823655416295120318e-03 -1.937369828734014556e-03
1.975880263464774907e-03 -1.476334757960462343e-03
1.885740621664159069e-03 -1.233997800401631824e-03
1.591032015978811626e-03 -1.268630653951873747e-03
1.166949291498158101e-03 -1.582310712565152900e-03
7.114055113448564550e-04 -2.120325721315811929e-03
3.260861222634704607e-04 -2.781425874968957660e-03
9.683494018460168246e-05 -3.436985020787092140e-03
7.709398218707394328e-05 -3.955443417304103926e-03
2.775396972581104481e-04 -4.227402122222999846e-03
6.638834640464949012e-04 -4.186613373719011953e-03
1.163256770275673639e-03 -3.822886134999514338e-03
1.677974302554117872e-03 -3.184454637869315718e-03
2.104069415293541821e-03 -2.369350912437641170e-03
2.351091041851828024e-03 -1.507402619810888945e-03
2.359410574657720867e-03 -7.362511930633090958e-04
2.111757172259269479e-03 -1.759165473714068006e-04
1.636791385746778991e-03 9.329075235244444625e-05
1.004033265885585779e-03 4.534300771704942792e-05
3.110969999435514270e-04 -2.871896001568414103e-04
-3.343601051514156954e-04 -8.198847304635855596e-04
-8.345664412094061600e-04 -1.432983018735868412e-03
-1.119679874103266274e-03 -1.994532585453505803e-03
-1.160540861542095530e-03 -2.385769011501392978e-03
-9.737310920668140572e-04 -2.523915270668340011e-03
-6.179904956001701800e-04 -2.378076552757656722e-03
-1.826812244943932574e-04 -1.975214487604808403e-03
2.295076776034177626e-04 -1.395065977596155957e-03
5.223316903618106972e-04 -7.549675184627142183e-04
6.244874626762967566e-04 -1.874596853324997977e-04
5.033266170538152826e-04 1.850840404785266367e-04
1.711858049490294371e-04 2.739941084529532757e-04
-3.168681724426682068e-04 4.154247933960131256e-05
-8.734521772306140129e-04 -4.913932626765720249e-04
-1.395466979887900359e-03 -1.248702532485065561e-03
-1.783738472766948410e-03 -2.112826044108606898e-03
-1.961977078933546063e-03 -2.946356428277526092e-03
-1.891460252195457849e-03 -3.617380585976683743e-03
-1.578651463764425660e-03 -4.023781129527343424e-03
-1.074305354313944728e-03 -4.111911401933342723e-03
-4.642198194064725059e-04 -3.886123568631767115e-03
1.466233358412811854e-04 -3.407360496527954072e-03
6.535362206136085704e-04 -2.781091810335182928e-03
9.715433889980233054e-04 -2.136890814998741034e-03
1.051074655121863157e-03 -1.603530163192627310e-03
8.869711208690605987e-04 -1.284320858275364227e-03
5.191091051980669660e-04 -1.237371099103128178e-03
2.453314266836802225e-05 -1.464507708906171921e-03
-4.974039780977466702e-04 -1.910960284661572051e-03
-9.440732513259346989e-04 -2.475867835250728476e-03
-1.229164099884293799e-03 -3.031615953917289000e-03
-1.299127176287271420e-03 -3.448338054201749870e-03
-1.143349297677651727e-03 -3.618934025133308061e-03
-7.961329809129872974e-04 -3.479859492843026883e-03
-3.301064971078921631e-04 -3.023737744221111252e-03
1.576854076821917897e-04 -2.301393070443003529e-03
5.643725617920010993e-04 -1.412906008142136936e-03
8.010067451257003391e-04 -4.893686996328039558e-04
8.097197370589524767e-04 3.312210527244949416e-04
5.750355240436016979e-04 9.293788303477224563e-04
1.271860559154439855e-04 1.226068737860244555e-03
-4.632067760386241731e-04 1.197016787694056214e-03
-1.098086097930078614e-03 8.767069707194797244e-04
-1.670109455123815504e-03 3.513168071506174027e-04
-2.082566749374635366e-03 -2.580580472305634017e-04
-2.267305836612918107e-03 -8.187035713339309555e-04
-2.197281812159582355e-03 -1.211691540981863890e-03
-1.891363403515937749e-03 -1.354571773808066395e-03
-1.410495127837090848e-03 -1.217051929692628031e-03
-8.459495211516209097e-04 -8.266945289125174042e-04
-3.019001304846119591e-04 -2.635535277144969673e-04
1.243802166580699553e-04 3.552304772431053850e-04
3.609433640833578259e-04 8.979536339007857578e-04
3.747221185683303601e-04 1.243717868153965903e-03
1.776524447359033093e-04 1.305831730399144080e-03
-1.757955082595046535e-04 1.048800068579532584e-03
-5.992062404305962446e-04 4.956719650923042952e-04
-9.909172636838551457e-04 -2.756591523237997168e-04
-1.253658436395271424e-03 -1.146518223654329448e-03
-1.313405613007445714e-03 -1.979227310001292067e-03
-1.133869665434636452e-03 -2.642492593555554291e-03
-7.238675008707411498e-04 -3.035608243005382713e-03
-1.361688170035906366e-04 -3.106909051212958933e-03
5.419740581925857042e-04 -2.862991659826908016e-03
1.204831324564044435e-03 -2.366970757137812440e-03
1.747716557159969706e-03 -1.726111210979261630e-03
2.086338020163784786e-03 -1.071186910224902625e-03
2.172326863508438396e-03 -5.314816157333452674e-04
2.002011795054722300e-03 -2.101701419326463833e-04
1.616787588651587499e-03 -1.647438866181454020e-04
1.095015217247956784e-03 -3.961872095479350951e-04
5.369933890958404404e-04 -8.489517976233251599e-04
4.585153814164600987e-05 -1.421729214352251275e-03
-2.920151641715989111e-04 -1.986974963120279568e-03
-4.232632938022489171e-04 -2.415478224168147135e-03
-3.375823887223599728e-04 -2.601314167633509908e-03
-6.945264408995358452e-05 -2.482441708578058803e-03
3.086493974301086039e-04 -2.053032825251018337e-03
7.003048267779226092e-04 -1.365184267287062030e-03
1.003797735787774308e-03 -5.196723804764542647e-04
1.131813137786822059e-03 3.525137075924103286e-04
1.028448296526228000e-03 1.114378988244992420e-03
6.803061752981610661e-04 1.648300585384900605e-03
1.195596089909033719e-04 1.877785281289289909e-03
-5.816052796731601858e-04 1.781499269621439731e-03
-1.324125709342484488e-03 1.396924544298440429e-03
-2.000302786462093176e-03 8.129586740370156736e-04
-2.513703007611285678e-03 1.528662054446413166e-04
-2.796962609438739117e-03 -4.491853564739713839e-04
-2.824132894621336678e-03 -8.735595587151277546e-04
-2.615237264137221934e-03 -1.037738847191458551e-03
-2.232184132185169399e-03 -9.117913004349086255e-04
-1.766815205854180846e-03 -5.237919269760520297e-04
-1.323356164983792178e-03 4.582152823519541982e-05
-9.985949615048455782e-04 6.798810356778850353e-04
-8.635414643683480326e-04 1.247138627602048088e-03
-9.500399260195786875e-04 1.627633815000976720e-03
-1.244866233490603009e-03 1.735961428154268391e-03
-1.692423070620966297e-03 1.538019755499667879e-03
-2.205516652343612102e-03 1.058052675048049441e-03
-2.682167172228101630e-03 3.746369974173708326e-04
-3.025261552589110330e-03 -3.936404432653814911e-04
-3.161318048295057824e-03 -1.110118671915590657e-03
-3.054799795944523368e-03 -1.645471755263497923e-03
-2.715256786992253576e-03 -1.901792719743794968e-03
-2.195933469279553324e-03 -1.830803051535725328e-03
-1.584095171372131754e-03 -1.442749152678910862e-03
-9.848948248719863012e-04 -8.043085298383168815e-04
-5.018250838983889014e-04 -2.590729906064001607e-05
-2.174482088351846823e-04 7.591467602745332558e-04
-1.780444186639236568e-04 1.419764014312015340e-03
-3.850785885121334098e-04 1.851654933564327293e-03
-7.950954346084082927e-04 1.996743861929404194e-03
-1.328058877185564653e-03 1.853745082767878447e-03
-1.882553982419315087e-03 1.477907194146994580e-03
-2.354972161637125007e-03 9.699847295838091811e-04
-2.659047816180116000e-03 4.565375150183188140e-04
-2.742049773937226681e-03 6.530181247618271727e-05
-2.594565877453248147e-03 -9.968839783098593955e-05
-2.252033661394045507e-03 2.149644739325739552e-05
-1.787734191329266907e-03 4.326351470237473507e-04
-1.298583648345159533e-03 1.079962233460261822e-03
-8.864218534649595960e-04 1.861706903484610558e-03
-6.383502327480838120e-04 2.646773186059729957e-03
-6.098521422779321945e-04 3.299038164106102636e-03
-8.139018364464992075e-04 3.702679851924883022e-03
-1.218134403303422182e-03 3.783749632281884281e-03
-1.750622443526129741e-03 3.523913287196741694e-03
-2.313175199609043917e-03 2.963765404475492311e-03
-2.799650890628123216e-03 2.195093970574103250e-03
-3.115822950439467443e-03 1.343561880511792012e-03
-3.197045553464059227e-03 5.450841871062711650e-04
-3.020379150577753510e-03 -7.962891290203976020e-05
-2.608884132438265765e-03 -4.475485694677104869e-04
-2.027271960999523642e-03 -5.285752296723749636e-04
-1.369737799599215610e-03 -3.506809283122412288e-04
-7.422773822253840017e-04 6.015832881431902330e-06
-2.428336446401778512e-04 4.251072366838507758e-04
5.697194096802426361e-05 7.766681453604316974e-04
1.250698484770867720e-04 9.426155772192586647e-04
-2.536343067651423457e-05 8.398378330009229759e-04
-3.388178131957985599e-04 4.366975508996475113e-04
-7.284080441484157677e-04 -2.402322559684750940e-04
-1.092793343003440644e-03 -1.110490273687672136e-03
-1.335844188696042392e-03 -2.054303516759658881e-03
-1.385321623784434818e-03 -2.934672146911636650e-03
-1.207021282208893802e-03 -3.622793034120892763e-03
-8.116931795102437421e-04 -4.022018722836277413e-03
-2.534165686743070946e-04 -4.085823795549500988e-03
3.802721867169707361e-04 -3.826383051863813632e-03
9.846382229068224769e-04 -3.312141064242271876e-03
1.457322234046625224e-03 -2.654834501134321553e-03
1.717529715894368716e-03 -1.988423062757094240e-03
1.721206459216637020e-03 -1.443914442871944114e-03
1.469329797961414080e-03 -1.124843886072229848e-03
1.007747079122748093e-03 -1.088042912994341372e-03
4.185917591446544780e-04 -1.333328479322860209e-03
-1.950993277418191542e-04 -1.804053172765064748e-03
-7.286582831558628811e-04 -2.398399164083451530e-03
-1.095303927169830657e-03 -2.989263205421578001e-03
-1.242215982927876968e-03 -3.448952460892359788e-03
-1.160130008971073335e-03 -3.673999562155848622e-03
-8.846454428485661789e-04 -3.605382591785301610e-03
-4.890091949601947912e-04 -3.240306008023849035e-03
-6.975204865790449356e-05 -2.633297046645236440e-03
2.720911134939645731e-04 -1.886396200923106314e-03
4.506098901093261253e-04 -1.130286741782812136e-03
4.117678207858781235e-04 -4.999256170867497767e-04
1.440904044438813102e-04 -1.092812247661806291e-04
-3.187422286324164983e-04 -2.995488591843215205e-05
-9.038981713195269087e-04 -2.777298188647123623e-04
-1.512863712635070671e-03 -8.095927513374137630e-04
-2.039836957070453004e-03 -1.531792714390593042e-03
-2.391568022690200579e-03 -2.317414016203990252e-03
-2.504893398589050878e-03 -3.030141135136764710e-03
-2.358647080452619567e-03 -3.549722950804084717e-03
-1.977694185098542289e-03 -3.794323904070990433e-03
-1.428322624975855238e-03 -3.735540848614609007e-03
-8.058630482766252975e-04 -3.403254543276993359e-03
-2.168771488454488555e-04 -2.879410678330440211e-03
2.407186717548447921e-04 -2.281922349055825073e-03
4.958378602045840529e-04 -1.741756918717433846e-03
5.172817380316297028e-04 -1.377560960782795666e-03
3.192080956440776973e-04 -1.272643007177901237e-03
-4.201461851732670588e-05 -1.458686882410484796e-03
-4.789607767049342641e-04 -1.909293089496722374e-03
-8.901854672655972432e-04 -2.544583525184816643e-03
-1.179909377612281540e-03 -3.246008375593519707e-03
-1.276612342749932055e-03 -3.878560380547408336e-03
-1.147004448049401696e-03 -4.316196946358773906e-03
-8.027196241861790042e-04 -4.465660875635074634e-03
-2.984556438915352927e-04 -4.284191291257679994e-03
2.780948257885587876e-04 -3.787770785880271648e-03
8.226218728425204255e-04 -3.048344415811271406e-03
1.233788585564225566e-03 -2.180532084337417041e-03
1.432328079577103877e-03 -1.320343183508433139e-03
1.376033359899118784e-03 -5.999147877202191340e-04
1.067802108588981847e-03 -1.230458458078634298e-04
5.552117880559281383e-04 5.385249106905527772e-05
-7.829758030817267605e-05 -6.820287050896705651e-05
-7.289682007531358802e-04 -4.316224914659214486e-04
-1.292059757327585542e-03 -9.338183831734177959e-04
-1.681321660303439040e-03 -1.447289383754749373e-03
-1.844924006508244854e-03 -1.844399396450472749e-03
-1.774840439860201182e-03 -2.022141868302277171e-03
-1.507916662719217381e-03 -1.922187323897319453e-03
-1.118433081894295439e-03 -1.542405082280705634e-03
-7.035807804947513851e-04 -9.376661310860725292e-04
-3.646117058596918051e-04 -2.097655224964348935e-04
-1.872426325866011643e-04 5.116351038696586185e-04
-2.250331212057558525e-04 1.093441722960226958e-03
-4.888937409201323317e-04 1.424315289739280094e-03
-9.447190517589906539e-04 1.435843679713035871e-03
-1.519600227156552973e-03 1.115687471659088277e-03
-2.115446277491977740e-03 5.102061268159498045e-04
-2.627438513412023134e-03 -2.839393841305597513e-04
-2.963826133845911918e-03 -1.137626362521680732e-03
-3.063315286550876392e-03 -1.913185462425487197e-03
-2.906758053643869466e-03 -2.489875238928974596e-03
-2.520925587060506793e-03 -2.786106348303380928e-03
-1.973646981725221423e-03 -2.774222014948578632e-03
-1.361228910527776574e-03 -2.485051517486630210e-03
-7.905312958067106394e-04 -2.001390281669878854e-03
-3.590849134271372790e-04 -1.441656945809135148e-03
-1.370065237171044694e-04 -9.368374359985544688e-04
-1.541259580740703475e-04 -6.050965052337600562e-04
-3.947521991996059791e-04 -5.288777997486135505e-04
-8.010588457595560312e-04 -7.388409156299155772e-04
-1.284437353848884474e-03 -1.207687632167236567e-03
-1.742658092824252852e-03 -1.855055053769418807e-03
-2.079580131198029581e-03 -2.562555727074019695e-03
-2.223668885166560968e-03 -3.196121151653042673e-03
-2.141807523588642841e-03 -3.631419758157203997e-03
-1.845780355530097106e-03 -3.777535765409766218e-03
-1.390195317740885355e-03 -3.594422134154477352e-03
-8.622350951989021881e-04 -3.100817311485653746e-03
-3.651751129375873685e-04 -2.371118906616647391e-03
1.211622043390632106e-06 -1.521796412142275125e-03
1.596518277876721962e-04 -6.899040560202486343e-04
7.017200804384452623e-05 -7.749136409403991829e-06
-2.621049965658385147e-04 4.215021493752990536e-04
-7.876486836800818993e-04 5.426778533791727557e-04
-1.421571265609767199e-03 3.583586413775003993e-04
-2.059334167072607823e-03 -7.229014803917122728e-05
-2.596145722916816476e-03 -6.453756568211900004e-04
-2.946386980393042414e-03 -1.232563441554331181e-03
-3.059397713309494962e-03 -1.705936755189452116e-03
-2.928644244499291251e-03 -1.962709048164913445e-03
-2.592543877373550652e-03 -1.945098879813621402e-03
-2.126800339274411821e-03 -1.651594204240957198e-03
-1.629711529573264631e-03 -1.137465427710322935e-03
-1.203240791996006490e-03 -5.044245917463310337e-04
-9.334441073368259130e-04 1.186144240961449882e-04
-8.739663717091390553e-04 6.000323229789807089e-04
-1.035737458574838158e-03 8.306172742034971133e-04
-1.384823377206290812e-03 7.445349392740125555e-04
-1.848842115834700836e-03 3.321784172556567060e-04
-2.330730404301761816e-03 -3.575437954208494007e-04
-2.727254071647066021e-03 -1.225925838876309234e-03
-2.948754829696932298e-03 -2.142550278785379340e-03
-2.936390615453225803e-03 -2.969331027659286720e-03
-2.673599731642395567e-03 -3.585975821614528943e-03
-2.189611367636882470e-03 -3.912062535221367231e-03
-1.554329837571671652e-03 -3.921565073417347842e-03
-8.655521321855521189e-04 -3.647094188171820170e-03
-2.309291090445438456e-04 -3.173065643451422439e-03
2.519248097206743496e-04 -2.619104021532050151e-03
5.134184710705814916e-04 -2.116838275933073492e-03
5.246730046936426330e-04 -1.784495015018590846e-03
3.025216758667143057e-04 -1.704110804365921092e-03
-9.411526198919615508e-05 -1.905686912608500240e-03
-5.757841292377819092e-04 -2.361293225733357773e-03
-1.039782919816787136e-03 -2.990241898458979777e-03
-1.389896948602225690e-03 -3.674352896608959473e-03
-1.554841364558354156e-03 -4.280420293210481994e-03
-1.501913157304082206e-03 -4.685622342495371004e-03
-1.243263919780402543e-03 -4.801058645811229555e-03
-8.336035008774703940e-04 -4.588950182459821184e-03
-3.597688782313571056e-04 -4.070235925263010479e-03
7.586546149231272740e-05 -3.321116408635897948e-03
3.749916109540376609e-04 -2.459186014201443331e-03
4.622703815715042963e-04 -1.621765903005636250e-03
2.999464340016487918e-04 -9.405254318497007458e-04
-1.045983774315089156e-04 -5.171821183759146845e-04
-6.997923817907556647e-04 -4.048658371252754785e-04
-1.399152608840774532e-03 -5.986606603950082005e-04
-2.097148204925751349e-03 -1.037100634783532814e-03
-2.688656220815991565e-03 -1.614322701543583925e-03
-3.088337314190347377e-03 -2.200563416584591474e-03
-3.246274080901077018e-03 -2.667107883267092437e-03
-3.156922136880175103e-03 -2.910958164656365747e-03
-2.859689778108167636e-03 -2.874543614059430277e-03
-2.431046402452614278e-03 -2.556736561404651491e-03
-1.969662909070067983e-03 -2.013085394915141782e-03
-1.577405495499922599e-03 -1.345221072431485032e-03
-1.339788083587581044e-03 -6.814454060641660484e-04
-1.309589643985740494e-03 -1.521814366022031066e-04
-1.496741855724098786e-03 1.350587811772821153e-04
-1.866403629545667752e-03 1.164402842662043153e-04
-2.345587190832208214e-03 -2.156375231855260123e-04
-2.837079531244226290e-03 -8.105823806017149790e-04
-3.238020045736440984e-03 -1.568633838097310568e-03
-3.459611976166613711e-03 -2.359176760524076596e-03
-3.444229149898779194e-03 -3.044891121493998980e-03
-3.176671388917352151e-03 -3.507180672653208674e-03
-2.687428766745782703e-03 -3.668080760271401602e-03
-2.047327068574325299e-03 -3.504511683730252188e-03
-1.354558067105536903e-03 -3.052192429109973695e-03
-7.165397122393551456e-04 -2.398486127750982123e-03
-2.300301182769186326e-04 -1.665542756856980191e-03
3.675001351379999538e-05 -9.869399397946457958e-04
5.661181645720309193e-05 -4.822517585491700384e-04
-1.518465257390734470e-04 -2.343656007417367886e-04
-5.281152596023624014e-04 -2.738444161293420061e-04
-9.815375746402448844e-04 -5.732953618857231353e-04
-1.408728945137608952e-03 -1.052808761129681112e-03
-1.713347752809390610e-03 -1.595432837288965084e-03
-1.824469929060846271e-03 -2.069747210470384430e-03
-1.710086248567576879e-03 -2.355251933779373315e-03
-1.383166021099057957e-03 -2.365753855575187040e-03
-8.991400672673675529e-04 -2.066309655146883473e-03
-3.452821822589414243e-04 -1.480503555969932186e-03
1.759961806340363611e-04 -6.866667556601437810e-04
5.667693257364717118e-04 1.962612612963867461e-04
7.524163216894009208e-04 1.030568434271025759e-03
6.960642931382513389e-04 1.685184309146005397e-03
4.059123211439932604e-04 2.059876115742717909e-03
-6.596036640954755850e-05 2.103659973616793001e-03
-6.330862667886951291e-04 1.823954631948301224e-03
-1.190614533394524291e-03 1.284756546054503443e-03
-1.634808735538945904e-03 5.941921255985848152e-04
-1.882355603900254509e-03 -1.161875980519613783e-04
-1.885838175381093036e-03 -7.164432953983214565e-04
-1.642452204024314128e-03 -1.102870382728138613e-03
-1.194323021971954160e-03 -1.217545255330386390e-03
-6.203692223793028614e-04 -1.059094968859801422e-03
-2.125874233946189280e-05 -6.826548976006516700e-04
4.996906128647427957e-04 -1.890284618197650944e-04
8.560477903715175540e-04 2.948902453297882402e-04
9.945426525917499053e-04 6.407137577326680634e-04
9.049974262246246546e-04 7.435089915283367955e-04
6.220377573786615034e-04 5.423580830734608168e-04
2.182637480345899796e-04 3.262433545580287024e-05
-2.098201754428087118e-04 -7.324150046548259362e-04
-5.604453031087938339e-04 -1.650894615063073362e-03
-7.462508745505697181e-04 -2.590896286417543846e-03
-7.112543569344218289e-04 -3.414700168022540873e-03
-4.418964391034128089e-04 -4.004175938583074551e-03
2.994119900504238832e-05 -4.282520995237793816e-03
6.325276084058194552e-04 -4.228243111053286811e-03
1.267435808088062093e-03 -3.878751795029704991e-03
1.827777440918167042e-03 -3.322888125126766991e-03
2.218075978861949737e-03 -2.683815046486574991e-03
2.372024552099055630e-03 -2.095512995834069182e-03
2.264774086796284350e-03 -1.677334166159191817e-03
1.917432051468431894e-03 -1.511433985707179685e-03
1.392925799324020754e-03 -1.627351288780911698e-03
7.840181859408918482e-04 -1.996652786472747840e-03
1.957475068825585175e-04 -2.538649551740285865e-03
-2.743821797433680740e-04 -3.136094620254500399e-03
-5.547101158479450945e-04 -3.657878911374682143e-03
-6.127629968200164895e-04 -3.984415786718480124e-03
-4.611117542727097719e-04 -4.030893988705050793e-03
-1.546378472031970314e-04 -3.763981163763834969e-03
2.202660105136465616e-04 -3.208799513130961359e-03
5.625073154491836607e-04 -2.444836699295581655e-03
7.759246647948648754e-04 -1.591550287710479959e-03
7.880107024206050919e-04 -7.863759990690814437e-04
5.641711569583779656e-04 -1.592892416998352347e-04
1.148089422899463636e-04 1.912767742399009135e-04
-5.061192405556569612e-04 2.166084162425990604e-04
-1.210811571880296162e-03 -7.344715706064999794e-05
-1.893767457706137941e-03 -6.126427844958073389e-04
-2.451324408726023030e-03 -1.291078856069985273e-03
-2.800895513757184659e-03 -1.976120062280148967e-03
-2.896273242976323947e-03 -2.537519259106717651e-03
-2.736108933542022448e-03 -2.871992084712753600e-03
-2.363968078167803105e-03 -2.922592263527249400e-03
-1.859955072620986857e-03 -2.689224249531010046e-03
-1.325495683061153965e-03 -2.228310115963229743e-03
-8.641592788897466690e-04 -1.641683192774817711e-03
-5.621509184840162501e-04 -1.056822614664634525e-03
-4.721640916721802240e-04 -6.021840370599705096e-04
-6.036468775111399239e-04 -3.823115176825738707e-04
-9.213183364786528464e-04 -4.574578599528943568e-04
-1.352208402170353152e-03 -8.315875313951173135e-04
-1.799879456570430006e-03 -1.451049136436331679e-03
-2.163126999347121573e-03 -2.214183853548147736e-03
-2.355608028453640840e-03 -2.990064838981496866e-03
-2.322669657370185926e-03 -3.642832591513699928e-03
-2.052180440875112262e-03 -4.057030274003432455e-03
-1.577302511583505637e-03 -4.159151942923976567e-03
-9.706689016678474256e-04 -3.931331774837679843e-03
-3.310583262333170675e-04 -3.414588350233598718e-03
2.349190201329979079e-04 -2.701013558913011731e-03
6.326655807817752400e-04 -1.916386726969316300e-03
7.972206584590933081e-04 -1.196505240283950557e-03
7.053340183512414856e-04 -6.617104312943210363e-04
3.797077094462322994e-04 -3.944269831663274519e-04
-1.153937315717747146e-04 -4.239613533707753922e-04
-6.863318647414433675e-04 -7.214282400469685004e-04
-1.227773965285342038e-03 -1.205754606724820845e-03
-1.642517954663953597e-03 -1.759611746998069421e-03
-1.859712406501650827e-03 -2.252244789366414715e-03
-1.848026878142723043e-03 -2.564862116764154119e-03
-1.621285423533702121e-03 -2.613761895574942366e-03
-1.235504496647635460e-03 -2.366801190376177904e-03
-7.779050599811333008e-04 -1.850073910513548928e-03
-3.499891715884243361e-04 -1.143518373149815352e-03
-4.789573574185725102e-05 -3.662724039553412426e-04
5.623442769425940693e-05 3.454634942398136354e-04
-7.165490039278722689e-05 8.638741676307540480e-04
-4.206749274391366695e-04 1.093479447279154318e-03
-9.366665878895485183e-04 9.890574289321519500e-04
-1.532102732805233842e-03 5.641522340840367158e-04
-2.102351368964069933e-03 -1.114424991858827419e-04
-2.545228047936075755e-03 -9.247481722801392410e-04
-2.780141506818125090e-03 -1.740742775507590420e-03
-2.763212345137279133e-03 -2.427581343796197944e-03
-2.495505573139232113e-03 -2.881127091757256127e-03
-2.022820193694123934e-03 -3.044157550203217214e-03
-1.427076010434690217e-03 -2.916620139084456602e-03
-8.109272287173747073e-04 -2.555007993435779584e-03
-2.785132361980795224e-04 -2.060988266156922599e-03
8.401324912122578800e-05 -1.561451202531507782e-03
2.244998211553528820e-04 -1.183773452549871435e-03
1.343251105408260846e-04 -1.030995602876851568e-03
-1.503494742802883623e-04 -1.161630103580896115e-03
-5.558345752621493899e-04 -1.577938566164063632e-03
-9.852905490289770064e-04 -2.224912926307004955e-03
-1.337495181792914233e-03 -3.000167022825130439e-03
-1.526437325102353304e-03 -3.772877756088310885e-03
-1.498016094916418709e-03 -4.408199644646767189e-03
-1.240673733039562941e-03 -4.792538142525296085e-03
-7.879394974211307396e-04 -4.854902203009379622e-03
-2.123943842561977426e-04 -4.580296568373146485e-03
3.878081021995794311e-04 -4.012619084263495742e-03
9.073193122797222274e-04 -3.246513107552389654e-03
1.253396426102439728e-03 -2.409714024766921019e-03
1.363381562298927136e-03 -1.639226510493221184e-03
1.216551628947924735e-03 -1.055835083630476869e-03
8.380957400399546278e-04 -7.417640456080613898e-04
2.944659203221352802e-04 -7.257047140443121519e-04
-3.190214346519476877e-04 -9.780313358467252957e-04
-8.959901860332010427e-04 -1.417096661828358894e-03
-1.338849852472959873e-03 -1.925399433816292298e-03
-1.576931363789680837e-03 -2.372546366299535091e-03
-1.579487592092717815e-03 -2.640644607179081470e-03
-1.361106350716827923e-03 -2.647300744035720622e-03
-9.785209274370976901e-04 -2.361856264644502778e-03
-5.194325208726074256e-04 -1.811771041724156896e-03
-8.547166554943321469e-05 -1.077933192539486194e-03
2.274645609766198957e-04 -2.797720586774504487e-04
3.477661624090963750e-04 4.470163101016174029e-04
2.420318304492910131e-04 9.759208869286437223e-04
-7.828651766731179688e-05 1.213430474454308241e-03
-5.587824769970097796e-04 1.116705006904940983e-03
-1.112184569987787223e-03 7.017575551476779461e-04
-1.634731516188266337e-03 4.059552574972417893e-05
-2.025736835086674494e-03 -7.521423477986501462e-04
-2.206640776971572314e-03 -1.540529996198559308e-03
-2.135942998234472562e-03 -2.192646711651024052e-03
-1.817187693060631944e-03 -2.605040485393213343e-03
-1.298486726337545402e-03 -2.721742567820924046e-03
-6.636669446533502653e-04 -2.544246852958630817e-03
-1.671223666578288986e-05 -2.130579455388415845e-03
5.375608854900330467e-04 -1.583650219539904733e-03
9.129434911446584078e-04 -1.031107598431426232e-03
1.057718650417266079e-03 -6.005270359714688644e-04
9.639925851143552916e-04 -3.946460867974611614e-04
6.687164746429152210e-04 -4.713498154813142334e-04
2.462165008811673279e-04 -8.322093936375064751e-04
-2.063423388948674476e-04 -1.421755819092901385e-03
-5.877953504043662274e-04 -2.137636278649253894e-03
-8.125425912768186043e-04 -2.849738109572427618e-03
-8.271243955730719563e-04 -3.424665167792943082e-03
-6.206605704164004037e-04 -3.750935648676303590e-03
-2.271688678646749046e-04 -3.760131412466676155e-03
2.806827354379855559e-04 -3.439993012942879538e-03
8.052119814637126146e-04 -2.836977281341751620e-03
1.242168006155755251e-03 -2.047787227658735745e-03
1.500495873599465898e-03 -1.201469899944713300e-03
1.519677654296202815e-03 -4.354617983812329209e-04
1.281364889077322294e-03 1.298942548034662768e-04
8.130965144212993091e-04 4.135488635470493165e-04
1.833933215014081348e-04 3.884732626659869077e-04
-5.108486420999259082e-04 8.614043935194172150e-05
-1.162286501369972670e-03 -4.100729385651606901e-04
-1.672995099120040338e-03 -9.812990780068105764e-04
-1.972516325385446564e-03 -1.496283398087849522e-03
-2.030686347392739004e-03 -1.836791585454743223e-03
-1.862823128191822171e-03 -1.920495338890976407e-03
-1.526303391932489839e-03 -1.716991541272752490e-03
-1.109188522848641219e-03 -1.253911405278289792e-03
-7.130640837442698892e-04 -6.119544548331078658e-04
-4.333527123180033226e-04 9.021866657834542720e-05
-3.408377611180330499e-04 7.183781309660721738e-04
-4.679047714831144778e-04 1.148163480199816547e-03
-8.021133424533678780e-04 1.288751402275568631e-03
-1.288322587040413407e-03 1.100268230978346425e-03
-1.838972275869509660e-03 6.016447789388140862e-04
-2.350575938070280889e-03 -1.325813340122136089e-04
-2.723304344772349735e-03 -9.859199082055533289e-04
-2.879950979098362760e-03 -1.821464828841056621e-03
-2.780686430270919249e-03 -2.507248031392856746e-03
-2.430804335814172427e-03 -2.940624049015291147e-03
-1.879986929445073580e-03 -3.067082861313426018e-03
-1.213222531338480070e-03 -2.889944252878127486e-03
-5.350867332769914742e-04 -2.469113546242634235e-03
4.964544034731629887e-05 -1.909149459579948492e-03
4.553951964639287161e-04 -1.338917868064993816e-03
6.315213536011374251e-04 -8.866974117949484938e-04
5.714376069422073736e-04 -6.554627661941910943e-04
3.133902216294686088e-04 -7.030361894381426720e-04
-6.724035930264290898e-05 -1.030874369461813123e-03
-4.726459775952443379e-04 -1.583620509688360087e-03
-8.015109743359834921e-04 -2.259511028871791748e-03
-9.685548675665716940e-04 -2.929668633009018322e-03
-9.209894384793884193e-04 -3.462628511035280646e-03
-6.487676890407293850e-04 -3.749451119786389140e-03
-1.866790452942971006e-04 -3.724661581938922602e-03
3.921093798193892336e-04 -3.379043648811666696e-03
9.898443414539930419e-04 -2.761856342528099233e-03
1.502699582026482267e-03 -1.972042238988080433e-03
1.840503596808058979e-03 -1.140079114281342641e-03
1.943943585301000001e-03 -4.038970565939114816e-04
1.795983581169448848e-03 1.165940423037143802e-04
1.425328990215576647e-03 3.415590677613284092e-04
9.012745859957752102e-04 2.457140894356992563e-04
3.209034845087076096e-04 -1.375009496359661442e-04
-2.089479599399806037e-04 -7.228283505304020258e-04
-5.915540533153824856e-04 -1.389855770870622714e-03
-7.582413835935767092e-04 -2.006268217679883087e-03
-6.810213031538158227e-04 -2.453274683437817270e-03
-3.775316348799315734e-04 -2.648385171271903406e-03
9.263812824615282266e-05 -2.561217540599684990e-03
6.395329323411773001e-04 -2.219335574289770484e-03
1.160127232175112849e-03 -1.703009567197621239e-03
1.558046767895247386e-03 -1.129890676539311700e-03
1.761976592955328668e-03 -6.325025931378624577e-04
1.739265115883087453e-03 -3.328166337613332280e-04
1.502145121440399706e-03 -3.187310446892894274e-04
1.105392325621029886e-03 -6.269170315899416559e-04
6.358649301134277742e-04 -1.235290555790167144e-03
1.959065412708115147e-04 -2.066548081696654732e-03
-1.162417090312693529e-04 -3.002110959423332989e-03
-2.253062823795249150e-04 -3.903853351328168911e-03
-9.354558435035673081e-05 -4.639515513560218095e-03
2.717512856890197306e-04 -5.107006742091621532e-03
8.192593743048150320e-04 -5.253012464319596272e-03
1.462926908174872137e-03 -5.082398035686795656e-03
2.097845567076779723e-03 -4.656643701150785242e-03
2.619687252980249913e-03 -4.081621121974556878e-03
2.944037693221469854e-03 -3.487038784934759147e-03
3.021976882546634734e-03 -3.001459574697334584e-03
2.848966814111024773e-03 -2.727630355176736097e-03
2.465373612136931292e-03 -2.722802169640235748e-03
1.948534250163455085e-03 -2.987772292006774747e-03
1.397877851215773275e-03 -3.466725339102522032e-03
9.159252917932611537e-04 -4.057903287721841869e-03
5.887697902892188861e-04 -4.633081286265796489e-03
4.697379036147242976e-04 -5.062156393453857116e-03
5.693265974019714147e-04 -5.238186028666771792e-03
8.533221423481169091e-04 -5.098125754384055450e-03
1.249455846279221190e-03 -4.635328565289208863e-03
1.661333686586779481e-03 -3.901426285064895673e-03
1.986998099635333206e-03 -2.997222878040416757e-03
2.138601581623535749e-03 -2.054309026894758378e-03
2.059459754225676301e-03 -1.210863481298233213e-03
1.735246368290248743e-03 -5.862069869034761821e-04
1.197200762095220958e-03 -2.589107923438467834e-04
5.167298243688188191e-04 -2.525891240325035640e-04
-2.075846387432283364e-04 -5.320509633193352744e-04
-8.681244911100125319e-04 -1.010526233307378497e-03
-1.368096779000249142e-03 -1.566586206242719537e-03
-1.639368618402873602e-03 -2.067544255037276173e-03
-1.654909094446750531e-03 -2.394898139442332152e-03
-1.433492169494955150e-03 -2.466990716654945959e-03
-1.035778953340119306e-03 -2.254595001877924762e-03
-5.525288045452770181e-04 -1.786471642872287068e-03
-8.717779403745982980e-05 -1.143847925304636000e-03
2.639118478998548484e-04 -4.448673838589097679e-04
4.297882099435997895e-04 1.780397019851732857e-04
3.783583558447773353e-04 6.035722162691244900e-04
1.224025486237440615e-04 7.449383619879735609e-04
-2.829832153165619409e-04 5.667617323400558297e-04
-7.510289492002524079e-04 9.229942849674492751e-05
-1.179996957275085585e-03 -6.004083571948643731e-04
-1.472783109811005202e-03 -1.392742858667803292e-03
-1.555694022770305000e-03 -2.147390844185036868e-03
-1.392835858912693826e-03 -2.733779786104268035e-03
-9.933803514327894241e-04 -3.052262899855919843e-03
-4.103215235078167987e-04 -3.052488904240163985e-03
2.690527354492535110e-04 -2.742491408762794559e-03
9.391815215243114537e-04 -2.186788616385002340e-03
1.495722051954766771e-03 -1.493863126815618125e-03
1.854831447951750707e-03 -7.954004332989132774e-04
1.968598512452751463e-03 -2.212229541200102980e-04
1.833712982735116953e-03 1.253308282879899479e-04
1.491739182672049751e-03 1.869191510926254077e-04
1.020949508483912907e-03 -3.709179129695022031e-05
5.212699766706332428e-04 -4.907428225920675534e-04
9.519280776821062960e-05 -1.072395548446420082e-03
-1.717269224606810581e-04 -1.654370706049710510e-03
-2.270964088975952356e-04 -2.107583036851250896e-03
-6.156023551389527837e-05 -2.326496877598996024e-03
2.895423049268421858e-04 -2.249664522196986351e-03
7.530478584710508265e-04 -1.871944648339430705e-03
1.232061499407944259e-03 -1.246072599947218185e-03
1.624596058578145225e-03 -4.732699810816184635e-04
1.843221085049326228e-03 3.153437593359908336e-04
1.831992026901679404e-03 9.830331838194792966e-04
1.577444431772485282e-03 1.412838853374292049e-03
1.111561238065922720e-03 1.529284832307452238e-03
5.061408358414074557e-04 1.312303312170688728e-03
-1.403782400605389151e-04 8.007499341184788708e-04
-7.211516615283486550e-04 8.485246869660770914e-05
-1.140780098196453665e-03 -7.109711180025579409e-04
-1.333027158254913381e-03 -1.451667879887651256e-03
-1.273058158541676404e-03 -2.017016650459970990e-03
-9.818897459902057017e-04 -2.324185094548278808e-03
-5.222139333504456464e-04 -2.343109168125532930e-03
1.360809451057595613e-05 -2.101788486736612654e-03
5.211059264123247886e-04 -1.680502665005023004e-03
9.034871195680372388e-04 -1.196053448529506595e-03
1.089905022955448260e-03 -7.790278229922541599e-04
1.048749936734970269e-03 -5.484003072128700463e-04
7.934502660787324125e-04 -5.882977727497988238e-04
3.796901046394532083e-04 -9.313416799429138481e-04
-1.054236138026354785e-04 -1.551737858803886160e-03
-5.601856911017584397e-04 -2.369438544990069753e-03
-8.879147231973662062e-04 -3.264604720561188785e-03
-1.015647901921144704e-03 -4.099645915282060064e-03
-9.083588270139060939e-04 -4.744678912310303261e-03
-5.759959820644498796e-04 -5.101598135942362125e-03
-7.199886559394291482e-05 -5.122211719722214764e-03
5.164373267914262921e-04 -4.817018938917832539e-03
1.084514721299402766e-03 -4.252974531723270959e-03
1.529353920474679773e-03 -3.540668421219882178e-03
1.769195210093249320e-03 -2.813351176379639586e-03
1.758651428372635071e-03 -2.201777226378297432e-03
1.497130670531608048e-03 -1.809627453536290405e-03
1.028839026086018470e-03 -1.694160805147958398e-03
4.343663781488363491e-04 -1.855752195306588836e-03
-1.845496237671604800e-04 -2.238289170582850873e-03
-7.241963544363614214e-04 -2.740341680383109099e-03
-1.098367053095562935e-03 -3.234977604066627439e-03
-1.254464390436074587e-03 -3.594458091668039507e-03
-1.183182536619040289e-03 -3.715121583557492307e-03
-9.199408657531353648e-04 -3.537728809044887041e-03
-5.378055062904227041e-04 -3.059400082545235718e-03
-1.332477340357127128e-04 -2.334868185835560842e-03
1.925546851896702471e-04 -1.466793605852532078e-03
3.533226155327980067e-04 -5.869607143962466723e-04
2.944645693853168138e-04 1.680987162504902219e-04
3.860134033337441622e-06 6.824516729229022308e-04
-4.854144838510384297e-04 8.822914554992981103e-04
-1.100945057137063185e-03 7.495794501736284098e-04
-1.744322406819842327e-03 3.252249303583018341e-04
-2.309452296905483738e-03 -2.987947094340974181e-04
-2.702373035259329412e-03 -9.968792299400335878e-04
-2.858834993676582191e-03 -1.633513527395923006e-03
-2.756318722647858876e-03 -2.088752072475402125e-03
-2.418219948891030951e-03 -2.280659474560209690e-03
-1.909411386598640651e-03 -2.180465340874998721e-03
-1.324022428478606982e-03 -1.817573139037385833e-03
-7.677495883853356498e-04 -1.273485724833250910e-03
-3.380444150156984746e-04 -6.658104097039734080e-04
-1.059257987898354781e-04 -1.253861859714358509e-04
-1.028544438751539600e-04 2.291209775353412765e-04
-3.151473657428761942e-04 3.143288243853755055e-04
-6.869813914231519486e-04 9.856367632557960431e-05
-1.131407357460648610e-03 -3.915262295338197990e-04
-1.547279155517085683e-03 -1.075436310668794653e-03
-1.838881328939231431e-03 -1.833518818012268726e-03
-1.934527745154725371e-03 -2.529170688736307859e-03
-1.800598750868660910e-03 -3.034306213737207256e-03
-1.448348241062607069e-03 -3.253300793259034616e-03
-9.321816047088002030e-04 -3.140879443617497838e-03
-3.397211972198069686e-04 -2.710568025262686913e-03
2.244681177926940215e-04 -2.032109782580150247e-03
6.584193242913388309e-04 -1.218336851025276276e-03
8.818758698031776803e-04 -4.039807410835918097e-04
8.513624917335131052e-04 2.795701569293647208e-04
5.683639224003171576e-04 7.287928258180921028e-04
7.906442983618454986e-05 8.871969109258012959e-04
-5.343026875548577284e-04 7.555181943067728733e-04
-1.168859652681819572e-03 3.910202131896289347e-04
-1.720329623960810579e-03 -1.039503531105850486e-04
-2.102484107383870843e-03 -6.019731456435506098e-04
-2.263116715742199796e-03 -9.753246639788201288e-04
-2.193526675461522982e-03 -1.120804277450244621e-03
-1.929725541201329168e-03 -9.798996146552713463e-04
-1.545148691697806982e-03 -5.504580892254757295e-04
-1.136262392677173626e-03 1.123596369529138335e-04
-8.038028087291080410e-04 9.060378978539626723e-04
-6.332105455978530740e-04 1.699702067967025004e-03
-6.779764927112856727e-04 2.358565481393014827e-03
-9.490631057477866023e-04 2.769206211358667298e-03
-1.412414272300335349e-03 2.860893380561364309e-03
-1.995034483020655287e-03 2.618928339684752950e-03
-2.598494368539127405e-03 2.087475574071606318e-03
-3.117312241686685977e-03 1.361345839043666709e-03
-3.458736653191062885e-03 5.682835214303392753e-04
-3.560188245147961547e-03 -1.548939896412150283e-04
-3.401060885621678444e-03 -6.877950574127446402e-04
-3.006648548729035086e-03 -9.487724623168289871e-04
-2.443453734403634205e-03 -9.098475217127198781e-04
-1.806763429454164580e-03 -6.014267338898279889e-04
-1.202841074102109931e-03 -1.059318894175574795e-04
-7.291008626137097329e-04 4.584353987754717749e-04
-4.560112971854404090e-04 9.607053131293297145e-04
-4.141462124614449236e-04 1.282555017683191176e-03
-5.888257715853657641e-04 1.341299993987846682e-03
-9.233519860662588001e-04 1.106093701133942838e-03
-1.330215428135115294e-03 6.042547336002259545e-04
-1.708140234514965092e-03 -8.348865006257760388e-05
-1.961729074916639462e-03 -8.379466000890231810e-04
-2.019977767296809480e-03 -1.523786421639118215e-03
-1.850143793320528467e-03 -2.015002281702121811e-03
-1.464333445994462236e-03 -2.218717225500297513e-03
-9.175519927250057805e-04 -2.092812220590487167e-03
-2.975788141969769318e-04 -1.654043340384744269e-03
2.914213222977292362e-04 -9.751068208177931813e-04
7.484522479894766466e-04 -1.712020786308131423e-04
9.947062117914016229e-04 6.213708655504807847e-04
9.884497209567810055e-04 1.270536815449392100e-03
7.329567929418847813e-04 1.672909866346717657e-03
2.759858976775551951e-04 1.772777562851153392e-03
-2.991035054681874875e-04 1.572024241042292020e-03
-8.889174266815673842e-04 1.129129552972069159e-03
-1.389335420122736085e-03 5.474473045604137320e-04
-1.714911736349062623e-03 -4.500030631309534079e-05
-1.814704516258361898e-03 -5.203715762410342140e-04
-1.681545222098510591e-03 -7.757771938666809105e-04
-1.353003197564618286e-03 -7.532705165626020494e-04
-9.038730962450106836e-04 -4.512582433318458380e-04
-4.316181050830789436e-04 7.484038913004010217e-05
-3.753548780559225109e-05 7.228201291824276620e-04
1.927795227312839501e-04 1.362872900672003991e-03
2.059633096652949049e-04 1.862100378043640876e-03
-8.731027860922006140e-06 2.109717105926041912e-03
-4.171664633370052210e-04 2.038172049876094995e-03
-9.466077705408207366e-04 1.636186793072288807e-03
-1.499374419648044979e-03 9.512367405024329701e-04
-1.971278507748099994e-03 8.099836540195564077e-05
-2.271358088555925844e-03 -8.446272985399143904e-04
-2.339169457403449635e-03 -1.687522233895390579e-03
-2.156362572603026835e-03 -2.326857092656919347e-03
-1.750344673525740203e-03 -2.681279673859077867e-03
-1.189333695060359195e-03 -2.723600146780275500e-03
-5.697319849150718875e-04 -2.485208357654687585e-03
1.796274158607038575e-06 -2.049403050794018286e-03
4.281587365655245992e-04 -1.534912234047115494e-03
6.398334515813499214e-04 -1.072740747848247283e-03
6.076342363339511240e-04 -7.807438079762863293e-04
3.478361386217133596e-04 -7.407548083414601092e-04
-8.129893287987354899e-05 -9.826106595409104649e-04
-5.909280574120167684e-04 -1.478110233591869950e-03
-1.078794851524183954e-03 -2.146058712623946998e-03
-1.448898644432246394e-03 -2.867449341090776496e-03
-1.629932448030065257e-03 -3.507912195759862496e-03
-1.588991148177845746e-03 -3.943181088940355544e-03
-1.337948223752163110e-03 -4.082755689614754602e-03
-9.312889467303657118e-04 -3.887275138635610736e-03
-4.558072658096572389e-04 -3.376307690595405780e-03
-1.411577666536481621e-05 -2.625073320620649291e-03
2.949087332797025590e-04 -1.750709693540394418e-03
3.950398715881184341e-04 -8.906700740286779177e-04
2.473917172261862283e-04 -1.773301215803812451e-04
-1.419018027721393946e-04 2.864027563626633105e-04
-7.224783563153132230e-04 4.458744443921391562e-04
-1.408866968375366378e-03 3.043223847238464130e-04
-2.096217844313750037e-03 -7.844203674441379160e-05
-2.679673427157188564e-03 -5.980418144994304689e-04
-3.073723235665686178e-03 -1.125944458971092285e-03
-3.227888701771199249e-03 -1.534395044709878624e-03
-3.135779464464367138e-03 -1.721138059704225166e-03
-2.835817712152078219e-03 -1.629235442733615539e-03
-2.403504528713847760e-03 -1.258218524121606976e-03
-1.936703128444708984e-03 -6.644545485062836650e-04
-1.536735251974098715e-03 4.934708585524993885e-05
-1.288878667762979055e-03 7.535049576122300734e-04
-1.245965817270124976e-03 1.315944993590079451e-03
-1.418194976747237787e-03 1.627333082679595280e-03
-1.771087400320427597e-03 1.621997729356823223e-03
-2.231979848235167690e-03 1.290674382753561819e-03
-2.703824106416623414e-03 6.826495326935594181e-04
-3.083679929782426592e-03 -1.031120275979057702e-04
-3.282397582041522884e-03 -9.361888871568884406e-04
-3.241759360111522072e-03 -1.678836797210828558e-03
-2.945829119811469408e-03 -2.211479193334120116e-03
-2.424354070293499412e-03 -2.454742851768033050e-03
-1.747566653428593445e-03 -2.383881541430214052e-03
-1.013361547404141930e-03 -2.032871766046708602e-03
-3.292656699472648997e-04 -1.487419780090504587e-03
