-7.354781779819976511e-04 1.049201717289858192e-03
-9.007818691249388143e-04 1.022139845620294307e-03
-9.451619989867797184e-04 1.002642285634556358e-03
-8.460539603921933289e-04 9.670466602295263751e-04
-6.125598938403208115e-04 8.914366955090928177e-04
-2.840007838331834369e-04 7.562853059561288000e-04
7.736941284404018782e-05 5.503439728580588816e-04
3.981112400976867245e-04 2.730406747939974820e-04
6.075848305190221415e-04 -6.507077557334434246e-05
6.515221008741118799e-04 -4.438999271885004424e-04
5.026109546549128613e-04 -8.371530294961203756e-04
1.660795175521407588e-04 -1.216787410176599707e-03
-3.207872851420668628e-04 -1.557752889447842990e-03
-8.951198011383777438e-04 -1.842133044040754689e-03
-1.479713326030856948e-03 -2.061913699332861439e-03
-1.996941257535447302e-03 -2.219866624706410326e-03
-2.382714451146483638e-03 -2.328393676294619914e-03
-2.597861502497559542e-03 -2.406562920000999539e-03
-2.634793334886431811e-03 -2.475910435487208364e-03
-2.518208240556302820e-03 -2.555814765698241793e-03
-2.299721375754700155e-03 -2.659331175983349442e-03
-2.047452107661121290e-03 -2.790284847716497339e-03
-1.832555949690564505e-03 -2.942182542258984460e-03
-1.715264622087009491e-03 -3.099156525929649270e-03
-1.733088859918221515e-03 -3.238768147129151686e-03
-1.893426760177935493e-03 -3.336144604985554363e-03
-2.171983749860552718e-03 -3.368668181836453022e-03
-2.517307163210442868e-03 -3.320330707444973939e-03
-2.860577877149585602e-03 -3.184927481671880056e-03
-3.128803280571762317e-03 -2.967482708434440470e-03
-3.258909105405898357e-03 -2.683631492421388945e-03
-3.210054836867019638e-03 -2.357068623701490985e-03
-2.971831319681640833e-03 -2.015538843896149453e-03
-2.566776619498622319e-03 -1.686118080034899186e-03
-2.046720038908758730e-03 -1.390668243328386372e-03
-1.483631157679273730e-03 -1.142314430526711246e-03
-9.566899556749423276e-04 -9.435991382140469135e-04
-5.380087512562553142e-04 -7.866501936581852573e-04
-2.796915423001105142e-04 -6.553177273653244253e-04
-2.046631188193343649e-04 -5.288628829712383947e-04
-3.029869692546568842e-04 -3.864876312180259019e-04
-5.343525915206324799e-04 -2.118365483381430352e-04
-8.362459518236664341e-04 3.392280408378331273e-06
-1.136242423789639213e-03 2.574201852989076319e-04
-1.366082975855844716e-03 5.383363359969454802e-04
-1.474859010669489837e-03 8.260377219266721487e-04
-1.438802526203855105e-03 1.095797942792849783e-03
-1.265823670860922925e-03 1.322791828511499235e-03
-9.939350457654990735e-04 1.486720035194314228e-03
-6.838623904670987916e-04 1.575656941923362806e-03
-4.072448321427848744e-04 1.588390407034282002e-03
-2.326656740786238204e-04 1.534805783080381335e-03
-2.121680424965888137e-04 1.434235325326217638e-03
-3.708202603347297973e-04 1.312077962082647308e-03
-7.013204403673149474e-04 1.195320669257949556e-03
-1.164677380283086735e-03 1.107799653140849805e-03
-1.696855696642111553e-03 1.066088035932615582e-03
-2.220144809847742536e-03 1.076777598707859881e-03
-2.657117503991280206e-03 1.135657932478648970e-03
-2.944553561552347085e-03 1.228937098373911706e-03
-3.044710220911764527e-03 1.336261611970677521e-03
-2.951822751284582935e-03 1.434953379916153321e-03
-2.692620358299090653e-03 1.504651548110733962e-03
-2.320774208470440837e-03 1.531471566572704078e-03
-1.906341392471251010e-03 1.510886456909953362e-03
-1.522213992692383281e-03 1.448778701560599503e-03
-1.230147108395023003e-03 1.360459204363139319e-03
-1.069016822641813066e-03 1.267836427129521038e-03
-1.047534100804621733e-03 1.195270808328129921e-03
-1.142794019958917693e-03 1.164900219047149956e-03
-1.304931916928247799e-03 1.192324016834206152e-03
-1.466998853903514911e-03 1.283466919835759678e-03
-1.558177803321004768e-03 1.433221979402878174e-03
-1.517826862218024739e-03 1.626136376971812521e-03
-1.307676937889185390e-03 1.839018119832255870e-03
-9.198588433190953975e-04 2.044978960965439414e-03
-3.792228614879712602e-04 2.218157691539752660e-03
2.605066010022987931e-04 2.338239684734799012e-03
9.260320354368097636e-04 2.393927475789109621e-03
1.537497516746628642e-03 2.384715853880261128e-03
2.022771675146370698e-03 2.320645770907180192e-03
2.330312818028579085e-03 2.220093579311516099e-03
2.438197528748327694e-03 2.106023330009098010e-03
2.357619130763119117e-03 2.001419823619860622e-03
2.130207804275579576e-03 1.924773944083411556e-03
1.819691963527978991e-03 1.886480430177269949e-03
1.499489655867468525e-03 1.886833863497798741e-03
1.238586829102066370e-03 1.916004342531687707e-03
1.088380949943809932e-03 1.955997740306687164e-03
1.072982806269087838e-03 1.984227953096857379e-03
1.184811610525364229e-03 1.978021655595859664e-03
1.386313346480670238e-03 1.919197931151319769e-03
1.617470062910552828e-03 1.797849510843258338e-03
1.807668653810432782e-03 1.614602220841145639e-03
1.889669772370830992e-03 1.380916246240015835e-03
1.813017735215048231e-03 1.117362640434061685e-03
1.554336345063371668e-03 8.501911297261373086e-04
1.122543834501283982e-03 6.068282506701695288e-04
5.579812497052149840e-04 4.111470766909162034e-04
-7.439942592411157626e-05 2.793929758932513522e-04
-6.965163923372034126e-04 2.175258384077384598e-04
-1.231152903510633395e-03 2.204715083023402655e-04
-1.615833637625024941e-03 2.734144324416241034e-04
-1.813971567474920079e-03 3.548780755476311794e-04
-1.821189592395363417e-03 4.410024055257525896e-04
-1.665632941738004859e-03 5.102025558627599740e-04
-1.402224013933583329e-03 5.473222353157276669e-04
-1.101955896656291048e-03 5.464928973966717146e-04
-8.382576478339903584e-04 5.121566003669892437e-04
-6.730161611895234481e-04 4.580600666464753820e-04
-6.449016697457070520e-04 4.044134350808184378e-04
-7.622049303562303648e-04 3.737564531627750905e-04
-1.001537074817204342e-03 3.863212096715868587e-04
-1.312630363925669725e-03 4.557772868729976709e-04
-1.628320410412366576e-03 5.861740696920284769e-04
-1.877807115879669142e-03 7.706693398887425614e-04
-2.000668845166215810e-03 9.922959082780168430e-04
-1.958960200911965925e-03 1.226632764575580001e-03
-1.745085501528249221e-03 1.445886994412786015e-03
-1.383939246812787485e-03 1.623625731295701147e-03
-9.288901722697268364e-04 1.739274225741080848e-03
-4.523514393053293435e-04 1.781540038913980405e-03
-3.270528913505124820e-05 1.750126072138159664e-03
2.599581624783106658e-04 1.655418236808277712e-03
3.766023371584347130e-04 1.516215883050071010e-03
2.981023810641618465e-04 1.355942277033759386e-03
3.853371217707153920e-05 1.198058584206800233e-03
-3.577231839216668541e-04 1.061553838993147762e-03
-8.245074312490950673e-04 9.573670918932530817e-04
-1.286414336442107294e-03 8.864194596155807815e-04
-1.672969353322465748e-03 8.396270121570295229e-04
-1.931757648524830935e-03 7.998884615007857300e-04
-2.038027961214053212e-03 7.456659026169083640e-04
-1.998959681462354667e-03 6.554735840345126503e-04
-1.851795076106429148e-03 5.124163066804002806e-04
-1.656202482469233250e-03 3.079084096099259137e-04
-1.482330614432508581e-03 4.385841990884632724e-05
-1.396831612332930309e-03 -2.671058537586397516e-04
-1.449516287883896928e-03 -6.034265578934203773e-04
-1.663186092374545171e-03 -9.380930662123332289e-04
-2.028585177890530281e-03 -1.243161438111695149e-03
-2.505446348327092145e-03 -1.494472677148792495e-03
-3.029450294307580848e-03 -1.675688290946961015e-03
-3.523796868400117487e-03 -1.780890193084496125e-03
-3.913212503987153340e-03 -1.815262847415815683e-03
-4.137754872810984509e-03 -1.793737456655815051e-03
-4.163812237677860274e-03 -1.737862428564662014e-03
-3.990223858108596540e-03 -1.671498551624135687e-03
-3.648369149704295232e-03 -1.616158044696867436e-03
-3.196212669782432132e-03 -1.586872179081512662e-03
-2.707433707106346541e-03 -1.589370165599679474e-03
-2.257697166571915465e-03 -1.619101827472144584e-03
-1.910660932547431860e-03 -1.662285653269968393e-03
-1.706362085518136956e-03 -1.698778618506696994e-03
-1.654171377259897220e-03 -1.706217643245632430e-03
-1.731638070282786723e-03 -1.664640362506595488e-03
-1.889429884365464085e-03 -1.560700923614383260e-03
-2.061416974968096217e-03 -1.390672237608557744e-03
-2.177973487095051942e-03 -1.161655184151195747e-03
-2.179960014074342704e-03 -8.907543291976058103e-04
-2.030720826450889242e-03 -6.023645539541881656e-04
-1.723805560556710553e-03 -3.240707360534517828e-04
-1.284935010513948072e-03 -8.192553070081751913e-05
-7.678213689980162987e-04 1.040114048034797354e-04
-2.446181548992076588e-04 2.230381103574201980e-04
2.072064586676642143e-04 2.754508142822073634e-04
5.191000279100413438e-04 2.721572998282048832e-04
6.440758088936543446e-04 2.323426196717064639e-04
5.653949350706559841e-04 1.796338329007333067e-04
2.996420202339441065e-04 1.374929626928528617e-04
-1.063858141847680186e-04 1.247117565228104399e-04
-5.843879277052136615e-04 1.518607711970497692e-04
-1.057221461334065249e-03 2.193628357096757422e-04
-1.453123631611621036e-03 3.175516725966915678e-04
-1.718810748168851611e-03 4.286990026464458300e-04
-1.828984818195244708e-03 5.306193404048916351e-04
-1.790461030778886953e-03 6.011617827423785219e-04
-1.640149863114612368e-03 6.227292036872318290e-04
-1.437292737975130828e-03 5.859593778138715969e-04
-1.251439408658406834e-03 4.918607744634528921e-04
-1.148462271469816512e-03 3.519881374621747455e-04
-1.177274783816939594e-03 1.866141360550127007e-04
-1.359787667440221469e-03 2.123307029843724231e-05
-1.686022890195169009e-03 -1.179510549889242039e-04
-2.115327761362055612e-03 -2.087067158885599840e-04
-2.583474982846000866e-03 -2.367487328591020212e-04
-3.014318183474645838e-03 -1.982581790898214078e-04
-3.333807745547557981e-03 -1.004766563536792028e-04
-3.483722405260309112e-03 3.973362834720398058e-05
-3.432523316959981523e-03 1.990890130858356962e-04
-3.181279381532296606e-03 3.522364006531232745e-04
-2.763543057774933524e-03 4.764352497235017935e-04
-2.239198477262076183e-03 5.556858810785822618e-04
-1.683442169719994190e-03 5.835269079238300950e-04
-1.172975570855251237e-03 5.639780837050691617e-04
-7.720138200215024117e-04 5.104573409942343362e-04
-5.207477712322613290e-04 4.428855163274442999e-04
-4.284295708894082571e-04 3.835363599459778853e-04
-4.723749941610356270e-04 3.524277416693333623e-04
-6.030540985334821580e-04 3.631373357187235758e-04
-7.542880442159153112e-04 4.198459317488666088e-04
-8.566026115493243463e-04 5.161790376428214422e-04
-8.511911853278790767e-04 6.360766324251741462e-04
-7.018249640366681832e-04 7.565363366126422011e-04
-4.024376587257887149e-04 8.517197282611460715e-04
2.106780226068848474e-05 8.976523809970567971e-04
5.151473971365075778e-04 8.766345217125691381e-04
1.008272249916641579e-03 7.805325486208406112e-04
1.424095183415499590e-03 6.123319493681675515e-04
1.695642645651040687e-03 3.856596395668351494e-04
1.777850249840980026e-03 1.223664467492826147e-04
1.656070993936941587e-03 -1.513740236274943205e-04
1.348944913340227592e-03 -4.097147536126361498e-04
9.050837041490112289e-04 -6.316575576090078907e-04
3.941921990653683250e-04 -8.045985432601848947e-04
-1.057006678878531173e-04 -9.262335678410798688e-04
-5.224945063422470771e-04 -1.004472324112636213e-03
-8.030680277102988885e-04 -1.055387866924682510e-03
-9.226712407543652449e-04 -1.099601251485398442e-03
-8.888971655624215576e-04 -1.157797872996977132e-03
-7.394983677951496963e-04 -1.246236841835414487e-03
-5.344797342278677713e-04 -1.373116099844678278e-03
-3.439829112363311839e-04 -1.536493722183753441e-03
-2.342744541156580821e-04 -1.724170683726468801e-03
-2.545081551730235970e-04 -1.915568197969786486e-03
-4.267843821365007589e-04 -2.085254046169604091e-03
-7.414035433569582390e-04 -2.207458832714795371e-03
-1.158225511956901058e-03 -2.260734215155567328e-03
-1.613888590602797525e-03 -2.231876660222784255e-03
-2.033529745616299671e-03 -2.118377598960966175e-03
-2.344792969065492838e-03 -1.928938028640858181e-03
-2.491476669698602410e-03 -1.681950194522367163e-03
-2.444236558398091026e-03 -1.402231992920975568e-03
-2.206315230686741336e-03 -1.116628694365201339e-03
-1.813208586058778077e-03 -8.493092504773137180e-04
-1.326324644525570104e-03 -6.176405943112608238e-04
-8.218254095843474357e-04 -4.294123768830683204e-04
-3.767523193658025215e-04 -2.819275476417046214e-04
-5.504829063583487579e-05 -1.631197843149154040e-04
1.038925976640366023e-04 -5.447414150652530901e-05
9.199649624390144470e-05 6.481473065723898294e-05
-6.666233568033166869e-05 2.132470742393562124e-04
-3.211160350566071736e-04 4.028683035492463052e-04
-6.038273180494024926e-04 6.363634816325138520e-04
-8.441112489685293147e-04 9.059582682112319804e-04
-9.820969441080638733e-04 1.194345758906930222e-03
-9.805706738174491555e-04 1.477473985364685227e-03
-8.324446780626908486e-04 1.728675251933143014e-03
-5.624262821438262994e-04 1.923362928647470846e-03
-2.225623410874220747e-04 2.043412232177067595e-03
1.175037553911685920e-04 2.080399608642000651e-03
3.837214336091952695e-04 2.037089632508752145e-03
5.117722005369905154e-04 1.926888316092181157e-03
4.594796818387324438e-04 1.771364937356076537e-03
2.151359242824743209e-04 1.596308412791718834e-03
-1.998399813328891311e-04 1.427059998103111498e-03
-7.344242433449261467e-04 1.283999521820682011e-03
-1.317036886577810460e-03 1.179031847812001899e-03
-1.868417272604514737e-03 1.113729636281222306e-03
-2.315904470809486589e-03 1.079473850161765487e-03
-2.606435593475787439e-03 1.059554423970405536e-03
-2.715818811729265453e-03 1.032821855784368239e-03
-2.652543569854136796e-03 9.781865865726737091e-04
-2.455424875535692879e-03 8.791025592903483959e-04
-2.185545624466082252e-03 7.271746975880046416e-04
-1.914039750867667930e-03 5.241965700856676853e-04
-1.708045317087811786e-03 2.822226524364573408e-04
-1.617501587864829437e-03 2.165287080433422840e-05
-1.665302385779604891e-03 -2.323152165588793911e-04
-1.842680256886365447e-03 -4.542007199713440262e-04
-2.110703003175450152e-03 -6.228697779172082593e-04
-2.407604045331625860e-03 -7.254079583960027118e-04
-2.660560599459620579e-03 -7.595025357761906728e-04
-2.799688557309932407e-03 -7.338829455528153448e-04
-2.771600338619664358e-03 -6.667337368790653357e-04
-2.549951928155776582e-03 -5.823766435232086884e-04
-2.140972751532707261e-03 -5.068446265675543520e-04
-1.582919608199109904e-03 -4.631791674217321632e-04
-9.395442105599202502e-04 -4.673332735464080789e-04
-2.887955905177230472e-04 -5.254469436551718496e-04
2.911205251804580051e-04 -6.330011710558170867e-04
7.357038540553359875e-04 -7.760003350425862282e-04
1.005518256778458906e-03 -9.339485189928826156e-04
1.092815225670322292e-03 -1.084045682364080231e-03
1.022186811503374929e-03 -1.205799003607004906e-03
8.451425497254427995e-04 -1.285166745642677289e-03
6.296544021463681799e-04 -1.317441399888568147e-03
4.466650854722007758e-04 -1.308318666562576340e-03
3.561283005888944220e-04 -1.272943583773358334e-03
3.952358292796153208e-04 -1.233109519356383665e-03
5.710699210379335334e-04 -1.213136980308545136e-03
8.590787914928161564e-04 -1.235210743865332869e-03
1.207667628545641258e-03 -1.315058009519457297e-03
1.548036629716515507e-03 -1.458787347268932595e-03
1.807401155861860240e-03 -1.661490055302066154e-03
1.923085835531708216e-03 -1.907873421618647147e-03
1.854816268681204906e-03 -2.174812169048997382e-03
1.592870770318188280e-03 -2.435342577585850304e-03
1.160536256754427170e-03 -2.663351872162463777e-03
6.103889225551039363e-04 -2.838084855477682883e-03
1.508795537787002271e-05 -2.947625121554187447e-03
-5.455918680956406202e-04 -2.990702776350530768e-03
-9.990516867201255750e-04 -2.976497575271888109e-03
-1.292796985310437977e-03 -2.922485777177689231e-03
-1.403573955343892943e-03 -2.850749014565373291e-03
-1.341002399195270148e-03 -2.783454059982584747e-03
-1.145034967285199056e-03 -2.738368520209790748e-03
-8.777401573759960329e-04 -2.725269648058430486e-03
-6.109795710673549636e-04 -2.743933117911464062e-03
-4.123252852517280071e-04 -2.784088037848304886e-03
-3.318940962430602919e-04 -2.827350610523748486e-03
-3.925992354181630315e-04 -2.850772529223030097e-03
-5.856703622133866121e-04 -2.831332690154647613e-03
-8.722923265077739321e-04 -2.750520369159545602e-03
-1.191051837103765040e-03 -2.598138848820554479e-03
-1.469778733047747647e-03 -2.374604268454174900e-03
-1.639533814785851511e-03 -2.091297665285564693e-03
-1.648086242003362657e-03 -1.768895226538326655e-03
-1.470317816482193552e-03 -1.433983237271807890e-03
-1.113571233055078106e-03 -1.114587897705724209e-03
-6.169148811040389962e-04 -8.354548271698301496e-04
-4.444715239096244175e-05 -6.139599265714538621e-04
5.261093072287472989e-04 -4.574134626480261647e-04
1.017381819158386883e-03 -3.622554451740228826e-04
1.366262686596130677e-03 -3.152825353993570726e-04
1.535148307236300271e-03 -2.966625966943890486e-04
1.518391678448645582e-03 -2.841552944467782855e-04
1.342762787589951972e-03 -2.577297912508011522e-04
1.061844417203264930e-03 -2.036965897063886563e-04
7.454372802287044433e-04 -1.175639390710369681e-04
4.659911357913883515e-04 -5.072252348010714181e-06
2.846391944329105779e-04 1.187933529223092282e-04
2.394856196296585651e-04 2.326276363585012201e-04
3.383666109877802187e-04 3.127324367038875974e-04
5.574557647321350335e-04 3.377634059478952381e-04
8.459751089302048124e-04 2.930128863434391202e-04
1.136114497292699341e-03 1.735125726123427025e-04
1.356273363070343609e-03 -1.463867036318160925e-05
1.445107433564022737e-03 -2.549819706618371390e-04
1.363708484541169491e-03 -5.233167594690900631e-04
1.103596873001857093e-03 -7.917456119128620179e-04
6.889978815690817352e-04 -1.033391690800516006e-03
1.729540511636496088e-04 -1.226908003445300113e-03
-3.720079957351142531e-04 -1.359937292953452160e-03
-8.669070284557257172e-04 -1.430879986660734803e-03
-1.240583801882755039e-03 -1.448647633168142872e-03
-1.442538905531797269e-03 -1.430460101062361973e-03
-1.451917418889983732e-03 -1.398114389493331031e-03
-1.280954082697494199e-03 -1.373441250059239576e-03
-9.722397626662348125e-04 -1.373818363497420056e-03
-5.903377478560776527e-04 -1.408596694687106908e-03
-2.093458392381356329e-04 -1.477122185294081711e-03
1.012347936540300419e-04 -1.568731192298617643e-03
2.896451537337231758e-04 -1.664722580186627681e-03
3.315389364512796215e-04 -1.741933252483655273e-03
2.343493613277227491e-04 -1.777238419383379581e-03
3.553056422344322892e-05 -1.752120935806084990e-03
-2.049858175214081305e-04 -1.656439177362904313e-03
-4.166805144312160517e-04 -1.490673031004774354e-03
-5.324194246082058135e-04 -1.266214296504523506e-03
-5.018494873816662337e-04 -1.003636873023634312e-03
-3.016653793448902500e-04 -7.292636782355845166e-04
5.921400086935648625e-05 -4.706690772174633832e-04
5.405573693296169061e-04 -2.519567569515107608e-04
1.077666999005484801e-03 -8.969538923002292859e-05
1.592880995525281429e-03 9.729950017511369321e-06
2.009572077701987473e-03 5.086025854709593451e-05
2.266009481515957134e-03 4.786886013748573504e-05
2.326475226448114324e-03 2.148596164778551981e-05
2.187544138886771908e-03 -5.267677279770721036e-06
1.878350659962763677e-03 -1.172290842495573616e-05
1.454801657301239837e-03 1.630461893090026345e-05
9.888381630818645490e-04 8.367713198562559988e-05
5.547836952007709644e-04 1.849330978618743111e-04
2.153656541069091761e-04 3.053117569936822069e-04
1.005534995781221137e-05 4.236088735729066804e-04
-5.206963395950931113e-05 5.163202760502259890e-04
6.403926512676461937e-06 5.622842762173962039e-04
1.360524370242865283e-04 5.469380730699238777e-04
2.706153158937430045e-04 4.653749643800130821e-04
3.402597754354766630e-04 3.236150521204067022e-04
2.855832257493446259e-04 1.378394058641407502e-04
6.968487766608204206e-05 -6.827748475737502581e-05
-3.139973419891827367e-04 -2.676425275717490468e-04
-8.395872774516290916e-04 -4.344654029187250584e-04
-1.452825010714077015e-03 -5.487432757479616561e-04
-2.080526418962437736e-03 -5.996700917226285800e-04
-2.643674814813985752e-03 -5.873347408609699144e-04
-3.071682825345674675e-03 -5.223955408467209670e-04
-3.315139580615145305e-03 -4.238006089172979330e-04
-3.354643231457009843e-03 -3.149924222632108839e-04
-3.204057883294381820e-03 -2.193204323350495769e-04
-2.907587311045356244e-03 -1.555339820996073843e-04
-2.531225915475373688e-03 -1.342109385805094327e-04
-2.150209178072028191e-03 -1.557986292095394666e-04
-1.834840403391095392e-03 -2.106367468707351462e-04
-1.637375030129156923e-03 -2.809549969032931315e-04
-1.582440680071648797e-03 -3.444627820131816644e-04
-1.662798930808103391e-03 -3.788452836135294669e-04
-1.841240876500708883e-03 -3.663073021867752923e-04
-2.058244907957269137e-03 -2.972959670119093415e-04
-2.243932166707885041e-03 -1.726879004603693360e-04
-2.332039794605697807e-03 -4.016407706578726785e-06
-2.273248823461576987e-03 1.883151254992277790e-04
-2.045324925393229333e-03 3.785063641026666613e-04
-1.658133305914373263e-03 5.398730169015020751e-04
-1.152559585578576346e-03 6.495557691167739688e-04
-5.935228099374545343e-04 6.925434823037199651e-04
-5.838618981069825268e-05 6.642579162875088868e-04
3.770561658553704155e-04 5.712184548136584874e-04
6.523776538504573843e-04 4.296675287254076445e-04
7.335025355658831171e-04 2.624220833303758595e-04
6.188047770792804055e-04 9.455073347112625030e-05
3.391751957796682385e-04 -5.130307310455820740e-05
-4.795093596727759979e-05 -1.590662570973378018e-04
-4.694729801468304183e-04 -2.220664438457094648e-04
-8.503517005020391371e-04 -2.440148841131162120e-04
-1.127588351147028886e-03 -2.379608728562674128e-04
-1.261815691902928513e-03 -2.234222436946773694e-04
-1.244315263417218771e-03 -2.222433221571351494e-04
-1.098143587190650479e-03 -2.539739658243808152e-04
-8.731674263636791684e-04 -3.316551015806488219e-04
-6.359632243755514733e-04 -4.588200766867690512e-04
-4.565096105588494803e-04 -6.282915475543519087e-04
-3.942100236875418183e-04 -8.230139850937934730e-04
-4.859098879043357482e-04 -1.018776473363557219e-03
-7.381952505653300699e-04 -1.188322288584561315e-03
-1.125448837811622192e-03 -1.306078594986146302e-03
-1.594048656029989049e-03 -1.352621322778993886e-03
-2.071930120431467355e-03 -1.318039319403190978e-03
-2.481715669554608161e-03 -1.203568937914635626e-03
-2.754938520742590720e-03 -1.021196177206537027e-03
-2.844677915867957312e-03 -7.913066437246186156e-04
-2.734221574833490924e-03 -5.388314593947673764e-04
-2.440120677222927959e-03 -2.886201874836680876e-04
-2.009061662298459918e-03 -6.091635159435291333e-05
-1.509147040222004943e-03 1.322101453893981217e-04
-1.017233189141100985e-03 2.888023808772702651e-04
-6.047169473206779992e-04 4.169662551362046492e-04
-3.244539266572141157e-04 5.328478516161559882e-04
-2.012748121121892214e-04 6.570303100146651599e-04
-2.278825469512671528e-04 8.100427617864121299e-04
-3.668926755422302383e-04 1.007843086168035618e-03
-5.586145163757178216e-04 1.258142042316987659e-03
-7.330828097229573305e-04 1.558277599695971974e-03
-8.240440556119988519e-04 1.895055057946587289e-03
-7.822314342187594582e-04 2.246596321226983824e-03
-5.853970938614880054e-04 2.585860937429401620e-03
-2.431851509045921365e-04 2.885184326690845655e-03
2.040933986123299646e-04 3.120985086628417712e-03
6.925666593495158861e-04 3.277760060416824110e-03
1.146456267016558728e-03 3.350619324911256747e-03
1.492084525333648836e-03 3.345888173178887884e-03
1.671590662901145143e-03 3.279667508199678085e-03
1.653765105594908434e-03 3.174628869929302724e-03
1.439953607341150788e-03 3.055652751465744513e-03
1.063913760878437611e-03 2.945136013900878386e-03
5.856486644726018606e-04 2.858855013462721379e-03
8.038013289020812810e-05 2.803164043587805156e-03
-3.752585209811145359e-04 2.774054169226236079e-03
-7.172061181366425758e-04 2.758243710708276151e-03
-9.054984441322962846e-04 2.736085535175512059e-03
-9.311665042720086802e-04 2.685731068033134043e-03
-8.172179698372840145e-04 2.587751955854801673e-03
-6.135330544539242077e-04 2.429332894545320823e-03
-3.866591170236586389e-04 2.207229876681160614e-03
-2.064545940880614184e-04 1.928921740173684821e-03
-1.321294305473503031e-04 1.611725167704250276e-03
-2.003430174945981801e-04 1.280029351764165125e-03
-4.176301883426366233e-04 9.611632657560945526e-04
-7.586050106539674867e-04 6.806682950190119825e-04
-1.170296395675583584e-03 4.578626724193868422e-04
-1.581806454170404681e-03 3.025301922771828013e-04
-1.917472341970138331e-03 2.133542431706485383e-04
-2.111046392885383184e-03 1.783893052992970084e-04
-2.118213780423424536e-03 1.774779336932115546e-04
-1.925078874461765358e-03 1.861545850415190077e-04
-1.551011879151750891e-03 1.802978361705263454e-04
-1.045312355800884913e-03 1.406525405388814039e-04
-4.783142718077516278e-04 5.636975408414578214e-05
7.139282804881070914e-05 -7.310018755497940191e-05
5.312188233533453232e-04 -2.381128121504628883e-04
8.476190111725327107e-04 -4.209046780065901555e-04
9.954765760236366882e-04 -5.992363993487298188e-04
9.820621222774508774e-04 -7.509038311882949802e-04
8.448387268293648059e-04 -8.582529570180770853e-04
6.435469397300338547e-04 -9.118332179293306373e-04
4.480874138807734112e-04 -9.124872964160974168e-04
3.245142526461274653e-04 -8.714717870502282316e-04
3.218091285262375534e-04 -8.085766164864697072e-04
4.619571896318884615e-04 -7.485908093818159506e-04
7.352189956540711733e-04 -7.167763286326215731e-04
1.101506931853676397e-03 -7.342007497511571657e-04
1.497616438573648760e-03 -8.138076376795154703e-04
1.848951301493505445e-03 -9.579653248508391205e-04
2.083528622414476585e-03 -1.157956475793248032e-03
2.145614640307507218e-03 -1.395505039056443419e-03
2.006409634830058977e-03 -1.646053159815116622e-03
1.669756080632018962e-03 -1.883171019342019629e-03
1.171783803818583552e-03 -2.083269718230125987e-03
5.745512426641468827e-04 -2.229731451195103402e-03
-4.512379664732302795e-05 -2.315682847919981521e-03
-6.095419804928543447e-04 -2.344895312409537962e-03
-1.054096165369205985e-03 -2.330651644879171754e-03
-1.338711801611497474e-03 -2.292803892006130360e-03
-1.454605751122214213e-03 -2.253590232343916002e-03
-1.425102463252734489e-03 -2.233013838890304716e-03
-1.300371973094959898e-03 -2.244669529045679145e-03
-1.147104912778833773e-03 -2.292818902364355399e-03
-1.035097794905867272e-03 -2.371277683903921536e-03
-1.023305854231285495e-03 -2.464335012412951532e-03
-1.148020162660793068e-03 -2.549538585603015363e-03
-1.415421773632880020e-03 -2.601824975250418594e-03
-1.799934841418966616e-03 -2.598218217265011332e-03
-2.248700364170622655e-03 -2.522210505670032746e-03
-2.691330805378223338e-03 -2.366997205946607015e-03
-3.053103306346169506e-03 -2.136953453017878448e-03
-3.269095379683416291e-03 -1.847070659257300362e-03
-3.296585713552707686e-03 -1.520455708384641511e-03
-3.123368394513800599e-03 -1.184360712748633087e-03
-2.770399875116199770e-03 -8.654878742649083686e-04
-2.288268459478199832e-03 -5.854498541597789700e-04
-1.748143352769407181e-03 -3.572354130484694146e-04
-1.228903476767267749e-03 -1.833387434851979799e-04
-8.028678374923930040e-04 -5.589512473680898201e-05
-5.228126553641064024e-04 4.121490287937375907e-05
-4.127158807546174807e-04 1.287036660654443669e-04
-4.639634462045761796e-04 2.273625747428492292e-04
-6.377173905720443176e-04 3.535632681225753466e-04
-8.729796550235811295e-04 5.156371909422847663e-04
-1.098807721862999969e-03 7.118300009089368729e-04
-1.248353356925613854e-03 9.302279965162633295e-04
-1.272052098693681344e-03 1.150679092095348646e-03
-1.147453824505116626e-03 1.348351711324243885e-03
-8.838228640276566414e-04 1.498263143961717008e-03
-5.206288513077857432e-04 1.579923503598264223e-03
-1.202088032076145533e-04 1.581217602266407748e-03
2.440127659411615640e-04 1.500789393695610820e-03
5.015150671444096190e-04 1.348475234781508492e-03
5.982315005409016536e-04 1.143699797308706662e-03
5.070880189549640572e-04 9.121324625207664384e-04
2.335258122595386529e-04 6.812297741705559961e-04
-1.850479384589433468e-04 4.754989920211798084e-04
-6.857899141492708375e-04 3.123693541493833799e-04
-1.191709214641942889e-03 1.994415895247058160e-04
-1.625593147234648782e-03 1.336245157223588272e-04
-1.923950500824450497e-03 1.023097672094829951e-04
-2.048349886018701639e-03 8.634957099430225138e-05
-1.992024134506942268e-03 6.426112908161719429e-05
-1.780507825390716461e-03 1.684921899639842255e-05
-1.466204094934819586e-03 -6.863999121064685047e-05
-1.117925234109403386e-03 -1.956313118530751400e-04
-8.074017868925071175e-04 -3.571556349088955912e-04
-5.953270485367998920e-04 -5.368178622254773024e-04
-5.195897216014974023e-04 -7.116213167124067979e-04
-5.879308050251425390e-04 -8.561191015668569420e-04
-7.764205208031166663e-04 -9.471098336644382786e-04
-1.034046391559862062e-03 -9.679902403813452072e-04
-1.292543707143081018e-03 -9.119401823132496478e-04
-1.479604239594745334e-03 -7.833348512752677300e-04
-1.532956710165030330e-03 -5.971127446578418027e-04
-1.412644859714101133e-03 -3.762133739404751806e-04
-1.109167824209712945e-03 -1.475626078703432616e-04
-6.459287693217668136e-04 6.264279637349017080e-05
-7.551352617218772293e-05 2.334683489037950375e-04
5.295123453796250681e-04 3.527449501566300204e-04
1.089562919727339509e-03 4.188899277831542112e-04
1.532312059904386006e-03 4.407128005556996443e-04
1.805608980337469836e-03 4.352542651243227140e-04
1.886602107182337902e-03 4.240791293935099616e-04
1.785361513836161620e-03 4.287362188805184018e-04
1.542330887261099837e-03 4.662553302490773260e-04
1.220106922890079777e-03 5.455433817293383562e-04
8.911163360869659399e-04 6.653705307001051526e-04
6.235353361869734818e-04 8.143346610050275144e-04
4.681268168002302322e-04 9.728165606668354864e-04
4.484941724788656277e-04 1.116559555480516009e-03
5.566010061503874834e-04 1.221198053662117446e-03
7.544061108371286463e-04 1.266878003590798159e-03
9.813023766670090839e-04 1.242093075772965913e-03
1.165946530556197236e-03 1.146007133170482990e-03
1.240232531307287629e-03 9.888185112973599516e-04
1.152753004966232788e-03 7.900908810884988386e-04
8.791877048997102408e-04 5.753591388918087579e-04
4.276377588066392933e-04 3.716442475273951411e-04
-1.621203066099108272e-04 2.027166377223141129e-04
-8.253369129810737446e-04 8.499473985447382127e-05
-1.483697486668462875e-03 2.484456644941742277e-05
-2.059295121314154084e-03 1.778085272378642097e-05
-2.488541261507352595e-03 4.971034127097289008e-05
-2.733399221309898430e-03 9.997151570212931091e-05
-2.787831482329284315e-03 1.455855789448406859e-04
-2.678256761725335538e-03 1.659050010289405959e-04
-2.457945458535647394e-03 1.467717619037310997e-04
-2.196427857041955995e-03 8.339150764969207371e-05
-1.965931493603471220e-03 -1.862561893793452002e-05
-1.827424074260801303e-03 -1.442580471144645651e-04
-1.818910305552146923e-03 -2.719135765207429125e-04
-1.948201412867259577e-03 -3.775801746437089184e-04
-2.191526376407349798e-03 -4.394992724580138203e-04
-2.498244971377637340e-03 -4.424734170403692287e-04
-2.800764587968801109e-03 -3.809877354116146921e-04
-3.027774867461754775e-03 -2.605477441383794671e-04
-3.118283540737629925e-03 -9.697240810403287320e-05
-3.033782958449452241e-03 8.623264328591436130e-05
-2.766228845421803660e-03 2.619342490359865649e-04
-2.340304177877957238e-03 4.041051657362309266e-04
-1.809521963533028887e-03 4.923465117973582425e-04
-1.246886472782909611e-03 5.153539423155214811e-04
-7.318624199698326805e-04 4.726821134660293090e-04
-3.361007323072799039e-04 3.744837657206785946e-04
-1.106055006633515454e-04 2.392825672966014086e-04
-7.675479635583625903e-05 9.021025046808460544e-05
-2.228597229327109299e-04 -4.957175617717349356e-05
-5.068992168210648998e-04 -1.613928726067955801e-04
-8.649008819429073120e-04 -2.346751559780684048e-04
-1.223371488912964808e-03 -2.689309401994558488e-04
-1.513416588277885673e-03 -2.737763555174269558e-04
-1.683871605647937813e-03 -2.669581961766815358e-04
-1.710956775612849359e-03 -2.707695537209095873e-04
-1.602629291067219101e-03 -3.075364877386743364e-04
-1.396812867802649499e-03 -3.950356205176677000e-04
-1.153846850250573328e-03 -5.427172437200526722e-04
-9.445939509600914620e-04 -7.494574858013503503e-04
-8.364699698530924255e-04 -1.003274861725929508e-03
-8.800542698442061305e-04 -1.283075643052251913e-03
-1.098831483440341778e-03 -1.562109135841332434e-03
-1.484023362073797923e-03 -1.812490697301293464e-03
-1.995506831443792477e-03 -2.009948356598874677e-03
-2.568662460026399554e-03 -2.137906476292909808e-03
-3.125874756198150379e-03 -2.190145046651130120e-03
-3.590524564589254140e-03 -2.171542265973077594e-03
-3.900841180770022593e-03 -2.096770096845908000e-03
-4.021007162309384736e-03 -1.987198966886180411e-03
-3.947427414834008171e-03 -1.866605546530296193e-03
-3.708987816413941187e-03 -1.756502663364813664e-03
-3.361264452424346776e-03 -1.671980314930030832e-03
-2.975787458303905814e-03 -1.618848223678693828e-03
-2.626397168573770761e-03 -1.592622126284162299e-03
-2.375278033622300888e-03 -1.579545037769426383e-03
-2.261313956561834988e-03 -1.559447557703104231e-03
-2.292966379296827034e-03 -1.509901234141790500e-03
-2.447017427602316952e-03 -1.410872394147524161e-03
-2.673407415537625616e-03 -1.248987430736564919e-03
-2.905239799681408764e-03 -1.020592612203768002e-03
-3.072046229696426961e-03 -7.330184487502546149e-04
-3.113785348895192675e-03 -4.037975723808660757e-04
-2.992908700281975923e-03 -5.797181068596726761e-05
-2.702192086185627173e-03 2.760145419553411633e-04
-2.266831921917514953e-03 5.710707291944068075e-04
-1.740391821880556437e-03 8.059772073247524569e-04
-1.195349293027197840e-03 9.688220543892188657e-04
-7.100154728608198745e-04 1.058717162660794374e-03
-3.542886290127296185e-04 1.085479972911299138e-03
-1.769244001306071032e-04 1.067350502606562168e-03
-1.967203946856575835e-04 1.027184029155292977e-03
-3.992737643732088360e-04 9.878468736019788577e-04
-7.399175993313240277e-04 9.676919605589335161e-04
-1.152274720519005577e-03 9.769739780060321833e-04
-1.560806612019205583e-03 1.015884245277336954e-03
-1.894981629587620328e-03 1.074576879243528292e-03
-2.102382857975744132e-03 1.135178979124107888e-03
-2.158279511045798488e-03 1.175400102826559823e-03
-2.069857968287693115e-03 1.173051785126651668e-03
-1.874322076469510726e-03 1.110613946016532783e-03
-1.631235256326322124e-03 9.789747246016081757e-04
-1.410569014835159115e-03 7.796255499369656936e-04
-1.278736874439987369e-03 5.248847715429101656e-04
-1.285275267442942577e-03 2.360957596714701476e-04
-1.452711154285226715e-03 -5.987147852310145701e-05
-1.771553048466143788e-03 -3.351649760381416308e-04
-2.201371943208522280e-03 -5.656932453647958974e-04
-2.677785030010489120e-03 -7.351789827735964039e-04
-3.124036508936618283e-03 -8.377671587202937479e-04
-3.464998024820932152e-03 -8.787033073097512068e-04
-3.640951406018626182e-03 -8.729619974536740245e-04
-3.618555534517114460e-03 -8.420922029069660914e-04
-3.396929968001215130e-03 -8.098824010149683521e-04
-3.007709921831662556e-03 -7.976701136577872813e-04
-2.509065902362520636e-03 -8.201862726517135816e-04
-1.974821142936321067e-03 -8.827218338007832401e-04
-1.480725287747363924e-03 -9.801519986768220810e-04
-1.090478371637953678e-03 -1.097999993305310944e-03
-8.441437056691484392e-04 -1.215334558631214193e-03
-7.511334193556267955e-04 -1.308946600712606895e-03
-7.890823138469921011e-04 -1.358006892697460367e-03
-9.088087722030648279e-04 -1.348314461564777481e-03
-1.044407281704380110e-03 -1.275321826245089758e-03
-1.126544221299276153e-03 -1.145354118070105679e-03
-1.096421185785539498e-03 -9.747806263704619691e-04
-9.177432691372163637e-04 -7.872848315324571140e-04
-5.844074343276097969e-04 -6.097391510366139723e-04
-1.224368412942200709e-04 -4.674552317872960380e-04
4.142227236747096273e-04 -3.796995548408658495e-04
9.532648205661549542e-04 -3.563148299488114353e-04
1.417147091496752777e-03 -3.960794464101661844e-04
1.737306619225279219e-03 -4.871094999415403158e-04
1.866785035306396190e-03 -6.092226484580414705e-04
1.788881107538614276e-03 -7.378131654679758334e-04
1.520197986262431140e-03 -8.485030471173640645e-04
1.107510745388600587e-03 -9.216887182505713663e-04
6.190469835777111891e-04 -9.461242598994997182e-04
1.318281554815143404e-04 -9.208660799021194283e-04
-2.825376683379392673e-04 -8.552157122551660778e-04
-5.709303746092562505e-04 -7.666778992574544219e-04
-7.081953797435970328e-04 -6.773282029873277290e-04
-7.012430997987637027e-04 -6.092866652015469561e-04
-5.870093677603183905e-04 -5.801642172488891093e-04
-4.246797180334841966e-04 -5.993543845658680499e-04
-2.836676422330371302e-04 -6.658832073843557083e-04
-2.296415474275293519e-04 -7.682354161334639837e-04
-3.112648614858065264e-04 -8.862005755218577835e-04
-5.501785314371863750e-04 -9.944000137547242407e-04
-9.361406563535135507e-04 -1.066836388547272307e-03
-1.428260545994956268e-03 -1.081613127373221277e-03
-1.962109183848116493e-03 -1.024937602505038119e-03
-2.461373668964578817e-03 -8.936561240552150448e-04
-2.851860758263166130e-03 -6.958452797138246423e-04
-3.075207486235766001e-03 -4.493505047584683116e-04
-3.099709732790730844e-03 -1.785496920569771152e-04
-2.926222590682901054e-03 9.004607431238885506e-05
-2.588016695739269422e-03 3.325241968789202337e-04
-2.144616227296199020e-03 5.317429911209515647e-04
-1.670780976958574117e-03 6.801607203915745930e-04
-1.242711569744597714e-03 7.807929531843736497e-04
-9.240801194663389234e-04 8.461256814748945075e-04
-7.545193287793104621e-04 8.951998708371478953e-04
-7.427355536371029691e-04 9.494303271369739991e-04
-8.655342059795599575e-04 1.027962193428571657e-03
-1.072925178344246670e-03 1.143456480565702409e-03
-1.298323950941733008e-03 1.299115078390569418e-03
-1.471898821252707896e-03 1.487520999478498434e-03
-1.534519037786648190e-03 1.691525602698466368e-03
-1.449645299980665365e-03 1.887026363879809945e-03
-1.210894542607816437e-03 2.047119910343337193e-03
-8.438311953152051632e-04 2.146853472416557478e-03
-4.016318490127353908e-04 2.167683176876413365e-03
4.456784166166304875e-05 2.100801478387601031e-03
4.188261609123800642e-04 1.948708352119535303e-03
6.545653026216629363e-04 1.724731513678876959e-03
7.070802188096831677e-04 1.450587343082952816e-03
5.620200358377670964e-04 1.152443249988293478e-03
2.382354800289256244e-04 8.562240875312392488e-04
-2.155503032847421363e-04 5.830465666996517650e-04
-7.296233953997300920e-04 3.456397110940896602e-04
-1.226040341675471625e-03 1.464211565437718008e-04
-1.632863900835715941e-03 -2.241579476882361020e-05
-1.897191114936532409e-03 -1.768313663247689552e-04
-1.994521905853902273e-03 -3.372883394179796573e-04
-1.932710641293882824e-03 -5.242244698910341781e-04
-1.749769712043774614e-03 -7.535183266959659659e-04
-1.505958729657509059e-03 -1.032820078438192839e-03
-1.271674988292526790e-03 -1.359454937341421452e-03
-1.113455471002913495e-03 -1.720308853111317086e-03
-1.080757476660975779e-03 -2.093730078481728738e-03
-1.196036363516452764e-03 -2.453097603441261806e-03
-1.450013111347269942e-03 -2.771390644442405134e-03
-1.803039923506725723e-03 -3.025902392298464999e-03
-2.192315368564675543e-03 -3.202212267243736109e-03
-2.543590655965604838e-03 -3.296669534493779433e-03
-2.785155744156025091e-03 -3.316921113700978772e-03
-2.861459628893892482e-03 -3.280384817885405573e-03
-2.743785651671877372e-03 -3.210956379568695104e-03
-2.435957479342847846e-03 -3.134571208769687360e-03
-1.973989556924027940e-03 -3.074456943710061202e-03
-1.419739764921581528e-03 -3.046969802715748105e-03
-8.497551956552632565e-04 -3.058795769905918102e-03
-3.414099088411074985e-04 -3.106037970529464814e-03
4.105561134150890242e-05 -3.175353395703374697e-03
2.579664642676885193e-04 -3.246913250306320085e-03
3.009698024461882710e-04 -3.298615260863059419e-03
1.938546490093678181e-04 -3.310738805631817903e-03
-1.270183798752301990e-05 -3.270149706173811673e-03
-2.514488559802027703e-04 -3.173246892562409625e-03
-4.519668677838357181e-04 -3.027081787663805749e-03
-5.546084938343997508e-04 -2.848427971164638889e-03
-5.223208620570854921e-04 -2.660967806688742041e-03
-3.480977580983790056e-04 -2.491120519250568204e-03
-5.663944132154380071e-05 -2.363294894369948919e-03
3.001029328560482208e-04 -2.295460307110849373e-03
6.526608717224303535e-04 -2.295871207398793995e-03
9.272205894277695893e-04 -2.361563534341686466e-03
1.059740140579130139e-03 -2.478907777299446408e-03
1.008336399092119463e-03 -2.626115687003195698e-03
7.615913422629594495e-04 -2.777229336549710392e-03
3.411969627160636514e-04 -2.906842056007121877e-03
-2.015725168476655373e-04 -2.994663574558136150e-03
-7.949059914606876852e-04 -3.029072476136410088e-03
-1.359320480394481372e-03 -3.008991961860859980e-03
-1.821926226008812114e-03 -2.943743346235745337e-03
-2.129408406932342592e-03 -2.850915339154127398e-03
-2.257285803927432805e-03 -2.752663292636102661e-03
-2.213712131456517171e-03 -2.671149977256162544e-03
-2.037119103613313238e-03 -2.624001795360128390e-03
-1.788165957089635607e-03 -2.620650923991863900e-03
-1.537537384299369082e-03 -2.660265388682853897e-03
-1.351916677926256463e-03 -2.731667430903286266e-03
-1.280804776965108974e-03 -2.815262883426543523e-03
-1.346693762060398010e-03 -2.886622139873286710e-03
-1.540465919270768208e-03 -2.921039086741181352e-03
-1.822897513334373245e-03 -2.898207600679518579e-03
-2.131987759263507653e-03 -2.806131313047453314e-03
-2.394727604245658423e-03 -2.643525873393727001e-03
-2.541079305252371898e-03 -2.420256752509362518e-03
-2.517516240510442316e-03 -2.155725993268210999e-03
-2.297552831650450777e-03 -1.875508135763440977e-03
-1.887261720843651149e-03 -1.606865600757256081e-03
-1.324722088985519873e-03 -1.373984660499899969e-03
-6.734899957027721748e-04 -1.193824885487760820e-03
-1.131172453965804785e-05 -1.073357874700022743e-03
5.837996189653939932e-04 -1.008707355955266744e-03
1.047505818734885234e-03 -9.863423322981970665e-04
1.340482316335810022e-03 -9.860860972323961301e-04
1.455025861427568581e-03 -9.853602780503631278e-04
1.415698485279216941e-03 -9.638496704529999964e-04
1.273903827768554280e-03 -9.076946939355318806e-04
1.097439737004758838e-03 -8.124087575663171100e-04
9.570209123516818829e-04 -6.839605148700011843e-04
9.123373356999960569e-04 -5.378098996340640627e-04
1.000300051714857197e-03 -3.960758511861741890e-04
1.227709305946269626e-03 -2.833690523703751843e-04
1.569740060943400090e-03 -2.220774830329704690e-04
1.974535604660146090e-03 -2.279979211151023435e-04
2.373040515918071591e-03 -3.071427300009981756e-04
2.692209275537165228e-03 -4.543304050058354776e-04
2.869084784857976397e-03 -6.538322066262971513e-04
2.863073622840942283e-03 -8.819594072298763158e-04
2.664083820048703671e-03 -1.111109628001030834e-03
2.294972141489716802e-03 -1.314515728113494018e-03
1.807823475156718294e-03 -1.470808762010355304e-03
1.274751275342458651e-03 -1.567542572973580801e-03
7.749442666159632063e-04 -1.603024759192312300e-03
3.803945682195488233e-04 -1.586119660851072199e-03
1.429916406520570938e-04 -1.534072902487984775e-03
8.540782105859450347e-05 -1.468781216476967594e-03
1.974836944976894257e-04 -1.412224950025483530e-03
4.387810050886155225e-04 -1.381938241225615094e-03
7.468042478462189179e-04 -1.387383525533615819e-03
1.049320351713221335e-03 -1.427924405902280224e-03
1.278431860848232987e-03 -1.492786711954440784e-03
1.383729263294395176e-03 -1.563019434224694523e-03
1.342024996837628539e-03 -1.615086795541722077e-03
1.161821625124450849e-03 -1.625412080845861380e-03
8.816665688343712330e-04 -1.575011827099196283e-03
5.627061735185177535e-04 -1.453340051633089961e-03
2.768529908968893468e-04 -1.260609971969756842e-03
9.281338985456071000e-05 -1.008147203171666810e-03
6.263018634649502626e-05 -7.166995188336353463e-04
2.112996878729079099e-04 -4.130137311495790295e-04
5.314423987091181556e-04 -1.253171515625631249e-04
9.840514291169933508e-04 1.214524320781826153e-04
1.505193204600755981e-03 3.097773693600846851e-04
2.017408975008799440e-03 4.322819112652458422e-04
2.443676071015562883e-03 4.925425427615656195e-04
2.721303273712023969e-03 5.038460319853838108e-04
2.813146812000739093e-03 4.861424465968823680e-04
2.714040089370098156e-03 4.617813898933826374e-04
2.451235348901523951e-03 4.508490769598616260e-04
2.078787739757847336e-03 4.669982218344114529e-04
1.666957285272257800e-03 5.145680059940387855e-04
1.288645316604946842e-03 5.875456044916432374e-04
1.005440919442813575e-03 6.705704096785650506e-04
8.559240935245082194e-04 7.417935564681940380e-04
8.484422571052266816e-04 7.770522060801868507e-04
9.597269394878681905e-04 7.545671950678900508e-04
1.139608950431819905e-03 6.592716579564999492e-04
1.320932941332338822e-03 4.859462712113130230e-04
1.432785272144930944e-03 2.405610164617647613e-04
1.414519410240803934e-03 -6.043859578151670450e-05
1.227909999401528450e-03 -3.927750385769941308e-04
8.651192860825703077e-04 -7.284219429771102801e-04
3.509510587244951099e-04 -1.040365121835506220e-03
-2.610521920664493948e-04 -1.307151847312842822e-03
-8.979481245760144101e-04 -1.516379137124650601e-03
-1.480419644336622648e-03 -1.666472653168816565e-03
-1.937038360886089976e-03 -1.766431156035913955e-03
-2.217083427106454271e-03 -1.833596098731666343e-03
-2.299505248687641959e-03 -1.889879082037322156e-03
-2.196351998893794101e-03 -1.957170901480297358e-03
-1.950023422884613993e-03 -2.052809705685854861e-03
-1.624882967628183978e-03 -2.185973251745785152e-03
-1.294825014083382129e-03 -2.355683776551051236e-03
-1.029157192105679616e-03 -2.550807044638207614e-03
-8.794739817532742443e-04 -2.752047841024812813e-03
-8.700072387305642953e-04 -2.935564409253474741e-03
-9.932780810267267772e-04 -3.077516035494869389e-03
-1.211868007542489696e-03 -3.158679559337303211e-03
-1.465965843367469891e-03 -3.168255873084847938e-03
-1.685251054729694758e-03 -3.106139289924494517e-03
-1.802850719220783129e-03 -2.983212327235364083e-03
-1.768712884721724892e-03 -2.819601170635946483e-03
-1.559847943170301681e-03 -2.641212323800553197e-03
-1.185481401434603172e-03 -2.475195787604288992e-03
-6.861240412834202374e-04 -2.345183051035541495e-03
-1.267166890198712396e-04 -2.267190787623586234e-03
4.148712943159863289e-04 -2.246955355824994602e-03
8.618305496788364719e-04 -2.279192799340677613e-03
1.152256282912062207e-03 -2.348915204924508383e-03
1.250243824466639331e-03 -2.434545856496617752e-03
1.152148947501923683e-03 -2.512236133754476835e-03
8.868401258499650653e-04 -2.560560793777240472e-03
5.099050794509080425e-04 -2.564697984080083377e-03
9.291602068814825950e-05 -2.519299374747246707e-03
-2.902091683918872796e-04 -2.429505409236415794e-03
-5.771655759283043224e-04 -2.309913569101159237e-03
-7.288977581063863127e-04 -2.181696854898410639e-03
-7.367146285601187429e-04 -2.068421623164410240e-03
-6.235421362836775271e-04 -1.991361787288791537e-03
-4.390856858346421448e-04 -1.965203208526391902e-03
-2.498297848530671092e-04 -1.994959505539826723e-03
-1.257820590761568992e-04 -2.074692211757607919e-03
-1.264870174366982411e-04 -2.188287404200129228e-03
-2.889746847845577277e-04 -2.312152115177372458e-03
-6.199439569943916879e-04 -2.419330622057063330e-03
-1.093679395946396942e-03 -2.484271867176477029e-03
-1.656114821806880990e-03 -2.487355716443621998e-03
-2.234292956632628717e-03 -2.418330941276914271e-03
-2.749447943129222638e-03 -2.278023167503536329e-03
-3.131250430317522853e-03 -2.077997693135606033e-03
-3.330533245783963599e-03 -1.838248175378649546e-03
-3.328101496331796819e-03 -1.583354621666209321e-03
-3.137970186520523761e-03 -1.337842397567733186e-03
-2.804425180150151020e-03 -1.121623554646579510e-03
-2.393470253259701811e-03 -9.463844262899466855e-04
-1.980283189140010294e-03 -8.136024874770006812e-04
-1.635056666079440051e-03 -7.145652320984112503e-04
-1.409902631559153052e-03 -6.323830580714886237e-04
-1.329294670471887173e-03 -5.456089819510622895e-04
-1.385850299420436464e-03 -4.327722521114320958e-04
-1.542241562973403540e-03 -2.769585253168158176e-04
-1.738859728544109090e-03 -6.955928368066648451e-05
-1.905768445182540530e-03 1.875304726183262449e-04
-1.976666151237320597e-03 4.816941001606531679e-04
-1.902196881213689354e-03 7.914082073264782063e-04
-1.660071230679365309e-03 1.089759248701400443e-03
-1.260062888913701922e-03 1.349008187678741970e-03
-7.429165336097520202e-04 1.545350759976179666e-03
-1.733562381783359120e-04 1.662983143174400109e-03
3.714985351435068730e-04 1.696713365897876535e-03
8.161314789069192173e-04 1.652632891412795808e-03
1.100405844631427996e-03 1.546728638061640017e-03
1.190522121679176565e-03 1.401704045373147007e-03
1.085091826577076366e-03 1.242615179299411555e-03
8.151844285282179494e-04 1.092150445908949153e-03
4.383428619699321024e-04 9.664481295767456690e-04
2.770226810169833980e-05 8.722422808660177957e-04
-3.417290554774094847e-04 8.058741141145638704e-04
-6.070329845188611548e-04 7.543510504073166686e-04
-7.289520865199926097e-04 6.982461281910561004e-04
-6.988858059747827915e-04 6.158804784033727626e-04
-5.399991880327902841e-04 4.879872315648382157e-04
-3.022477413154906639e-04 3.019628765605903548e-04
-5.227560712973543938e-05 5.488923303038697478e-05
1.398838477601765007e-04 -2.452587461997678174e-04
2.147696103965575885e-04 -5.804610640825655322e-04
1.354555421339801065e-04 -9.254092391838386177e-04
-1.047689322537735104e-04 -1.251662361766603393e-03
-4.804716526476093515e-04 -1.532428170492083084e-03
-9.382856076693740950e-04 -1.747075524354921305e-03
-1.406470617806443099e-03 -1.884534445676564656e-03
-1.808032297105154713e-03 -1.944949273140139916e-03
-2.074926309668636594e-03 -1.939279780814069133e-03
-2.160668222236570863e-03 -1.886932062155682096e-03
-2.048968680215530139e-03 -1.811872308713928731e-03
-1.756763570084996732e-03 -1.737962057834808137e-03
-1.331067339776261394e-03 -1.684399039868059427e-03
-8.402443686332165904e-04 -1.662125910642683196e-03
-3.613473665938767097e-04 -1.671884086855001707e-03
3.408626974949597287e-05 -1.704276683194725630e-03
2.930998117321102466e-04 -1.741822511234875255e-03
3.907817940059396490e-04 -1.762604604149964945e-03
3.343512037268463037e-04 -1.744813478384611011e-03
1.611048850449629029e-04 -1.671314795862879204e-03
-6.936770897060588444e-05 -1.533365585941158082e-03
-2.872108527982026975e-04 -1.332763803469841054e-03
-4.262747857076976663e-04 -1.082012342897374375e-03
-4.373700334957137661e-04 -8.024545832076720141e-04
-2.982761828823768738e-04 -5.207229024475150923e-04
-1.859269420232062889e-05 -2.641615770668387115e-04
3.615029142496473786e-04 -5.608046867873700634e-05
7.783690618274140662e-04 8.827103529294598374e-05
1.156552105715670953e-03 1.642555013185502356e-04
1.422780752423372964e-03 1.784478127143965210e-04
1.519661328133356483e-03 1.471757586997517458e-04
1.416486346206881092e-03 9.328055162388873968e-05
1.115112590704257344e-03 4.171231889848106404e-05
6.497956174352768378e-04 1.479448323225775099e-05
8.100901836443719171e-05 2.805192322228715904e-05
-5.155870503739884772e-04 8.738938455777527179e-05
-1.062947773489520981e-03 1.881493620426349705e-04
-1.496613610144958365e-03 3.162213524143440654e-04
-1.776216263739814442e-03 4.509846913099774474e-04
-1.892357175899818042e-03 5.695189559666072841e-04
-1.867572827285370052e-03 6.512750953243679614e-04
-1.751221981915354869e-03 6.823126477308568208e-04
-1.609281657853291105e-03 6.582902509600635629e-04
-1.511002963860750333e-03 5.856326459302866813e-04
-1.514972408115032934e-03 4.806428442133542627e-04
-1.657236312089278331e-03 3.667176600165338507e-04
-1.943754357600081285e-03 2.701846392099978397e-04
-2.348627230919159061e-03 2.155404032759616830e-04
