2.344906085004188484e-03 7.926001827736287725e-04
2.341003845857731434e-03 5.773302793144912716e-04
2.264150613250200984e-03 1.824671741430124693e-04
2.152477518288473200e-03 -3.041908817128754269e-04
2.047275048342024270e-03 -7.755032688835526624e-04
1.984891399158104051e-03 -1.125483763216846098e-03
1.989638061280422747e-03 -1.269628423477633895e-03
2.069050567685803976e-03 -1.161219291980540450e-03
2.212404682748468718e-03 -8.005094751362633711e-04
2.392770135648763716e-03 -2.350421475772724819e-04
2.572212380255766914e-03 4.489659266627397689e-04
2.709155004447138821e-03 1.142554356747273051e-03
2.766504556868861712e-03 1.734256059292477604e-03
2.718993544786526932e-03 2.130819173575181514e-03
2.558343873678760663e-03 2.274499923672904361e-03
2.295264345588637119e-03 2.153661213592211916e-03
1.957894155981348451e-03 1.804678582903026293e-03
1.586976363464760384e-03 1.304800161145627064e-03
1.228663824107013381e-03 7.573189900463260515e-04
9.263079808392710428e-04 2.718704550831743888e-04
7.127733789980401869e-04 -5.641076510454136501e-05
6.047213996112336563e-04 -1.649253427353626709e-04
5.999342763683356526e-04 -3.541993268290971261e-05
6.781754955733635326e-04 3.026617793257645878e-04
8.054140180387360428e-04 7.779198716858005437e-04
9.406039904275864411e-04 1.290740113515194713e-03
1.043729084597959898e-03 1.732429951275974399e-03
1.083582654724183324e-03 2.006118878194998803e-03
1.043806559056408359e-03 2.045458307024260181e-03
9.260429409213030792e-04 1.827571759527410206e-03
7.496017018998754828e-04 1.377794089347207478e-03
5.477079361862035711e-04 7.652926053014258347e-04
3.610429200638730200e-04 9.038911117258518059e-05
2.298063726388186617e-04 -5.340267996019911183e-04
1.858092410012234224e-04 -1.003483882976992196e-03
2.461018791370587046e-04 -1.241350765706297201e-03
4.093529894857390384e-04 -1.213024409547677502e-03
6.556748658740759687e-04 -9.322070841807036413e-04
9.499387121243163274e-04 -4.580903728004379538e-04
1.247963491226337322e-03 1.160147832293156910e-04
1.504417895848842021e-03 6.804447297047187338e-04
1.680950598467602364e-03 1.129979491657907668e-03
1.753020381206374725e-03 1.383729887756168266e-03
1.714143329894723304e-03 1.400350123598290749e-03
1.576762524918658018e-03 1.185697314411672575e-03
1.369584144510446007e-03 7.914910672988963430e-04
1.131891738844098202e-03 3.052318077696770937e-04
9.059212056999410914e-04 -1.667070007563535724e-04
7.287446583241853409e-04 -5.196038944104584487e-04
6.252027252287613171e-04 -6.706368995964256258e-04
6.032246031243476345e-04 -5.750103742645619812e-04
6.524213448066410641e-04 -2.348976793966351664e-04
7.462163687281179840e-04 3.005039787885631451e-04
8.471057372476287380e-04 9.438275353702049297e-04
9.140465410030743261e-04 1.585633019064230367e-03
9.105673075289109041e-04 2.114709930182531034e-03
8.120563504284061471e-04 2.438750720148179750e-03
6.108385675517706039e-04 2.501490020646823971e-03
3.180691435807725224e-04 2.293072458070175706e-03
-3.792520841812379695e-05 1.851692802736210671e-03
-4.165544434058049894e-04 1.256203352041736698e-03
-7.722045240463990164e-04 6.110922466333986369e-04
-1.062447965676975234e-03 2.667936418620576230e-05
-1.255681263759472191e-03 -4.017196500841146121e-04
-1.336752670163325520e-03 -6.117168961480391265e-04
-1.309523345609658884e-03 -5.854720082304363735e-04
-1.195884398617745505e-03 -3.528120705156606216e-04
-1.031422033931036087e-03 1.473363571179137728e-05
-8.585562045219888739e-04 4.178478006259798462e-04
-7.184549374965516245e-04 7.486456709180117249e-04
-6.432566412308378867e-04 9.115538267078228092e-04
-6.500726549327645078e-04 8.418841636302432443e-04
-7.379034804951142227e-04 5.185759085358995768e-04
-8.880487432290824507e-04 -3.131760911790086501e-05
-1.067927800710137716e-03 -7.372577296822144504e-04
-1.237580668976177248e-03 -1.498098942496890219e-03
-1.357610153141562562e-03 -2.200788777432675057e-03
-1.397052109435013758e-03 -2.741357901468365922e-03
-1.339673508666473951e-03 -3.044234709244342772e-03
-1.187495013890177420e-03 -3.076234905225292901e-03
-9.608599040839688188e-04 -2.852583644263296473e-03
-6.950249712556861529e-04 -2.433835053238793660e-03
-4.339077230585534385e-04 -1.914276017976743486e-03
-2.221631214931852976e-04 -1.404011947752011350e-03
-9.708012468748406431e-05 -1.008126867531376845e-03
-8.182340572322890438e-05 -8.068624968512213939e-04
-1.812921080727739813e-04 -8.405664374713827432e-04
-3.813733239644204577e-04 -1.102255092892455131e-03
-6.517266894342341362e-04 -1.539193776512713403e-03
-9.515694790701049663e-04 -2.063187908739238987e-03
-1.237365123246351095e-03 -2.567628779720806768e-03
-1.470959384476958932e-03 -2.948057579713024567e-03
-1.626625394859467204e-03 -3.122344608420759941e-03
-1.695687058270475443e-03 -3.046653031834821099e-03
-1.687850485592128427e-03 -2.724154541774877029e-03
-1.628997999497548395e-03 -2.204836689063561367e-03
-1.555870468573083976e-03 -1.576428640846359863e-03
-1.508654174392795675e-03 -9.481542364567073933e-04
-1.522886233575326603e-03 -4.303799898550367438e-04
-1.622222418304395015e-03 -1.140038382155968665e-04
-1.813448427256559182e-03 -5.348062084469472864e-05
-2.084691061046159075e-03 -2.566929660962112645e-04
-2.407179750036566451e-03 -6.835815655168873874e-04
-2.740236231063844768e-03 -1.253791816717948673e-03
-3.038558265579090201e-03 -1.861888205951107642e-03
-3.260428026180813271e-03 -2.397256473159760457e-03
-3.375299591908015664e-03 -2.764927528429641547e-03
-3.369336265473925514e-03 -2.903384011019750389e-03
-3.247855164269869421e-03 -2.795983044867438906e-03
-3.034220544084412306e-03 -2.473838688875237574e-03
-2.765398048331643883e-03 -2.009625680712872047e-03
-2.485012574928998925e-03 -1.503485925916855058e-03
-2.235223370775335072e-03 -1.063715129969281230e-03
-2.048952164131133315e-03 -7.858957559866823223e-04
-1.943931585191579960e-03 -7.344368943771198768e-04
-1.919694821486853803e-03 -9.300259090629357274e-04
-1.958069021874451685e-03 -1.345377160682003108e-03
-2.027070185926371261e-03 -1.910091676088087904e-03
-2.087452071954406900e-03 -2.523715874459889208e-03
-2.100658225849970275e-03 -3.074534146347617045e-03
-2.036659913904358132e-03 -3.460543349524641821e-03
-1.880183968758290282e-03 -3.608642935425102408e-03
-1.634139314980556342e-03 -3.488410939888674650e-03
-1.319581534592272152e-03 -3.117859768889917615e-03
-9.722108070123746141e-04 -2.560082773521027595e-03
-6.360557048691751342e-04 -1.911425818278316867e-03
-3.555291972222676959e-04 -1.283421164054838809e-03
-1.673526780409082025e-04 -7.819005254931150374e-04
-9.387025401364065477e-05 -4.872368400362469924e-04
-1.390138421617082140e-04 -4.394492923798086915e-04
-2.876793532265874056e-04 -6.309842149685283451e-04
-5.086300641405470816e-04 -1.008530213723490615e-03
-7.603771549271886058e-04 -1.483514616846368919e-03
-9.989254017438887068e-04 -1.949284134257145027e-03
-1.185920556470475415e-03 -2.301706770274018765e-03
-1.295660518962613679e-03 -2.459284232783753160e-03
-1.319649079842526466e-03 -2.378956981302215046e-03
-1.267837721700554744e-03 -2.064600055903798720e-03
-1.166329312855526662e-03 -1.566592414409555831e-03
-1.051988500763098751e-03 -9.725335047999966514e-04
-9.649901296043156577e-04 -3.908580254599094668e-04
-9.407279815118228068e-04 6.955430534579887594e-05
-1.002627521260808898e-03 3.199174875710300656e-04
-1.157235117025144297e-03 3.083404116009171329e-04
-1.392524833483335320e-03 2.971050936225057802e-05
-1.679754038406834453e-03 -4.732119043170701948e-04
-1.978526224294241149e-03 -1.117697823978759534e-03
-2.244111052869205564e-03 -1.796459289724645133e-03
-2.435642917467789690e-03 -2.397652070760368168e-03
-2.523651502750534799e-03 -2.825690448750044995e-03
-2.495502718900349977e-03 -3.018940718296555387e-03
-2.357722389539791946e-03 -2.960952053277979886e-03
-2.134763615210449883e-03 -2.683107864292360017e-03
-1.864450415699356800e-03 -2.258205831039718052e-03
-1.590957926790986018e-03 -1.786192732746205974e-03
-1.356654271183498723e-03 -1.374765740618596847e-03
-1.194343250129317052e-03 -1.118523708131228742e-03
-1.121369715633093681e-03 -1.080626188825011295e-03
-1.136695547628773124e-03 -1.280442520064947612e-03
-1.221490623856636912e-03 -1.689538358589625418e-03
-1.343116765140853121e-03 -2.236767449677796917e-03
-1.461739573668433163e-03 -2.821511260456693610e-03
-1.538305142554108719e-03 -3.332565073466855869e-03
-1.542360104040745201e-03 -3.669098591576114461e-03
-1.458223362564088806e-03 -3.759724772591954700e-03
-1.288330473827739705e-03 -3.576067182850317400e-03
-1.053107778730150851e-03 -3.138256155208524276e-03
-7.873915348695980721e-04 -2.511310589732540684e-03
-5.340627479629358066e-04 -1.793086359822382118e-03
-3.360970302856473532e-04 -1.096067588400897932e-03
-2.285304643004532912e-04 -5.264415231522820166e-04
-2.318599767713430118e-04 -1.644109096817214771e-04
-3.481267868993029682e-04 -4.946248494212606914e-05
-5.604251649864752487e-04 -1.733710489692580825e-04
-8.359318594497794006e-04 -4.822533597463729148e-04
-1.131886560142257581e-03 -8.872722782119329141e-04
-1.403396536628218104e-03 -1.281953678013989526e-03
-1.611594597197106267e-03 -1.562826753668050510e-03
-1.730613866575612687e-03 -1.649469533724396038e-03
-1.752067985540814270e-03 -1.500154678429579079e-03
-1.686198546592526746e-03 -1.120124549484166187e-03
-1.559483267894176640e-03 -5.609211735957535814e-04
-1.409168938686311112e-03 8.910837693642232964e-05
-1.275775563768103641e-03 7.213384354215774535e-04
-1.195002115682334935e-03 1.227297377580693731e-03
-1.190577175304659632e-03 1.519139652756213311e-03
-1.269418146448351731e-03 1.546281395182889712e-03
-1.420024683643374315e-03 1.305048639579091570e-03
-1.614418423970813161e-03 8.395086441115879455e-04
-1.813268250279593315e-03 2.333227509227479195e-04
-1.973235569283285275e-03 -4.058421891593167992e-04
-2.055152020945440888e-03 -9.663991078350043281e-04
-2.031482625292213226e-03 -1.353627702322524615e-03
-1.891660865562360370e-03 -1.507236125130909229e-03
-1.644283378120157870e-03 -1.412381734557700570e-03
-1.315744848419952116e-03 -1.102074133662562768e-03
-9.455661579895848542e-04 -6.505155641949140425e-04
-5.792934872772451766e-04 -1.586495595304163761e-04
-2.603046975981139250e-04 2.653362697239598778e-04
-2.206507766470381000e-05 5.268526018008632284e-04
1.177114898952716458e-04 5.631412680766297637e-04
1.599013975050597378e-04 3.554389909046339752e-04
1.232841961087341042e-04 -6.723738839718457899e-05
4.047134737819975880e-05 -6.334059378742670429e-04
-4.876654550625399240e-05 -1.242532267759183066e-03
-1.054991187777777617e-04 -1.784002482036840809e-03
-9.943671128954522254e-05 -2.158064886054883013e-03
-1.504489741438463923e-05 -2.294774609144617852e-03
1.451935731526489892e-04 -2.167351916520098183e-03
3.609945944228525267e-04 -1.797421223308100745e-03
5.979313818547300242e-04 -1.251133745173750155e-03
8.138475160887619249e-04 -6.269015655911375304e-04
9.668125569246529324e-04 -3.705813201559536498e-05
1.023114552159065313e-03 4.130906880056250908e-04
9.637749872263479036e-04 6.448674219946815261e-04
7.883497308366288828e-04 6.207737848642729938e-04
5.152917176369803008e-04 3.512459335508242393e-04
1.788005287863138175e-04 -1.076553345172111980e-04
-1.772522373436405938e-04 -6.651728196811080435e-04
-5.071805066066515733e-04 -1.213321634056315108e-03
-7.716463747445732272e-04 -1.647582754612921278e-03
-9.445931355169681718e-04 -1.886896089268405054e-03
-1.017647416233646938e-03 -1.889161438565655025e-03
-1.001168735522288671e-03 -1.659307500233436761e-03
-9.217597038392008656e-04 -1.248397589302640805e-03
-8.167200751456174307e-04 -7.439393186374429218e-04
-7.265060639059662661e-04 -2.532324635492478595e-04
-6.866332970673909471e-04 1.170910514401094903e-04
-7.205661291219233981e-04 2.814585838787930262e-04
-8.349480837746208828e-04 1.918146866898519029e-04
-1.018083518481256548e-03 -1.529760079953797289e-04
-1.241963457889899182e-03 -7.065678596336126245e-04
-1.467455787875967697e-03 -1.383529100244809294e-03
-1.651679060612642590e-03 -2.075111593262182579e-03
-1.756163867597552216e-03 -2.669418900407674426e-03
-1.754254785574301803e-03 -3.072163820582114128e-03
-1.636347931612119498e-03 -3.224095225075409438e-03
-1.411967333621371714e-03 -3.111804667545094421e-03
-1.108280377747524782e-03 -2.769876490421790093e-03
-7.653255022511464565e-04 -2.273983709847471855e-03
-4.288466689751520549e-04 -1.726245616246630931e-03
-1.420813232957658743e-04 -1.235627331995980613e-03
6.195404138081557315e-05 -8.970992808738926638e-04
1.662313168536307638e-04 -7.735081078404056672e-04
1.724506976409083576e-04 -8.835958307348472721e-04
1.002457628105746885e-04 -1.198438400333937028e-03
-1.698462365167421992e-05 -1.646979128402611481e-03
-1.388178410944400907e-04 -2.129608793967723880e-03
-2.258363007383324956e-04 -2.537219055695841882e-03
-2.474146788781198436e-04 -2.772117900079899659e-03
-1.877838219469987052e-04 -2.766841794168343853e-03
-4.921734126540249291e-05 -2.497296066161776990e-03
1.482666606736845224e-04 -1.987727711093608806e-03
3.706347517266610106e-04 -1.306580253450442385e-03
5.762928956378502929e-04 -5.540059097487047470e-04
7.240436368289084610e-04 1.566106373332285711e-04
7.810364847390665211e-04 7.196290063955230586e-04
7.292019109761990574e-04 1.056669218400600654e-03
5.689449603333823074e-04 1.130982375851595067e-03
3.193919396082726221e-04 9.539650896193506554e-04
1.513504937804372057e-05 5.825938121294838446e-04
-2.999181335206742099e-04 1.082737350793235400e-04
-5.804360500034446736e-04 -3.607784620677174426e-04
-7.878120857657514194e-04 -7.202755667089937898e-04
-8.970392069943707285e-04 -8.897919242503993242e-04
-9.010197648588453949e-04 -8.281087208392198373e-04
-8.115052935588239679e-04 -5.410645648103076365e-04
-6.564986759500285231e-04 -8.042418129782180842e-05
-4.746200806768910907e-04 4.660196438986916609e-04
-3.075119303064386593e-04 9.912341663015963172e-04
-1.917282162282675550e-04 1.389441963741055433e-03
-1.516497021819489363e-04 1.576437133293450256e-03
-1.947707727465124291e-04 1.505868733641888826e-03
-3.102529933041438628e-04 1.178400242212354143e-03
-4.710202233980023538e-04 6.420017405756744695e-04
-6.389978354814809629e-04 -1.669022196804537551e-05
-7.725015659223305724e-04 -6.883193622791558466e-04
-8.343728479770473041e-04 -1.261054087168485055e-03
-7.993145703995944984e-04 -1.641306997513747312e-03
-6.590311695024392378e-04 -1.771016709148652167e-03
-4.241914366076653098e-04 -1.638229696187235192e-03
-1.228329559531669596e-04 -1.278987805609381164e-03
2.045000048431872496e-04 -7.701724497604027064e-04
5.119754391133859691e-04 -2.146677364247443561e-04
7.566937679791968518e-04 2.783420523281637197e-04
9.063641215355804255e-04 6.142052960290648057e-04
9.449944063429137429e-04 7.308183070832282528e-04
8.755284290980435390e-04 6.104102083021131124e-04
7.189406571033958365e-04 2.828658833736249914e-04
5.099689295009811416e-04 -1.800407049216588232e-04
2.903008054597291964e-04 -6.784078914850700213e-04
1.005099744253555452e-04 -1.103352200700426916e-03
-2.772572907803864690e-05 -1.357907672855454290e-03
-7.764814516266111983e-05 -1.375714325159882630e-03
-5.054250986391551053e-05 -1.133949033098922672e-03
3.462998064495607757e-05 -6.580414643558697794e-04
1.450190422238132335e-04 -1.727255604201726000e-05
2.403707332749880699e-04 6.879210025955244650e-04
2.809779786608625446e-04 1.344542537614489171e-03
2.355837991811474044e-04 1.848020393640887596e-03
8.773245326050771930e-05 2.121618448240119095e-03
-1.606435899142677980e-04 2.130605982354595064e-03
-4.890904891408741481e-04 1.888512269581164860e-03
-8.619900642522083500e-04 1.454288996436743642e-03
-1.234783002065547967e-03 9.209240452024079456e-04
-1.561891703637654800e-03 3.976675390048385779e-04
-1.804854338992231905e-03 -1.076084635026814708e-05
-1.939141325914248409e-03 -2.240441800159017737e-04
-1.958374292406994156e-03 -2.014568477196965537e-04
-1.875158510792105044e-03 5.050555888752757128e-05
-1.718379871874170213e-03 4.794972689056074778e-04
-1.527485535027565738e-03 9.974307624808747674e-04
-1.344836985675390995e-03 1.497403336734119336e-03
-1.207587543906847713e-03 1.874230318756227526e-03
-1.140624645762872450e-03 2.044689457747149355e-03
-1.151913790667651212e-03 1.963634826319659958e-03
-1.231124480741900389e-03 1.632919976634405763e-03
-1.351795268943066638e-03 1.101431196547975749e-03
-1.476623230124057655e-03 4.562147913443733642e-04
-1.564870010504437053e-03 -1.936313042370506354e-04
-1.580474433725713012e-03 -7.372609213740106146e-04
-1.499326615001836827e-03 -1.082742553424567711e-03
-1.314316243658717820e-03 -1.174177439393232075e-03
-1.037188297514462154e-03 -1.002038801243042418e-03
-6.968433336266726709e-04 -6.047806746031162816e-04
-3.343923401540307896e-04 -6.141662534710749409e-05
4.109445562731510243e-06 5.235228747661375710e-04
2.758856725316195520e-04 1.039804001727363120e-03
4.490732052927871388e-04 1.392321791819103524e-03
5.083326140607188426e-04 1.519007389950321769e-03
4.573819820245171824e-04 1.402422056527904276e-03
3.179824961440843320e-04 1.072846510391556839e-03
1.255746803869436587e-04 6.022858951761411511e-04
-7.760329428296690053e-05 9.053201701407351991e-05
-2.506087616466873801e-04 -3.540704551213369423e-04
-3.615651262564651336e-04 -6.355034187032341294e-04
-3.936386912208748911e-04 -6.886376812282555280e-04
-3.480920140476844436e-04 -4.919537609226688930e-04
-2.438393146381560047e-04 -7.200253847664840872e-05
-1.135933913576874085e-04 5.012487942041241604e-04
2.659630048551352025e-06 1.127313947304601528e-03
6.561409208863589653e-05 1.693895070807262997e-03
4.451188244036465751e-05 2.097866914291664827e-03
-7.657698710904133630e-05 2.264571926334366797e-03
-2.952603751007279193e-04 2.161779324304979964e-03
-5.907894639600927682e-04 1.805670253582553064e-03
-9.275017034199856255e-04 1.257719591814584559e-03
-1.261100752853539734e-03 6.130671653920103260e-04
-1.546595432897967691e-03 -1.741892594437776005e-05
-1.746404990518035010e-03 -5.279913421870217807e-04
-1.837105653004561783e-03 -8.378394506747005198e-04
-1.813549622898736301e-03 -9.061238656283420075e-04
-1.689583863170849177e-03 -7.393880523786739919e-04
-1.495238324490315122e-03 -3.899502024747423948e-04
-1.270920104943226671e-03 5.441233941897562567e-05
-1.059715196251366856e-03 4.875240458995731808e-04
-8.992559987424658544e-04 8.053774674338847004e-04
-8.146932200192209556e-04 9.263003518480790108e-04
-8.140999248999625931e-04 8.068944025861019909e-04
-8.871733444269158057e-04 4.507169740863301369e-04
-1.007474130082713654e-03 -9.194873896771070705e-05
-1.137771606835352028e-03 -7.332016754454575430e-04
-1.237474335166528772e-03 -1.363793977912066942e-03
-1.270729520838447413e-03 -1.873492886963462351e-03
-1.213647454605156460e-03 -2.171685517435544520e-03
-1.059272340618885085e-03 -2.204331346429422821e-03
-8.193473133916114905e-04 -1.964057433430661977e-03
-5.225284162731194584e-04 -1.491488342743651618e-03
-2.093749080501782541e-04 -8.675608951766789530e-04
7.494585975034912841e-05 -1.982792913399876065e-04
2.888672570693104976e-04 4.052040674903198024e-04
4.020001232434511568e-04 8.474132725594641334e-04
4.006501265621517714e-04 1.066340421192271421e-03
2.902369186389105234e-04 1.044841034544901140e-03
9.416131934051233496e-05 8.134828645757212658e-04
-1.506623716778503371e-04 4.443170081763256731e-04
-4.007621574389302020e-04 3.676005393696919667e-05
-6.142361155754294273e-04 -3.017294941700777262e-04
-7.585158998432606388e-04 -4.765110490348215509e-04
-8.163003576953328268e-04 -4.241973942419778945e-04
-7.885416759098149049e-04 -1.251641566717175743e-04
-6.939259402734096645e-04 3.922459935537826996e-04
-5.649549615145502699e-04 1.056630636895652779e-03
-4.413807520984582792e-04 1.766626660017254916e-03
-3.622460782940797029e-04 2.409729327655119394e-03
-3.580489774887893719e-04 2.883275435473771874e-03
-4.445259275466661325e-04 3.113623549226113632e-03
-6.192418706527792315e-04 3.069904270274610887e-03
-8.616435717396497005e-04 2.769740077856267142e-03
-1.136576533181858509e-03 2.275853254352600170e-03
-1.400609172525747520e-03 1.684204140654100255e-03
-1.609975514307170888e-03 1.105904141062606476e-03
-1.728640066326001586e-03 6.463251501569518710e-04
-1.734964084551625114e-03 3.853565093574625681e-04
-1.625715727152056683e-03 3.625419895878828538e-04
-1.416667837452582684e-03 5.699040605811433839e-04
-1.139671419716118067e-03 9.538060730743898232e-04
-8.367583373068347534e-04 1.425490792336595166e-03
-5.523874254144936664e-04 1.878290208811868311e-03
-3.252979676438769716e-04 2.208237932700148499e-03
-1.815071653804215110e-04 2.334171033811676017e-03
-1.297701169296898069e-04 2.213504949707707694e-03
-1.603532577395000045e-04 1.850684733030114482e-03
-2.473437521963772539e-04 1.296703233603503473e-03
-3.540469813498509956e-04 6.397691019274017333e-04
-4.404389698266052275e-04 -1.111570623585995867e-05
-4.712511632510149248e-04 -5.465654814536516273e-04
-4.231451433507586605e-04 -8.773476638369471104e-04
-2.896073417130265210e-04 -9.511618601307395915e-04
-8.262592556737086364e-05 -7.624858006075602027e-04
1.691780470285246280e-04 -3.536243108299916022e-04
4.256208680440863525e-04 1.932384364062633220e-04
6.422762281136959028e-04 7.714810704530154599e-04
7.786662064030110174e-04 1.270061592839824170e-03
8.057779510103084061e-04 1.594323524267345386e-03
7.114868382003439835e-04 1.683658456840945701e-03
5.028615315878241700e-04 1.522688106270191338e-03
2.049149116166515752e-04 1.143856891549377679e-03
-1.439640767857050790e-04 6.209531373074206849e-04
-4.990360148349544563e-04 5.479509206168049675e-05
-8.173688680790068550e-04 -4.461982530768131131e-04
-1.065590196293851773e-03 -7.868630414284772442e-04
-1.225774072207333650e-03 -9.036147637772769508e-04
-1.298357499244663172e-03 -7.767623473285099889e-04
-1.301544573564353963e-03 -4.344724349458457618e-04
-1.267322407444650915e-03 5.237382727535442976e-05
-1.234854851297701893e-03 5.834635210833668791e-04
-1.242516757860341907e-03 1.047963711079395949e-03
-1.320088882777048153e-03 1.345484453198423106e-03
-1.482602794436169592e-03 1.405125384595731688e-03
-1.727012204356995076e-03 1.198999565163909450e-03
-2.032331200878304510e-03 7.476724482581684379e-04
-2.363222460859652849e-03 1.164832457469305795e-04
-2.676364110563769164e-03 -5.965590421546816333e-04
-2.928396422734689912e-03 -1.279018646907998779e-03
-3.083948864601739580e-03 -1.824967595030791822e-03
-3.122231113410891407e-03 -2.154655728113223905e-03
-3.040941776579608041e-03 -2.229200419450988891e-03
-2.856754596914533404e-03 -2.057523926066582697e-03
-2.602288121558723934e-03 -1.694234678084236955e-03
-2.320128858665462378e-03 -1.228863792069546631e-03
-2.055034151844792236e-03 -7.685049652328720775e-04
-1.845784103504263373e-03 -4.171547196669404996e-04
-1.718216957621812417e-03 -2.556742570660336129e-04
-1.680757128068861893e-03 -3.261757505825929864e-04
-1.723272202714970112e-03 -6.237971823078816182e-04
-1.819464311416611269e-03 -1.097429669629733200e-03
-1.932331683747574207e-03 -1.659264766359502472e-03
-2.021654813130826893e-03 -2.201357734474682602e-03
-2.052078469916689910e-03 -2.616072788134031230e-03
-2.000248414822503214e-03 -2.816539676585713952e-03
-1.859641328103932029e-03 -2.753247210105042204e-03
-1.642164151876245298e-03 -2.423629195425326156e-03
-1.376211842007112052e-03 -1.872823582231465320e-03
-1.101544380380384616e-03 -1.185455525063152434e-03
-8.619475693320078138e-04 -4.699933770059469529e-04
-6.970632954475255386e-04 1.613681976681596766e-04
-6.349338450055144138e-04 6.134978284903531021e-04
-6.866713667570685346e-04 8.258629889420128229e-04
-8.442629486696815767e-04 7.835014371494364738e-04
-1.081929814876418866e-03 5.193617470655733336e-04
-1.360787888949939939e-03 1.075804970834352012e-04
-1.635933453934350834e-03 -3.510203154235869453e-04
-1.864619875953663422e-03 -7.484593574084406637e-04
-2.013985979133077822e-03 -9.904387019233303925e-04
-2.066882521081693774e-03 -1.014547943388703286e-03
-2.024704041222534067e-03 -8.023750941798579511e-04
-1.906700804608689459e-03 -3.832246703896489471e-04
-1.745912190869627250e-03 1.712660443656813724e-04
-1.582502461896020084e-03 7.605966142306108116e-04
-1.455771294669305684e-03 1.274410333820646599e-03
-1.396361756599106543e-03 1.613439638161380876e-03
-1.420150166844110808e-03 1.708422599687459218e-03
-1.524982794803745635e-03 1.533405657077421174e-03
-1.690884111038230180e-03 1.110909182348284027e-03
-1.883702630041520594e-03 5.079718668782773512e-04
-2.061507996049522558e-03 -1.761842692714590721e-04
-2.182530407591018028e-03 -8.285409318662830371e-04
-2.213139732381832515e-03 -1.343250351079381105e-03
-2.134352401521023845e-03 -1.641221769013943236e-03
-1.945631201282294834e-03 -1.684629416080775073e-03
-1.665253998251180071e-03 -1.483605620750489242e-03
-1.327175538214760619e-03 -1.093862406788822595e-03
-9.749690667618863930e-04 -6.057023380201083862e-04
-6.539861994854783301e-04 -1.265093002942319902e-04
-4.032097987412980593e-04 2.399562480586036510e-04
-2.483319450521319469e-04 4.135288870827920175e-04
-1.973565974668974477e-04 3.530879784623146191e-04
-2.395482553234846491e-04 6.455431211887976539e-05
-3.479144251002827233e-04 -4.000849141529349770e-04
-4.847409024583409099e-04 -9.525410577322800023e-04
-6.091214196762167500e-04 -1.484931268142877358e-03
-6.850464064130401846e-04 -1.890264212785746495e-03
-6.885107951850178007e-04 -2.082823454655884695e-03
-6.122877939478985152e-04 -2.014585466529431566e-03
-4.674589061527661808e-04 -1.684558627863976584e-03
-2.814062140313981775e-04 -1.139268607861440141e-03
-9.264442606772410051e-05 -4.642907827905795506e-04
5.652975139238867151e-05 2.315754094551229964e-04
1.281783697964241730e-04 8.365027998944805487e-04
9.610925482428530047e-05 1.256389089029720562e-03
-4.889354917289096729e-05 1.432246296709270301e-03
-2.969920209975587724e-04 1.350944544663759380e-03
-6.207697685739995471e-04 1.047285868039111740e-03
-9.799902202594968671e-04 5.970250319395050201e-04
-1.328746239111192225e-03 1.021679051557587898e-04
-1.623658115895156365e-03 -3.286606368882996274e-04
-1.831579049325306706e-03 -6.010547438842260906e-04
-1.935360852321483041e-03 -6.529198669358823089e-04
-1.936599993903424192e-03 -4.663888262294915970e-04
-1.854855637527197138e-03 -7.130211681707541126e-05
-1.723498855623472421e-03 4.604082803937580037e-04
-1.582989312025707713e-03 1.028368345699500483e-03
-1.472861800354112417e-03 1.522858841037927650e-03
-1.423948099811215900e-03 1.845740645951267963e-03
-1.452313671772226603e-03 1.929242086038335160e-03
-1.556062505343376503e-03 1.749045240926210693e-03
-1.715618727624017813e-03 1.329186530277989700e-03
-1.897433587417992739e-03 7.378358340794224446e-04
-2.060416094243185982e-03 7.474472938798866137e-05
-2.163868113009793145e-03 -5.472687441294219867e-04
-2.175418098900155136e-03 -1.023302597724494271e-03
-2.077446221778397450e-03 -1.275857479655060278e-03
-1.870777694143803752e-03 -1.269147293797179494e-03
-1.574936937033717416e-03 -1.015533539067169262e-03
-1.224905159918589963e-03 -5.728738493444096927e-04
-8.649849575520869496e-04 -3.329480959031629181e-05
-5.409225015214859031e-04 4.944780543779076854e-04
-2.917672832964406278e-04 9.058814221735178064e-04
-1.429988019087525381e-04 1.120430758786102911e-03
-1.022097333902477522e-04 1.097017948206248155e-03
-1.581513858534381602e-04 8.416916787083081851e-04
-2.833112142867369671e-04 4.064471901752322175e-04
-4.395242511399575190e-04 -1.207441030332801174e-04
-5.855469434377818302e-04 -6.327743751907814480e-04
-6.851516093078720065e-04 -1.023915648393296978e-03
-7.142026150398815901e-04 -1.210122172333834593e-03
-6.653697802564374417e-04 -1.145267828605226043e-03
-5.495835939402211965e-04 -8.302361021807600936e-04
-3.939554961043139659e-04 -3.131326502515833555e-04
-2.365575663101000836e-04 3.194292318787712642e-04
-1.190523580269361938e-04 9.583300367283747578e-04
-7.857236887713262138e-05 1.492212571642940805e-03
-1.403923131955824586e-04 1.828189766660737311e-03
-3.127887263599290059e-04 1.909080464194326488e-03
-5.850685890419345895e-04 1.723918776000036429e-03
-9.291497505139624915e-04 1.309755472896105208e-03
-1.304404324352878650e-03 7.444177486162007525e-04
-1.664859067030995425e-03 1.316045714953071959e-04
-1.967400866174289203e-03 -4.188552177185025016e-04
-2.179445272765151952e-03 -8.118404013079166728e-04
-2.284627516790950323e-03 -9.849228790409024058e-04
-2.285449432728734517e-03 -9.200951603848374696e-04
-2.202391389414904126e-03 -6.470203867236379172e-04
-2.069666688751361453e-03 -2.371921849048838865e-04
-1.928430444603375241e-03 2.098856175896584913e-04
-1.818735562499648999e-03 5.858769283403543904e-04
-1.771764148936255147e-03 7.945107187224277178e-04
-1.803808895873515407e-03 7.702327702024235750e-04
-1.913145936048580870e-03 4.910710897964390984e-04
-2.080391450537504017e-03 -1.673088343251026219e-05
-2.272272962232293938e-03 -6.832009370551126674e-04
-2.448098027265456500e-03 -1.407405724714079140e-03
-2.567690712356514131e-03 -2.076092553173902386e-03
-2.599286857587740970e-03 -2.584686014801149123e-03
-2.525885602782093186e-03 -2.856673823232064660e-03
-2.348845803680147618e-03 -2.857720523914031308e-03
-2.088036680477218989e-03 -2.601845115244644322e-03
-1.778503754996677661e-03 -2.148500203200939384e-03
-1.464270467150034522e-03 -1.591111824626023153e-03
-1.190437993398218638e-03 -1.039254573344073696e-03
-9.950680816392682565e-04 -5.978402874706708389e-04
-9.023751459368390760e-04 -3.472624366534331208e-04
-9.185065777883839010e-04 -3.282557536229359276e-04
-1.030701033679585999e-03 -5.343361987235127446e-04
-1.209975955458665814e-03 -9.132494298285119593e-04
-1.416828639623187499e-03 -1.377148685259544768e-03
-1.608866041266247392e-03 -1.819568674871977886e-03
-1.748914899248944256e-03 -2.135973988820349164e-03
-1.812074501452352621e-03 -2.243982604031547270e-03
-1.790376329226565921e-03 -2.099425688800749326e-03
-1.694169653789897147e-03 -1.705192619559242357e-03
-1.549973748168898859e-03 -1.111175791074388557e-03
-1.395208000595207472e-03 -4.053148400744558972e-04
-1.270803860138457458e-03 3.025747455362370821e-04
-1.213104964720023923e-03 9.011371110300144894e-04
-1.246597762008007588e-03 1.298135098517749688e-03
-1.378858656128228739e-03 1.437530335477716801e-03
-1.598684762107699170e-03 1.309758469889006020e-03
-1.877773039241458289e-03 9.532609700232159847e-04
-2.175640946242683119e-03 4.469891179158331975e-04
-2.446867984574367487e-03 -1.046962278582368243e-04
-2.649297783950643661e-03 -5.918672026284023824e-04
-2.751657987097258333e-03 -9.198555599071486615e-04
-2.739164643353636519e-03 -1.027120331005968151e-03
-2.616058407118402457e-03 -8.967753568529477368e-04
-2.404599518313009585e-03 -5.595975584858042633e-04
-2.140717593721314180e-03 -8.795137644221383885e-05
-1.867144041936212367e-03 4.182138454726291518e-04
-1.625329851632266454e-03 8.506345972735038360e-04
-1.447679712057934210e-03 1.113614612102784658e-03
-1.351571741804543118e-03 1.142553721567271139e-03
-1.336292253514837370e-03 9.166058100671557393e-04
-1.383461363788358921e-03 4.630588392868792771e-04
-1.460862736369139547e-03 -1.474027419898681296e-04
-1.528944800766284624e-03 -8.136662900833660722e-04
-1.548753746594171404e-03 -1.422944136416599142e-03
-1.489786476642553223e-03 -1.871769783615535431e-03
-1.336266044995394362e-03 -2.085269689514869084e-03
-1.090640207048328494e-03 -2.031068666872323444e-03
-7.736291364247593633e-04 -1.725201845663275942e-03
-4.208016485468657865e-04 -1.228918368965147782e-03
-7.631673236557182539e-05 -6.369852089172374195e-04
2.149956442733767250e-04 -5.970743243596051027e-05
4.157253317675145923e-04 3.979305140857446839e-04
5.026218087914586900e-04 6.560543491591010364e-04
4.707150055421878247e-04 6.748761354551231729e-04
3.340436145051686604e-04 4.620257376010797378e-04
1.228581312887516209e-04 7.085504096007841281e-05
-1.221683568594533103e-04 -4.099571106929363355e-04
-3.576238524654886623e-04 -8.735230911062200803e-04
-5.454809472208960001e-04 -1.215337783063383595e-03
-6.601240308296029737e-04 -1.353434759873251708e-03
-6.929534303313736755e-04 -1.244281160764782205e-03
-6.537001407507548071e-04 -8.913918265783677677e-04
-5.682091479285848214e-04 -3.450219930193842662e-04
-4.731193490158239808e-04 3.070125368565523307e-04
-4.084568633666479432e-04 9.556582442087356620e-04
-4.095545859889670017e-04 1.491006971469363302e-03
-4.998391434154407335e-04 1.822886648633067737e-03
-6.858626452150065047e-04 1.897766605432063807e-03
-9.555317782339650332e-04 1.708780901391788272e-03
-1.279881312516026803e-03 1.296974747163524627e-03
-1.618067638820468472e-03 7.435394684590153781e-04
-1.924647689808906426e-03 1.545062390646275785e-04
-2.157775069545083465e-03 -3.592047776282491318e-04
-2.286770516642647535e-03 -7.026052537954297940e-04
-2.297641038099856609e-03 -8.143915332573889053e-04
-2.195508997428994528e-03 -6.782737502493702952e-04
-2.003495889714401648e-03 -3.257430153899036271e-04
-1.758275062083870062e-03 1.702393171917535833e-04
-1.503136523299646640e-03 7.094265408883828911e-04
-1.279876207959465290e-03 1.183650278573656397e-03
-1.121042824142008155e-03 1.497686573004595838e-03
-1.044005964885932848e-03 1.587663345013826761e-03
-1.047962699792423166e-03 1.433513787146077243e-03
-1.114442029001354046e-03 1.063107980292872469e-03
-1.211203037644206868e-03 5.472713199937995774e-04
-1.298778996289521150e-03 -1.337526638668255557e-05
-1.338417881110992710e-03 -5.072687591382774768e-04
-1.299904843580068810e-03 -8.328872885885373273e-04
-1.167774206675923666e-03 -9.178946989185115439e-04
-9.447234285937969149e-04 -7.328246501607004262e-04
-6.515714344783182180e-04 -2.967148855659027321e-04
-3.237584310931691908e-04 3.263750410913752618e-04
-5.039824643343117101e-06 1.039304645727938360e-03
2.604409609510187568e-04 1.729993989157882755e-03
4.362078963314259443e-04 2.292335153397519892e-03
5.001175090800090602e-04 2.645920033920374712e-03
4.483770451461083890e-04 2.750856173895020219e-03
2.961584267670657844e-04 2.614873569743659566e-03
7.469362372618774818e-05 2.291386027495613716e-03
-1.745985246543568629e-04 1.868884153157580495e-03
-4.078437293994495493e-04 1.453678945600032218e-03
-5.868415129807623073e-04 1.149274315738721018e-03
-6.860582264744162842e-04 1.036285205920292607e-03
-6.971663658740410649e-04 1.156714449515822227e-03
-6.302786177327579162e-04 1.505575699965066693e-03
-5.116519711913203013e-04 2.031458050115065618e-03
-3.783064418200443829e-04 2.645933895516517764e-03
-2.705877421530285699e-04 3.240035965667242834e-03
-2.240928751299269212e-04 3.704689566060553191e-03
-2.624983480869324398e-04 3.951235685097042455e-03
-3.926596596553809469e-04 3.928161853282461508e-03
-6.029202998748052792e-04 3.630874096951995991e-03
-8.649602293569222475e-04 3.102659383942203350e-03
-1.138842837392436361e-03 2.426654445821022337e-03
-1.380312756057040183e-03 1.710338247147218538e-03
-1.548969486351105089e-03 1.065479516488778214e-03
-1.615774522013320533e-03 5.873299186214097755e-04
-1.568474251258203302e-03 3.369949942057790838e-04
-1.413913841185816898e-03 3.303121684551069918e-04
-1.176804221924785451e-03 5.353321166054537169e-04
-8.951741078964291958e-04 8.788700641465552752e-04
-6.133649387172071879e-04 1.260875788314963714e-03
-3.738902165655266199e-04 1.573890445749115017e-03
-2.096942266935814566e-04 1.723895241749200113e-03
-1.382681691960818259e-04 1.648593743855744208e-03
-1.587289083659886718e-04 1.329656157477395080e-03
-2.524036856598981643e-04 7.965979829531228849e-04
-3.867996368564798320e-04 1.215504980727426091e-04
-5.221956282023569249e-04 -5.940936956331668113e-04
-6.195972198622960638e-04 -1.238637062374715967e-03
-6.485375396058079816e-04 -1.711050296742696155e-03
-5.932363717622475292e-04 -1.939993681933799459e-03
-4.559412435600558220e-04 -1.897286008585851195e-03
-2.568087249031956011e-04 -1.603270115710929075e-03
-3.034032055662327595e-05 -1.123056855213467849e-03
1.809590525691049528e-04 -5.543549000385447362e-04
3.345047320881098141e-04 -9.185610016204746181e-06
3.956417617851895239e-04 4.070612421541603418e-04
3.442258958949702212e-04 6.152726855728843109e-04
1.785306724181487631e-04 5.772474183295282692e-04
-8.426040627973287503e-05 3.025584886405971409e-04
-4.110727313389321330e-04 -1.536458589699357582e-04
-7.589035562009108574e-04 -7.014766692341927248e-04
-1.082606313648570070e-03 -1.233712440487520681e-03
-1.343030119116284810e-03 -1.646474784301668083e-03
-1.513982317524790837e-03 -1.859247129557749581e-03
-1.586705830231511464e-03 -1.830437072024180753e-03
-1.571034417074505156e-03 -1.565527648860157812e-03
-1.493018515596871657e-03 -1.116267166523947623e-03
-1.389482842558454690e-03 -5.710452955223289983e-04
-1.300557861810353912e-03 -3.827340376492504963e-05
-1.261610556563960098e-03 3.740867700561837858e-04
-1.296113130645268905e-03 5.789711464786968581e-04
-1.410809892606077007e-03 5.267659317549469632e-04
-1.594106441392374122e-03 2.148287878955825684e-04
-1.817993968499266415e-03 -3.118275864954125464e-04
-2.043150780635958740e-03 -9.688236026801471659e-04
-2.226260041837188532e-03 -1.648109289459996369e-03
-2.328161455623004202e-03 -2.238104175169248339e-03
-2.321294960508802057e-03 -2.644475183563093842e-03
-2.195026769553453175e-03 -2.807627149826948630e-03
-1.957847250504699856e-03 -2.713603574887677589e-03
-1.636020679418546345e-03 -2.396343316026004408e-03
-1.268937031085690158e-03 -1.930875736399588092e-03
-9.020388482461590487e-04 -1.418752478186021066e-03
-5.786539628553366305e-04 -9.684836319746567600e-04
-3.322708015494249393e-04 -6.746913835637129587e-04
-1.807082352441798405e-04 -5.999362429977893405e-04
-1.232725084107669992e-04 -7.626638881092762372e-04
-1.414277773221647380e-04 -1.133560523580431217e-03
-2.028413728373341311e-04 -1.641011166537664897e-03
-2.680260702848911189e-04 -2.184630180552653463e-03
-2.983103454379970902e-04 -2.654303371588532731e-03
-2.636168298531193187e-04 -2.951135776010916246e-03
-1.485664077125352150e-04 -3.006336859092853357e-03
4.425645987095978492e-05 -2.794463870246819553e-03
2.945028090705673583e-04 -2.338510950154090631e-03
5.676908829226613414e-04 -1.705874282862734990e-03
8.215872144146759348e-04 -9.959500463905504759e-04
1.014131586568770265e-03 -3.217052483503006488e-04
1.111406308318300907e-03 2.112980494303750038e-04
1.094140068076533082e-03 5.244630269417734341e-04
9.615123149044709676e-04 5.806092397595302062e-04
7.315335227798322590e-04 3.905884663611432607e-04
4.379234106087142404e-04 1.082264120601570496e-05
1.240708068297838610e-04 -4.677602134791083131e-04
-1.647898747477355473e-04 -9.372879507285305969e-04
-3.897139883650152384e-04 -1.293670486227944645e-03
-5.249640708625693359e-04 -1.456558406524946460e-03
-5.624107209890340502e-04 -1.384748728687616639e-03
-5.125951157499888250e-04 -1.084115969593966392e-03
-4.022634306039272242e-04 -6.065634776846787722e-04
-2.688511808147251900e-04 -4.019183054058151494e-05
-1.529724901780196190e-04 5.074542762845873954e-04
-9.034628561916811969e-05 9.298870577052362153e-04
-1.046970424364754531e-04 1.142039766866194536e-03
-2.029819814617765152e-04 1.096633513835491803e-03
-3.738547392230566978e-04 7.934418249238728987e-04
-5.896612031505615902e-04 2.796914973812901148e-04
-8.115927922992939667e-04 -3.584844893498702551e-04
-9.970229512861897639e-04 -1.011932877442128613e-03
-1.107637557935293744e-03 -1.568706810109033031e-03
-1.116817938010467460e-03 -1.934813776140401152e-03
-1.014875038369069575e-03 -2.051566825565134377e-03
-8.111385827963982567e-04 -1.906264216566290904e-03
-5.324990296276869940e-04 -1.534185661810719050e-03
-2.186704492231304200e-04 -1.011537048500093117e-03
8.493782390819740787e-05 -4.406886741730308300e-04
3.354010395823279578e-04 6.948970644741851981e-05
4.999721910810423766e-04 4.244664808223299474e-04
5.618428075046639440e-04 5.621071734500976587e-04
5.228916771105646035e-04 4.645311658377354862e-04
4.029119439064882276e-04 1.615184072664789311e-04
2.354733815639444895e-04 -2.751800176696200307e-04
6.121306347603325216e-05 -7.455496241123070553e-04
-8.016636642654378876e-05 -1.140440842496157200e-03
-1.576680471943877433e-04 -1.362492234487835919e-03
-1.550640297797317452e-04 -1.344881580933800225e-03
-7.409721422376363891e-05 -1.064347744851916900e-03
6.578757333258619883e-05 -5.460098262711403447e-04
2.311342052664202618e-04 1.409377466252252913e-04
3.808888325925620768e-04 8.958487850028154422e-04
4.743203600548002367e-04 1.605187704072173066e-03
4.789447208213917524e-04 2.163526757869026033e-03
3.769475127536353761e-04 2.493013345705184618e-03
1.688824079601010039e-04 2.557632157380177254e-03
-1.260627297597315664e-04 2.369572100524687443e-03
-4.732912956627870378e-04 1.986502227647342182e-03
-8.289140244329838876e-04 1.500281357534336132e-03
-1.147608123747995623e-03 1.019247038079725172e-03
-1.390742309446174781e-03 6.474440304720641658e-04
-1.533240455666413839e-03 4.647306558684125358e-04
-1.567895347453851854e-03 5.115336762229411374e-04
-1.506326485390726416e-03 7.811406505675334844e-04
-1.376410696850376017e-03 1.220989903143058835e-03
-1.216681279280309221e-03 1.742712940500137832e-03
-1.068764275531736141e-03 2.239025293970495038e-03
-9.692908158451473376e-04 2.604263477243930029e-03
-9.428221656851063209e-04 2.754673896412046172e-03
-9.971307342601192208e-04 2.644605170305943352e-03
-1.121732494936724268e-03 2.275529820116238035e-03
-1.289948894329943181e-03 1.696178066770801136e-03
-1.464106329939676449e-03 9.937486651645987754e-04
-1.602885550848155791e-03 2.778508004594929101e-04
-1.669424695972887042e-03 -3.397927620289281333e-04
-1.638635513705934393e-03 -7.660484392894765073e-04
-1.502339919973333946e-03 -9.435705496336982759e-04
-1.271245527322120272e-03 -8.612490457257285627e-04
-9.733762421802523868e-04 -5.559369330505715230e-04
-6.492443941237033929e-04 -1.051383521046573156e-04
-3.446672356223839072e-04 3.879511697820905536e-04
-1.025763534513165565e-04 8.142139100264930100e-04
4.464081198416743708e-05 1.079440902305447243e-03
8.082863119556957243e-05 1.122277393405041700e-03
8.714035436263459569e-06 9.258834577386836117e-04
-1.509715540715656076e-04 5.211020254798049648e-04
-3.637239461967353162e-04 -1.946378455081740539e-05
-5.880426918416506920e-04 -5.953392908498202074e-04
-7.834631786723630139e-04 -1.097398303148145772e-03
-9.183189864199401949e-04 -1.428769249969785195e-03
-9.757619641534780956e-04 -1.523461610168321077e-03
-9.568991322476260320e-04 -1.359177572987167303e-03
-8.804531781041705259e-04 -9.618741250840404967e-04
-7.790132770313722924e-04 -4.012022926632733614e-04
-6.925902405682544255e-04 2.223226171928504875e-04
-6.607019888891204132e-04 7.960002558985457841e-04
-7.144950863642402991e-04 1.215946655052724604e-03
-8.704025674387963008e-04 1.406450408614812186e-03
-1.126548525667388960e-03 1.334027070070181210e-03
-1.462590781341792639e-03 1.013518250518628556e-03
-1.843042664615477267e-03 5.050871956210670720e-04
-2.223456661024416584e-03 -9.731482365030733788e-05
-2.558310988340859946e-03 -6.838232883214562978e-04
-2.809117651328680524e-03 -1.149489076574333529e-03
-2.951228209454454399e-03 -1.414115854436766209e-03
-2.978059404749611346e-03 -1.437350319958443853e-03
-2.901948387039928433e-03 -1.226169823642588638e-03
-2.751484247547113238e-03 -8.333529540658862842e-04
-2.565828358825666261e-03 -3.472274900885615584e-04
-2.387104599098674017e-03 1.253569212944712378e-04
-2.252304302514847485e-03 4.795999229452536840e-04
-2.186240897577423729e-03 6.329619760331360676e-04
-2.196888660239163394e-03 5.411800979362754553e-04
-2.273986831162024599e-03 2.070455631100839465e-04
-2.391170369991894515e-03 -3.197284712129094299e-04
-2.511219256686276265e-03 -9.515344005160178940e-04
-2.593426260265608348e-03 -1.579093211798449818e-03
-2.601680591647493029e-03 -2.091810789625369801e-03
-2.511728082702597772e-03 -2.398421905259758621e-03
-2.316223421891318822e-03 -2.444020997487760666e-03
-2.026607231823074340e-03 -2.220261971325381521e-03
-1.671441410509762974e-03 -1.766801460912339247e-03
-1.291506457803754098e-03 -1.163716681618490135e-03
-9.325775590367032944e-04 -5.163364826251172230e-04
-6.372359277996113291e-04 6.464077108126039736e-05
-4.372550653653432384e-04 4.839779995249011242e-04
-3.479934969739585681e-04 6.797363595683576310e-04
-3.658466515092977578e-04 6.347442683199021243e-04
-4.692325758198596583e-04 3.795316944152248755e-04
-6.229185140926048322e-04 -1.381962581913421021e-05
-7.848644056369936386e-04 -4.457380509579211446e-04
-9.142844837213652803e-04 -8.084647310479992121e-04
-9.793992622305447253e-04 -1.006932643414337747e-03
-9.634105741204702878e-04 -9.772583108561242078e-04
-8.675705022176793523e-04 -6.993341325678521184e-04
-7.107669437939702134e-04 -2.011261019152910242e-04
-5.257096343571197481e-04 4.461476757693649819e-04
-3.524455162759224623e-04 1.141055214107026573e-03
-2.304392128687453973e-04 1.770746760631894835e-03
-1.907270722433775318e-04 2.231958871442743519e-03
-2.496401354687815123e-04 2.450257437690028274e-03
-4.052949341613071733e-04 2.393882933910661866e-03
-6.375273488802239014e-04 2.079581908047973236e-03
-9.112929930956709806e-04 1.569324696379879522e-03
-1.182901109988087739e-03 9.585334928758444326e-04
-1.407912063087470673e-03 3.580507867328872268e-04
-1.549212827701285447e-03 -1.267382344446294461e-04
-1.583750242019165647e-03 -4.156784965598893985e-04
-1.506654752432902509e-03 -4.687730541977964439e-04
-1.331980127659779418e-03 -2.934451689449082273e-04
-1.089923859236136038e-03 5.723377599077138136e-05
-8.210577083681843509e-04 4.950069286646538403e-04
-5.686622732661532472e-04 9.135950122870057331e-04
-3.706167137801556852e-04 1.209300046923608403e-03
-2.523772863384566071e-04 1.301137951576187158e-03
-2.223705355452593440e-04 1.146677086540150940e-03
-2.706682434568115185e-04 7.505727751856801008e-04
-3.711884395281226084e-04 1.641710012008367500e-04
-4.869978662660509432e-04 -5.237541013416485876e-04
-5.777029550636650140e-04 -1.203384941620375690e-03
-6.075200250623174125e-04 -1.764273931488390124e-03
-5.524861575764643913e-04 -2.115928415663200467e-03
-4.054345240583347946e-04 -2.204676065429958792e-03
-1.777811315257717573e-04 -2.023622593349768718e-03
1.022261440692003021e-04 -1.613820052470095944e-03
3.944751100271842292e-04 -1.056426626682609084e-03
6.542425943860274594e-04 -4.573429365875574144e-04
8.403691255359575958e-04 7.276715544778534356e-05
9.228150066613954004e-04 4.392908692705077382e-04
8.881737045431268782e-04 5.813789409944478516e-04
7.421037862853883948e-04 4.832078823704371705e-04
5.082224750663497711e-04 1.766663907236238305e-04
2.236721375370363482e-04 -2.650348147046482916e-04
-6.780081215975114831e-05 -7.416108795701527919e-04
-3.239458912885362645e-04 -1.145101001199598078e-03
-5.117572462151049988e-04 -1.380733797729985024e-03
-6.134090811821283837e-04 -1.385298683035631395e-03
-6.292606945615887744e-04 -1.139534305415800062e-03
-5.773702107470506800e-04 -6.721782250690251041e-04
-4.896183042193930990e-04 -5.490145032736539919e-05
-4.051860086007517091e-04 6.109218526609194646e-04
-3.626323684369167112e-04 1.213112190956838364e-03
-3.920832381042276254e-04 1.649678535959366423e-03
-5.090216848835150444e-04 1.847938331453198146e-03
-7.108671616278836123e-04 1.778147374349781096e-03
-9.770023034377597632e-04 1.459061301764225365e-03
-1.272252899337457345e-03 9.543766434238327122e-04
-1.553171987169863323e-03 3.607248060474045875e-04
-1.775947063409393997e-03 -2.105097320595745265e-04
-1.904440826583789995e-03 -6.541078519266580339e-04
-1.916849140668864995e-03 -8.907149219406188152e-04
-1.809720116750843924e-03 -8.815968569978782686e-04
-1.598576142794835408e-03 -6.356664344833736586e-04
-1.315022105047855723e-03 -2.074577497524553540e-04
-1.000886534473945664e-03 3.135586137213497502e-04
-7.005023946087575448e-04 8.202869853788019236e-04
-4.525847230887979468e-04 1.208656852126826792e-03
-2.832370337389675512e-04 1.397691977695404838e-03
-2.014031811683797868e-04 1.345188678440687293e-03
-1.976170666994792480e-04 1.056025397114494866e-03
-2.462770613312173810e-04 5.815216564879694457e-04
-3.110037867440488320e-04 9.960151745237212978e-06
-3.520554668214379403e-04 -5.499399445693221129e-04
-3.343851118716874554e-04 -9.894744886513894867e-04
-2.348021750595137526e-04 -1.220462186295260751e-03
-4.687106202253714989e-05 -1.191928093485313325e-03
2.173921645837759782e-04 -8.998047389986920264e-04
5.293566037775365718e-04 -3.878133333747860916e-04
8.488086027756375045e-04 2.606439925653187455e-04
1.131234727655948142e-03 9.380494208012025211e-04
1.335983735928996784e-03 1.532849984713066053e-03
1.433767760473000398e-03 1.950257552621801563e-03
1.412086410582711823e-03 2.129837298895384014e-03
1.277549046285820014e-03 2.056562763777629744e-03
1.054655992473669266e-03 1.763253467803179006e-03
7.812681175573247703e-04 1.323943305829228863e-03
5.016194534664751136e-04 8.394455143989672935e-04
2.581910420536134756e-04 4.178576538503533033e-04
8.397823944085826883e-05 1.537079799624647969e-04
-3.392194986115643421e-06 1.097014198466002202e-04
-4.590348374606189556e-06 3.045304898806181805e-04
6.198771168608636657e-05 7.090672380451561434e-04
1.641711139891944508e-04 1.251664286842965601e-03
2.625863644193030932e-04 1.831567007707779167e-03
3.185947576326844601e-04 2.337901629646843213e-03
3.020808144364383013e-04 2.670646782679387057e-03
1.976060644430634801e-04 2.759618838211395832e-03
7.752563040036824626e-06 2.577875883857329645e-03
-2.469865770223070344e-04 2.147000391248586083e-03
-5.317575596006494541e-04 1.533256833081898156e-03
-8.036723945584738505e-04 8.353468356931219568e-04
-1.019719697353651698e-03 1.660740684798785562e-04
-1.144766487602035757e-03 -3.686169883678097918e-04
-1.158138802488827956e-03 -6.892680771848674805e-04
-1.057536316127167392e-03 -7.574931795176019890e-04
-8.595391967972046019e-04 -5.827718604553961106e-04
-5.966089354072811376e-04 -2.201742331821656437e-04
-3.111470400625095242e-04 2.405409049769289230e-04
-4.773098082475236851e-05 6.923798083470878535e-04
1.550095489262927730e-04 1.031804164959249700e-03
2.713461459655936705e-04 1.178730605832010872e-03
2.929276970039045806e-04 1.092043430916647640e-03
2.299414814229239863e-04 7.776752143919055116e-04
1.087501940071596083e-04 2.877184116979096084e-04
-3.353675354248445871e-05 -2.892692813661307369e-04
-1.565188063618278089e-04 -8.449341250592479896e-04
-2.245643435563137282e-04 -1.271616185452603513e-03
-2.139389295787475246e-04 -1.482780853928574285e-03
-1.176425825483740648e-04 -1.429522433373293542e-03
5.296836479080354676e-05 -1.110012296578217995e-03
2.700892789862618763e-04 -5.700984824104124004e-04
4.945499154763868073e-04 1.050624170088967652e-04
6.831140268928849110e-04 8.067635474384763326e-04
7.966167998431079693e-04 1.422920601165080217e-03
8.074007311054348743e-04 1.858848606521158135e-03
7.046416826417512772e-04 2.054718595306057570e-03
4.965546274340458706e-04 1.996399268949467995e-03
2.090577427926300445e-04 1.717641641739674641e-03
-1.188574863204252727e-04 1.293203900244898957e-03
-4.421802582644233275e-04 8.242289940109544764e-04
-7.180309616826282063e-04 4.186539853007070766e-04
-9.133741096214202312e-04 1.703702612007619577e-04
-1.010843341083387647e-03 1.410893592380135265e-04
-1.011586219610126607e-03 3.483557752266550674e-04
-9.346011909669491415e-04 7.619829419453686250e-04
-8.127033236079307232e-04 1.309592245385365937e-03
-6.858935763244754756e-04 1.890209777478486656e-03
-5.933975020007118979e-04 2.393348203755188940e-03
