-1.564703570887564406e-03 6.963741811188649527e-04
-1.581168957671842418e-03 9.029886099092283413e-04
-1.370185906248932778e-03 7.766923849670162149e-04
-9.716147121487156337e-04 3.393889038891685205e-04
-4.619846741769196132e-04 -3.248696898962692182e-04
5.982289977823039562e-05 -1.085851592021846567e-03
4.911577740887954372e-04 -1.791930508004410411e-03
7.449343454543216631e-04 -2.298990475369059108e-03
7.660570724534527436e-04 -2.497972266621305108e-03
5.418288837205729059e-04 -2.335839058685802456e-03
1.043720488131830246e-04 -1.825983812275605708e-03
-4.753975191458983235e-04 -1.046098882856099288e-03
-1.101103167920231734e-03 -1.239014501455484591e-04
-1.669025597941129965e-03 7.865929161553319570e-04
-2.087578954828322401e-03 1.533767057654138741e-03
-2.294461385732681283e-03 1.996646988889303701e-03
-2.268237469998019007e-03 2.107357684542838453e-03
-2.032164668131754282e-03 1.863548624598107637e-03
-1.649544772670942386e-03 1.328446282359316537e-03
-1.211486228968147293e-03 6.185325957566616475e-04
-8.194002827476433003e-04 -1.188096352463103005e-04
-5.655510811161527148e-04 -7.334449504410650231e-04
-5.153482356501694079e-04 -1.101091902618107649e-03
-6.947401449390417857e-04 -1.146967781466657699e-03
-1.085100088210300909e-03 -8.599921603101175725e-04
-1.626577754735729136e-03 -2.948594268699662041e-04
-2.229285289110887695e-03 4.384108709628685300e-04
-2.790202790849695066e-03 1.195464398160979479e-03
-3.212604511127830579e-03 1.825164313426926987e-03
-3.424328875073363518e-03 2.198482740211355618e-03
-3.391433411260798107e-03 2.233253740912150356e-03
-3.124648457683248341e-03 1.910092397471038241e-03
-2.677405998618364105e-03 1.276456155270435430e-03
-2.135814329557866008e-03 4.380690451858169172e-04
-1.602473628711480538e-03 -4.606781573625111066e-04
-1.177193247305557099e-03 -1.263651404509672036e-03
-9.382577813913722461e-04 -1.832133100366692934e-03
-9.277846693339639791e-04 -2.070706887256239248e-03
-1.143940912874839280e-03 -1.944975903569677892e-03
-1.541487374953422933e-03 -1.487768580190579814e-03
-2.040542053093103055e-03 -7.926650166401017460e-04
-2.541897461646135375e-03 3.923372763412608360e-06
-2.945986467091550598e-03 7.487222781404229708e-04
-3.171900469879515572e-03 1.300690026909809630e-03
-3.172854342491346173e-03 1.557728782148778447e-03
-2.945165771964963763e-03 1.475952992082446352e-03
-2.529045205346254054e-03 1.077867497477716721e-03
-2.001043945538057665e-03 4.479092628036623197e-04
-1.459588393727749133e-03 -2.837989064441460161e-04
-1.006338654688142958e-03 -9.664005278170634565e-04
-7.269014810284818700e-04 -1.457231327807460885e-03
-6.745507882497277490e-04 -1.649232969248209295e-03
-8.600403286688606402e-04 -1.491654103551173956e-03
-1.249440253947265008e-03 -1.000108634538816443e-03
-1.770410581118155588e-03 -2.540759075862382963e-04
-2.325727648031013922e-03 6.176947963683992971e-04
-2.811506894347087782e-03 1.461122809749662750e-03
-3.136676583074910971e-03 2.125555730480744795e-03
-3.240020542856878946e-03 2.491914841494783164e-03
-3.101568402438047156e-03 2.494906378034711034e-03
-2.746182017626010684e-03 2.135101206465650058e-03
-2.238664361698284623e-03 1.478602664662893385e-03
-1.671322355793306100e-03 6.443712850882023137e-04
-1.146343930812271632e-03 -2.183889478990444369e-04
-7.563313402643228548e-04 -9.584976907219216026e-04
-5.666814024902760028e-04 -1.451364694325552041e-03
-6.031529273462516837e-04 -1.622446703373406872e-03
-8.469784804783874041e-04 -1.461155227228104828e-03
-1.238448066829832316e-03 -1.022585593259242630e-03
-1.688287036496759078e-03 -4.167455081300051900e-04
-2.094673571676771914e-03 2.126700804198997791e-04
-2.362672210415872782e-03 7.159302539215316261e-04
-2.422401392619998386e-03 9.661000334732513075e-04
-2.242491776041453857e-03 8.835829655816751071e-04
-1.836282894438140151e-03 4.517159399545613366e-04
-1.259580015822989348e-03 -2.795482805303781300e-04
-6.003906251196637319e-04 -1.202579722064485088e-03
3.742172925524629799e-05 -2.171949794952283096e-03
5.534769757440430836e-04 -3.031496501191067658e-03
8.695555684536820668e-04 -3.643461372950522643e-03
9.440827312783822006e-04 -3.914190052281167793e-03
7.796836110651591753e-04 -3.811538087058717605e-03
4.223852157378232787e-04 -3.370693090823234043e-03
-4.737722844791458776e-05 -2.687316644500331499e-03
-5.302401942430748230e-04 -1.899308962754426471e-03
-9.269410896642262671e-04 -1.160651939567571055e-03
-1.157288638250055911e-03 -6.122842135288133862e-04
-1.175478353750016459e-03 -3.555219131129959409e-04
-9.788500818196704725e-04 -4.330548946683966498e-04
-6.084272614229617633e-04 -8.211122244489183625e-04
-1.411346806855867339e-04 -1.434274230192532926e-03
3.248317091806188868e-04 -2.142012347683225522e-03
6.887115064544300971e-04 -2.793815959480806712e-03
8.664186504435482904e-04 -3.248138342740439569e-03
8.066661561087032665e-04 -3.399669945548008075e-03
5.009196373547301429e-04 -3.199763631212902693e-03
-1.470947874711769823e-05 -2.666133273276135879e-03
-6.659943725473456682e-04 -1.879978412596384606e-03
-1.354315800286082878e-03 -9.710687867301035425e-04
-1.974985368176164317e-03 -9.360253851132096028e-05
-2.436706505693797889e-03 6.026007289868240413e-04
-2.678495503347285214e-03 1.000126784488437805e-03
-2.680865863342606764e-03 1.035914670228658789e-03
-2.469165014388026089e-03 7.129762140277962849e-04
-2.108437786199295668e-03 9.967257620875603300e-05
-1.690794900410121917e-03 -6.833124481041981087e-04
-1.317683499938317789e-03 -1.485834617637130789e-03
-1.080421657822931356e-03 -2.156658289386352654e-03
-1.042686982969954915e-03 -2.571962470722116787e-03
-1.228278613567363765e-03 -2.658589734680570985e-03
-1.616472305972369277e-03 -2.407641022401240012e-03
-2.145849419919040098e-03 -1.875848999131954093e-03
-2.725875015625918961e-03 -1.174478105480388380e-03
-3.254032121713136116e-03 -4.478622251755441609e-04
-3.635266431742438520e-03 1.543463478264411274e-04
-3.800057430034385619e-03 5.059516998258556126e-04
-3.717691113217443197e-03 5.285535939478583096e-04
-3.402217048694422107e-03 2.068315034887337634e-04
-2.909956851162455622e-03 -4.081318793921647186e-04
-2.329030348204264630e-03 -1.208127836363831085e-03
-1.762876996414733518e-03 -2.047952886604607892e-03
-1.310887211025766903e-03 -2.772591049735635780e-03
-1.049805673877662231e-03 -3.246307570011494961e-03
-1.019422597626046603e-03 -3.378151295124881374e-03
-1.215256997478358003e-03 -3.139041655603873240e-03
-1.589612101729343061e-03 -2.567208363586239751e-03
-2.060797973229741651e-03 -1.760955925078695533e-03
-2.528770470443552233e-03 -8.601234221642570753e-04
-2.894221547903306699e-03 -1.974869706542381649e-05
-3.077503304599222677e-03 6.190796987459532691e-04
-3.033800510642836734e-03 9.556685679561270196e-04
-2.761677390541351571e-03 9.484628646861305995e-04
-2.303379678294170761e-03 6.225436527560361056e-04
-1.736834872337746126e-03 6.446988208843614345e-05
-1.160866535945962938e-03 -5.945498897134745414e-04
-6.764244930291279543e-04 -1.203959037439905882e-03
-3.673881717150737601e-04 -1.622825779424405274e-03
-2.845819561194985747e-04 -1.746990110432764627e-03
-4.360337116480232297e-04 -1.529233312831800029e-03
-7.853257652869750872e-04 -9.886403112364175461e-04
-1.258355450618341316e-03 -2.073722516702686562e-04
-1.757230088470219031e-03 6.845485359958056746e-04
-2.178670473815088465e-03 1.533568187752734711e-03
-2.433443256027694249e-03 2.191445559908779695e-03
-2.463147553149041061e-03 2.543154827968771396e-03
-2.251181635834975051e-03 2.528566795845923771e-03
-1.825816901989067926e-03 2.153805487036194750e-03
-1.254800263002174218e-03 1.490129859927910756e-03
-6.325096816798643148e-04 6.605510763970704174e-04
-6.209721609654994100e-05 -1.832833715704719956e-04
3.639975170449008361e-04 -8.895657790326246895e-04
5.814727252784853600e-04 -1.334778136177660083e-03
5.662291207958096775e-04 -1.446735738433992981e-03
3.387904129173998171e-04 -1.217869416472502214e-03
-3.975538914047102796e-05 -7.062407963978423273e-04
-4.795223129347731135e-04 -2.410869484205274455e-05
-8.790685145108742202e-04 6.837774213102889524e-04
-1.144844679452965142e-03 1.268035509023220531e-03
-1.209160940512319857e-03 1.603374375952233396e-03
-1.043264571310530695e-03 1.612732695314608375e-03
-6.630461619353257520e-04 1.282252433161641322e-03
-1.262876500194396335e-04 6.642418459568495866e-04
4.780327724306547370e-04 -1.324414854545721994e-04
1.046359544888939268e-03 -9.627737311893822545e-04
1.479961020923263896e-03 -1.672860062158265486e-03
1.703444440372356341e-03 -2.128977722739904595e-03
1.678883191831226840e-03 -2.242869993038434668e-03
1.412885241033772811e-03 -1.988502388078191609e-03
9.552676491963721025e-04 -1.407107516422939023e-03
3.895909075496343361e-04 -5.995610628844755957e-04
-1.826525587925125860e-04 2.924713021170233327e-04
-6.612006796109628007e-04 1.113051611708417528e-03
-9.659063314085547785e-04 1.721137636424047331e-03
-1.051769349640030394e-03 2.016886503938197881e-03
-9.172715242859112283e-04 1.960122605279146588e-03
-6.044391407240649059e-04 1.577483028184677432e-03
-1.906249495044546585e-04 9.568983374519003790e-04
2.264296862616865802e-04 2.304650658491747017e-04
5.474184542490117059e-04 -4.510354440157118058e-04
6.906090778833205756e-04 -9.471355128233404242e-04
6.076669407769990337e-04 -1.154694987080489340e-03
2.931601653205705930e-04 -1.027805089899774598e-03
-2.140606778056224676e-04 -5.868041714446118858e-04
-8.378763817102538852e-04 8.530979283396611466e-05
-1.478985002490922334e-03 8.583972341025536412e-04
-2.033398931626288764e-03 1.579692222676521481e-03
-2.411856483240207814e-03 2.102676297848938593e-03
-2.556477560372765259e-03 2.314845252624225629e-03
-2.451514085724994501e-03 2.159111077772611284e-03
-2.126163304380145579e-03 1.644784746770358705e-03
-1.648914254751793901e-03 8.460568260310603710e-04
-1.114500176600538052e-03 -1.117412632468958527e-04
-6.259288573952630653e-04 -1.075500171090268322e-03
-2.749939306548921953e-04 -1.892903603143785167e-03
-1.249567176637444727e-04 -2.440806344085845545e-03
-1.986761904834222821e-04 -2.648055863213449792e-03
-4.744320859101286208e-04 -2.508446903523055532e-03
-8.902285962042277671e-04 -2.081367288448206492e-03
-1.355759367732622131e-03 -1.480024167319002977e-03
-1.769763013240334762e-03 -8.494916728460880518e-04
-2.039476915507164138e-03 -3.387481162870934967e-04
-2.098499250623035977e-03 -7.200844302289693792e-05
-1.919670257401508585e-03 -1.247902991748670119e-04
-1.520526817169577357e-03 -5.092546285860430257e-04
-9.602907938760058774e-04 -1.171604212398950993e-03
-3.289549586045646050e-04 -2.002038851765347745e-03
2.694729731646140357e-04 -2.855386673216668298e-03
7.364010349694225660e-04 -3.578507841186565584e-03
9.970842162136839704e-04 -4.039282860239166301e-03
1.014570459378986902e-03 -4.151695783715365559e-03
7.965241524250832490e-04 -3.892260266699160837e-03
3.936376627514493820e-04 -3.304673992307807263e-03
-1.100664331357570374e-04 -2.491814570415522290e-03
-6.132049284314202917e-04 -1.596585718686042727e-03
-1.016251048415396391e-03 -7.752326511009496792e-04
-1.240360630955339005e-03 -1.681705308763125663e-04
-1.242244018916963903e-03 1.261601537494521329e-04
-1.022269940382502466e-03 6.947127114409284120e-05
-6.242700674471565953e-04 -3.095932442209810460e-04
-1.270852591727787586e-04 -9.213482656502205732e-04
3.705410359476781043e-04 -1.632502402454184430e-03
7.688564012550539763e-04 -2.291824896946093384e-03
9.861967539402172796e-04 -2.759174281825561240e-03
9.746651598835472585e-04 -2.932382924979296153e-03
7.294172467374221598e-04 -2.766898741409531265e-03
2.897890977148354498e-04 -2.284458221127364311e-03
-2.679514424388491174e-04 -1.569143499218877448e-03
-8.448624657569048756e-04 -7.515667809403569306e-04
-1.337899392524966339e-03 1.582474650106517611e-05
-1.659287362880048234e-03 5.876473749006914981e-04
-1.753029616636107325e-03 8.532090143485488885e-04
-1.605428401026921196e-03 7.576322205214201886e-04
-1.247627868607059610e-03 3.124675073426217732e-04
-7.496982814154876237e-04 -4.062190254563668133e-04
-2.073817652546816430e-04 -1.271929142048158377e-03
2.759913077353498513e-04 -2.131328752750361218e-03
6.089925066090626834e-04 -2.832898314299237170e-03
7.293037059850999634e-04 -3.255222252377666832e-03
6.153880532093954645e-04 -3.329571098459922426e-03
2.904172361446058308e-04 -3.052510967639206641e-03
-1.822842292588360415e-04 -2.486163399649181371e-03
-7.114100633030672090e-04 -1.746076811532546727e-03
-1.195148589117412665e-03 -9.790160404744927686e-04
-1.540649588561918224e-03 -3.348845995062266993e-04
-1.681789935382389540e-03 6.189590408906117322e-05
-1.591868548559787844e-03 1.361232669534798677e-04
-1.288821577861136870e-03 -1.238307690253578376e-04
-8.319654115855434733e-04 -6.637705754872357151e-04
-3.108798718072060870e-04 -1.373959224790612457e-03
1.714670515632001242e-04 -2.109986695816832430e-03
5.181603882733172919e-04 -2.720270593383971626e-03
6.566660536586415263e-04 -3.074978686990421928e-03
5.525761394550717746e-04 -3.090891784109890857e-03
2.161693265314930303e-04 -2.747492780859754277e-03
-2.994561367857985360e-04 -2.091227891190339597e-03
-9.083244292826785906e-04 -1.227124649069278369e-03
-1.507718454353676333e-03 -2.993443744543873640e-04
-1.997457733084359935e-03 5.356587286768015694e-04
-2.298671150945816137e-03 1.138300308794186477e-03
-2.368514155164984543e-03 1.411839514439797855e-03
-2.208048438478375352e-03 1.320256389582276932e-03
-1.861797237805093430e-03 8.946585136386491898e-04
-1.409065967794780874e-03 2.270138247136987844e-04
-9.486774693965792067e-04 -5.475943524683034476e-04
-5.800183046953124536e-04 -1.276821641082751370e-03
-3.839910470283818163e-04 -1.820123527653141546e-03
-4.074851121560871172e-04 -2.075514311182019046e-03
-6.543120384850586654e-04 -1.998953007765728960e-03
-1.084326506840697056e-03 -1.612682944931728181e-03
-1.620903703795221898e-03 -1.000945203586265731e-03
-2.165360539439022385e-03 -2.938786469168675353e-04
-2.615592528425365881e-03 3.573420799080838069e-04
-2.885398980499872222e-03 8.094184127436130586e-04
-2.920837857515109180e-03 9.544090032071179779e-04
-2.710513132473454413e-03 7.405690160859454592e-04
-2.287845470269549587e-03 1.825929062041597561e-04
-1.724894193992460153e-03 -6.406885095197349320e-04
-1.118897500881269177e-03 -1.600731065334670602e-03
-5.740759294064919343e-04 -2.543100331684323197e-03
-1.821402300357481685e-04 -3.316195210528245958e-03
-5.189442958353869192e-06 -3.799444668291311524e-03
-6.423187727560685650e-05 -3.925649785228140995e-03
-3.354966084996051021e-04 -3.693251385351691354e-03
-7.552276802238115476e-04 -3.166210392366179942e-03
-1.232046755481037851e-03 -2.461532721100592649e-03
-1.664536735396374969e-03 -1.726808986005079483e-03
-1.960710303042629242e-03 -1.112028756782760305e-03
-2.055670684054102752e-03 -7.410117408657480604e-04
-1.924114671911464824e-03 -6.878691614042066471e-04
-1.585305220526164781e-03 -9.629543588040804375e-04
-1.099567589434357956e-03 -1.510963013674466440e-03
-5.569689535362637531e-04 -2.221541005213139002e-03
-6.032242609605939238e-05 -2.950387809120745726e-03
2.942678760401430628e-04 -3.546854331484264409e-03
4.356374569038472255e-04 -3.882802805009735389e-03
3.311152607637878314e-04 -3.877256004937359481e-03
-7.167263419476316635e-06 -3.512159150518286144e-03
-5.244089031682697436e-04 -2.836259776230341118e-03
-1.133312587657048492e-03 -1.956360134526917254e-03
-1.730377902993284703e-03 -1.017587376990338605e-03
-2.215231760532669625e-03 -1.764061181867106805e-04
-2.509342109820542760e-03 4.285277117935580669e-04
-2.570576948222834217e-03 7.021637603204704346e-04
-2.400858001865020363e-03 6.106305522809031116e-04
-2.045466310428723650e-03 1.872672330710152544e-04
-1.584137905285306139e-03 -4.740197544953217456e-04
-1.115642427991099615e-03 -1.236809672762627680e-03
-7.387714574456835919e-04 -1.948205709002240977e-03
-5.333428401841076340e-04 -2.467923497244531045e-03
-5.448238208373313175e-04 -2.694919128260656483e-03
-7.754899514476124023e-04 -2.586513463880097449e-03
-1.183798478967776910e-03 -2.166392157074121128e-03
-1.692098622454582839e-03 -1.519968945167653358e-03
-2.201221556607158535e-03 -7.779943116357594668e-04
-2.609189173179338531e-03 -9.151902340164908348e-05
-2.830499728994637434e-03 3.970394936138976587e-04
-2.812338237343605003e-03 5.812407790887882866e-04
-2.544640837339976792e-03 4.111878729819078235e-04
-2.062105325060500927e-03 -9.658777998410115334e-05
-1.437764325408643620e-03 -8.618054418904095649e-04
-7.693345332993506338e-04 -1.755181801090189599e-03
-1.609226305596210939e-04 -2.622463933408843498e-03
2.964529394094416207e-04 -3.313208639084228024e-03
5.418414327657389805e-04 -3.708869124684622057e-03
5.556310155622167781e-04 -3.744880375555353219e-03
3.629832023189774257e-04 -3.422569861398058657e-03
2.878594537022020655e-05 -2.808645606861221236e-03
-3.549132020649988428e-04 -2.022364662328761300e-03
-6.866085159671912914e-04 -1.212816446953044911e-03
-8.748146998783879000e-04 -5.306257719962996326e-04
-8.556290895837179427e-04 -9.943540229660438080e-05
-6.050473635958529117e-04 7.431961537723375325e-06
-1.436968545761335052e-04 -2.192850941983709445e-04
4.669118150640555031e-04 -7.232407140188844849e-04
1.135907072158121511e-03 -1.393418616063331209e-03
1.760172012623240296e-03 -2.085474181442561852e-03
2.243812538318644412e-03 -2.649432623332975689e-03
2.516290826941104154e-03 -2.958489383385361562e-03
2.545788742066725126e-03 -2.933449259294580898e-03
2.345268204670927521e-03 -2.558165947701360361e-03
1.970077797434893058e-03 -1.883047522906685289e-03
1.507555213202640054e-03 -1.015953218923504537e-03
1.060590442594322013e-03 -1.021947064429890722e-04
7.282577951938610118e-04 7.025813982866810619e-04
5.871795100301996709e-04 1.261504525746654426e-03
6.771449105282502032e-04 1.482081127054925718e-03
9.937031549261485935e-04 1.333445703300589801e-03
1.489127213787642349e-03 8.520017881065292727e-04
2.081561741680744600e-03 1.343897773672685959e-04
2.670618092483039926e-03 -6.808832798780051774e-04
3.156459266589111811e-03 -1.439671468785637485e-03
3.458757213325876732e-03 -2.001308674598053020e-03
3.531929724590112361e-03 -2.265105726385920927e-03
3.373769474899083153e-03 -2.189211783542936631e-03
3.025830013543170244e-03 -1.798273389279434614e-03
2.565495468133868143e-03 -1.178447522635486973e-03
2.091236446999736494e-03 -4.607209792399784591e-04
1.703845652990951080e-03 2.042963006703480723e-04
1.487208616212168160e-03 6.753211981467405461e-04
1.492253574181000948e-03 8.475986272248235915e-04
1.727123181066023833e-03 6.731927174106859535e-04
2.155433256768703090e-03 1.705149082520281394e-04
2.702953051257752509e-03 -5.787260700774373443e-04
3.271447266053494150e-03 -1.444585342946166657e-03
3.757064210396940385e-03 -2.273112231062635047e-03
4.069793778121622192e-03 -2.915170821175264854e-03
4.150316467169846459e-03 -3.254401700693238322e-03
3.981058781072926815e-03 -3.229037404927125390e-03
3.589367393679913747e-03 -2.843446789559854471e-03
3.042206528672953929e-03 -2.167226959984124273e-03
2.433387462735219029e-03 -1.322017489858754889e-03
1.865752152110265825e-03 -4.585343979837165369e-04
1.431687329583505950e-03 2.718288621911502893e-04
1.195660505587743411e-03 7.454593516812498422e-04
1.182085547589275610e-03 8.896580033448957432e-04
1.370815542962579899e-03 6.960744910472295476e-04
1.701115648528191875e-03 2.219073355105975233e-04
2.083362164080935532e-03 -4.213493403311600709e-04
2.416250314725780588e-03 -1.089472089638267045e-03
2.606249368525646350e-03 -1.633293692566130167e-03
2.585617428388161006e-03 -1.927436134500532493e-03
2.325560237339697328e-03 -1.894539502001059634e-03
1.842037102559173755e-03 -1.520388030555996006e-03
1.193108614369996733e-03 -8.570582154017832759e-04
4.683217873733509307e-04 -1.348218222910717431e-05
-2.278644536628695715e-04 8.647970046526556962e-04
-7.954822254236364881e-04 1.622854013005369097e-03
-1.157619229389018770e-03 2.125446198772063065e-03
-1.274636570678442651e-03 2.282418059194495259e-03
-1.151354244144072846e-03 2.065639979665803531e-03
-8.358497631188355377e-04 1.514277389703853893e-03
-4.101027814854137326e-04 7.273942721218382146e-04
2.573834435184107171e-05 -1.547087153496204512e-04
3.724854158111731272e-04 -9.768900978454678457e-04
5.508101491096309942e-04 -1.598303446822821501e-03
5.163346836771442148e-04 -1.918762129445869677e-03
2.680548972370451781e-04 -1.897347954918841666e-03
-1.514981486528427668e-04 -1.559748496666246449e-03
-6.643881272425578759e-04 -9.929430110086046556e-04
-1.172153429615517420e-03 -3.282531652905978079e-04
-1.574616905845450769e-03 2.840214730763454282e-04
-1.789060067559999781e-03 7.035693670006330346e-04
-1.766126637692753010e-03 8.271384205397559536e-04
-1.499438969249690563e-03 6.085757642735115363e-04
-1.027100788698213918e-03 6.803061435219082131e-05
-4.247955737400526473e-04 -7.114325790901571351e-04
2.082191981171622899e-04 -1.599178949020029156e-03
7.675768932132267554e-04 -2.441409195616513726e-03
1.163236480088062188e-03 -3.090013168376601251e-03
1.336214271479956852e-03 -3.430413973155431451e-03
1.269451083639404213e-03 -3.403134974437642488e-03
9.907629378551644720e-04 -3.015008645317556780e-03
5.673214777719197627e-04 -2.337905438880642263e-03
9.271322867841156603e-05 -1.495221967354125976e-03
-3.309687178178838071e-04 -6.386838509801547482e-04
-6.126070274309075190e-04 8.014893049104938362e-05
-6.894255191009807538e-04 5.382845928701984490e-04
-5.389483697074042619e-04 6.642391602226941152e-04
-1.832885188948279141e-04 4.511779630604561241e-04
3.150458357214998327e-04 -4.221976964611097276e-05
8.650307855832437779e-04 -7.033265836882371695e-04
1.364440327919448507e-03 -1.387361995711849927e-03
1.719312508249237585e-03 -1.945279385315819244e-03
1.861878334955606841e-03 -2.252453338199236592e-03
1.763554078935652362e-03 -2.232724744633777549e-03
1.440531586321396485e-03 -1.873240182821268515e-03
9.509022185395856223e-04 -1.227265693059333834e-03
3.838529014408820195e-04 -4.044329935227744467e-04
-1.570259370498837403e-04 4.497427983597432691e-04
-5.731654240077462773e-04 1.181201782087602358e-03
-7.895031840966815770e-04 1.656362084254094352e-03
-7.685326342792305311e-04 1.787334157759070796e-03
-5.172606393246455964e-04 1.548553475471916002e-03
-8.575998560303335454e-05 9.816819821161682121e-04
4.424058539430481538e-04 1.878484521823310834e-04
9.660699669116628880e-04 -6.913063778733481018e-04
1.385651353375335834e-03 -1.500195942378090234e-03
1.622012228483346542e-03 -2.098441684953976719e-03
1.631412856342480053e-03 -2.387102327322979806e-03
1.413733092922943996e-03 -2.327020934880420864e-03
1.012405352283887250e-03 -1.945825239013345559e-03
5.060738472252829896e-04 -1.332265689213775039e-03
-6.437533561823608960e-06 -6.189738122288157649e-04
-4.249983743777590445e-04 4.308351824906992734e-05
-6.673074229576146914e-04 5.136057826414452358e-04
-6.846620554278623309e-04 6.899142601415110022e-04
-4.713698997692896938e-04 5.267471681983737844e-04
-6.601488759259911861e-05 4.513733278332498350e-05
4.556674422692515896e-04 -6.713162456077801342e-04
9.949615290739052820e-04 -1.492083195843977271e-03
1.448711793957893016e-03 -2.264287290517677867e-03
1.728725036837224643e-03 -2.841590637058534138e-03
1.778365305830615023e-03 -3.111908826766491241e-03
1.583202131115000501e-03 -3.018708815522121777e-03
1.173698181801496095e-03 -2.571854599357120512e-03
6.194290499103958115e-04 -1.845943296964629166e-03
1.593073543984725076e-05 -9.664416628716104244e-04
-5.333341421210778185e-04 -8.624194185823661537e-05
-9.364767368583027784e-04 6.429309924009297701e-04
-1.130457403028195962e-03 1.098855418841488329e-03
-1.092866791766479266e-03 1.211535328785020606e-03
-8.459845562546780984e-04 9.760173067912212555e-04
-4.523507865395106232e-04 4.528855432186371576e-04
-2.693250615339851019e-06 -2.436476762455178828e-04
4.014983010918457616e-04 -9.677897776864486995e-04
6.674453752067602101e-04 -1.570168346099650499e-03
7.289080617459734682e-04 -1.926471996396022027e-03
5.589844608106054940e-04 -1.961299035226442972e-03
1.754522764814295342e-04 -1.662689805038077614e-03
-3.623649468221108966e-04 -1.084584055233431960e-03
-9.646191596753183250e-04 -3.367327397519934542e-04
-1.527764770559066673e-03 4.360290611436242305e-04
-1.954009296643511445e-03 1.081225111412749147e-03
-2.169708243247987084e-03 1.467700461585630346e-03
-2.139223910563196017e-03 1.510617497315064253e-03
-1.871625977693298307e-03 1.187749130446019317e-03
-1.418966415711214821e-03 5.439790870035061694e-04
-8.664560130195782944e-04 -3.168490560564695400e-04
-3.164025154766652833e-04 -1.251198090459186606e-03
1.310491940708516725e-04 -2.102579086804755477e-03
3.967298068634924312e-04 -2.730714897396996962e-03
4.372516515027469793e-04 -3.037613405995284906e-03
2.530080485657751951e-04 -2.985624353716290723e-03
-1.121444404159525161e-04 -2.604071823419631428e-03
-5.794555787464011594e-04 -1.983217862343374886e-03
-1.050474258102649088e-03 -1.256711573762480001e-03
-1.425981224707561362e-03 -5.758579750741545968e-04
-1.625069897179895950e-03 -8.058916203387942075e-05
-1.600755300883450246e-03 1.273562861928536141e-04
-1.349148656446582956e-03 3.959145744470305567e-06
-9.104538176710640822e-04 -4.285531097908254396e-04
-3.615908084103578736e-04 -1.085796924494412431e-03
1.981621818892709426e-04 -1.837169620952349260e-03
6.657942098361924101e-04 -2.530616065432458352e-03
9.539313486236317922e-04 -3.021534584548969324e-03
1.007285930270893429e-03 -3.200346091395728405e-03
8.130725291021379409e-04 -3.013501846035721975e-03
4.034196162517552134e-04 -2.473946259967228604e-03
-1.506792188794667958e-04 -1.659046668711524480e-03
-7.527293022854119210e-04 -6.963740740090075109e-04
-1.298884716838981769e-03 2.599817691330997150e-04
-1.697449337838386352e-03 1.058088231787219190e-03
-1.886039614328084008e-03 1.576417731806345219e-03
-1.843163245893999699e-03 1.746330252021716795e-03
-1.592025932983597014e-03 1.564544782861237602e-03
-1.195850611461892442e-03 1.093249475129487100e-03
-7.456013368137749285e-04 4.478406348258774888e-04
-3.424427892444929875e-04 -2.253772373354049306e-04
-7.826365894733839160e-05 -7.772979375793581539e-04
-1.795899350833483898e-05 -1.084595673021265935e-03
-1.868334523763743888e-04 -1.073363144213257143e-03
-5.655174168123967447e-04 -7.333236898427182397e-04
-1.093364772624412246e-03 -1.199221786870783256e-04
-1.679694469751062723e-03 6.561036309118196443e-04
-2.220751972880893876e-03 1.449697107328270628e-03
-2.619182838776702455e-03 2.109029401566478099e-03
-2.802334086939748878e-03 2.504399700430809741e-03
-2.735920009156428412e-03 2.553012006947182749e-03
-2.430465842667299363e-03 2.234930596742172593e-03
-1.939309418300136020e-03 1.597185358050621368e-03
-1.348538727372968534e-03 7.452411182073379091e-04
-7.607696591974046768e-04 -1.765630128660471729e-04
-2.758338028877804163e-04 -1.011910332458790512e-03
2.796953973108261098e-05 -1.621656761843020059e-03
1.085106415060395086e-04 -1.909725710430108542e-03
-3.241145534036999482e-05 -1.840855171778354093e-03
-3.496522150130253886e-04 -1.446847228491576157e-03
-7.635314847596553958e-04 -8.201468335637988275e-04
-1.175195861033005718e-03 -9.597537487197665626e-05
-1.485618332018380418e-03 5.735891163097459056e-04
-1.614631096534635372e-03 1.048669422834396523e-03
-1.516381252686046371e-03 1.228275799984299100e-03
-1.188276696928100562e-03 1.069563856052208224e-03
-6.717227528210596450e-04 5.960140854527683045e-04
-4.450521110512626753e-05 -1.070169396587575218e-04
5.937419516526707894e-04 -9.085306401164896031e-04
1.140235641674073545e-03 -1.656829341869820067e-03
1.508371129094324961e-03 -2.208440907840640219e-03
1.644019677212206921e-03 -2.455542451833438514e-03
1.535710839297170201e-03 -2.346683256566714070e-03
1.216771044116953535e-03 -1.896874624506303224e-03
7.590124991715118405e-04 -1.185126916172630053e-03
2.591658515322484168e-04 -3.398903750992146285e-04
-1.793765142383603071e-04 4.848535821408846928e-04
-4.660523346584951460e-04 1.138333826151438112e-03
-5.401690393184415805e-04 1.501131944306043683e-03
-3.822685233982521004e-04 1.507407150740013892e-03
-1.766963481939344636e-05 1.157005296168252912e-03
4.884775234156625567e-04 5.151684694490735661e-04
1.043683767258999067e-03 -3.000912353798128058e-04
1.545788596312065461e-03 -1.140555363383658795e-03
1.902452591772320822e-03 -1.856021245680696940e-03
2.048778130831897630e-03 -2.322833685805685520e-03
1.959716868697166086e-03 -2.467320201904335975e-03
1.654910191982218639e-03 -2.279690653818363180e-03
1.195042545739314743e-03 -1.815769628419477109e-03
6.703955967777637699e-04 -1.186235836894847153e-03
1.837689546343371358e-04 -5.354101784329994397e-04
-1.689992902418160133e-04 -1.361465732901251911e-05
-3.172237316366767479e-04 2.516569809155174905e-04
-2.288292240300556293e-04 1.802898638618936206e-04
8.347491244006875321e-05 -2.448380320497209935e-04
5.644755033228116437e-04 -9.741451189065602079e-04
1.126762110721903120e-03 -1.900251881240511923e-03
1.667111517211649794e-03 -2.877827503553604966e-03
2.085851523022055030e-03 -3.750630172887836448e-03
2.305541697563674719e-03 -4.380631400811859678e-03
2.285438528260620456e-03 -4.673719795876375878e-03
2.029011257795883000e-03 -4.597127114742377389e-03
1.583091214957018560e-03 -4.185286446394347569e-03
1.028822062755036394e-03 -3.533022069250907771e-03
4.661307967399350247e-04 -2.777368012362072848e-03
-5.334452758314197837e-06 -2.071463686015843041e-03
-3.051856775069243955e-04 -1.555473037875932567e-03
-3.875974210617568003e-04 -1.330035212621709330e-03
-2.500298414653664893e-04 -1.437273513276021925e-03
6.628169864895635307e-05 -1.852956685111963476e-03
4.841649772684404694e-04 -2.491293354310654927e-03
9.051940227950732365e-04 -3.221446903816891760e-03
1.228436928225775824e-03 -3.892637400297944104e-03
1.369717829978992548e-03 -4.363069991965890307e-03
1.277744420474659793e-03 -4.527203680751061901e-03
9.440452067145895833e-04 -4.336187885836426809e-03
4.048321061156505982e-04 -3.807587252021422258e-03
-2.655680400801564136e-04 -3.022542752307604257e-03
-9.684741371275854211e-04 -2.110895403923163365e-03
-1.599204006799371516e-03 -1.227077739582790872e-03
-2.066551568568258685e-03 -5.213262627505349956e-04
-2.309707145138635304e-03 -1.116545355216780940e-04
-2.309424268765981718e-03 -6.188340100986549491e-05
-2.091325656958477417e-03 -3.698791484945899294e-04
-1.720729135281715786e-03 -9.682190539821862148e-04
-1.289979489088126678e-03 -1.737152295721971704e-03
-9.006906431117268474e-04 -2.527397901652624762e-03
-6.442656604161449332e-04 -3.188460553729647370e-03
-5.843874597435182259e-04 -3.597102067371464335e-03
-7.447992601453193307e-04 -3.680578642586175998e-03
-1.104691411559336183e-03 -3.430246727364693726e-03
-1.602570301570199578e-03 -2.902965498409858930e-03
-2.147878274767891366e-03 -2.210035951623853454e-03
-2.638165121929822183e-03 -1.495777696908458243e-03
-2.978559664559234012e-03 -9.098077515574400868e-04
-3.099853490621105444e-03 -5.782791766976306050e-04
-2.971770696332084322e-03 -5.795352425679931984e-04
-2.608908024915631684e-03 -9.287994431912349139e-04
-2.068216660011859293e-03 -1.574811287862649479e-03
-1.438497541850466358e-03 -2.409056230848739995e-03
-8.238934142988185803e-04 -3.285853538284006382e-03
-3.244967873140454113e-04 -4.049509783497653656e-03
-1.773857431613891540e-05 -4.563407289889366211e-03
5.592591870857001150e-05 -4.735529596200610189e-03
-9.966937728903848236e-05 -4.535599410018981842e-03
-4.374659418878274440e-04 -4.000591048740212777e-03
-8.764156791468827919e-04 -3.227578762304878987e-03
-1.317131992620273768e-03 -2.355278355017193306e-03
-1.660988302109690957e-03 -1.537778660935167985e-03
-1.829043100644770327e-03 -9.154366453295512390e-04
-1.777204043409431325e-03 -5.884453886757549327e-04
-1.504756405091366590e-03 -5.980764933482111446e-04
-1.054638533430738703e-03 -9.191437225960830994e-04
-5.054104822237232746e-04 -1.465108520591322343e-03
4.356432066262769503e-05 -2.104853158973825702e-03
4.909186877682826652e-04 -2.687937077161135606e-03
7.525022783513590514e-04 -3.073544930692385241e-03
7.773822948568523319e-04 -3.157635119377983843e-03
5.575919875508652699e-04 -2.893137594381387477e-03
1.297773955680982163e-04 -2.299365249040926599e-03
-4.315741788998857893e-04 -1.458845293626937932e-03
-1.028047122432075794e-03 -5.021592189942586685e-04
-1.555723080826821540e-03 4.163487713246512636e-04
-1.924635891412503552e-03 1.147404865245341826e-03
-2.075577694534260290e-03 1.574729164622867177e-03
-1.991079669717013383e-03 1.636769577873981680e-03
-1.698493983079568843e-03 1.338136873193862889e-03
-1.264599116508267809e-03 7.485804316584067104e-04
-7.827554102006403780e-04 -1.029824242587536957e-05
-3.550475238703010251e-04 -7.880772948968028154e-04
-7.279880388984575311e-05 -1.433931420792190423e-03
8.501008714578272424e-07 -1.825055992298707302e-03
-1.570023473142275611e-04 -1.889720775150699602e-03
-5.246114087057348599e-04 -1.620593775689378431e-03
-1.039663487546554910e-03 -1.075819192147865321e-03
-1.611066247160077534e-03 -3.676532234090218714e-04
-2.136218254037270010e-03 3.591815702025840176e-04
-2.520486464814296161e-03 9.553149353488252704e-04
-2.695200933955752172e-03 1.295442685379461032e-03
-2.630756240431709417e-03 1.302487883627585340e-03
-2.342335255442259002e-03 9.626239558837086825e-04
-1.887167482335278413e-03 3.283048905555372658e-04
-1.353836682192456576e-03 -4.912810617361538287e-04
-8.456574015579982088e-04 -1.350536025750594202e-03
-4.612625386946184701e-04 -2.094715917375991610e-03
-2.760718880895224065e-04 -2.588978382707160259e-03
-3.281448963375517558e-04 -2.743721824703086818e-03
-6.110912166688011946e-04 -2.531422660700894788e-03
-1.075377021484006605e-03 -1.991785802758262031e-03
-1.637776111219933946e-03 -1.224234267026350076e-03
-2.197173341126984047e-03 -3.691593567478297709e-04
-2.653725655111459879e-03 4.185205330588769035e-04
-2.927750855546988520e-03 9.984895622309850494e-04
-2.974766578329862514e-03 1.271342079697513087e-03
-2.793831898849696588e-03 1.197093695508710072e-03
-2.427613201403692241e-03 8.023989676674391901e-04
-1.954163860341899366e-03 1.751183877984915471e-04
-1.471976901285397717e-03 -5.527266002115140825e-04
-1.081143988111509403e-03 -1.230372848831117567e-03
-8.641917226349811985e-04 -1.717285634962377851e-03
-8.702278213142625868e-04 -1.910183961828873034e-03
-1.105403617924044209e-03 -1.762993638290350721e-03
-1.531504002443393950e-03 -1.295940004025421689e-03
-2.072937529771181741e-03 -5.920489326309204834e-04
-2.630809172473514649e-03 2.182903246675515227e-04
-3.101417130257963679e-03 9.817853669329629565e-04
-3.395677261181731348e-03 1.551099063600308407e-03
-3.455802831059219277e-03 1.812647120330101481e-03
-3.266086711417840946e-03 1.708075199200814135e-03
-2.855749422200517910e-03 1.245351222813471243e-03
-2.293318000275323520e-03 4.973730435779852516e-04
-1.673603233982291728e-03 -4.116464374288126226e-04
-1.099743046862284267e-03 -1.329442407860863262e-03
-6.637128132973429961e-04 -2.104210309503089411e-03
-4.289926051206202802e-04 -2.612975550460811501e-03
-4.186720567964817216e-04 -2.784457557930088579e-03
-6.112431799697555989e-04 -2.612108423107204359e-03
-9.448751252096075160e-04 -2.154867474743651489e-03
-1.329358279324701275e-03 -1.525499491162743328e-03
-1.663452337029070827e-03 -8.687355053193435888e-04
-1.854349141676523306e-03 -3.333661099417018804e-04
-1.835560058094163347e-03 -4.358217833381745725e-05
-1.579835422691691030e-03 -7.500012682962967775e-05
-1.104663846885174487e-03 -4.399213309425897573e-04
-4.693037699848242347e-04 -1.084626168797881698e-03
2.360973077658252756e-04 -1.899223634692161038e-03
9.072425195724647491e-04 -2.738199147502953183e-03
1.445121532256591181e-03 -3.447776351805059095e-03
1.774469213670532095e-03 -3.894917105836060746e-03
1.857758168789481242e-03 -3.992471999998176320e-03
1.702081061563923050e-03 -3.715720688185088390e-03
1.357623810886036996e-03 -3.107169467883549516e-03
9.080217483355962479e-04 -2.268694829587553519e-03
4.544266346694496609e-04 -1.342515774393398652e-03
9.630236767596274221e-05 -4.845913973219445874e-04
-8.741411532560547024e-05 1.645267326811541541e-04
-5.322015014606667690e-05 5.058769995375037021e-04
1.987983596038955195e-04 5.003570192738649412e-04
6.251072805491859506e-04 1.756310157329543133e-04
1.147129381143845639e-03 -3.796215094844069366e-04
1.666318775542280752e-03 -1.033015461910123407e-03
2.083045810196440702e-03 -1.634039364643952510e-03
2.315711519816647870e-03 -2.043049738901648107e-03
2.316466781033465865e-03 -2.158180044993389217e-03
2.080553620726120420e-03 -1.935058925893196665e-03
1.647493269367943190e-03 -1.395594671033447125e-03
1.093889086290019417e-03 -6.241540327429841335e-04
5.192002777974717015e-04 2.481483049168668308e-04
2.717371459876744000e-05 1.068080426707388071e-03
-2.935561077735864347e-04 1.689184037268740435e-03
-3.860307750498021039e-04 1.999456982645419177e-03
-2.355635946634420178e-04 1.942586056757806840e-03
1.276351168257924959e-04 1.528708341110476604e-03
6.342969147627359507e-04 8.326604866352246706e-04
1.189290293732523512e-03 -1.995714800688001193e-05
1.689672115803028977e-03 -8.762689826064581477e-04
2.044177118520576486e-03 -1.584725538658075111e-03
2.190455927848907955e-03 -2.023410937608746511e-03
2.106799166162226684e-03 -2.122706427182962860e-03
1.816130013789049981e-03 -1.878029018788221656e-03
1.381512224984911014e-03 -1.350243906484360767e-03
8.940278662596477105e-04 -6.536834743049166948e-04
4.553245915473121174e-04 6.594757774060872827e-05
1.581422858905198129e-04 6.595865735792459314e-04
6.851204320195434030e-05 1.003431870955438137e-03
2.130040949515261701e-04 1.022738039534805150e-03
5.734453875033215407e-04 7.062731653885579840e-04
1.090113064719939020e-03 1.086936399380608598e-04
1.672805015503076986e-03 -6.596189729781011361e-04
2.217696831064340512e-03 -1.453338832220297215e-03
2.626798440016372797e-03 -2.119662239358770239e-03
2.826330869754664285e-03 -2.527259744365505448e-03
2.780547349903273423e-03 -2.591231029207915430e-03
2.498384809775437004e-03 -2.289334812905866826e-03
2.031688612092973339e-03 -1.666416500391651283e-03
1.465348220257040469e-03 -8.261896248515435137e-04
9.012123824216863085e-04 8.807960089777546169e-05
4.388294073589460095e-04 9.203353050859346953e-04
1.566583547501193118e-04 1.530884100304183079e-03
9.730688580311111155e-05 1.822426377878708179e-03
2.595882508861307135e-04 1.758048286811107752e-03
5.988979779629108845e-04 1.367778443303679405e-03
1.035834871015880315e-03 7.424786825317231716e-04
1.471429315930641466e-03 1.623623010264883381e-05
1.806090325260441840e-03 -6.593985262313912035e-04
1.958678262669744184e-03 -1.144441140724720887e-03
1.882086223365866864e-03 -1.337263941188987851e-03
1.572374179164730008e-03 -1.194068484462197091e-03
1.069721022618436244e-03 -7.373467175430053165e-04
4.510092897172461699e-04 -5.172448732414756944e-05
-1.845579048683357120e-04 7.320282221096531712e-04
-7.340884236863506884e-04 1.461793773073291657e-03
-1.110356928187489602e-03 1.993014440113178524e-03
-1.258222966791888980e-03 2.216235388716713758e-03
-1.165004755668455844e-03 2.078064098934870839e-03
-8.628455908055183282e-04 1.591572168094408050e-03
-4.226250352932869425e-04 8.341629551318640624e-04
5.943285976588120675e-05 -6.669941293611921049e-05
4.799199672098175377e-04 -9.572066677515202529e-04
7.477365156067124208e-04 -1.685887824487420240e-03
8.012273839068194793e-04 -2.131835007700266967e-03
6.197209771334436391e-04 -2.227139948053692350e-03
2.272900487009371097e-04 -1.969303881534263927e-03
-3.119726953336249753e-04 -1.421282120937614798e-03
-9.062642276727475663e-04 -6.991655712792451197e-04
-1.453629646574320245e-03 5.015839178072257262e-05
-1.861439223570898228e-03 6.771269925534919871e-04
-2.064090720620906025e-03 1.058072883894177214e-03
-2.035579844447993336e-03 1.118828712089570349e-03
-1.794553557172388902e-03 8.488910766075636639e-04
-1.400884554507946314e-03 3.034585071110190236e-04
-9.444111352133134542e-04 -4.070443024375976584e-04
-5.279708921844029641e-04 -1.137972515831938260e-03
-2.479380449102340164e-04 -1.738018163538393142e-03
-1.759478888544259087e-04 -2.078096626285067840e-03
-3.452679441043925504e-04 -2.076087742213312409e-03
-7.443963138211538840e-04 -1.712740259981926968e-03
-1.319100053970251795e-03 -1.035720400699023398e-03
-1.982509113902387876e-03 -1.510290808393369676e-04
-2.631357121695073256e-03 7.965970176020609932e-04
-3.165297483993011543e-03 1.650600427247822738e-03
-3.505641917935712996e-03 2.271749195905665812e-03
-3.609978528343373190e-03 2.564007438467122077e-03
-3.479907028102953090e-03 2.492242968020396895e-03
-3.160432045979327895e-03 2.088429761681357029e-03
-2.731135125787767775e-03 1.445180703784416714e-03
-2.290803021433990977e-03 6.978443119421400692e-04
-1.938429336967742965e-03 -1.436170672956512198e-06
-1.754193541767223342e-03 -5.127819098758505754e-04
-1.784025642264485366e-03 -7.352472252895145451e-04
-2.030685458884711435e-03 -6.260435178846888646e-04
-2.453051243807371357e-03 -2.086754378868424173e-04
-2.973757101612002716e-03 4.315522810892657730e-04
-3.493736929071244307e-03 1.163805659404275935e-03
-3.910923896912226957e-03 1.836686413893436585e-03
-4.139566609435710136e-03 2.307159448425365883e-03
-4.126505154760623517e-03 2.467959290233269747e-03
-3.861324711071346515e-03 2.268278264710494284e-03
-3.378462609565683131e-03 1.723809996823884045e-03
-2.750867588022042239e-03 9.142365326262591983e-04
-2.076408993778968912e-03 -3.137554765024133533e-05
-1.459605946348234255e-03 -9.585154901585157252e-04
-9.921319813536446600e-04 -1.715983003731703883e-03
-7.357818315169933031e-04 -2.184023489906656255e-03
-7.111201076698662766e-04 -2.296527364427172497e-03
-8.939551919887974612e-04 -2.053100577498136528e-03
-1.220299461977917502e-03 -1.518730756507352458e-03
-1.598869678352512124e-03 -8.111214031740026894e-04
-1.928753386822878481e-03 -7.810065764369156661e-05
-2.118888957473484373e-03 5.306106965319179079e-04
-2.105663663575168577e-03 8.919206870585558123e-04
-1.865290959386484452e-03 9.327725968341984975e-04
-1.418617295380873462e-03 6.440022413280796628e-04
-8.274431026450719930e-04 8.202196121092654706e-05
-1.830503540071747070e-04 -6.419858300786380687e-04
4.108941533049512260e-04 -1.383315756871612238e-03
8.578246384555252967e-04 -1.991398791694728998e-03
1.086462728379382044e-03 -2.338629601983399382e-03
1.064260868262862248e-03 -2.344895245018925774e-03
8.035563807977132156e-04 -1.993151380065033562e-03
3.592692739443337484e-04 -1.333086561376579590e-03
-1.814225428394679687e-04 -4.721702600053549748e-04
-7.154784942954898162e-04 4.442310698066099378e-04
-1.143360094037045895e-03 1.259915692613328793e-03
-1.387702667647182754e-03 1.836972704275092756e-03
-1.407763289674799148e-03 2.081467994077125343e-03
-1.206914383314450830e-03 1.960836301451870066e-03
-8.317695696900736504e-04 1.509695265685867321e-03
-3.631130861599083954e-04 8.229887407348228465e-04
9.964367079396693012e-05 3.776481390891126911e-05
4.575291904325858548e-04 -6.929552247135312929e-04
6.309861321655582753e-04 -1.229264562235007994e-03
5.751544350585979012e-04 -1.470904572350355786e-03
2.885643562827940089e-04 -1.376219300972463238e-03
-1.864108271895755431e-04 -9.699424775297010078e-04
-7.714314557069229831e-04 -3.383452691822342153e-04
-1.366908292207209396e-03 3.873319429313550489e-04
-1.870774161442136747e-03 1.056020441089974187e-03
-2.197756380882949674e-03 1.525768742578586992e-03
-2.295500208629924765e-03 1.691003277562915528e-03
-2.154488907486163882e-03 1.502932610997059814e-03
-1.809879849906908872e-03 9.792211882562369425e-04
-1.334906183183901711e-03 2.010900325417596117e-04
-8.270902044763892144e-04 -7.016174919839800054e-04
-3.898753498766201111e-04 -1.574587692956400716e-03
-1.131508523767941598e-04 -2.267843393690481112e-03
-5.635247831149953028e-05 -2.663760710759144508e-03
-2.373346955125057306e-04 -2.698999738646099683e-03
-6.291165686846370182e-04 -2.376204646865524503e-03
-1.165112586957525384e-03 -1.763264874267774993e-03
-1.751852903957646507e-03 -9.802832857963203993e-04
-2.286779444939744405e-03 -1.767235076821166645e-04
-2.677743553299000157e-03 4.969333245991542714e-04
-2.860509179308426408e-03 9.176542132116931533e-04
-2.810943891299123691e-03 1.013052682090422952e-03
-2.549586584573721414e-03 7.749293032555260984e-04
-2.137725129035206173e-03 2.605942169771871455e-04
-1.665725846266862637e-03 -4.182732803221644456e-04
-1.235824949453406037e-03 -1.117111502060609942e-03
-9.426417772657113506e-04 -1.686232410985159282e-03
-8.551059744168647888e-04 -1.999581647718836740e-03
-1.003223845733127112e-03 -1.979046355526787194e-03
-1.372193475443452687e-03 -1.609697145557197149e-03
-1.904987222647219151e-03 -9.430670015556205567e-04
-2.512917273692318303e-03 -8.783526330823470123e-05
-3.092188610602776295e-03 8.103299414390875352e-04
-3.543310233767558298e-03 1.595964005255358061e-03
-3.789694370003948189e-03 2.132893241171890473e-03
-3.791927158192639168e-03 2.329717881434397505e-03
-3.555013885778523976e-03 2.156872554576655648e-03
-3.127232143835427698e-03 1.652039800814812795e-03
-2.590815351274672763e-03 9.128964058518775591e-04
-2.046235902737868814e-03 7.856958107165114931e-05
-1.593068665137316754e-03 -6.966837598862808765e-04
-1.311062294206016094e-03 -1.272590642373097082e-03
-1.245005557880553802e-03 -1.549257654019961950e-03
-1.396256312206742897e-03 -1.485854055555448040e-03
-1.722538246254886945e-03 -1.108049884197513874e-03
-2.146043991999250361e-03 -5.028073300813753988e-04
-2.568309268804937900e-03 1.984802201401171106e-04
-2.889039478588788321e-03 8.452993911475198494e-04
-3.025320688399120873e-03 1.296975079320897197e-03
-2.927573261934397937e-03 1.449781302541946386e-03
-2.589222544889032730e-03 1.257059713584079670e-03
-2.048250278241670747e-03 7.385249694777834854e-04
-1.380327497490032446e-03 -2.301600793972629396e-05
-6.848233816560823743e-04 -8.969201960666238179e-04
-6.633303673663295836e-05 -1.729061318855843474e-03
3.847846820234677523e-04 -2.370677519098964188e-03
6.091808820889727926e-04 -2.706259917667938955e-03
5.894323015438453174e-04 -2.675208348628089604e-03
3.530381140708261528e-04 -2.283159083097599865e-03
-3.306402331390974293e-05 -1.600843249278757156e-03
-4.754191700525361086e-04 -7.506941178463075745e-04
-8.719621702496069444e-04 1.162603124518524515e-04
-1.131515599825204518e-03 8.488450015143696658e-04
-1.191183049898774955e-03 1.324141800433077925e-03
-1.028341649643461529e-03 1.470475572698526790e-03
-6.649614925324139883e-04 1.280636027150582057e-03
-1.634337563241102117e-04 8.128392900542069860e-04
3.853016626542160074e-04 1.792561472433661877e-04
8.790790115753317887e-04 -4.757107498012434028e-04
1.223997049225129287e-03 -1.003276596001160311e-03
1.352382637912135505e-03 -1.278966279451328484e-03
1.235821532831337440e-03 -1.226703794692779025e-03
8.907836168105653235e-04 -8.337260437683964793e-04
3.757715169583938485e-04 -1.534855086404544877e-04
-2.194737020480614536e-04 7.040187646229435683e-04
-7.906721476584495627e-04 1.592661000874802824e-03
-1.238454165200695732e-03 2.357501622473213293e-03
-1.486882292546147814e-03 2.863829023296321497e-03
-1.497544946035166830e-03 3.022437209796988156e-03
-1.276559014912593106e-03 2.806357654779951388e-03
-8.731610533413624795e-04 2.255880427144917131e-03
-3.701591766132791275e-04 1.470915607898344015e-03
1.319415381742108191e-04 5.921415149917308137e-04
5.341301566767786037e-04 -2.254922726531175198e-04
7.577604379096325015e-04 -8.418932798707759934e-04
7.595254267709002386e-04 -1.158075510412074315e-03
5.396993138291987773e-04 -1.134566073605145463e-03
1.420855631517715456e-04 -7.984916235490282978e-04
-3.543182692260751949e-04 -2.380118187966477747e-04
-8.503590789812483751e-04 4.148361006100323195e-04
-1.245619816674847649e-03 1.009622319781863049e-03
-1.457583312546894974e-03 1.406501986245066189e-03
-1.437435170571267976e-03 1.503186726551658569e-03
-1.179508417412772217e-03 1.254791612896140850e-03
-7.225761740328906935e-04 6.827886044074526171e-04
-1.427419959546365462e-04 -1.286390336405023298e-04
4.607316020545420480e-04 -1.048160232790586090e-03
9.839788176139591114e-04 -1.921838682254377925e-03
1.337962606816487949e-03 -2.602014136008226532e-03
1.465109111669636024e-03 -2.975059149045272168e-03
1.349999802343787060e-03 -2.982759226024226870e-03
1.022101361284022316e-03 -2.633270086530120797e-03
5.500205386464520089e-04 -1.999577720499113274e-03
2.837552658985410424e-05 -1.205751757204026392e-03
-4.402270531198767276e-04 -4.035925362729275755e-04
-7.646943981072818483e-04 2.559102918447224689e-04
-8.827346319776581754e-04 6.509088917318966126e-04
-7.726547710926578300e-04 7.114605865194464224e-04
-4.574358787398461476e-04 4.324214097161235490e-04
-3.150043411270396151e-07 -1.259622575844537374e-04
5.072873459934255707e-04 -8.498658735408664818e-04
9.632051557319041158e-04 -1.593855363799748931e-03
1.274024421666691701e-03 -2.208841324107626604e-03
1.372943742142805276e-03 -2.570714516448971247e-03
1.232610934715673654e-03 -2.604229691064392782e-03
8.704997191690128089e-04 -2.297605193729440349e-03
3.458030531443091532e-04 -1.705064812983387700e-03
-2.515738409385022628e-04 -9.368326833563522631e-04
-8.178416748772343158e-04 -1.384690952377506338e-04
-1.254795098818725077e-03 5.365453679842997498e-04
-1.488239079355376578e-03 9.557901628904716005e-04
-1.481889083131028443e-03 1.032964612519124328e-03
-1.244116929555396820e-03 7.442828651664200323e-04
-8.262681161561667275e-04 1.330985236880492025e-04
-3.128716438154030013e-04 -6.981194878521825627e-04
1.944021112355118902e-04 -1.606944689924974263e-03
5.959967248353162297e-04 -2.437662461993868671e-03
8.132917529240736229e-04 -3.050407999787832156e-03
8.034278484879193603e-04 -3.347263485419125530e-03
5.673292023585243486e-04 -3.290382105546966682e-03
1.494067645665501931e-04 -2.908717368361370820e-03
-3.709980019460594578e-04 -2.292094577765100248e-03
-8.948043802851266514e-04 -1.573758442923374381e-03
-1.322137443890163263e-03 -9.047126904006283846e-04
-1.571434672944145962e-03 -4.247211963610995553e-04
-1.595091170756660634e-03 -2.354715906693065526e-04
-1.388675701631707400e-03 -3.809920634247989692e-04
-9.919669152498649875e-04 -8.390378695115976483e-04
-4.816079043560651308e-04 -1.525085859931496696e-03
4.323547968249617270e-05 -2.308186675915194740e-03
4.795019199743950737e-04 -3.035677360024422247e-03
7.396248318476668446e-04 -3.562077679749525196e-03
7.680177621342343733e-04 -3.776699620177738706e-03
5.515368825697640563e-04 -3.624741688055407255e-03
1.219424932412246573e-04 -3.117871944752391693e-03
-4.501041769754892752e-04 -2.332292525873091733e-03
-1.068370776923977753e-03 -1.394647082877904136e-03
-1.629186163122852381e-03 -4.584326515063684307e-04
-2.040943202656407204e-03 3.246263493593953137e-04
-2.241281701886325452e-03 8.328317796052221982e-04
-2.208701242189066959e-03 9.970542749591720065e-04
-1.966408937098717852e-03 8.133075247523250187e-04
-1.577677807991050788e-03 3.429847589999272610e-04
-1.133599324526293316e-03 -2.992761252902715512e-04
-7.355543261539144485e-04 -9.677900538726160601e-04
-4.757271776104443715e-04 -1.513871067910280230e-03
-4.193589683068688154e-04 -1.814406660139780258e-03
-5.921064575026059075e-04 -1.795540289557793741e-03
-9.749066083521841595e-04 -1.446969685328838590e-03
-1.507325148575889336e-03 -8.241468333602656625e-04
-2.098760930189521624e-03 -3.795774122030868506e-05
