-1.281518172858159797e-03 -2.765666112639484503e-03
-1.136587590928967752e-03 -3.022237521393693511e-03
-1.140244514082905261e-03 -2.826668408739799881e-03
-1.286267030227722895e-03 -2.215946009411042146e-03
-1.539889255570210842e-03 -1.303295476859473237e-03
-1.844743641396252116e-03 -2.568208324934409884e-04
-2.133926967065556072e-03 7.322006372329787488e-04
-2.343084905370823069e-03 1.485370740251399421e-03
-2.423027240024677557e-03 1.870747546854067966e-03
-2.349474312823052018e-03 1.827594837237492970e-03
-2.128078324137713025e-03 1.377623382435064865e-03
-1.793757902769139382e-03 6.206017626803773252e-04
-1.404461506713378582e-03 -2.848257039265348982e-04
-1.030530776184382163e-03 -1.151475182663667073e-03
-7.416690429181899743e-04 -1.799362889635291313e-03
-5.939748159267880905e-04 -2.090074187985273106e-03
-6.194890692624306205e-04 -1.953248168962073809e-03
-8.202305944636697219e-04 -1.400157048781689806e-03
-1.167845403340288290e-03 -5.218038817814657070e-04
-1.608934809186914104e-03 5.281058048539888621e-04
-2.075053332605532840e-03 1.562098038811106501e-03
-2.495485168797918762e-03 2.394294596362755989e-03
-2.810383588923383649e-03 2.875513458566382463e-03
-2.981790510210185520e-03 2.921460550635808506e-03
-3.000456224520502320e-03 2.528674793750573368e-03
-2.887175697330796910e-03 1.775206210055761289e-03
-2.688397212478524281e-03 8.058965178209778930e-04
-2.466944674821517670e-03 -1.949537329304731371e-04
-2.289620993194361413e-03 -1.038359784941765649e-03
-2.214051178463218895e-03 -1.566288842938942487e-03
-2.277268062876614332e-03 -1.681414955355344095e-03
-2.488213527533409287e-03 -1.365363862218476384e-03
-2.825586339916328748e-03 -6.819988564149137697e-04
-3.241454683741031625e-03 2.348686042929296622e-04
-3.669959086201667747e-03 1.207010624120744783e-03
-4.039466561255024464e-03 2.045716773324937881e-03
-4.285882046682443040e-03 2.587699344434181859e-03
-4.364602557732142132e-03 2.726166176774671643e-03
-4.258854747955953535e-03 2.431172642380351277e-03
-3.982839578489717237e-03 1.755394880921550731e-03
-3.579089381978979838e-03 8.242276203570999670e-04
-3.110536950448779692e-03 -1.879209222506375153e-04
-2.648796086048029949e-03 -1.090649839136417863e-03
-2.260868920011750455e-03 -1.713649763373643192e-03
-1.996791664158795165e-03 -1.939017186597108335e-03
-1.880551256804400932e-03 -1.723678425394385488e-03
-1.905984610651777298e-03 -1.107674692319879275e-03
-2.038427469547735536e-03 -2.067361559574308963e-04
-2.221790174843580982e-03 8.094529493657757731e-04
-2.389709317105486244e-03 1.749187340746228897e-03
-2.478652033872994279e-03 2.434830536516211907e-03
-2.440479815113617834e-03 2.736233558109496793e-03
-2.252081138881239369e-03 2.595160547764237182e-03
-1.920237719409112996e-03 2.036102359019178673e-03
-1.480792460547628768e-03 1.161436696857251873e-03
-9.922672816000299885e-04 1.318573556577574035e-04
-5.251312000200784869e-04 -8.642157761875949836e-04
-1.487440878024599887e-04 -1.646448174910437705e-03
8.155688135215444223e-05 -2.076837734252725675e-03
1.347865292508588705e-04 -2.085908495966815827e-03
1.010287207113124298e-05 -1.685887901205158088e-03
-2.630359210793836136e-04 -9.683700766567444017e-04
-6.303796552078300792e-04 -8.690634518338240418e-05
-1.023019014118798807e-03 7.721806855554981357e-04
-1.370228761597468928e-03 1.425232145102633052e-03
-1.612595042566831224e-03 1.726225409780853632e-03
-1.712948145854621511e-03 1.594659039588262146e-03
-1.663038810596386818e-03 1.031066143910310939e-03
-1.484703142519493146e-03 1.172138708155845898e-04
-1.225305654269022741e-03 -9.990543063409917240e-04
-9.483340437582482227e-04 -2.131469488441575799e-03
-7.209377319393868661e-04 -3.090252251597443330e-03
-6.007809486915131284e-04 -3.717687237828995548e-03
-6.247106738310838131e-04 -3.917628424466806578e-03
-8.013954728227035097e-04 -3.673355415608121378e-03
-1.109338410646417555e-03 -3.050406881738468128e-03
-1.500648412605393688e-03 -2.183861771173153162e-03
-1.909862713698809705e-03 -1.252483429236173930e-03
-2.266155218166640735e-03 -4.446286911294649365e-04
-2.506623038541694066e-03 7.761748202500312263e-05
-2.588137799527679209e-03 2.092861568346376586e-04
-2.495518401442798229e-03 -7.749661586707026414e-05
-2.244476777505434624e-03 -7.281817462443304894e-04
-1.878776312907441464e-03 -1.616130432610835953e-03
-1.462137000858907852e-03 -2.566652645176167261e-03
-1.066414856225966767e-03 -3.390198163025866761e-03
-7.582874194940192325e-04 -3.918413250172376669e-03
-5.869589435353993884e-04 -4.036232314510505154e-03
-5.752046934896217975e-04 -3.703923747515419813e-03
-7.154405184380259290e-04 -2.964910609184039439e-03
-9.715515145937679564e-04 -1.937879772959188399e-03
-1.286122688037583508e-03 -7.946675398497269737e-04
-1.591691692890318584e-03 2.718976882568691425e-04
-1.823882568204016584e-03 1.084114064616431301e-03
-1.933923870492154423e-03 1.512654981439144359e-03
-1.898171885621177234e-03 1.500659947956773516e-03
-1.722827511382096517e-03 1.074113584270803418e-03
-1.442946526920363317e-03 3.365545696602708086e-04
-1.115924894273480263e-03 -5.508769220912022781e-04
-8.106885809288672407e-04 -1.400269015082189830e-03
-5.946325847519217918e-04 -2.032801742066474553e-03
-5.207818386126530615e-04 -2.312848591505861813e-03
-6.176063054965969142e-04 -2.173854701378976836e-03
-8.834214691902907970e-04 -1.631088672731274922e-03
-1.286438542051928941e-03 -7.788517165911294261e-04
-1.770460306513340276e-03 2.273279648227956458e-04
-2.265150923926877776e-03 1.200143602307748901e-03
-2.698943325887446891e-03 1.956023665649541006e-03
-3.012149483389672897e-03 2.349984212012776966e-03
-3.167801139059094571e-03 2.303217110601943601e-03
-3.158178659696020667e-03 1.818185802081275686e-03
-3.005802272016831062e-03 9.783647234745721476e-04
-2.758708630693183783e-03 -6.733435915484739900e-05
-2.480917862877427080e-03 -1.132506555823383767e-03
-2.239906854438719706e-03 -2.028283666586657916e-03
-2.093470980928208072e-03 -2.598822945983032991e-03
-2.078471413111170410e-03 -2.750541213461282948e-03
-2.203606821623266265e-03 -2.469564987823525716e-03
-2.447584714482442005e-03 -1.824098524967324511e-03
-2.763043479876735320e-03 -9.512671978941164563e-04
-3.085485521743859278e-03 -3.093280972830741646e-05
-3.345531248283333675e-03 7.485563519869359566e-04
-3.482173087740740754e-03 1.226191524168488518e-03
-3.454517541408412724e-03 1.298918722207840441e-03
-3.249787805119790356e-03 9.412439223459329474e-04
-2.886065972037927304e-03 2.101145863429802058e-04
-2.409248607198261408e-03 -7.658469773722273530e-04
-1.884784167603530906e-03 -1.810718684145459258e-03
-1.385747935802746165e-03 -2.734644489074735188e-03
-9.795028435886786629e-04 -3.369869840889924695e-03
-7.154616436096228717e-04 -3.602619336544875782e-03
-6.162568125667729040e-04 -3.394775766594367462e-03
-6.739789359259750574e-04 -2.791250401389185239e-03
-8.521843954821814796e-04 -1.911643502157044441e-03
-1.093280801309083183e-03 -9.277686122272733654e-04
-1.329880728263633724e-03 -3.129085913272503829e-05
-1.497963698244707004e-03 6.023985796877536110e-04
-1.549345043843822385e-03 8.472369095375526047e-04
-1.461082827860277992e-03 6.502193597878356494e-04
-1.240035256870615932e-03 4.131558259116573269e-05
-9.217009800003581142e-04 -8.723005848784816992e-04
-5.635590987084348070e-04 -1.926611628234771879e-03
-2.341691976992123073e-04 -2.931848657011178021e-03
-9.652975038081709064e-08 -3.708425626482158254e-03
8.685885501148662025e-05 -4.120909612297517233e-03
-2.938304608949898408e-07 -4.103594144623795049e-03
-2.583267430430885581e-04 -3.672833752855599390e-03
-6.540501094274882169e-04 -2.923805927936382488e-03
-1.130194429587293202e-03 -2.012316596046185169e-03
-1.615813369224266844e-03 -1.125098167622488746e-03
-2.039247480273295200e-03 -4.442288168466635139e-04
-2.341204785061640203e-03 -1.124152851097754563e-04
-2.485492577769967890e-03 -2.057184783810033467e-04
-2.465379594795410589e-03 -7.188923349020282568e-04
-2.304394870918817072e-03 -1.566118503139148207e-03
-2.051422648428944881e-03 -2.597004293292016087e-03
-1.771032286371346199e-03 -3.624821075426668676e-03
-1.530883726328063910e-03 -4.461642158570025204e-03
-1.388601865605357949e-03 -4.953732279618514728e-03
-1.380612416499541265e-03 -5.010492731512238007e-03
-1.515058715473173228e-03 -4.621486003656016632e-03
-1.770144268656924369e-03 -3.858320538972933277e-03
-2.098216489710739378e-03 -2.861042356827835781e-03
-2.434818211327322013e-03 -1.811613008354692050e-03
-2.710991360098195455e-03 -8.994973328450219137e-04
-2.866499956605935307e-03 -2.858771938252708568e-04
-2.861464052487974231e-03 -7.326637293663274680e-05
-2.684195556245974092e-03 -2.862781379297419000e-04
-2.353744595502903561e-03 -8.671844182690936331e-04
-1.916665432542176244e-03 -1.687103870484486703e-03
-1.438604694415653463e-03 -2.570695806444226513e-03
-9.922946550341292700e-04 -3.329678601957395366e-03
-6.442148057985571611e-04 -3.798819402261545842e-03
-4.424369805078319810e-04 -3.867573412290914968e-03
-4.079450927388829232e-04 -3.501374580160817197e-03
-5.310626341241774353e-04 -2.748539048304448479e-03
-7.736542202718807350e-04 -1.731467143703587213e-03
-1.076674893655786861e-03 -6.238028782421798420e-04
-1.371629493065459632e-03 3.821310686312731544e-04
-1.593765518158636249e-03 1.111463446321660654e-03
-1.694496226696317297e-03 1.439634717260389503e-03
-1.650697919412844267e-03 1.315770999065803137e-03
-1.469118648707984625e-03 7.721503098959657529e-04
-1.185062735811313753e-03 -8.202796106723190660e-05
-8.556010469822661639e-04 -1.081388303565528801e-03
-5.485953701752385812e-04 -2.035709565501917125e-03
-3.296196547306844528e-04 -2.765907759149729798e-03
-2.492607033624284762e-04 -3.137858383903993111e-03
-3.332103125373249214e-04 -3.087655715609345566e-03
-5.770332216788335092e-04 -2.633529192727987987e-03
-9.466105776396185022e-04 -1.872164712305340525e-03
-1.384184593022173143e-03 -9.601325446063788084e-04
-1.818870083401888252e-03 -8.394429448000621102e-05
-2.179653216575720177e-03 5.755851417432566574e-04
-2.408426988376364229e-03 8.779159606219764413e-04
-2.470605689487657790e-03 7.497477547401233070e-04
-2.361318352044170996e-03 1.992566284665538406e-04
-2.106017348380713125e-03 -6.850983489433855583e-04
-1.755394787520667349e-03 -1.750980994018406286e-03
-1.375576130627997884e-03 -2.810696977515404239e-03
-1.035453568783843790e-03 -3.676432483544039755e-03
-7.935619492700456265e-04 -4.195546040590632936e-03
-6.869850449793474863e-04 -4.279236229224027410e-03
-7.243936823291363767e-04 -3.919161563073030909e-03
-8.845329590096084275e-04 -3.188869355028724727e-03
-1.120442180980500040e-03 -2.229765891079891170e-03
-1.368604071583589361e-03 -1.224286204084825205e-03
-1.561285101082529863e-03 -3.613442008088009992e-04
-1.639723348407491708e-03 1.993956857395020720e-04
-1.565658689044154353e-03 3.576621489583867684e-04
-1.329012906433521416e-03 9.143120120182418945e-05
-9.502554159725058996e-04 -5.390754087200612388e-04
-4.769959318858505186e-04 -1.403000196435661307e-03
2.456175091799467987e-05 -2.323864834825877402e-03
4.816976005053681480e-04 -3.113247535392568363e-03
8.285085671551172936e-04 -3.606739762751763959e-03
1.017982788315691762e-03 -3.695367256777635796e-03
1.030538205980971542e-03 -3.346519132505457184e-03
8.774177034269151510e-04 -2.610415603313442218e-03
5.983057070680801231e-04 -1.610883325369698218e-03
2.536239538136457624e-04 -5.221789063298074149e-04
-8.703004820155064601e-05 4.637568633168494964e-04
-3.581097470994762605e-04 1.173419172590317236e-03
-5.105058164325029487e-04 1.484399305250110306e-03
-5.207471544127449670e-04 1.348404568190203316e-03
-3.952765435387752555e-04 8.002822223165267663e-04
-1.689950673488647298e-04 -4.865938019365991657e-05
1.016439000405400787e-04 -1.031767054609946180e-03
3.496768399637487741e-04 -1.958598406214135876e-03
5.107095949810851578e-04 -2.650943125736561577e-03
5.355485716560344153e-04 -2.976491676360461074e-03
3.999819754060037337e-04 -2.873779470471040515e-03
1.098483806560318242e-04 -2.363687410683480011e-03
-2.995781940077647657e-04 -1.545325841203705388e-03
-7.697816346573881476e-04 -5.770863972709626378e-04
-1.229614173370736788e-03 3.535450017626913695e-04
-1.608325928896554586e-03 1.065692489122855094e-03
-1.848556903990142622e-03 1.419545560413020165e-03
-1.916841033294190829e-03 1.343035474036439461e-03
-1.809641855249447939e-03 8.456758808945136338e-04
-1.553784143287881021e-03 1.694147938661777660e-05
-1.201205446722248497e-03 -9.905134619473446832e-04
-8.190253594712831701e-04 -1.989623859943624382e-03
-4.768151694769752133e-04 -2.794226635563729598e-03
-2.334788605053902131e-04 -3.254234552691245581e-03
-1.262282686593641087e-04 -3.284013491030132043e-03
-1.637369964932616512e-04 -2.878591493263412109e-03
-3.247648906931749325e-04 -2.114630865897425098e-03
-5.625076060976862136e-04 -1.135978579489264461e-03
-8.138403967531159574e-04 -1.265292205771629879e-04
-1.011697316475564058e-03 7.244638584186478564e-04
-1.098232241850182877e-03 1.258064463894377483e-03
-1.036259247358412277e-03 1.375565688770818192e-03
-8.167951038113305598e-04 1.056979419303505970e-03
-4.612644420628201811e-04 3.646078198248074069e-04
-1.793867951302622710e-05 -5.689735140253770205e-04
4.467282345518478566e-04 -1.566239249347799439e-03
8.602375815176648835e-04 -2.438543774466557772e-03
1.157369161468502303e-03 -3.022044943933095522e-03
1.292176709240725092e-03 -3.208914282372958993e-03
1.246392187030020190e-03 -2.967918521357127554e-03
1.032654115242604125e-03 -2.350470103826513696e-03
6.919534753218014840e-04 -1.480996106835967205e-03
2.857839475913244833e-04 -5.334449620943866859e-04
-1.155156034080916756e-04 3.016239404711495205e-04
-4.460190257013111692e-04 8.531384703878881759e-04
-6.565623370341744066e-04 1.001965767187960790e-03
-7.238495911540140200e-04 7.035733644834452506e-04
-6.545958511497017209e-04 -3.392341749150745017e-06
-4.839292550189661980e-04 -1.004236488533235714e-03
-2.683625225941869085e-04 -2.129707784543096501e-03
-7.467356146553566672e-05 -3.187786681391410054e-03
3.318976477435363771e-05 -3.999755612930572420e-03
6.690863009874018288e-06 -4.433727230998895513e-03
-1.776214490316373792e-04 -4.429288395636173971e-03
-5.131889181341338585e-04 -4.008600155212527910e-03
-9.642136281549184944e-04 -3.271858649623936559e-03
-1.471986764353217869e-03 -2.377983297697529568e-03
-1.965588153974572126e-03 -1.514196050622938121e-03
-2.374939639567101059e-03 -8.602590949748137577e-04
-2.643748393302435776e-03 -5.541497056377022237e-04
-2.739895856785815043e-03 -6.656784071613244640e-04
-2.661310403110360261e-03 -1.183051827363953241e-03
-2.436215660232706869e-03 -2.014929651181450281e-03
-2.117709941600401553e-03 -3.007590322573778542e-03
-1.773703987342255652e-03 -3.973958381695428393e-03
-1.474121366126224502e-03 -4.728999413805048610e-03
-1.277782502480010601e-03 -5.124781868165856173e-03
-1.221451699037008100e-03 -5.078566888904260598e-03
-1.313115672833208968e-03 -4.588606117489072572e-03
-1.530759703311204006e-03 -3.734653635990591893e-03
-1.826865322823959404e-03 -2.663091531221035719e-03
-2.137768915487654395e-03 -1.559481171945085488e-03
-2.396099136243201675e-03 -6.137326094395132575e-04
-2.543927371155217752e-03 1.551830711138619048e-05
-2.544130159354939750e-03 2.305860924830594773e-04
-2.387801219066901064e-03 1.285268992830528728e-05
-2.096299263005391156e-03 -5.740976528050226874e-04
-1.717534290725461444e-03 -1.396911512612442324e-03
-1.317186901668334319e-03 -2.278105327058283988e-03
-9.665155893277242467e-04 -3.030047893745847418e-03
-7.290541620094197987e-04 -3.490844456046904992e-03
-6.487129394689162545e-04 -3.555320906608389758e-03
-7.415331500808712908e-04 -3.195234933556572246e-03
-9.926538977514118636e-04 -2.464881427082910633e-03
-1.359065668829538857e-03 -1.491025914906683823e-03
-1.777630109866394506e-03 -4.490684082877070870e-04
-2.176849971108126870e-03 4.700513933851794418e-04
-2.490164344057377646e-03 1.095942163492281268e-03
-2.668256898251212920e-03 1.311008936835470753e-03
-2.688053170242480847e-03 1.072753800153091429e-03
-2.556711347853475331e-03 4.219047505001757500e-04
-2.309860294003401870e-03 -5.251691138354053212e-04
-2.004428827292472313e-03 -1.598323301663255808e-03
-1.707434959131878599e-03 -2.605648569613215441e-03
-1.482868900694843395e-03 -3.369570499446956566e-03
-1.379164484392895150e-03 -3.760208523465676314e-03
-1.419641992411389310e-03 -3.719684275598918264e-03
-1.597742361425829455e-03 -3.272783055073182155e-03
-1.877964805308507791e-03 -2.521956265580667378e-03
-2.202338875130052925e-03 -1.627617771547682987e-03
-2.501212586955012425e-03 -7.774717532821329158e-04
-2.706319356517455314e-03 -1.506864526313526735e-04
-2.763653323362541200e-03 1.162961969018608092e-04
-2.643717355928099349e-03 -4.416454098166676390e-05
-2.347204044414774246e-03 -6.178908095675081456e-04
-1.905033309822867869e-03 -1.511394770747024035e-03
-1.372737296804359911e-03 -2.569440855794266707e-03
-8.202518837926687460e-04 -3.604337975986551118e-03
-3.190421927412967311e-04 -4.431416115545290003e-03
7.100723487995521353e-05 -4.903969797758716068e-03
3.124635441161978649e-04 -4.941050748757292929e-03
3.969286623508817748e-04 -4.542844864676169950e-03
3.460977610361295857e-04 -3.790718414430697871e-03
2.071033215678080115e-04 -2.831920556732149021e-03
4.303783748644889832e-05 -1.851834200899094137e-03
-7.953833225810154860e-05 -1.039024763817455836e-03
-1.037264487434255049e-04 -5.496998902580520208e-04
6.441621269101310485e-06 -4.783044789043395043e-04
2.587396961337774847e-04 -8.398133813511414383e-04
6.308741171145560269e-04 -1.567069013699572220e-03
1.074364342991491073e-03 -2.523662323339203369e-03
1.523449479622446864e-03 -3.529912523843961765e-03
1.907339544965934008e-03 -4.397021001689933872e-03
2.163495114269140245e-03 -4.962927391846675557e-03
2.249422433941919777e-03 -5.123074071246763728e-03
2.150750537274576275e-03 -4.850250278604134949e-03
1.884059555876970533e-03 -4.199756092207280675e-03
1.493922155113288274e-03 -3.298907665462004306e-03
1.044714564794160415e-03 -2.322871473958137718e-03
6.087425509785375412e-04 -1.461404910352838817e-03
2.529237081677617946e-04 -8.828030555098108703e-04
2.653915671548955513e-05 -7.018809580624243115e-04
-4.763605810567748521e-05 -9.580572394588282061e-04
2.284480844285308090e-05 -1.607692903285123974e-03
2.020377640895186164e-04 -2.532140741798494590e-03
4.329268914572360818e-04 -3.559986494713390705e-03
6.487267808692321995e-04 -4.499276055593265204e-03
7.860168170195336833e-04 -5.173632392646025993e-03
7.972093041632780097e-04 -5.455429583940137918e-03
6.599806585204093246e-04 -5.289748919309876854e-03
3.818713782686597663e-04 -4.704587678937320952e-03
-8.232421346246357290e-07 -3.805394148335793873e-03
-4.296673931473122361e-04 -2.754969602410332462e-03
-8.349563625304612510e-04 -1.742547612148199424e-03
-1.148790637966869230e-03 -9.479089576997572989e-04
-1.317879304768199708e-03 -5.073292013541225512e-04
-1.313649145056683312e-03 -4.878079715657734038e-04
-1.137744105362588657e-03 -8.744600944922710766e-04
-8.218706703159314947e-04 -1.573455824414846365e-03
-4.220134532576901151e-04 -2.429952460282546866e-03
-8.109730765493107160e-06 -3.257620160751345962e-03
3.488698446367284210e-04 -3.874168493287975454e-03
5.899971519997789567e-04 -4.136143159136724742e-03
6.791532977309032394e-04 -3.966399800555584290e-03
6.094582887665768445e-04 -3.369047726397770941e-03
4.041574340470242745e-04 -2.429028227858575067e-03
1.118076892638565704e-04 -1.296400747927773387e-03
-2.033140825688342689e-04 -1.583049061458080813e-04
-4.737549738958074280e-04 7.961006390382169805e-04
-6.419978769493490207e-04 1.411091899165939790e-03
-6.716504726488770494e-04 1.593520766105832164e-03
-5.545855534278917474e-04 1.330133464468639167e-03
-3.126745133727792730e-04 6.897938993700334850e-04
6.219244291628473397e-06 -1.898031249812481684e-04
3.372320828972755506e-04 -1.128408057555512021e-03
6.107768311540241269e-04 -1.937502929916006629e-03
7.657806047551709390e-04 -2.456103047242809770e-03
7.613763483699432675e-04 -2.581293384609997625e-03
5.848318149849666232e-04 -2.287717050396055260e-03
2.542104101433523256e-04 -1.632326014244997675e-03
-1.847458950557830917e-04 -7.434956632747399775e-04
-6.669289459445312644e-04 2.034338083601702394e-04
-1.119807052680908688e-03 1.019555294530563897e-03
-1.476746477753767672e-03 1.538404538246505035e-03
-1.689199933667062236e-03 1.647758888333478427e-03
-1.735465195683825318e-03 1.311198694702246648e-03
-1.624366470665892029e-03 5.753426404385765828e-04
-1.393172260349676310e-03 -4.386198147276138340e-04
-1.100154152481902861e-03 -1.557503062087891698e-03
-8.132048402795098068e-04 -2.588540578672622258e-03
-5.966788322220971255e-04 -3.355511244550221043e-03
-4.989547265515748920e-04 -3.731744475439365341e-03
-5.430801141184727395e-04 -3.663762532604628031e-03
-7.222752796982399165e-04 -3.181090530933115314e-03
-1.001150657371624279e-03 -2.390382834708366152e-03
-1.322409825039116103e-03 -1.454983085218016642e-03
-1.617769700190197727e-03 -5.637921097306280386e-04
-1.821029459574333501e-03 1.046585411488582407e-04
-1.880811159542320789e-03 4.161228752952194406e-04
-1.770555565703267045e-03 3.061236576742290376e-04
-1.493874892861037345e-03 -2.078225534958720502e-04
-1.084241856920703777e-03 -1.029552251732677656e-03
-5.990654422465897973e-04 -2.002538119228513235e-03
-1.092653648087201705e-04 -2.939644037724488401e-03
3.136915205191304046e-04 -3.658714756330091415e-03
6.108497244253720173e-04 -4.017257558389563527e-03
7.464576456598706871e-04 -3.939644435774088647e-03
7.142809349169616361e-04 -3.431678625612347155e-03
5.383520038324612293e-04 -2.579760985778821805e-03
2.680235566168157816e-04 -1.534806942614897699e-03
-3.172839396893925058e-05 -4.839518588268824830e-04
-2.929079413752997806e-04 3.846049709500928750e-04
-4.576156644580823890e-04 9.169678742398761073e-04
-4.891885709600574377e-04 1.022433503109414481e-03
-3.792499389007062197e-04 6.904365215721168774e-04
-1.493315255421226212e-04 -7.651086102681637149e-06
1.532400018219335714e-04 -9.322033031244896396e-04
4.644129556998826064e-04 -1.901911628027071807e-03
7.157174662557559469e-04 -2.728211386647494754e-03
8.474755125592650911e-04 -3.251043201153855193e-03
8.204077647101476294e-04 -3.369178162316838372e-03
6.234326760121865945e-04 -3.059365302437027333e-03
2.761725586507907592e-04 -2.380676993278335856e-03
-1.743177812310595304e-04 -1.463231263738286802e-03
-6.619911835708416990e-04 -4.834290966342094870e-04
-1.113830026976604225e-03 3.696008115629616751e-04
-1.463184676323227859e-03 9.299914640473860416e-04
-1.661913932994819963e-03 1.086741130849458664e-03
-1.689039705057741175e-03 8.049411392425870684e-04
-1.554287974931562680e-03 1.326025269568597686e-04
-1.295855950188221344e-03 -8.082169361556907836e-04
-9.728376349686074752e-04 -1.844311175395998894e-03
-6.537501406838920875e-04 -2.783919883146367819e-03
-4.033397987619783895e-04 -3.452852536495142760e-03
-2.701712792200661618e-04 -3.727307917279259510e-03
-2.773532103073114274e-04 -3.557179638726845009e-03
-4.181585337129583397e-04 -2.975438592964277026e-03
-6.573695525609517341e-04 -2.091818438978195437e-03
-9.380919543559123859e-04 -1.072001495080025964e-03
-1.192744610694034760e-03 -1.062471309253420343e-04
-1.356139316343867030e-03 6.265968705102232476e-04
-1.378167167286294213e-03 9.928860634451062723e-04
-1.233681399587080799e-03 9.293772400087556024e-04
-9.276963608958097539e-04 4.550638596943644334e-04
-4.949084039291629707e-04 -3.325883921571862623e-04
6.381051808334964554e-06 -1.276288678802700886e-03
5.048007251539619617e-04 -2.188914945031462077e-03
9.289196564449620289e-04 -2.889170083297041072e-03
1.220280514328249064e-03 -3.236143244980390059e-03
1.343999374647490350e-03 -3.156226099232607631e-03
1.294935272194613733e-03 -2.657280985511723589e-03
1.098270660398871588e-03 -1.827371506407741856e-03
8.044012001549571142e-04 -8.182893526827069710e-04
4.791098833187774127e-04 1.830094485549160115e-04
1.908923931191530221e-04 9.896554947033239704e-04
-2.161238949209684165e-06 1.450133707692024708e-03
-6.344117338278850490e-05 1.476893319712326014e-03
1.525018672080165338e-05 1.062885581119105919e-03
2.122209926468070348e-04 2.828997606152800458e-04
4.801451608009410488e-04 -7.205543895003107885e-04
7.552403628330279584e-04 -1.764144375697631467e-03
9.696254414553191325e-04 -2.658300713062249597e-03
1.064510413745388276e-03 -3.242943789572433778e-03
1.001713213189701348e-03 -3.417589791517140416e-03
7.713129644795298960e-04 -3.160138766554358020e-03
3.939802632622508584e-04 -2.530791743702878911e-03
-8.246760727783573322e-05 -1.660360515392103609e-03
-5.916451587672583645e-04 -7.251898065983766305e-04
-1.060697293993967394e-03 8.655278831622625554e-05
-1.423637615990309274e-03 6.108287645263186637e-04
-1.633410898225438543e-03 7.391075471763735704e-04
-1.670405162915306052e-03 4.392231634171581481e-04
-1.545810317450148526e-03 -2.382476909872836921e-04
-1.299195173017793185e-03 -1.169300668943872804e-03
-9.907683231355111312e-04 -2.179754260267174025e-03
-6.897936962786723738e-04 -3.078038723925473341e-03
-4.613582648036483385e-04 -3.691319504255073658e-03
-3.539998318119296893e-04 -3.898118875587047640e-03
-3.905382680983222497e-04 -3.651261662578386084e-03
-5.638451933656948682e-04 -2.986802076946468501e-03
-8.383501310001888543e-04 -2.017242283592362087e-03
-1.156993158195391289e-03 -9.103267491298706968e-04
-1.452301191140814357e-03 1.425733686516096783e-04
-1.659482931424590552e-03 9.625015233872427720e-04
-1.729054204330486826e-03 1.416561611849943749e-03
-1.636593460470281902e-03 1.442801743033881451e-03
-1.387769941545471432e-03 1.061629299157412516e-03
-1.017681754622100799e-03 3.716017147804912468e-04
-5.846184997107367306e-04 -4.696034049533527209e-04
-1.594191167638636056e-04 -1.275428250355455876e-03
1.875697875930005349e-04 -1.866151151797610210e-03
3.994748203762305211e-04 -2.103308385187031490e-03
4.433662815210671427e-04 -1.916295660602152558e-03
3.162430944900978353e-04 -1.316104596368373970e-03
4.540539606397002177e-05 -3.935860130913530026e-04
-3.168504691825535166e-04 6.974375968444295349e-04
-7.032061591564338571e-04 1.769018561178682539e-03
-1.044073873900995368e-03 2.634432480019675837e-03
-1.280711982541023067e-03 3.143339681734526672e-03
-1.376221388491010583e-03 3.210105132760703028e-03
-1.322343110663567198e-03 2.829916536681883858e-03
-1.140774126352603075e-03 2.079649599104880543e-03
-8.787580739428469540e-04 1.103316521653018977e-03
-5.997930599816641076e-04 8.485206989083103092e-05
-3.712248294447055954e-04 -7.866116324879428735e-04
-2.510844473875481746e-04 -1.352409024918242112e-03
-2.766734483883494114e-04 -1.514194348003853555e-03
-4.570689009700043678e-04 -1.252335976676835581e-03
-7.709786167778477249e-04 -6.293742591966708898e-04
-1.170363409165773097e-03 2.221057249021271508e-04
-1.589150829201530467e-03 1.124883460201822963e-03
-1.955400086284706743e-03 1.890976017901257241e-03
-2.204623539972179989e-03 2.357553728054429757e-03
-2.291750081286124483e-03 2.418090636342877173e-03
-2.199471608012506813e-03 2.042844299642750105e-03
-1.941397305754682511e-03 1.284780315832369062e-03
-1.559422253396796796e-03 2.698136654497519833e-04
-1.115811058814411647e-03 -8.267905656814319168e-04
-6.814965196113695247e-04 -1.813392814363671158e-03
-3.228084262943622810e-04 -2.518090364545495525e-03
-8.914321319645048067e-05 -2.821129017671026445e-03
-3.905314500262323761e-06 -2.677479348700641248e-03
-6.042988799114760046e-05 -2.125303228988388408e-03
-2.236516864322398563e-04 -1.278707157605731871e-03
-4.371952983741796161e-04 -3.061534628654264691e-04
-6.345341913272931674e-04 6.013846827384385389e-04
-7.520946587222104851e-04 1.266497330455549752e-03
-7.418119270384181336e-04 1.558813851621465444e-03
-5.807491125876084858e-04 1.419546652852491080e-03
-2.759458512328713422e-04 8.724600434703281724e-04
1.364329928887832058e-04 1.919270262834267635e-05
5.974981782043361795e-04 -9.801747041268988204e-04
1.036384353418246494e-03 -1.937621025789282216e-03
1.383319241357067186e-03 -2.672973397335852951e-03
1.582546485658510582e-03 -3.048200350168370903e-03
1.602661303314581150e-03 -2.993709882635307504e-03
1.442406703678690647e-03 -2.521667643049983060e-03
1.130836338990423486e-03 -1.723809055029451674e-03
7.218153860777794468e-04 -7.541563066765981458e-04
2.839013466912165655e-04 2.000897109036011519e-04
-1.124804063764470131e-04 9.539726328011173670e-04
-4.081412199376383541e-04 1.359812674919211838e-03
-5.660375132162328866e-04 1.335214420092017528e-03
-5.779238889606618532e-04 8.787462804163387146e-04
-4.654990289541382099e-04 7.032088079421384107e-05
-2.758363980868197541e-04 -9.437984560851956847e-04
-7.197510205192677907e-05 -1.978529622476740430e-03
7.953633778464769743e-05 -2.844832943365419899e-03
1.217728951201349410e-04 -3.385305308489427057e-03
1.874390145104206078e-05 -3.503772613477104236e-03
-2.372715842233899877e-04 -3.183282953549495826e-03
-6.237649267086248358e-04 -2.489099903111875040e-03
-1.091794942830827181e-03 -1.556135758469179764e-03
-1.574832295724672582e-03 -5.632108065435870951e-04
-2.000985238576161694e-03 3.009813211993146199e-04
-2.306299489121365308e-03 8.737523733508617205e-04
-2.446620339944746876e-03 1.049343893558109773e-03
-2.405775676615098772e-03 7.990375260569762463e-04
-2.198533316113637781e-03 1.766395329938252098e-04
-1.867773701268640903e-03 -6.917021037923225951e-04
-1.476412666806205601e-03 -1.631422022173539474e-03
-1.095601637227694089e-03 -2.452674106139631979e-03
-7.914361263180841018e-04 -2.986405597087653328e-03
-6.126844289244585094e-04 -3.116536512413779422e-03
-5.818536820629904112e-04 -2.802148724162632602e-03
-6.912770020891090663e-04 -2.085479976654943009e-03
-9.049533335259932892e-04 -1.084205248424484520e-03
-1.165781443851407950e-03 3.053775691422847471e-05
-1.406807652778781703e-03 1.066223779258034009e-03
-1.564346761066373213e-03 1.845048930744141655e-03
-1.590480980785292410e-03 2.237243294847592826e-03
-1.462559520397349339e-03 2.185286806106731972e-03
-1.187889601626784548e-03 1.714450383799262945e-03
-8.027206929875985511e-04 9.276733878538956542e-04
-3.657052778184506137e-04 -1.424578831716910750e-05
5.293328602083545052e-05 -9.233883353143172495e-04
3.844807918505815025e-04 -1.620555967068477684e-03
5.745878139782449340e-04 -1.969421636414872036e-03
5.934696412886454565e-04 -1.902518329216071682e-03
4.415206800205184528e-04 -1.434140791729067053e-03
1.492803890205725444e-04 -6.577143095373059415e-04
-2.282441376180556556e-04 2.718730024032108808e-04
-6.218269054445784913e-04 1.167629756147283565e-03
-9.609071657195979773e-04 1.845953280754302622e-03
-1.186675611875639014e-03 2.161532491385233148e-03
-1.262892255474529386e-03 2.035050512219278764e-03
-1.182396038972018375e-03 1.468438060510283711e-03
-9.680827299932371829e-04 5.447846923564385454e-04
-6.681757185802472991e-04 -5.870808785083693731e-04
-3.466955662766473185e-04 -1.740427883221561545e-03
-7.094368374673692447e-05 -2.725613671014290567e-03
1.016190403777544752e-04 -3.385608477818115823e-03
1.346036448425352297e-04 -3.625335406952365398e-03
1.989820457539174733e-05 -3.429277655689734819e-03
-2.205261543285545701e-04 -2.864026862361807382e-03
-5.385575028327386094e-04 -2.065297856289866930e-03
-8.688930488338803297e-04 -1.211876035299613895e-03
-1.141306720913743550e-03 -4.914372180046216836e-04
-1.293914827294757614e-03 -6.471788634244751356e-05
-1.284929740795840662e-03 -3.482518614563237525e-05
-1.100676170822164224e-03 -4.275019910119834659e-04
-7.583505029022542115e-04 -1.186087143781307338e-03
-3.029974105643077568e-04 -2.182127502301391304e-03
2.007285827037452882e-04 -3.239633634025023898e-03
6.804627465715963781e-04 -4.168386367391599401e-03
1.069445101897348229e-03 -4.799986455311509859e-03
1.318737999660516639e-03 -5.019819196165975841e-03
1.406042577499073661e-03 -4.788878574450674414e-03
1.339455359670346703e-03 -4.151314929737837632e-03
1.155464993921884393e-03 -3.226272729208172658e-03
9.115798807507774666e-04 -2.185558864451699664e-03
6.749937354992918215e-04 -1.221363975078496077e-03
5.094456717095015774e-04 -5.101419614593274976e-04
4.627724605432636477e-04 -1.794797949960622203e-04
5.575187040860138952e-04 -2.842233926635966308e-04
7.863907134427108175e-04 -7.963728851878464684e-04
1.113421655683670408e-03 -1.610653803480722361e-03
1.480632854681604308e-03 -2.564703051969080723e-03
1.818934020216772616e-03 -3.470041918583024847e-03
2.061201018750557015e-03 -4.147966648004314597e-03
2.155055906981055702e-03 -4.463556867400419320e-03
2.072928691383281712e-03 -4.351359476161583209e-03
1.817493239645275298e-03 -3.827882725530683174e-03
1.421443819737845627e-03 -2.988533432236752281e-03
9.416484948724465230e-04 -1.989576617105694948e-03
4.487786970289566802e-04 -1.018533589736766434e-03
1.436958252060810924e-05 -2.586245714051784318e-04
-3.022487050198517135e-04 1.460093739260176493e-04
-4.646849939284659371e-04 1.177168901926105120e-04
-4.658649814771050166e-04 -3.398147039716582253e-04
-3.288568735511836834e-04 -1.142088334194881925e-03
-1.019998704280757100e-04 -2.139609157067339819e-03
1.507309864271180093e-04 -3.145991548443824101e-03
3.622887249463075721e-04 -3.973045433797641607e-03
4.756584855852764209e-04 -4.466204994295563946e-03
4.550117030265577161e-04 -4.533597861263260684e-03
2.927905877379467650e-04 -4.163256649099771056e-03
1.137471505568651321e-05 -3.425219237131585381e-03
-3.409913154143382722e-04 -2.458124763636248319e-03
-6.992419214377895362e-04 -1.442847345293046465e-03
-9.937957838660705853e-04 -5.681633486100507672e-04
-1.163792313199559034e-03 5.044124120776646153e-06
-1.168751145182451122e-03 1.742636519508531344e-04
-9.964433895938121406e-04 -8.525532868953415028e-05
-6.654791555235900621e-04 -7.158739321585882824e-04
-2.221149331502373194e-04 -1.588571225730869103e-03
2.681225035317911110e-04 -2.527501488389312639e-03
7.324188224491471775e-04 -3.343448793271527192e-03
1.104002794599758799e-03 -3.869840972249930997e-03
1.334311642168098128e-03 -3.994499606569525824e-03
1.401698702595678518e-03 -3.681109160306364654e-03
1.315045636735923465e-03 -2.976334170258946449e-03
1.111605990488950726e-03 -2.001230323642055973e-03
8.494989807885868112e-04 -9.285690043663078451e-04
5.962850956217481506e-04 4.963764225448977045e-05
4.157965397775985556e-04 7.582681513436983003e-04
3.557251718336756387e-04 1.072043924047813915e-03
4.383259108031514750e-04 9.390679909871365617e-04
6.560021130248170837e-04 3.904982196867180094e-04
9.726132697204954974e-04 -4.654722193070622883e-04
1.330260062159431024e-03 -1.464183563827514169e-03
1.660262914528751795e-03 -2.415729756339357603e-03
1.896254399589859243e-03 -3.140916809751189386e-03
1.986903803979314046e-03 -3.505149499945448693e-03
1.905859998492488976e-03 -3.443829766122411852e-03
1.657023794257027859e-03 -2.974458331603170406e-03
1.274143980158127989e-03 -2.193149839038768291e-03
8.148051044773569306e-04 -1.256224317833206381e-03
3.499363386295657589e-04 -3.503648558078507284e-04
-4.918167777969567871e-05 3.430025767256711464e-04
-3.239618203748183137e-04 6.823563540677610693e-04
-4.391476518829523241e-04 5.931863469566223904e-04
-3.890392510543408226e-04 8.242123383826217842e-05
-1.981394341991295671e-04 -7.625630305818672898e-04
8.389164710237977812e-05 -1.790173019822165115e-03
3.920083472890683305e-04 -2.812999808453699006e-03
6.584184483124716969e-04 -3.643021906399721531e-03
8.256879487279940311e-04 -4.126949749300784162e-03
8.578235608953075925e-04 -4.175024982613627887e-03
7.472292072473445818e-04 -3.777826511633889522e-03
5.162158739613637720e-04 -3.007905630247686458e-03
2.127774969497217019e-04 -2.005944567694870236e-03
-9.856674087521362718e-05 -9.540625523475555932e-04
-3.491273638303629386e-04 -4.132612985309415572e-05
-4.792535107437927589e-04 5.720045861728349692e-04
-4.498893766720703539e-04 7.847239370184634459e-04
-2.502833237556645459e-04 5.736969010693016967e-04
9.961791724468426444e-05 -1.954827533183229465e-06
5.525521204817329798e-04 -8.122859556918125183e-04
1.042470461026036343e-03 -1.681410406785153674e-03
1.496607386992349249e-03 -2.421116602179014619e-03
1.848816152214807253e-03 -2.866843607915342193e-03
2.051655138444691794e-03 -2.909198893882198288e-03
2.084946659884246052e-03 -2.515042341608736843e-03
1.959197809289150646e-03 -1.734136762675711268e-03
1.713245487847224165e-03 -6.900983461953986205e-04
1.406580731548013946e-03 4.426465562370310888e-04
1.107813779130350541e-03 1.471542095971385081e-03
8.814705854420155874e-04 2.222039862679518838e-03
7.756258050363093719e-04 2.570356146642730280e-03
8.127172997615153245e-04 2.466652889516249888e-03
9.852832616420756189e-04 1.944258049477771413e-03
1.257429354972200951e-03 1.113183517034626929e-03
1.571746592009662814e-03 1.391709744690284027e-04
1.860366771131031658e-03 -7.877645705903418361e-04
2.058057132545836575e-03 -1.489336191325849219e-03
2.114868256393196821e-03 -1.832714480427731930e-03
2.005932634880975684e-03 -1.755599511107368499e-03
1.736549991869437053e-03 -1.277890376378610846e-03
1.341587203974588510e-03 -4.977463069703053772e-04
8.792966138972968266e-04 4.272102189521283168e-04
4.207128544154519704e-04 1.309983940641653135e-03
3.662510387372069649e-05 1.969887548142793769e-03
-2.154193118744133443e-04 2.267050496988005058e-03
-3.016296738199443755e-04 2.129215226895917693e-03
-2.180238739611920678e-04 1.565740092127982036e-03
9.119384451727918003e-06 6.661504495754790684e-04
3.284860117718019158e-04 -4.164948604275113585e-04
6.736334992094718081e-04 -1.494278924851754568e-03
9.756981565793252384e-04 -2.379720713216800822e-03
1.176492565820290914e-03 -2.921010403229711266e-03
1.239510982626861914e-03 -3.030519376849801112e-03
1.156758397283598298e-03 -2.701190982926559604e-03
9.501116429704314654e-04 -2.007712204614605679e-03
6.669580612795300003e-04 -1.092247189957742210e-03
3.709423228325956444e-04 -1.374356930387152708e-04
1.295796046610288212e-04 6.682303839916002531e-04
1.087883626339509330e-06 1.166097172868269015e-03
2.294109865549778891e-05 1.257349659612091780e-03
2.043201381279508315e-04 9.216452249664632262e-04
5.239014420651108735e-04 2.208551176190724124e-04
9.334129592431302403e-04 -7.127904647253988264e-04
1.366295465347646277e-03 -1.701904240448992925e-03
1.749840559773032950e-03 -2.557713449982871798e-03
2.018518110261957946e-03 -3.116000938649054596e-03
2.125980244453564566e-03 -3.268404461780093258e-03
2.053478917648978146e-03 -2.983141840901773045e-03
1.813112240657828705e-03 -2.311231876860761481e-03
1.445292683337367524e-03 -1.377027409227445185e-03
1.010922840017796894e-03 -3.548475634646087247e-04
5.797648784289317816e-04 5.638713718593050357e-04
2.172087751894559047e-04 1.206691217107372415e-03
-2.805410502136086986e-05 1.452718959193697104e-03
-1.331186653947058008e-04 1.255425997193002768e-03
-1.049964818537196809e-04 6.514209429218844466e-04
2.098925603914627690e-05 -2.464840336780530156e-04
1.882349451096757562e-04 -1.270600416454226557e-03
3.299757453362465900e-04 -2.230046902034852480e-03
3.823792549830802969e-04 -2.946792181065929338e-03
2.971252321790702122e-04 -3.289235356720402511e-03
5.107927938226525071e-05 -3.196969469819406495e-03
-3.487821182619635450e-04 -2.692043702902339498e-03
-8.661392256847240921e-04 -1.874596770394300728e-03
-1.441655764918576199e-03 -9.036936706546416396e-04
-2.003678429354038924e-03 3.299998443006255978e-05
-2.481294549835510663e-03 7.549580072861851281e-04
-2.817286075192978155e-03 1.123174661887596818e-03
-2.978536804820787216e-03 1.066670702402517691e-03
-2.961931015570560145e-03 5.960998371859302803e-04
-2.794634112553070864e-03 -1.981260352445316517e-04
-2.528708242192167100e-03 -1.162842640583515354e-03
-2.231086796419840847e-03 -2.111054456383555742e-03
-1.970808700359131908e-03 -2.857298681494996155e-03
-1.805930383229633653e-03 -3.252758905115512612e-03
-1.772592597561696657e-03 -3.213481808079357571e-03
-1.878309609125441808e-03 -2.736355057074341991e-03
-2.100747286909887372e-03 -1.899820741221966165e-03
-2.392215897499047356e-03 -8.491877999837879262e-04
-2.689019978164810826e-03 2.306780446149856454e-04
-2.923886711624362842e-03 1.150119246993055577e-03
-3.039110240848155037e-03 1.750327985801478732e-03
-2.997913029142945489e-03 1.933120866304335753e-03
-2.791862529820224141e-03 1.679215033059125277e-03
-2.442928163768774176e-03 1.051551859352733249e-03
-1.999778406824055145e-03 1.830459991170805796e-04
-1.529008465186830782e-03 -7.489132981649976057e-04
-1.102949111749845041e-03 -1.556373440787224864e-03
-7.863550940517195125e-04 -2.076714531505050813e-03
-6.244845244867745608e-04 -2.203726891195397896e-03
-6.348185030737688332e-04 -1.907979432338784316e-03
-8.039824705704334915e-04 -1.242616303041481005e-03
-1.090447536532856152e-03 -3.334787642222693509e-04
-1.432497306874967301e-03 6.445821262871714646e-04
-1.759950375417918033e-03 1.500720841212393672e-03
-2.007419136613692451e-03 2.064192274956511836e-03
-2.126596333625621182e-03 2.216693580690419409e-03
-2.095246550846301993e-03 1.914829942938106773e-03
-1.921205403258624458e-03 1.198450252435512373e-03
-1.640635854181078613e-03 1.832730089801112155e-04
-1.310879552274774994e-03 -9.608039053258172254e-04
-9.992652474922938521e-04 -2.041606569942414073e-03
-7.700024119800490249e-04 -2.880765898378975787e-03
-6.716512073125400703e-04 -3.347150448344261148e-03
-7.275512114489698793e-04 -3.381327656154396386e-03
-9.310314078524744739e-04 -3.006429075478227533e-03
-1.246318764559891474e-03 -2.323369676667759627e-03
-1.614983544826410289e-03 -1.491333789975558127e-03
-1.966710539890496011e-03 -6.972300102667929132e-04
-2.232365349340893063e-03 -1.199060766975664025e-04
-2.356889077674642358e-03 1.040932096485953397e-04
-2.309586012933659109e-03 -9.326549063245689886e-05
-2.089861121420018286e-03 -6.982978848641149903e-04
-1.727324241419278148e-03 -1.617904374644383528e-03
-1.276242765613145279e-03 -2.696949867496964155e-03
-8.053927643753703344e-04 -3.747434563626367808e-03
-3.852278229805798735e-04 -4.583935946644269836e-03
-7.479094641392588713e-05 -5.058613900628857948e-03
8.915793373657512032e-05 -5.089152423012610615e-03
9.874691699706446973e-05 -4.674347374217615800e-03
-2.391352632056972750e-05 -3.894387307526094022e-03
-2.313457498595150185e-04 -2.895771317272382520e-03
-4.601466355103322743e-04 -1.863715735558640202e-03
-6.434579656501796668e-04 -9.872698077623444628e-04
-7.240933741685681799e-04 -4.237405675445657383e-04
-6.658250817811059647e-04 -2.691574859486492791e-04
-4.606821620170351147e-04 -5.403633321828670184e-04
-1.308677899853950854e-04 -1.172115788897161405e-03
2.750774625562445370e-04 -2.029741799696903153e-03
6.911488808760764442e-04 -2.934941724031117551e-03
1.046115364805533026e-03 -3.699850698242458831e-03
1.276811337317215484e-03 -4.162901404828216190e-03
1.339971234498480660e-03 -4.219691580192914786e-03
1.220369043034829184e-03 -3.843005604598120732e-03
9.337230005183246593e-04 -3.088193491388484084e-03
5.238150254389229528e-04 -2.082883845989767172e-03
5.436845977498555886e-05 -1.002974847417064481e-03
-4.027809906890153502e-04 -3.944694439987584886e-05
-7.809855686581606985e-04 6.377197626253861516e-04
-1.031044249901201353e-03 9.116910786458403380e-04
-1.130105893060943728e-03 7.408993722913884139e-04
-1.085539492869090107e-03 1.669489435230985062e-04
-9.330485589298005700e-04 -6.931933040186115435e-04
-7.293975277366475775e-04 -1.669246390238502634e-03
-5.411389604336376037e-04 -2.569732006756265171e-03
-4.314878105686267970e-04 -3.218082767658416148e-03
-4.478399171009200602e-04 -3.485909980459576951e-03
-6.123096960332618513e-04 -3.317137115621391318e-03
-9.170898416263684790e-04 -2.738434899376561600e-03
-1.325521941719840424e-03 -1.853987874163494278e-03
-1.778684295269770217e-03 -8.255892439700054930e-04
-2.206257002584995682e-03 1.581610282949741982e-04
-2.539612842523527626e-03 9.177167387166608199e-04
-2.724659338513723932e-03 1.316708987997989395e-03
-2.732002923562633790e-03 1.287866726278296542e-03
-2.562511661944708637e-03 8.458224224145609923e-04
-2.247222837150149224e-03 8.437538982555533099e-05
-1.841611082466110706e-03 -8.412705977899721192e-04
-1.415299031137710970e-03 -1.743932587471688170e-03
-1.039153801479272832e-03 -2.439964522458807749e-03
-7.722060565124829520e-04 -2.784137853235205476e-03
-6.508606202563762752e-04 -2.697279833462897132e-03
-6.824326354508270095e-04 -2.181433021297404795e-03
-8.442232996990616401e-04 -1.319661491852640832e-03
-1.088299493873677234e-03 -2.605357559058713154e-04
-1.351060906644235013e-03 8.097709501776414499e-04
-1.565771313257580989e-03 1.702496813491235269e-03
-1.675669338150155736e-03 2.261791687205206344e-03
-1.645164673387292716e-03 2.393987245106205062e-03
-1.466989048957351768e-03 2.085100745716134997e-03
-1.163938394248211980e-03 1.403264238505596770e-03
-7.848681864617412102e-04 4.856254200545773842e-04
-3.956935914538310824e-04 -4.877936422373460243e-04
-6.709326953981272715e-05 -1.328324777468973400e-03
1.387586593651569857e-04 -1.874483364105442116e-03
1.799223725597039018e-04 -2.022611385406865390e-03
4.266321572047270232e-05 -1.746528800460626181e-03
-2.558469584820581566e-04 -1.102470277634614009e-03
-6.706124771444647902e-04 -2.183715754979595903e-04
-1.137101246802367342e-03 7.304655394957894256e-04
-1.583173259240421016e-03 1.554720430163763220e-03
-1.942398290134765733e-03 2.087095712361158092e-03
-2.166248954859663518e-03 2.214225958845498880e-03
-2.232869348176584091e-03 1.898406437570440003e-03
-2.150768950870345954e-03 1.185022343236322596e-03
-1.956753229630910518e-03 1.942661623886994516e-04
-1.708494111191122137e-03 -9.012945651533865125e-04
-1.473158458547386279e-03 -1.909058072772678227e-03
-1.314258696404949339e-03 -2.652521024300368273e-03
-1.279225729124379082e-03 -3.004368517057198155e-03
-1.390066764428675005e-03 -2.910263022284752341e-03
-1.638885621348084177e-03 -2.398834696236178815e-03
-1.989121229001048537e-03 -1.575987829095557447e-03
-2.382275805453611898e-03 -6.046074894129729914e-04
-2.748863001918104391e-03 3.264855749283123712e-04
-3.021505415747783706e-03 1.038448463491407556e-03
-3.147702124034705735e-03 1.396393730178127277e-03
-3.099847767855358916e-03 1.334994350793250722e-03
-2.880603717364771128e-03 8.708659679334195772e-04
-2.522600626300952349e-03 9.938141486785095902e-05
-2.082523722872855945e-03 -8.234784605092865120e-04
-1.630694425392048216e-03 -1.710799212286347832e-03
-1.238113256748629189e-03 -2.380310810639256307e-03
-9.634085385583733693e-04 -2.689128927570385783e-03
-8.421523376299216166e-04 -2.561076695031704736e-03
-8.805564158788764789e-04 -2.001408067378062424e-03
-1.054731356529197816e-03 -1.096138568149772861e-03
-1.315638563959139855e-03 3.896813819584290899e-06
-1.598786914528920735e-03 1.111247207836994679e-03
-1.836827662159005656e-03 2.036977923982278855e-03
-1.972652964107160078e-03 2.626086059881784125e-03
-1.970508968400716977e-03 2.786500971899708631e-03
-1.823011654861619174e-03 2.506185557984222812e-03
-1.552731000934752179e-03 1.855107232044724951e-03
-1.208039181573592477e-03 9.717119902759229974e-04
-8.540062065507617733e-04 3.646859242594673641e-05
-5.600656631656097733e-04 -7.625028433690660698e-04
-3.867863005957040013e-04 -1.265205847574593558e-03
-3.742560750077841662e-04 -1.370169552495464167e-03
-5.342816171875094900e-04 -1.053719330066489818e-03
-8.478852734518399926e-04 -3.744665293971879277e-04
-1.268580241218006778e-03 5.378324936663585751e-04
-1.730811439468937221e-03 1.506937081773242551e-03
-2.161972568051674128e-03 2.343630637442853035e-03
-2.495733423191814904e-03 2.881728193930348410e-03
-2.684164090268038004e-03 3.009760643735166948e-03
-2.706370983814942316e-03 2.692331038186581565e-03
-2.572020528432442284e-03 1.977093473467416394e-03
-2.319094314188986736e-03 9.860270118644397664e-04
-2.006311422325091770e-03 -1.073496238222341223e-04
-1.701662575963448212e-03 -1.110515164991321456e-03
-1.469235906056999986e-03 -1.848081097845458848e-03
-1.356836382966760887e-03 -2.194690242954446500e-03
-1.386749408385466557e-03 -2.098456293823248130e-03
-1.551402381887892739e-03 -1.590512504655038767e-03
-1.814749182713892676e-03 -7.788672186388134700e-04
-2.119117290142794128e-03 1.722653833015713688e-04
-2.396221217523196965e-03 1.073741517803755404e-03
-2.580255313979914599e-03 1.747445695919783203e-03
-2.620583592006789191e-03 2.060119471073031290e-03
-2.491618991765900439e-03 1.948654435139497753e-03
-2.198015239286011790e-03 1.432060164793390929e-03
-1.774180674097581342e-03 6.078419065464349489e-04
-1.278197309850262866e-03 -3.665243245918969970e-04
-7.812866666198335121e-04 -1.303508984252762072e-03
-3.548062792745678177e-04 -2.021170469426970037e-03
-5.722780768329012186e-05 -2.377768127746912596e-03
7.644905817917938256e-05 -2.298788169344720932e-03
4.085382642186549413e-05 -1.791259839605065067e-03
-1.391812802096115847e-04 -9.426452846351006300e-04
-4.137297188967120664e-04 9.549285442137338807e-05
-7.175841186658284175e-04 1.135959936195967291e-03
-9.829082115192686823e-04 1.991149758391378560e-03
-1.152324343938906145e-03 2.508354138492593661e-03
-1.189952651275111295e-03 2.598481592208641642e-03
-1.088307361038519123e-03 2.252752502070789250e-03
-8.697417389786841731e-04 1.544214084979336418e-03
-5.821670406369920062e-04 6.137919564750478514e-04
-2.898567182404101919e-04 -3.564778788789080277e-04
-6.107943580414484930e-05 -1.177966379347198528e-03
4.509340926000236262e-05 -1.691181565740202666e-03
-9.697945484995118201e-06 -1.795946106190325284e-03
-2.354526803297658658e-04 -1.470309443602419060e-03
-6.114825534735204848e-04 -7.746155465414301510e-04
-1.089857240206662352e-03 1.600410336300237143e-04
-1.603979916987636816e-03 1.156781345758295214e-03
-2.080680494417078141e-03 2.026598929990584656e-03
-2.453548317653692253e-03 2.604329803608407962e-03
-2.674991604887095534e-03 2.780119481767232177e-03
-2.724751757190996184e-03 2.520423157165051740e-03
-2.613271361661255107e-03 1.874556647274257509e-03
-2.379288319414480778e-03 9.655514017840758842e-04
-2.082120820464118758e-03 -3.296114748115920069e-05
-1.790112095665756520e-03 -9.294650142186440360e-04
-1.567429833810147621e-03 -1.550685765826053178e-03
-1.461725335990468611e-03 -1.774291755795170478e-03
-1.494993124122548193e-03 -1.551982707243616680e-03
-1.659363989418043660e-03 -9.185972553934922168e-04
-1.918628538918817905e-03 1.448250552057582692e-05
-2.215201503339331995e-03 1.080379075270105054e-03
-2.481205246606847138e-03 2.088234338307393828e-03
-2.651569417514496388e-03 2.859224510013697994e-03
-2.676660421646910940e-03 3.260257601688282009e-03
-2.532041919527956014e-03 3.228975444060369886e-03
-2.223509386750898049e-03 2.785329495366638784e-03
-1.786435476988190328e-03 2.027542584892234271e-03
-1.279539434301234626e-03 1.113226015841907359e-03
-7.742492947275347696e-04 2.292331097952661056e-04
-3.416601380807029369e-04 -4.440361908707530971e-04
-3.954704581713992372e-05 -7.671137704093992926e-04
9.811862051570133334e-05 -6.681890741449731698e-04
6.717458194861996700e-05 -1.570143275094078566e-04
-1.063330154224820983e-04 6.766507968103175914e-04
-3.714232969554627267e-04 1.679767321964621175e-03
-6.621213824450947975e-04 2.664756825993689574e-03
-9.101778304170517154e-04 3.444817041661616189e-03
-1.058153875842146466e-03 3.869131467863295461e-03
-1.070391798615746414e-03 3.851310447934933653e-03
-9.397917226768684766e-04 3.385681701329930522e-03
-6.891117775126967592e-04 2.548347852852724492e-03
-3.665472794877859411e-04 1.482811814791123138e-03
