1.160496352422316817e-03 -1.589378596936544697e-03
1.013292868433955012e-03 -1.677252621093613342e-03
8.416337432457799686e-04 -1.703746656227443385e-03
6.691403426367757571e-04 -1.685431086899040302e-03
5.179957093887898332e-04 -1.646348441857604710e-03
4.048325229959535542e-04 -1.612972799503636966e-03
3.377003466290925851e-04 -1.608744050969912378e-03
3.146856896714301946e-04 -1.649222477321354201e-03
3.244448321780349365e-04 -1.738790468336292531e-03
3.485465700318806184e-04 -1.869533871748851536e-03
3.651787535403676560e-04 -2.022521180072703491e-03
3.535137217236487958e-04 -2.171243018399734645e-03
2.979024901351407613e-04 -2.286563526122952633e-03
1.910995583040007626e-04 -2.342247069203042594e-03
3.590341291561031218e-05 -2.320012883270256183e-03
-1.551024686764867328e-04 -2.213157761604224449e-03
-3.616638113934552692e-04 -2.028056237657436568e-03
-5.594294267320882100e-04 -1.783247912826343116e-03
-7.243128739568687477e-04 -1.506276910912281771e-03
-8.368207003927165353e-04 -1.228872725958768137e-03
-8.855321690399512715e-04 -9.813746701218773946e-04
-8.690757207217303121e-04 -7.874445000110874299e-04
-7.962316348023982561e-04 -6.600566683991886553e-04
-6.841446415230582282e-04 -5.995134647401167017e-04
-5.549875308698731845e-04 -5.938489320144496771e-04
-4.317094617773447251e-04 -6.215334650283676609e-04
-3.336753034247089350e-04 -6.559559769737993359e-04
-2.730222657703232185e-04 -6.708248203766924546e-04
-2.524235407340742624e-04 -6.454558083227563510e-04
-2.646815459346686834e-04 -5.689384016119699780e-04
-2.942262353853578776e-04 -4.423850720101357562e-04
-3.202325590537623149e-04 -2.788334734070521985e-04
-3.207639558725914252e-04 -1.008172714406711898e-04
-2.771539298641893172e-04 6.393523246979625142e-05
-1.777921856016664089e-04 1.878591698920740061e-04
-2.059412345622579216e-05 2.489504065165928557e-04
1.863185430189847995e-04 2.351753793399243377e-04
4.258598159446338560e-04 1.470520447929664289e-04
6.749139584699888903e-04 -2.094743475188190268e-06
9.084119968049083910e-04 -1.882611267422564525e-04
1.103783329241011732e-03 -3.808829694055566178e-04
1.244944401895384592e-03 -5.481769100994379144e-04
1.325073807064929823e-03 -6.627043877235495178e-04
1.347652601295557580e-03 -7.061173955462667767e-04
1.325576686407844377e-03 -6.721996734060963537e-04
1.278512636608564569e-03 -5.676395112298761314e-04
1.229000371293755564e-03 -4.103992503687846089e-04
1.198042714715037878e-03 -2.260007339123210166e-04
1.201018364948456532e-03 -4.243940642022279823e-05
1.244692872219159245e-03 1.153019641139016145e-04
1.325893648355651582e-03 2.300947366425911875e-04
1.432099305994473295e-03 2.959396376434537176e-04
1.543830550775985742e-03 3.190528053804075545e-04
1.638388176870975502e-03 3.165560813423092001e-04
1.694228146436219584e-03 3.130205679880946083e-04
1.695142663958163799e-03 3.355208905723337191e-04
1.633452515886908143e-03 4.081414883394357779e-04
1.511602853145286099e-03 5.469818232473418109e-04
1.341856660673161573e-03 7.566146057906319219e-04
1.144140191399904477e-03 1.028677528169042333e-03
9.424444761650885511e-04 1.342876332584723009e-03
7.604604245274077141e-04 1.670221529856331499e-03
6.172702450647358152e-04 1.977898933566609070e-03
5.239074478481998195e-04 2.234865290492615581e-03
4.814335274365451464e-04 2.417123136774131271e-03
4.808926371150237865e-04 2.511689555428724824e-03
5.051504392486113335e-04 2.518520299557747751e-03
5.322670709460595789e-04 2.450037069991181215e-03
5.397642272097625919e-04 2.328358476842390650e-03
5.089776114820234116e-04 2.180768679583677556e-03
4.286703721589878993e-04 2.034289847517400333e-03
2.972235820725480896e-04 1.910392553590769486e-03
1.229897265869093429e-04 1.820850239186999793e-03
-7.725656892045200202e-05 1.765525300949770090e-03
-2.814756696839792213e-04 1.732506582494018708e-03
-4.665282365932390488e-04 1.700570781356317311e-03
-6.125578432176525048e-04 1.643498234976370140e-03
-7.067586665324133944e-04 1.535420469246147595e-03
-7.458122780151213351e-04 1.356179676176253119e-03
-7.365294614171151097e-04 1.095676322199610380e-03
-6.945728339245768167e-04 7.563711751751576225e-04
-6.414995110268069357e-04 3.534562299621196442e-04
-6.006813165113668567e-04 -8.735058369444913381e-05
-5.928728296659679107e-04 -5.339827796211800166e-04
-6.322645747188173531e-04 -9.533976145471812977e-04
-7.237671846417477982e-04 -1.317139957206296588e-03
-8.620397171455241626e-04 -1.606057870511955850e-03
-1.032445508982101582e-03 -1.813290139563502419e-03
-1.213754467027170674e-03 -1.944972354526106279e-03
-1.382080520808733753e-03 -2.018539034028264331e-03
-1.515309607002926495e-03 -2.058953091211030133e-03
-1.597181187659188137e-03 -2.093584810355860436e-03
-1.620252387572491222e-03 -2.146716454918028497e-03
-1.587185839304441340e-03 -2.234717631836325227e-03
-1.510120090940474764e-03 -2.362807573132064999e-03
-1.408244786217310992e-03 -2.524018026253557322e-03
-1.304042964944830902e-03 -2.700551783194480443e-03
-1.218915345522001087e-03 -2.867276340597846133e-03
-1.169018523766219815e-03 -2.996686067393305054e-03
-1.162108483870824722e-03 -3.064386500849836537e-03
-1.195990347113778983e-03 -3.054054001628627411e-03
-1.258870955578484871e-03 -2.960922009046199933e-03
-1.331550335479746768e-03 -2.793123013902753735e-03
-1.391039583423026200e-03 -2.570620516080456171e-03
-1.414922255820387324e-03 -2.321920969899533838e-03
-1.385635122362145668e-03 -2.079175776002425893e-03
-1.293858903833194213e-03 -1.872588237804922139e-03
-1.140377560726666198e-03 -1.725172345998153816e-03
-9.360540444373481898e-04 -1.648844293815412759e-03
-6.999264013323842296e-04 -1.642576224977025049e-03
-4.557833528829678248e-04 -1.692952443954167004e-03
-2.278657241494552992e-04 -1.777014843084272471e-03
-3.650498949737371497e-05 -1.866852445887389736e-03
1.054784562204311117e-04 -1.935061457754283553e-03
1.949390412032783227e-04 -1.960039209746092248e-03
2.387262037657016090e-04 -1.930108694216436330e-03
2.521048350767488640e-04 -1.845693666057596910e-03
2.555797070743017515e-04 -1.719135200517021280e-03
2.707299197331520949e-04 -1.572188890027193192e-03
3.158468627405794957e-04 -1.431682616965025820e-03
4.022063196662183050e-04 -1.324164575257335327e-03
5.316851250291969051e-04 -1.270563682766920419e-03
6.961779824161733405e-04 -1.281883255639012066e-03
8.789289104517090988e-04 -1.356754015847703738e-03
1.057528894721093508e-03 -1.481321030861106926e-03
1.208015397108381985e-03 -1.631497566108924043e-03
1.309300227376144175e-03 -1.777170667604660364e-03
1.347089516080317252e-03 -1.887573430462512886e-03
1.316555030686381239e-03 -1.936817378864490961e-03
1.223251775168934536e-03 -1.908547140905536609e-03
1.082108099809335955e-03 -1.798844590611753478e-03
9.146787263631104333e-04 -1.616839653268760391e-03
7.451792452885951015e-04 -1.382917594760764294e-03
5.960506641176927922e-04 -1.124865979873234702e-03
4.838909449074281304e-04 -8.726927923410121362e-04
4.165204397912077136e-04 -6.530969733785137871e-04
3.917329755098651026e-04 -4.846365964419248611e-04
3.979647887364274076e-04 -3.745059781725788720e-04
4.167500819317330649e-04 -3.175266252937776891e-04
4.264934735225024698e-04 -2.975360923097150395e-04
4.068401525701673301e-04 -2.909032965639439376e-04
3.428113517779600547e-04 -2.714948929869178090e-04
2.279172548837628926e-04 -2.161414663953179719e-04
6.565322753638485123e-05 -1.095568125777010007e-04
-1.309083846971809313e-04 5.223344297865310749e-05
-3.413577172809689731e-04 2.606156739343031231e-04
-5.415977699450018508e-04 4.955187357331219088e-04
-7.082177239455386339e-04 7.287492882370613873e-04
-8.227637602102994517e-04 9.289120402498280468e-04
-8.751007509101746103e-04 1.066993994817626735e-03
-8.652297081199542949e-04 1.121564887685711420e-03
-8.032176239388338175e-04 1.082617287309887381e-03
-7.072530899107775260e-04 9.533257895206590123e-04
-6.001952972917595514e-04 7.493969568417118126e-04
-5.052686399631486783e-04 4.961358988513254889e-04
-4.417163006162475904e-04 2.237857105478536818e-04
-4.212334105587130272e-04 -3.797903801208653068e-05
-4.458522920302629812e-04 -2.653654091314008412e-04
-5.076769714529759869e-04 -4.445810051705035562e-04
-5.905137264301026784e-04 -5.739858065287393573e-04
-6.730852456232040920e-04 -6.638781784767712468e-04
-7.332160412690043490e-04 -7.339657111380763202e-04
-7.521928445454989075e-04 -8.090111756958586831e-04
-7.184706520201349566e-04 -9.134904255589779056e-04
-6.300191333108397978e-04 -1.066286903466129657e-03
-4.948617644484904887e-04 -1.276440950904490779e-03
-3.297025268929298079e-04 -1.540772566491816712e-03
-1.568974574206564456e-04 -1.843841401421505120e-03
-3.421190168905721609e-07 -2.160264799312540916e-03
1.189482267858566009e-04 -2.458967460529325882e-03
1.867302813535369000e-04 -2.708569523427980727e-03
1.981601990434802250e-04 -2.882902973464504439e-03
1.586596881243641170e-04 -2.965620413256667143e-03
8.285643286700513299e-05 -2.953030300227380868e-03
-8.201389727675029834e-06 -2.854626639492151372e-03
-9.103043078183579518e-05 -2.691215649729618038e-03
-1.441444982304012658e-04 -2.490994875407662873e-03
-1.520967657481998771e-04 -2.284325876180664291e-03
-1.083688675104576920e-04 -2.098186994133278884e-03
-1.656241956807680965e-05 -1.951351353978760189e-03
1.103299291422307857e-04 -1.851196120192848994e-03
2.524331117743464927e-04 -1.792738502355614889e-03
3.868001489797983565e-04 -1.760070904389673691e-03
4.918003353305748591e-04 -1.729912103208534283e-03
5.512516628709082265e-04 -1.676589697573831845e-03
5.575126856421030140e-04 -1.577497364159328747e-03
5.129463476855807566e-04 -1.417980162027758506e-03
4.294769246369903792e-04 -1.194709351414537189e-03
3.263227239482646550e-04 -9.168944519520067643e-04
2.263330918306799447e-04 -6.050903500602701273e-04
1.516230711249265135e-04 -2.878135060973557998e-04
1.193325807403710368e-04 3.402710392585772464e-06
1.383139372777770267e-04 2.395866152919138474e-04
2.073762584513638273e-04 3.994921996506390553e-04
3.154209525281221997e-04 4.733767671570482437e-04
4.434448326277292199e-04 4.646811351042138324e-04
5.680341175548723337e-04 3.892965348100139501e-04
6.656905789675233694e-04 2.725573314987499315e-04
7.171737582254440052e-04 1.445273260936827983e-04
7.110402899406039921e-04 3.446858641755590853e-05
6.457134746262920607e-04 -3.446528700424671956e-05
5.296945369183266809e-04 -4.931374472477722832e-05
3.798787941987029479e-04 -9.406936437607576335e-06
2.182986329772149299e-04 7.391083115140172034e-05
6.791283254129084051e-05 1.798684679747649165e-04
-5.175797163073050282e-05 2.826646036621795590e-04
-1.283211578388484435e-04 3.568284661422112085e-04
-1.588270146117978852e-04 3.825175913308532854e-04
-1.502692429286814509e-04 3.497369041057567457e-04
-1.181757836551190402e-04 2.606683757929897493e-04
-8.355690476490555815e-05 1.296589408464329319e-04
-6.878917025664936340e-05 -1.914125364048070770e-05
-9.321603657080857960e-05 -1.560520596503992062e-04
-1.693000931762479624e-04 -2.512464283480546714e-04
-3.000580888388303005e-04 -2.802300636753127087e-04
-4.782675171960904187e-04 -2.283842737717375264e-04
-6.875985539564658617e-04 -9.371421736272477453e-05
-9.054609623064749238e-04 1.127173302955395611e-04
-1.107031163071159514e-03 3.687542096238524561e-04
-1.269701426179298698e-03 6.451404184284654803e-04
-1.377113346705780093e-03 9.107918012164458246e-04
-1.422016527916073175e-03 1.138354362213244700e-03
-1.407415790706627963e-03 1.309004899140548154e-03
-1.345794153371793981e-03 1.415594415865643408e-03
-1.256562944890397176e-03 1.463549630864523134e-03
-1.162225785689639888e-03 1.469373209302389386e-03
-1.083986292445081713e-03 1.457038554452484919e-03
-1.037634206347870167e-03 1.452973889418862543e-03
-1.030491361569275087e-03 1.480597403850604813e-03
-1.059997601110518588e-03 1.555449868960771809e-03
-1.114205541983758060e-03 1.681857323547952462e-03
-1.174090933461435131e-03 1.851765770547040679e-03
-1.217240833611758040e-03 2.045977360663183819e-03
-1.222220204283268460e-03 2.237561408515288328e-03
-1.172788351458770202e-03 2.396800192740472599e-03
-1.061164394580893207e-03 2.496737151616178988e-03
-8.897203966275481733e-04 2.518279197513918419e-03
-6.707779616032736843e-04 2.453887423532002520e-03
-4.245427466198580901e-04 2.309155874818408921e-03
-1.755635379463485446e-04 2.101976092109860729e-03
5.161838260329625993e-05 1.859440477795225007e-03
2.368107430384970005e-04 1.613064007418136192e-03
3.676856617645522015e-04 1.393220701687118701e-03
4.418083484080723264e-04 1.223838623012274028e-03
4.667999880874758268e-04 1.118347101640172411e-03
4.586087825197086962e-04 1.077631937037459246e-03
4.382210669267823985e-04 1.090373539477861422e-03
4.274394315542276814e-04 1.135691490841335763e-03
4.445309969716835412e-04 1.187582310337587620e-03
5.005730632269236218e-04 1.220298000167522115e-03
5.971907259913903157e-04 1.213635441601586913e-03
7.261168531479703049e-04 1.157124509583544025e-03
8.706590837544019327e-04 1.052312481288277587e-03
1.008796728743578024e-03 9.127041936264509948e-04
1.117321140067621460e-03 7.613628996529791951e-04
1.176234858292980485e-03 6.266214902989741126e-04
1.172575205251494756e-03 5.367134357297323206e-04
1.102936374780700505e-03 5.143393074633422716e-04
9.742099824031072918e-04 5.721989195475821752e-04
8.024009123850146417e-04 7.103382445796879111e-04
6.097393669219511401e-04 9.158185251229787301e-04
4.206323444144596194e-04 1.164777079950499649e-03
2.572173218218543360e-04 1.426498078418536207e-03
1.353561202247076270e-04 1.668732425950308256e-03
6.182355478060098291e-05 1.863270620426907102e-03
3.321929777328700697e-05 1.990725521823210557e-03
3.680523884490668638e-05 2.043632284516573583e-03
5.310625880316780298e-05 2.027291755718571564e-03
5.977872782439208653e-05 1.958211021609942634e-03
3.601135617433746483e-05 1.860449556798779739e-03
-3.337735716098691832e-05 1.760575492765488470e-03
-1.549229151488695452e-04 1.682198881404255771e-03
-3.251524484002895482e-04 1.641127829137935213e-03
-5.311350806926180227e-04 1.642074081826904071e-03
-7.528412110188522103e-04 1.677539672033901211e-03
-9.668638222755457107e-04 1.729101489064807347e-03
-1.150796497618703992e-03 1.770854674396106542e-03
-1.287437983206440309e-03 1.774364961776122348e-03
-1.368025534551007769e-03 1.714192302147355112e-03
-1.393882802846170988e-03 1.572937879165365455e-03
-1.376167920734743411e-03 1.344854854004943730e-03
-1.333766956086156544e-03 1.037333218364042218e-03
-1.289728947431080606e-03 6.699698917467255838e-04
-1.266914842934927432e-03 2.713908258746078393e-04
-1.283681549435566113e-03 -1.255838659420903522e-04
-1.350415761499076462e-03 -4.895281575204610096e-04
-1.467571514686428005e-03 -7.957063973316992004e-04
-1.625580920585705490e-03 -1.030088206820739972e-03
-1.806653156160022925e-03 -1.191335522594273591e-03
-1.988119594175753735e-03 -1.290399311005469441e-03
-2.146690602351407611e-03 -1.347815800065944305e-03
-2.262817357769736446e-03 -1.389227068794273269e-03
-2.324332613769096879e-03 -1.439986154176669132e-03
-2.328681383235615097e-03 -1.519879008906486681e-03
-2.283320006270724532e-03 -1.638972096502036438e-03
-2.204209385703845107e-03 -1.795379637798246233e-03
-2.112689521476328325e-03 -1.975379231997751069e-03
-2.031329417122926164e-03 -2.155857979748049789e-03
-1.979540832189274641e-03 -2.308627947039826496e-03
-1.969789387793808352e-03 -2.405793814514873771e-03
-2.005123658320765237e-03 -2.425154314507957549e-03
-2.078493464322679531e-03 -2.354610719873275609e-03
-2.173989844189192378e-03 -2.194741835110355054e-03
-2.269775267015917541e-03 -1.959050433742348836e-03
-2.342152468894982860e-03 -1.671825499902550392e-03
-2.370004481149915691e-03 -1.364014794480939569e-03
-2.338767840484377251e-03 -1.067877968212144202e-03
-2.243188995843671974e-03 -8.114205726523421921e-04
-2.088343894044866235e-03 -6.136503194897110353e-04
-1.888729101949567727e-03 -4.815410559100474688e-04
-1.665597442150711224e-03 -4.092666766252920718e-04
-1.443042953869699656e-03 -3.798377837001178786e-04
-1.243576218296637637e-03 -3.688196331466759236e-04
-1.084026986081186627e-03 -3.494167755553269535e-04
-9.725484633674977460e-04 -2.979522268543910489e-04
-9.072884115363668515e-04 -1.986957381143934255e-04
-8.769760208358750317e-04 -4.712060677570763722e-05
-8.633102179934159072e-04 1.490322029814735404e-04
-8.446934717233332314e-04 3.710868114886788430e-04
-8.005999655668562167e-04 5.929104677649276898e-04
-7.157465491921164401e-04 7.858771868830339343e-04
-5.832719763236456339e-04 9.243741225088690939e-04
-4.063175740639629304e-04 9.908032824929007693e-04
-1.977051425066814281e-04 9.791251229374806856e-04
2.223174834717707080e-05 8.962652005679197335e-04
2.292570522947920495e-04 7.611084544282398614e-04
3.996030481733536008e-04 6.012614691217331745e-04
5.142789877831219648e-04 4.481849580278743882e-04
5.625052364311171251e-04 3.316068231659250951e-04
5.436256169543010695e-04 2.742621641038514905e-04
4.671382472595131830e-04 2.879447726057942215e-04
3.508408091084800262e-04 3.716066746591991320e-04
2.174425654175901721e-04 5.118551204407766802e-04
9.028508059006772101e-05 6.857433761872413483e-04
-1.101833905536132386e-05 8.653185052068304833e-04
-7.419978742558155189e-05 1.023058028741013125e-03
-9.652725037707861376e-05 1.137160624455605187e-03
-8.515602044144937805e-05 1.195685380618588881e-03
-5.557746568181996913e-05 1.198753975722994906e-03
-2.846242459748787212e-05 1.158398823683241992e-03
-2.550098473184215326e-05 1.096087859229546383e-03
-6.503086404056949944e-05 1.038398427109550907e-03
-1.582869719672809071e-04 1.011664978472899936e-03
-3.069873273962306706e-04 1.036621223856184180e-03
-5.027175762433975809e-04 1.124059900721828672e-03
-7.282357753589135041e-04 1.272341875886924371e-03
-9.604553842251395846e-04 1.467237141042623035e-03
-1.174546409453346716e-03 1.684139464174583614e-03
-1.348382598856144110e-03 1.892247476777685587e-03
-1.466496641768563498e-03 2.059932807939450581e-03
-1.522797998994583450e-03 2.160290987620165810e-03
-1.521541731442601535e-03 2.175835822348497553e-03
-1.476367282934421031e-03 2.101459443657552936e-03
-1.407591021561916669e-03 1.945107682239701321e-03
-1.338266381143954136e-03 1.726051842795561352e-03
-1.289758179070903945e-03 1.471091671278873308e-03
-1.277669049981022082e-03 1.209414424888647071e-03
-1.308888629941439095e-03 9.670876345888649011e-04
-1.380322907919902470e-03 7.622305849599062769e-04
-1.479542420022475491e-03 6.017790073652247353e-04
-1.587224070616842812e-03 4.804537600666685011e-04
-1.680921245450185068e-03 3.821249188760692710e-04
-1.739444954495273548e-03 2.833071828731292406e-04
-1.747022723941629501e-03 1.581171158864370745e-04
-1.696443826590715315e-03 -1.625569796212203042e-05
-1.590591275446558064e-03 -2.546102444950844464e-04
-1.442066481456975293e-03 -5.602753821537352500e-04
-1.270973744002072952e-03 -9.237985540328726196e-04
-1.101280384669443705e-03 -1.324043624656918213e-03
-9.564383239115272590e-04 -1.731503725594131125e-03
-8.550931031984628167e-04 -2.113215617360920950e-03
-8.076902141965301013e-04 -2.438358559635179189e-03
-8.146191546232102194e-04 -2.683490503763876281e-03
-8.662449553959576144e-04 -2.836442244857492571e-03
-9.448200382337043667e-04 -2.898143174541105687e-03
-1.027913730790545356e-03 -2.882042577187398161e-03
-1.092709901692042948e-03 -2.811244132146705973e-03
-1.120359296594795190e-03 -2.713902535466573666e-03
-1.099563287018973491e-03 -2.617758310581134572e-03
-1.028711747782362585e-03 -2.544848031538683285e-03
-9.161719981044294222e-04 -2.507391868544135358e-03
-7.786762368983237217e-04 -2.505635324404205735e-03
-6.381152918669760884e-04 -2.528049929002661352e-03
-5.173485295320570318e-04 -2.553849009527897097e-03
-4.358262362769984525e-04 -2.557334461130148472e-03
-4.058563609383931178e-04 -2.513242104551962307e-03
-4.302254645185674999e-04 -2.402062732153244229e-03
-5.016271639089314987e-04 -2.214319409194920318e-03
-6.040088752008977106e-04 -1.952978373722456156e-03
-7.155841252723487127e-04 -1.633523712646253430e-03
-8.129419623370450886e-04 -1.281668076092597197e-03
-8.754768555134804023e-04 -9.291193202764158002e-04
-8.893013483401218319e-04 -6.081913864172267805e-04
-8.499011993479188348e-04 -3.462671708610392759e-04
-7.630303555573581236e-04 -1.611500591556875510e-04
-6.436758833929675204e-04 -5.817368811543774517e-05
-5.132879322270643896e-04 -2.960797533240106839e-05
-3.957978423829646851e-04 -5.646625220203327583e-05
-3.131765303572096718e-04 -1.123654436263302366e-04
-2.813719306143855066e-04 -1.687043732927072273e-04
-3.073921429785514436e-04 -2.001776518197479751e-04
-3.880836909295166210e-04 -1.895810697567703196e-04
-5.108330837754812689e-04 -1.310005707065473816e-04
-6.560555288403294985e-04 -3.078488801253178924e-05
-8.009961593071004970e-04 9.387658174470245277e-05
-9.241206276226198455e-04 2.184939788142812515e-04
-1.009260421066549571e-03 3.162560354739610649e-04
-1.048724893742398025e-03 3.634950766142138628e-04
-1.044787943667189675e-03 3.445920526781459268e-04
-1.009265392243676200e-03 2.553810111056634266e-04
-9.612610987522063203e-04 1.043961310804045683e-04
-9.235071165102739284e-04 -8.828714769388410388e-05
-9.179899982940055349e-04 -2.944096121595812516e-04
-9.616911461317776636e-04 -4.824602879839446192e-04
-1.063248139834666126e-03 -6.232599851144044693e-04
-1.221170218198491982e-03 -6.951490060624325061e-04
-1.423947413893864337e-03 -6.878053628611340356e-04
-1.652034855788613943e-03 -6.039777272654379839e-04
-1.881339229152930457e-03 -4.588105777216029040e-04
-2.087550445765707415e-03 -2.768931807790023973e-04
-2.250501974750836274e-03 -8.759319870411871054e-05
-2.357738228690650032e-03 8.044136333761796537e-05
-2.406617835367790784e-03 2.045725651808466008e-04
-2.404559063628758635e-03 2.722571441205860494e-04
-2.367385579257793703e-03 2.831572504258244184e-04
-2.316090449815469843e-03 2.488846050722007285e-04
-2.272635774987180612e-03 1.904349518299440318e-04
-2.255587780665919365e-03 1.338082717463469319e-04
-2.276418122791732182e-03 1.046547586780002836e-04
-2.337175643959089541e-03 1.229717510729814089e-04
-2.429972868285222663e-03 1.988675905237797560e-04
-2.538387341518272885e-03 3.302064703143379738e-04
-2.640514710275121326e-03 5.025919807117743086e-04
-2.713096980782751799e-03 6.917037389416738017e-04
-2.735945078055901630e-03 8.675551712266317203e-04
-2.695818352848847362e-03 9.998757280331427820e-04
-2.589025773683008291e-03 1.063606665314065919e-03
-2.422254885833233576e-03 1.043476597214033864e-03
-2.211469534543217177e-03 9.367956933681079700e-04
-1.979082425080381982e-03 7.539429904715566188e-04
-1.749934699015882368e-03 5.164562945217061668e-04
-1.546840094451015649e-03 2.530862291404351646e-04
-1.386533255315400021e-03 -5.440424188197210981e-06
-1.276784847465743406e-03 -2.319604290298983270e-04
-1.215224905014290063e-03 -4.076735940088803303e-04
-1.190092172531026591e-03 -5.253006535816990988e-04
-1.182762419101187745e-03 -5.900104539130031833e-04
-1.171571854085265343e-03 -6.179510405484283774e-04
-1.136206654424775503e-03 -6.326739936627926103e-04
-1.061822633407922059e-03 -6.601410473868465564e-04
-9.421104966042424464e-04 -7.232709582137842848e-04
-7.807222017317040109e-04 -8.370718183575607488e-04
-5.907847718234364486e-04 -1.005293022533961010e-03
-3.925906341880639415e-04 -1.219242912590255907e-03
-2.098994727441281225e-04 -1.459007324668370542e-03
-6.555017273265692089e-05 -1.696848651138922878e-03
2.278722245260724876e-05 -1.902150897174954575e-03
4.591541929575411961e-05 -2.046982004617906026e-03
4.843594396160147766e-06 -2.111226179475401889e-03
-8.937847619342216142e-05 -2.086318583766794653e-03
-2.176962028104986171e-04 -1.976877507796798682e-03
-3.565726783088487466e-04 -1.799925315962454947e-03
-4.823336380471181153e-04 -1.581844078844009014e-03
-5.755153023756400107e-04 -1.353638817756061541e-03
-6.243953084961970405e-04 -1.145399875012183873e-03
-6.270418897678307598e-04 -9.810057990824448161e-04
-5.914972295076853905e-04 -8.740609634277959460e-04
-5.340643316026945234e-04 -8.258268974667377438e-04
-4.760258845769856453e-04 -8.255275825075341235e-04
-4.394204405803047060e-04 -8.529585027026113236e-04
-4.426795746261551114e-04 -8.828923655257869688e-04
-4.969557624092593023e-04 -8.904338611071878785e-04
-6.038395838359501833e-04 -8.562961085541121939e-04
-7.549013620003706395e-04 -7.709865715167019996e-04
-9.331463903569323657e-04 -6.370973397139621363e-04
-1.116110009315609934e-03 -4.692545313932312877e-04
-1.280007702124920810e-03 -2.917260068687604077e-04
-1.404155015820083771e-03 -1.341314080021790869e-04
-1.474820435928845272e-03 -2.605948785871760537e-05
-1.487781157277299560e-03 8.393616954576984309e-06
-1.449096788443621133e-03 -4.486535144042748478e-05
-1.373953007570873205e-03 -1.872203135208922852e-04
-1.283792252299242658e-03 -4.069559945729940803e-04
-1.202272553653478855e-03 -6.812608206578257049e-04
-1.150817257791419230e-03 -9.802476132500278615e-04
-1.144595653806459697e-03 -1.272236933190388835e-03
-1.189692809521004707e-03 -1.529310592131128722e-03
-1.282001685361240477e-03 -1.732093276511417366e-03
-1.408044498332240713e-03 -1.872867763138597952e-03
-1.547565091863626176e-03 -1.956445876043809342e-03
-1.677398888277128368e-03 -1.998643148837834886e-03
-1.775885326947198315e-03 -2.022659461170220069e-03
-1.826985284446460463e-03 -2.054064670315976747e-03
-1.823322220983556591e-03 -2.115352324413324360e-03
-1.767570041972973483e-03 -2.221105922563790247e-03
-1.671924218204997453e-03 -2.374705481556608783e-03
-1.555756184335620705e-03 -2.567209499087264556e-03
-1.441895589192987480e-03 -2.778634215866794370e-03
-1.352245339931119244e-03 -2.981396647520321522e-03
-1.303561242681227500e-03 -3.145276459259475736e-03
-1.304197353030453173e-03 -3.242962335391368165e-03
-1.352435703236888782e-03 -3.255135900242857403e-03
-1.436719403040334761e-03 -3.174131841940363088e-03
-1.537747954716233052e-03 -3.005480508850478724e-03
-1.632041178585531436e-03 -2.767038252596556395e-03
-1.696300153882998769e-03 -2.485865663988922301e-03
-1.711742683769504163e-03 -2.193438495304890663e-03
-1.667595564495015850e-03 -1.920090117889797264e-03
-1.563085470720640283e-03 -1.689728403993794080e-03
-1.407554351937956305e-03 -1.515816711299549117e-03
-1.218680078460982483e-03 -1.399368295353134754e-03
-1.019141493647935130e-03 -1.329321514667247683e-03
-8.323611598291109871e-04 -1.285211968322923009e-03
-6.781332392808649048e-04 -1.241622668887304437e-03
-5.689651571347861380e-04 -1.173556884894800308e-03
-5.078259428620121498e-04 -1.061704094300170223e-03
-4.877271583749906675e-04 -8.965905422439637666e-04
-4.932146669874045005e-04 -6.808181812207735484e-04
-5.034870291785297630e-04 -4.289590585201087051e-04
-4.965476840592406363e-04 -1.651176768178698408e-04
-4.536017471953577066e-04 8.138289958002459473e-05
-3.628614156336398854e-04 2.813783573183322459e-04
-2.220355010971575673e-04 4.112878019708666490e-04
-3.902740608239610724e-05 4.575588508222485371e-04
1.692951826252808083e-04 4.192898177877359025e-04
3.800306562235378086e-04 3.085290023666118842e-04
5.683238314629473478e-04 1.481892147087525544e-04
7.118284230274426810e-04 -3.203435828120278651e-05
7.947112909941812537e-04 -2.009781877096225165e-04
8.104446602603960614e-04 -3.315595384201855400e-04
7.628617103168758339e-04 -4.055203849581800590e-04
6.652793931712854165e-04 -4.164790000538107239e-04
5.378578598291436320e-04 -3.707230174730797266e-04
4.036992488693693249e-04 -2.856055921666197494e-04
2.844266934039330714e-04 -1.858599947844183299e-04
1.960821605193086036e-04 -9.854167665987193718e-05
1.461206560293894664e-04 -4.756599336344457087e-05
1.320699917478984707e-04 -4.888533310363785698e-05
1.421091891824808966e-04 -1.072270822487175973e-04
1.574545572857781667e-04 -2.150168663336072584e-04
1.560994796328906526e-04 -3.536961034733594614e-04
1.171969438175458807e-04 -4.971877964618305785e-04
2.525152571278261151e-05 -6.168558918140292294e-04
-1.266769174622600722e-04 -6.870188646141434791e-04
-3.353689055921029393e-04 -6.899713948844483262e-04
-5.877489186100989284e-04 -6.195593463569424707e-04
-8.630444631253315815e-04 -4.826254826336942214e-04
-1.136397000360946227e-03 -2.980449490666481002e-04
-1.383246258539606909e-03 -9.352450746960039340e-05
-1.583662964868825900e-03 9.923827179926386914e-05
-1.725814644361586218e-03 2.501300894038580068e-04
-1.807913026092312740e-03 3.358871693272507796e-04
-1.838278748238059450e-03 3.440656712548863716e-04
-1.833515105036745332e-03 2.749775575823625311e-04
-1.815140129872101814e-03 1.412372902166947005e-04
-1.805317669349508405e-03 -3.498332502613626818e-05
-1.822498111407281924e-03 -2.264615948318466059e-04
-1.877795899618797887e-03 -4.063286436817217101e-04
-1.972790783827155399e-03 -5.533404920320232363e-04
-2.099169478925091113e-03 -6.560104237566587258e-04
-2.240275222588655746e-03 -7.148148582749181811e-04
-2.374270775969882907e-03 -7.420515590541173177e-04
-2.478314253279041528e-03 -7.593754770427273279e-04
-2.532954786507542275e-03 -7.934792571283815583e-04
-2.525912874134547247e-03 -8.707387366304944736e-04
-2.454526324753151297e-03 -1.011841690196340487e-03
-2.326395023610689124e-03 -1.227423100514077152e-03
-2.158098553153134196e-03 -1.515541363923083099e-03
-1.972225458276273460e-03 -1.861482799235421792e-03
-1.793272592171529962e-03 -2.239942297557871113e-03
-1.643186977847006531e-03 -2.619179129008693176e-03
-1.537390445374204554e-03 -2.966373770052701739e-03
-1.482036105610485578e-03 -3.253184769277363709e-03
-1.473012758420291736e-03 -3.460467068141800853e-03
-1.496882710457014994e-03 -3.581271947343870037e-03
-1.533572789832202002e-03 -3.621573815592939866e-03
-1.560306828727038402e-03 -3.598598850180926255e-03
-1.556033306878890424e-03 -3.537083664325046690e-03
-1.505508619196732536e-03 -3.464182923340342665e-03
-1.402262192365044289e-03 -3.403999197053948680e-03
-1.249881962428811121e-03 -3.372778189335426564e-03
-1.061377325086712824e-03 -3.375684641778464896e-03
-8.567412384014382954e-04 -3.405772921191369332e-03
-6.591746452108669403e-04 -3.445348668365854836e-03
-4.906901116566827125e-04 -3.469463039289070148e-03
-3.679294892435097122e-04 -3.450875187129183626e-03
-2.989901612773405580e-04 -3.365538618214212411e-03
-2.818636436174708237e-04 -3.197565973918095779e-03
-3.047851003847581400e-04 -2.942723820415927422e-03
-3.484305052467207052e-04 -2.609785827427876098e-03
-3.895482499618874834e-04 -2.219476899243871815e-03
-4.053402406549049854e-04 -1.801195879852586198e-03
-3.777653899058198831e-04 -1.388124250173804761e-03
-2.969528218109330109e-04 -1.011633306697346836e-03
-1.630803302646543465e-04 -6.960349120463996640e-04
1.363617927730586708e-05 -4.546559404884303423e-04
2.148393129849368577e-04 -2.879663041049436607e-04
4.174532970689014090e-04 -1.841023077647969443e-04
5.979854687226133364e-04 -1.216745173011829289e-04
7.368922472986622930e-04 -7.431800378679900170e-05
8.221839893772162067e-04 -1.611438907743944441e-05
8.515877451113684424e-04 7.314828133745331865e-05
8.328604587708834158e-04 2.038792741011894631e-04
7.821957872587898030e-04 3.745316802369900500e-04
7.210290408052047939e-04 5.718010085460534415e-04
6.718483510291836484e-04 7.731377879362556511e-04
6.538085488126414626e-04 9.510959721173117788e-04
6.789817142554018361e-04 1.078689430677895553e-03
7.499578434597487572e-04 1.134736147076066074e-03
8.592533791500042879e-04 1.108170447712103187e-03
9.906428883477086736e-04 1.000497562047532145e-03
1.122164786177568723e-03 8.259153662660521922e-04
1.230234700574082225e-03 6.090689424385860914e-04
1.294089937934881241e-03 3.808511497845743681e-04
1.299725344680814978e-03 1.730320208592731773e-04
1.242576636714162958e-03 1.272148330395419212e-05
1.128443864633748520e-03 -8.229830812545247060e-05
9.724803097048169810e-04 -1.064988871254847350e-04
7.964377933055234770e-04 -6.724649729725890035e-05
6.246889013754180781e-04 1.695334077895918124e-05
4.797775958512900452e-04 1.202668070895741858e-04
3.783383887929370627e-04 2.146696766700249316e-04
3.281539112826123861e-04 2.754339122546863462e-04
3.269046515809209859e-04 2.859204895101520312e-04
3.628437875509012383e-04 2.407692076959478951e-04
4.172651596138203674e-04 1.468816523748704792e-04
4.682926207397337926e-04 2.201321043019180673e-05
4.952686095518062624e-04 -1.087554304674832038e-04
4.829062388180996963e-04 -2.179936447310198045e-04
4.244139795944064635e-04 -2.813939210789667407e-04
3.229966718687809699e-04 -2.826978191182165541e-04
1.914442478217135682e-04 -2.171324777832575451e-04
4.988195632949002356e-05 -9.269643252557034033e-05
-7.789559887077604776e-05 7.095992081542523461e-05
-1.688156503972153082e-04 2.458587943086818742e-04
-2.048148437461734550e-04 4.006065622186276301e-04
-1.762133472380687988e-04 5.059738255800984817e-04
-8.353793366621021935e-05 5.400983256760700200e-04
6.255054753331450732e-05 4.923356787262906601e-04
2.432116784886571978e-04 3.650379004940910999e-04
4.348927047566488553e-04 1.729307887252870264e-04
6.136535124616647116e-04 -5.978559128257728700e-05
7.595326423767011399e-04 -3.040595895899045917e-04
8.601305016631591131e-04 -5.314555859550423129e-04
9.127347368116990080e-04 -7.194301640854447368e-04
9.245892793908094993e-04 -8.554186102586828220e-04
9.112604961909873862e-04 -9.389606412294440770e-04
8.934145254247393428e-04 -9.814673593550281294e-04
8.926209673634672185e-04 -1.003679791719437348e-03
9.269826059567964818e-04 -1.031308057093337964e-03
1.007423826274315808e-03 -1.089686114837552311e-03
1.135345610910730484e-03 -1.198464648689858119e-03
1.302096072855075688e-03 -1.367358372496995864e-03
1.490361442175141280e-03 -1.593765075744601372e-03
1.677218418030514135e-03 -1.862719710485922359e-03
1.838273757590286805e-03 -2.149204778706273120e-03
1.952110561540819009e-03 -2.422391905527882146e-03
2.004202028889373599e-03 -2.651023302678928110e-03
1.989553621807984684e-03 -2.808925187914227458e-03
1.913574660051346179e-03 -2.879619173948332229e-03
1.791014919289704750e-03 -2.859167139387513816e-03
1.643167511130881392e-03 -2.756718083425984886e-03
1.493866941649796710e-03 -2.592658926374115293e-03
1.365038750826321748e-03 -2.394723104025848343e-03
1.272641451926237672e-03 -2.192795583057983826e-03
1.223766657180190955e-03 -2.013397777542750774e-03
1.215443473368027581e-03 -1.874894456271532705e-03
1.235370110923263371e-03 -1.784326050305806537e-03
1.264430373250817604e-03 -1.736460111337704681e-03
1.280514456240328461e-03 -1.715233717850162161e-03
1.262916345651025592e-03 -1.697304320139961372e-03
1.196470854387795147e-03 -1.657025919816782324e-03
1.074642680539459640e-03 -1.571896480538829358e-03
9.009784458954931416e-04 -1.427432403640979111e-03
6.886428855281783975e-04 -1.220533845198679482e-03
4.581234522302594838e-04 -9.606901693606552124e-04
2.335348099985356694e-04 -6.687838653024465001e-04
3.822026089528817155e-05 -3.737063487564096730e-04
-1.095192178738067573e-04 -1.074140453099342021e-04
-1.997612692690568814e-04 1.006505754700329073e-04
-2.327331380673556399e-04 2.287268958595245895e-04
-2.186825073268464851e-04 2.665232511890582782e-04
-1.758725796596985089e-04 2.169133200165031532e-04
-1.270804188142966211e-04 9.522595260820151952e-05
-9.526046115728968870e-05 -7.373366447168593291e-05
-9.919271335382811054e-05 -2.603660530278398711e-04
-1.499376372879859982e-04 -4.357767904253368059e-04
-2.487666232704308002e-04 -5.770545361041320293e-04
-3.869572649506192261e-04 -6.713330022968958324e-04
-5.474893400825939921e-04 -7.178742686990103802e-04
-7.083173754581094557e-04 -7.277872224314611924e-04
-8.465971069761807745e-04 -7.214442236497317770e-04
-9.430625726856221684e-04 -7.240962386977815119e-04
-9.857221888980006140e-04 -7.605288436649990883e-04
-9.721713295716665881e-04 -8.497838695907380729e-04
-9.100811933622789639e-04 -1.000959488231597996e-03
-8.157694330178013459e-04 -1.210897482171850465e-03
-7.111216705687721648e-04 -1.464208941725691831e-03
-6.194457587708770106e-04 -1.735646382547725896e-03
-5.610432432315919874e-04 -1.994385223820972167e-03
-5.493365545751686518e-04 -2.209414996700550041e-03
-5.882857617384195433e-04 -2.355029243209586821e-03
-6.715850553031814558e-04 -2.415382877561939121e-03
-7.837926258551142136e-04 -2.387260673212184339e-03
-9.031819597924100164e-04 -2.280537433835901680e-03
-1.005777016803692568e-03 -2.116245555946676821e-03
-1.069809915310462097e-03 -1.922616742809956595e-03
-1.079760011934066070e-03 -1.729846221527035592e-03
-1.029212712255051215e-03 -1.564567738633544950e-03
-9.219999442805214577e-04 -1.445080480653867247e-03
-7.714096217124198542e-04 -1.378224918750184814e-03
-5.976170045768675792e-04 -1.358490748123942311e-03
-4.238274055305672359e-04 -1.369516045816401980e-03
-2.718634672064432472e-04 -1.387682832319888249e-03
-1.580350924725799412e-04 -1.387116373698519265e-03
-9.007619573047373571e-05 -1.345129154818306642e-03
-6.572997505097921407e-05 -1.247065948039498143e-03
-7.325172863378074620e-05 -1.089619802597096426e-03
-9.373457161629435825e-05 -8.819786138564414315e-04
-1.048176253931631962e-04 -6.445733090340265148e-04
-8.507384239373180020e-05 -4.056536950399201630e-04
-1.824530035971654897e-05 -1.963304744603695242e-04
1.034779414139161001e-04 -4.501371811886428417e-05
2.777588191245058740e-04 2.770609573999130177e-05
4.923188689736647788e-04 1.277047233240674942e-05
7.270130914573201108e-04 -8.574075503021790141e-05
9.573851720508056188e-04 -2.514117029396314117e-04
1.159034179216507279e-03 -4.585497519157260703e-04
1.311970451013619440e-03 -6.769248342774873434e-04
1.404140579835707562e-03 -8.772953632416790812e-04
1.433458790786917370e-03 -1.036680246686458263e-03
1.407964781282996028e-03 -1.142386087781884201e-03
1.344082706856059061e-03 -1.194035777083553513e-03
1.263315316968476737e-03 -1.203224298789432566e-03
1.188003229919932461e-03 -1.190877797266110677e-03
1.136955944111837577e-03 -1.182827502827635876e-03
1.121784975612675952e-03 -1.204448506194097813e-03
1.144635989654347154e-03 -1.275390513425817647e-03
1.197751248884916303e-03 -1.405410063882008790e-03
1.264946428974552143e-03 -1.592104602620369840e-03
1.324722625741143328e-03 -1.820987873245399642e-03
1.354423993531163155e-03 -2.067901702184417843e-03
1.334652704083285572e-03 -2.303315556760309087e-03
1.253103453246228079e-03 -2.497706325136822125e-03
1.107088956049609484e-03 -2.627004590095257872e-03
9.042750971147643212e-04 -2.677079331491494154e-03
6.614828434489519781e-04 -2.646413249182496489e-03
4.017796029262705451e-04 -2.546461655390721592e-03
1.504062042956910781e-04 -2.399624657218090654e-03
-6.969416830568712310e-05 -2.235212472346478647e-03
-2.419036138325881299e-04 -2.084162006214636091e-03
-3.587563516331860073e-04 -1.973497684956763022e-03
-4.230347881797006803e-04 -1.921576558365857600e-03
-4.469324918970210905e-04 -1.935007997523109776e-03
-4.494476064531597258e-04 -2.007820288065976025e-03
-4.525050183222005464e-04 -2.123020304150968068e-03
-4.765459281375580055e-04 -2.256238942173598074e-03
-5.364238575288333803e-04 -2.380759979072148962e-03
-6.383875556101668413e-04 -2.472968296549759009e-03
-7.787248538479157184e-04 -2.517174531674862617e-03
-9.443263547242974594e-04 -2.508892097866918108e-03
-1.115063622327491094e-03 -2.455936635560887048e-03
-1.267532254619104046e-03 -2.377131580364746921e-03
-1.379451065752796508e-03 -2.298858326396016963e-03
-1.433883677811470091e-03 -2.250099265443891456e-03
-1.422481783628464598e-03 -2.256909165859708431e-03
-1.347133967926206774e-03 -2.337360500204095290e-03
-1.219705317569194430e-03 -2.497920537666813677e-03
-1.059914066781311509e-03 -2.731948863311887792e-03
-8.917438621426139900e-04 -3.020604388998429472e-03
-7.390671868999045598e-04 -3.335996499265129599e-03
-6.213046171033435091e-04 -3.645991732049898466e-03
-5.499376565200259689e-04 -3.919775430487224335e-03
-5.265312249055438456e-04 -4.133126151675801246e-03
-5.426360676667803685e-04 -4.272416068996314105e-03
-5.815855312043839969e-04 -4.336592627176927804e-03
-6.218426806451381791e-04 -4.336779453412607614e-03
-6.412604964227325071e-04 -4.293585505613410451e-03
-6.214453896662262443e-04 -4.232645252234809585e-03
-5.513951733096943836e-04 -4.179247189154977789e-03
-4.297205183336128735e-04 -4.153079881289752605e-03
-2.650276868369043359e-04 -4.164101444037850673e-03
-7.438906033550949249e-05 -4.210324383739649963e-03
1.198093729059282003e-04 -4.277943546267629418e-03
2.940465239613834596e-04 -4.343789567146298485e-03
4.280788435958897886e-04 -4.379648039684000752e-03
5.087503974380015422e-04 -4.357629384790424366e-03
5.324773083293746776e-04 -4.255573421959629905e-03
5.059340951026515413e-04 -4.061464004716685249e-03
4.448095573887072955e-04 -3.776014476100558997e-03
3.708651074211826337e-04 -3.412929063918409504e-03
3.078496815194319393e-04 -2.996783515040807137e-03
2.770417593726016438e-04 -2.558917341541738864e-03
2.932596094247616643e-04 -2.132105030877026221e-03
3.620922981526497608e-04 -1.745003492492157044e-03
4.788730185485420366e-04 -1.417414368237038388e-03
6.295866374299611493e-04 -1.157244814619281300e-03
7.935374425392789600e-04 -9.597283382376865270e-04
9.472701642098343717e-04 -8.090392145301156810e-04
1.069000476454464062e-03 -6.819809957974305161e-04
1.142715187440116907e-03 -5.530373904555515013e-04
1.161165373308701470e-03 -3.998166255762861348e-04
1.127185842442070913e-03 -2.078469646871179233e-04
1.053091739369477458e-03 2.619477589736301506e-05
9.582676939761356231e-04 2.934416268462512007e-04
8.654076452944410407e-04 5.741858891094217803e-04
7.961194132596207231e-04 8.413690876395046089e-04
7.667287800718870176e-04 1.065554690752984132e-03
7.850804092440956004e-04 1.220443051281453351e-03
8.489444508615369292e-04 1.287883331330984867e-03
9.463338355509781728e-04 1.261430433416312622e-03
1.057675574982659466e-03 1.147768562295137500e-03
1.159428345819147948e-03 9.657252195714272980e-04
1.228464705155260647e-03 7.430540752050988126e-04
1.246391336105170076e-03 5.115862189305481330e-04
1.202992198466962650e-03 3.016570784446178689e-04
1.098145191338909801e-03 1.368525505577266568e-04
9.418515487881835759e-04 3.005684571397724061e-05
7.523740500805199075e-04 -1.846223577333294587e-05
5.528376769934415912e-04 -2.058066663185450455e-05
3.669369057743469094e-04 2.439982041618822691e-06
2.145623769732683665e-04 2.446224409697697632e-05
1.081743373559649387e-04 1.986918336375096349e-05
5.060823034281334599e-05 -3.118405934639148069e-05
3.472602776449589500e-05 -1.386664289739315348e-04
4.497682266804034322e-05 -3.004988128504850636e-04
6.056814230882643236e-05 -5.027301270071739357e-04
5.964396296077368632e-05 -7.220317375300439131e-04
2.367436759738190000e-05 -9.300394843677654236e-04
-5.877863355649909144e-05 -1.098720844770948151e-03
-1.896367390360433525e-04 -1.205748795006108013e-03
-3.606862334035265769e-04 -1.238860856880459865e-03
-5.548861349061602307e-04 -1.198372279327226128e-03
-7.493606694860839969e-04 -1.097360286207658183e-03
-9.195140414938779601e-04 -9.594759686229515933e-04
-1.043492697448634900e-03 -8.147884961848967647e-04
-1.106154117094692050e-03 -6.944380409493154660e-04
-1.101794157754031316e-03 -6.250987800656894900e-04
-1.035119528284484877e-03 -6.242889821727138971e-04
-9.202836750772186653e-04 -6.974047500762786417e-04
-7.781704230135232016e-04 -8.370278726272540465e-04
-6.324408237606509017e-04 -1.024628181724438532e-03
-5.050921390590963319e-04 -1.234328235468297452e-03
-4.123695365195923120e-04 -1.438008727519866133e-03
-3.618035655682096206e-04 -1.610780460936269212e-03
-3.509326120854272448e-04 -1.735780809577856061e-03
-3.679498108354153679e-04 -1.807382146122660151e-03
-3.941488725753338005e-04 -1.832202176084721246e-03
-4.077020830412315727e-04 -1.827724173014266080e-03
-3.880509714221048925e-04 -1.818789558672985170e-03
-3.200737016885308846e-04 -1.832630014330635876e-03
-1.972351762576910915e-04 -1.893384656005685229e-03
-2.311823079081886073e-05 -2.017147003447945005e-03
1.889592794209756334e-04 -2.208487693381326177e-03
4.181742650381238785e-04 -2.459120798088324997e-03
6.398580008912069066e-04 -2.748976833776561445e-03
8.298975085697319135e-04 -3.049490694313401230e-03
9.690498929476670190e-04 -3.328493926901166574e-03
1.046356839083851034e-03 -3.555797267181998612e-03
1.061016335760253280e-03 -3.708418640085817900e-03
1.022360239032984314e-03 -3.774478672206233766e-03
9.479443451245090930e-04 -3.755037512812491388e-03
8.601144241924220044e-04 -3.663535767610961221e-03
7.816996192047318253e-04 -3.522954958693643585e-03
7.316492056364964523e-04 -3.361243436898027608e-03
7.214387669946123807e-04 -3.205880582462259341e-03
7.529254690077302140e-04 -3.078613563492089804e-03
8.180570452090791742e-04 -2.991366356441569913e-03
9.004874488818533996e-04 -2.944096769542735737e-03
9.787904948245283558e-04 -2.925006316902154218e-03
1.030659709223297887e-03 -2.913060256542360574e-03
1.037295440859290190e-03 -2.882335727422821389e-03
9.871445162113316220e-04 -2.807367945543527005e-03
8.782801236320847676e-04 -2.668473778293001860e-03
7.189670055890235367e-04 -2.456034836914978026e-03
5.263006708353471777e-04 -2.172917994035317071e-03
3.231741254588620690e-04 -1.834562891449747005e-03
1.341424776483596032e-04 -1.466706981906437798e-03
-1.903530366473662246e-05 -1.101165470521263314e-03
-1.213367556661366984e-04 -7.704516076789728017e-04
-1.671553651286579890e-04 -5.022424611412890745e-04
-1.612143306518728169e-04 -3.147249742290981686e-04
-1.175436882823187220e-04 -2.136911715617542890e-04
-5.671597444692056246e-05 -1.919212027083321969e-04
-1.864752790847691490e-06 -2.309610035199615168e-04
2.575979801109021402e-05 -3.049494526355176057e-04
1.085696185280932017e-05 -3.857635392138114724e-04
-5.300585102568797441e-05 -4.485023576907346530e-04
-1.621731490398221984e-04 -4.762685665956540356e-04
-3.036092842394563394e-04 -4.633410176290825820e-04
-4.573979731151471767e-04 -4.161389526082049165e-04
-6.005575526946083315e-04 -3.517983579313781759e-04
-7.114467196851749714e-04 -2.946351501343208966e-04
-7.739235179859134221e-04 -2.711718207318170992e-04
-7.804669706585254038e-04 -3.046778466707280989e-04
-7.336671675437062522e-04 -4.102677174088119024e-04
-6.457986301297214586e-04 -5.914960929328928838e-04
-5.365548717156768148e-04 -8.391071130000488402e-04
-4.293704991705750364e-04 -1.132187691709338239e-03
-3.470249799595597102e-04 -1.441519838671372631e-03
-3.073586077897985593e-04 -1.734510758180122722e-03
-3.199103977256988023e-04 -1.980780517279752580e-03
-3.841135521177609612e-04 -2.157362056640976106e-03
-4.893897157319143957e-04 -2.252540925349873040e-03
-6.171242232013946860e-04 -2.267618616548104128e-03
-7.441489052734717767e-04 -2.216275217813539530e-03
-8.470740895048531425e-04 -2.121660104182659067e-03
-9.066511403707991487e-04 -2.011767855550540812e-03
-9.113415644353517302e-04 -1.913979394749386722e-03
-8.594193472362008854e-04 -1.849804444399863728e-03
-7.592112524470677861e-04 -1.830821281789585860e-03
-6.274326412143997524e-04 -1.856581074789612814e-03
-4.859371484552665052e-04 -1.914870155550123069e-03
-3.574989679363705253e-04 -1.984275277073007087e-03
-2.614296646641376732e-04 -2.038559128353110809e-03
-2.098626693887732566e-04 -2.052009085030536469e-03
-2.054120040264163305e-04 -2.004736569618993051e-03
-2.406513165490635562e-04 -1.886912659278440572e-03
-2.995142959274993757e-04 -1.701126167382213412e-03
-3.603533255034612045e-04 -1.462405375308590584e-03
-4.000787854381114691e-04 -1.195886708915489850e-03
-3.985962773252642376e-04 -9.325592362044191020e-04
-3.427020664517880415e-04 -7.038785418750760723e-04
-2.286990189898863374e-04 -5.362582535278722674e-04
-6.323695718491375716e-05 -4.464715807867617706e-04
1.377830725393381077e-04 -4.388240973142687701e-04
3.520351473654325194e-04 -5.046250183662742955e-04
5.547928589485148776e-04 -6.240506040804674141e-04
7.233928668383274654e-04 -7.700421152218876655e-04
8.412960554476853463e-04 -9.134973531179321239e-04
9.009813272676047520e-04 -1.028771776693599349e-03
9.051284127892589900e-04 -1.098448477795277651e-03
8.658702616256941202e-04 -1.116476603306669306e-03
8.022612125127149673e-04 -1.089088529283198208e-03
7.364449909221547136e-04 -1.033328346410390414e-03
6.892526836292768924e-04 -9.734780196459045382e-04
6.760685946743361877e-04 -9.360669786195773478e-04
7.037508965942072467e-04 -9.444202244382726144e-04
7.691939125260224570e-04 -1.013788278860587241e-03
8.598075873634224153e-04 -1.147992723017383400e-03
9.558261753963370006e-04 -1.338234407452206735e-03
1.034011229358656244e-03 -1.564301933098459106e-03
1.072049323182507280e-03 -1.797963234913184686e-03
1.052812699260636132e-03 -2.007909158407109908e-03
9.676762524899766224e-04 -2.165323193969781023e-03
8.182621887555933428e-04 -2.249031851229927551e-03
6.162806569308099634e-04 -2.249268209426761103e-03
3.814944473392248704e-04 -2.169342231856768045e-03
1.381903741636183048e-04 -2.024906098898614053e-03
-8.917789556837557910e-05 -1.840956410219569180e-03
-2.803544516180422994e-04 -1.647141785506662940e-03
-4.228311164670335316e-04 -1.472263400864396929e-03
-5.139153328412003358e-04 -1.339006968600242771e-03
-5.609294219777189849e-04 -1.259899055682768380e-03
-5.795086860390667640e-04 -1.235247120879394683e-03
-5.903259037571479458e-04 -1.253445492691501479e-03
-6.148677197912470662e-04 -1.293580165740747202e-03
-6.710678360134995479e-04 -1.329828880927160558e-03
-7.696288073573641884e-04 -1.336812137530293517e-03
-9.117335371750995071e-04 -1.294870119188309011e-03
-1.088584011653147710e-03 -1.194254225986115300e-03
-1.282858320228176443e-03 -1.037427406219744094e-03
-1.471813196848904999e-03 -8.390258648683910671e-04
-1.631447087448268957e-03 -6.234781244122488504e-04
-1.740937242281755549e-03 -4.207218524988691716e-04
-1.786511725670644844e-03 -2.608201699729789289e-04
-1.764023512789982982e-03 -1.684888698671214795e-04
-1.679738896992358926e-03 -1.585643721959567620e-04
-1.549189871873890437e-03 -2.332657975563231731e-04
-1.394306092271854975e-03 -3.817666427052417459e-04
-1.239367173694278478e-03 -5.821561289677667107e-04
-1.106538902977422445e-03 -8.054197709852487690e-04
-1.011835230173419161e-03 -1.020688333774335925e-03
-9.622668842529212433e-04 -1.200766079958515099e-03
-9.547124587575213676e-04 -1.326898119936649337e-03
-9.767214564792875853e-04 -1.391882395332133451e-03
-1.009092858349433693e-03 -1.400946723453278973e-03
-1.029736573351837424e-03 -1.370235752586733630e-03
-1.018082290131567440e-03 -1.323206233637210004e-03
-9.591967663875296604e-04 -1.285625796831460499e-03
-8.468260531957021425e-04 -1.280135280384116052e-03
-6.847830533745888262e-04 -1.321417426018812753e-03
-4.864145391849053913e-04 -1.412899757433220757e-03
-2.722458890758674044e-04 -1.545628471944188436e-03
-6.624738376728664402e-05 -1.699538312039071668e-03
1.085725191117902866e-04 -1.846888644041748189e-03
2.344134765742317316e-04 -1.957224480152405278e-03
3.019654268304462720e-04 -2.002930880672569147e-03
3.121048872796012511e-04 -1.964335071415383802e-03
2.756833447452515886e-04 -1.833394360927171523e-03
2.114464366777091373e-04 -1.615273739323947085e-03
1.424761069036933859e-04 -1.327514608228564860e-03
9.182722636485047543e-05 -9.969501935039514970e-04
7.818240800693486946e-05 -6.549478802735410332e-04
1.123450809766075495e-04 -3.318736005826171116e-04
1.952320102023138645e-04 -5.181890798386368496e-05
3.177424366958852718e-04 1.714200212782120299e-04
4.625256540015733092e-04 3.363607394450913784e-04
6.073094219025694084e-04 4.534799467626633436e-04
7.291562109137451377e-04 5.425659781819390471e-04
8.088388078636224443e-04 6.282931955371902095e-04
