1.826928725723148041e-03 1.410460694862342244e-03
1.903010049023895738e-03 1.168006621158480850e-03
1.760456664502553330e-03 1.033644654573748515e-03
1.443268839052170346e-03 1.072023517887358071e-03
1.026537013690284909e-03 1.310334239527784998e-03
6.020509673656141781e-04 1.732474322495854363e-03
2.607930159324036660e-04 2.281532965647456272e-03
7.563186425739551640e-05 2.870139631320627570e-03
8.749461626313256510e-05 3.396726159565947346e-03
2.976347550211180717e-04 3.764629487935301777e-03
6.674585763020154461e-04 3.900420581748224175e-03
1.125940373912885650e-03 3.767988021218244936e-03
1.583218822240614089e-03 3.375704881880651608e-03
1.947795737628779666e-03 2.775313673334540206e-03
2.144075512710433631e-03 2.052728949028108027e-03
2.126918335778878871e-03 1.312484539230159269e-03
1.890445208057619456e-03 6.587530477939017434e-04
1.469420823208034870e-03 1.765119926623783669e-04
9.329455683743357892e-04 -8.359864477521026897e-05
3.716441657231204154e-04 -1.138829991526640797e-04
-1.192299619391279548e-04 4.994609575623143449e-05
-4.575818580827100118e-04 3.365087796912427328e-04
-5.897917249307708942e-04 6.532169031317023190e-04
-5.006663072640545661e-04 9.046897107370112075e-04
-2.161452819204434227e-04 1.011618551736270539e-03
2.017461037357856841e-04 9.264895806092054206e-04
6.667397300409584181e-04 6.431706885795752861e-04
1.084718566847119297e-03 1.985334539698677516e-04
1.371557080287987441e-03 -3.342078423929660319e-04
1.469030404613824291e-03 -8.591863632910431460e-04
1.355781295292976616e-03 -1.276013765204936628e-03
1.051270699261943687e-03 -1.498919439263009462e-03
6.119673063698994383e-04 -1.473270773733024964e-03
1.205018784152490853e-04 -1.186339675469242185e-03
-3.301550006796934427e-04 -6.702666573911380361e-04
-6.544902553361551904e-04 3.352050772256656274e-06
-7.908448838359978441e-04 7.362457035213507226e-04
-7.132989098494852635e-04 1.421217271307051704e-03
-4.367879928477743224e-04 1.961518972986648918e-03
-1.447648278993387367e-05 2.288208725117660269e-03
4.721220116272367207e-04 2.372224321034319822e-03
9.284119994199563786e-04 2.228912674909267790e-03
1.264486248161871039e-03 1.914179904943564539e-03
1.412038962118896497e-03 1.513013927208715307e-03
1.337223717865762074e-03 1.122574287921484278e-03
1.047024813595716320e-03 8.330709251745903581e-04
5.879379391502521056e-04 7.100699917839882903e-04
3.721126968668684817e-05 7.815920095797148498e-04
-5.116943230249077499e-04 1.032457230083733395e-03
-9.666737816864902008e-04 1.406957622380973928e-03
-1.254250597254810652e-03 1.819354894007005601e-03
-1.333286346760997236e-03 2.170218575804565286e-03
-1.202535236878045193e-03 2.365508752233012532e-03
-9.006180586695731625e-04 2.334784642450378825e-03
-4.984259589403286592e-04 2.045082167838554836e-03
-8.539839064132851397e-05 1.507820379246956098e-03
2.477199555296581961e-04 7.774136484312931623e-04
4.263712628460305729e-04 -5.816546266205808205e-05
4.066062703127115621e-04 -8.931056608597371001e-04
1.836973152761611078e-04 -1.622803797609997500e-03
-2.066954562654197726e-04 -2.162655429444934781e-03
-6.950324386336500680e-04 -2.463054625496219601e-03
-1.190851426347811588e-03 -2.517786576140978831e-03
-1.599725207561997296e-03 -2.364247215251504431e-03
-1.841013813816959419e-03 -2.075470558830959638e-03
-1.863054053371619679e-03 -1.745494011713549180e-03
-1.652913269812048567e-03 -1.470851201040713173e-03
-1.238862461308099221e-03 -1.331712616469450444e-03
-6.851013062939563698e-04 -1.376258176989363265e-03
-7.973352680557812752e-05 -1.611250744943608371e-03
4.817321097521692279e-04 -2.000602070222496850e-03
9.142337369958712049e-04 -2.472205712184912061e-03
1.158984743960341304e-03 -2.931742510207504052e-03
1.194286202563258834e-03 -3.280840383861113180e-03
1.039281824393018232e-03 -3.436142403804821714e-03
7.499511797699920813e-04 -3.345661963172653821e-03
4.081073389835357954e-04 -2.999314621433805342e-03
1.054901435026201276e-04 -2.431616058320612388e-03
-7.402492787046666654e-05 -1.716016366179823989e-03
-7.072564245109709373e-05 -9.519223872902528305e-04
1.392242123769897675e-04 -2.468426890409949892e-04
5.388833673529875310e-04 3.029876652082767047e-04
1.073378096714420592e-03 6.298578024393952559e-04
1.659961730129060889e-03 7.064643149065994582e-04
2.203390078164130499e-03 5.501995776399480490e-04
2.613706952152401557e-03 2.190541487466686759e-04
2.823076764650942708e-03 -2.000718244591758593e-04
2.798480658895047789e-03 -6.084183419239230957e-04
2.547874788587437857e-03 -9.145342555454299190e-04
2.118646154631778373e-03 -1.051924640668117604e-03
1.588658604096583474e-03 -9.918278658136853165e-04
1.051583298460661599e-03 -7.486989193569062572e-04
5.992888176123586886e-04 -3.773599792932214015e-04
3.046215288725392240e-04 3.763960507492295588e-05
2.078318344327602027e-04 3.984332201468063954e-04
3.092106682397498599e-04 6.129002165858390971e-04
5.693240370416308973e-04 6.127602755777269332e-04
9.167942607715508013e-04 3.672571991989235889e-04
1.262147344208001650e-03 -1.101771070603748195e-04
1.515097202104012100e-03 -7.635607371312767410e-04
1.601986746998120383e-03 -1.504014001397890399e-03
1.480076326532638042e-03 -2.225621508185341140e-03
1.145967235220693740e-03 -2.824524608656243593e-03
6.365589054358017059e-04 -3.217652967637152361e-03
2.235252872905701569e-05 -3.357571606431072626e-03
-6.056364900537765297e-04 -3.240653899086860974e-03
-1.152884118196799640e-03 -2.907052783762540359e-03
-1.539065568616676581e-03 -2.432493093482562818e-03
-1.713115776055939210e-03 -1.913453906673219865e-03
-1.662792953114195600e-03 -1.448558479662614713e-03
-1.416935339861403803e-03 -1.119704237843479949e-03
-1.039983582263882692e-03 -9.765111464835906675e-04
-6.198044683837308387e-04 -1.027034961332323011e-03
-2.511189605830602958e-04 -1.236502105704695865e-03
-1.766867814005168916e-05 -1.534300588280847590e-03
2.350711997672503759e-05 -1.827894759711058432e-03
-1.472875944814192387e-04 -2.021017473309423291e-03
-5.088557000814419341e-04 -2.032680258995655034e-03
-1.003313792573358541e-03 -1.813384453189678626e-03
-1.547252813315947838e-03 -1.355443822103165070e-03
-2.047732725189170891e-03 -6.954422979308914378e-04
-2.420076274363754110e-03 9.166165970858790378e-05
-2.604086392481452534e-03 9.056915813409413410e-04
-2.575610605277888453e-03 1.639203216418769291e-03
-2.351257382306445008e-03 2.196853277361792735e-03
-1.985366736114773864e-03 2.512542039643791275e-03
-1.559804812909507208e-03 2.561105206403251414e-03
-1.168511767982823501e-03 2.362360469721500825e-03
-8.997264396136794417e-04 1.976759194701475236e-03
-8.192520225183965669e-04 1.493480143815860851e-03
-9.579307213158712482e-04 1.013229912329118758e-03
-1.305699417468165081e-03 6.290135515310997516e-04
-1.813353392725396661e-03 4.085196770259745449e-04
-2.401686793553550660e-03 3.814551405918137437e-04
-2.976282864905039748e-03 5.342236837823873853e-04
-3.445158235203034380e-03 8.129490546796506577e-04
-3.735926016429412175e-03 1.134259852843402328e-03
-3.809234308042730964e-03 1.401780702850902085e-03
-3.665942426243352838e-03 1.525191126039718119e-03
-3.346683145255084906e-03 1.438224816417654935e-03
-2.923900862649847499e-03 1.112180505141998049e-03
-2.487879971037903863e-03 5.623637369037051258e-04
-2.129415235066598518e-03 -1.537837767439441221e-04
-1.922411335198119867e-03 -9.465371359914753584e-04
-1.909711655655741856e-03 -1.709881870878621722e-03
-2.094844365942010421e-03 -2.340643011722321355e-03
-2.441252708715512584e-03 -2.757149420128121500e-03
-2.879158448836872334e-03 -2.913919378351746692e-03
-3.318761197449691946e-03 -2.809604506852807389e-03
-3.667275696618537383e-03 -2.486702842213236141e-03
-3.846581486297457556e-03 -2.023107248657474069e-03
-3.808142436034848456e-03 -1.517097877316060748e-03
-3.542369521994862772e-03 -1.068625188979012257e-03
-3.080651277415013059e-03 -7.604288613933497202e-04
-2.489663566458532457e-03 -6.425654713859707285e-04
-1.859031138171960990e-03 -7.232689912883203103e-04
-1.284671299584810985e-03 -9.678657447002981086e-04
-8.509668907584302163e-04 -1.305937237210369473e-03
-6.151368905088229998e-04 -1.645359662394629482e-03
-5.967565242624257252e-04 -1.890544248724919645e-03
-7.744035146789733821e-04 -1.961405078921312026e-03
-1.090057784278610983e-03 -1.809441626361504071e-03
-1.460414025367194613e-03 -1.427868396793983193e-03
-1.792958067490338933e-03 -8.538505083047590342e-04
-2.003756630811088027e-03 -1.623985293191713790e-04
-2.033586448613286263e-03 5.469444890681720824e-04
-1.859344060787544673e-03 1.168125137368751466e-03
-1.498572054898626108e-03 1.607919040525124677e-03
-1.006241777062501100e-03 1.802944033588988696e-03
-4.643996252123077035e-04 1.731141415219814971e-03
3.336375796501541736e-05 1.415563981404888236e-03
3.996807463720990217e-04 9.197629600317095864e-04
5.700451707752124744e-04 3.356532871199172986e-04
5.151692094313854286e-04 -2.338426306240694048e-04
2.467155702562008742e-04 -6.940874184622845963e-04
-1.846848376699500153e-04 -9.763092142471296603e-04
-6.987597249235627701e-04 -1.050149490520299730e-03
-1.200506873361364621e-03 -9.288137473429889388e-04
-1.597873657257999850e-03 -6.658641379595029320e-04
-1.818864553980641639e-03 -3.442781939472396155e-04
-1.824845279004932075e-03 -5.986435958305242905e-05
-1.617532482619397655e-03 9.780465593391932284e-05
-1.238353434879418697e-03 6.330833156091065540e-05
-7.603044789642305311e-04 -1.912709025754632652e-04
-2.738568388820281346e-04 -6.501139395010018581e-04
1.304151487589954011e-04 -1.255751806408056696e-03
3.791884281635114025e-04 -1.919100179424627472e-03
4.304374163488704046e-04 -2.535562491191452415e-03
2.815085477891819373e-04 -3.004171587546884334e-03
-3.030844675722154432e-05 -3.246162274159684891e-03
-4.348222585947997265e-04 -3.219472162877904005e-03
-8.422618291960102133e-04 -2.926436076721271838e-03
-1.160355257812484319e-03 -2.413224558252405512e-03
-1.311930420294573013e-03 -1.761136511171954759e-03
-1.249702215692657633e-03 -1.071394578618964409e-03
-9.654431026354032882e-04 -4.463183573572699877e-04
-4.917961141275689054e-04 2.956715947388536062e-05
1.036182940177410175e-04 3.049215520922895183e-04
7.306919400944685266e-04 3.705770149369517130e-04
1.293557230884223065e-03 2.604389876094427288e-04
1.708394136281486111e-03 4.414753202019436790e-05
1.918951955002842552e-03 -1.870904074048825613e-04
1.906854811342559904e-03 -3.387931991612264581e-04
1.694747394737151523e-03 -3.321345867626009519e-04
1.341692782239451614e-03 -1.199037576251229913e-04
9.317006430072615180e-04 3.035500911187098867e-04
5.575640811132996470e-04 9.002946865036301439e-04
3.030707522075916892e-04 1.595118160831626632e-03
2.269607320406145500e-04 2.288985924058627684e-03
3.516718574615412384e-04 2.877121163968792382e-03
6.590057375252535935e-04 3.268301122833306392e-03
1.093536199180407615e-03 3.401728058715863465e-03
1.573114927301923855e-03 3.258289640096031017e-03
2.004484264992598564e-03 2.864082224162985482e-03
2.301039178474779609e-03 2.285531689467612277e-03
2.399372527785714748e-03 1.617033681500297960e-03
2.271467252100747066e-03 9.634478647904494084e-04
1.930222450768469093e-03 4.207516487749901352e-04
1.427261739041939172e-03 5.850411731605684694e-05
8.434328583302162265e-04 -9.257475213905936619e-05
2.737907919179995934e-04 -4.557553829648720162e-05
-1.900992939917296124e-04 1.459999935928188160e-04
-4.771957391122162283e-04 3.993439780037193795e-04
-5.501327947060117695e-04 6.190279492224763040e-04
-4.120085326573528529e-04 7.160861505919977488e-04
-1.055297131805119732e-04 6.258598621893689306e-04
2.953183798834910180e-04 3.212008909988456687e-04
6.994945656349620946e-04 -1.814880639963941701e-04
1.016319519393615693e-03 -8.245408041569473202e-04
1.172787376523246397e-03 -1.519228743416187622e-03
1.127491093498878124e-03 -2.161960947986371357e-03
8.785237149482482593e-04 -2.653429659657403038e-03
4.638593400917855221e-04 -2.917086949643090451e-03
-4.585756561196245666e-05 -2.913461258629117256e-03
-5.607475815236529111e-04 -2.647606516500818508e-03
-9.888100906824343408e-04 -2.168273032253425266e-03
-1.253471686794391032e-03 -1.558953073322576818e-03
-1.308242369522946355e-03 -9.224890271033276898e-04
-1.145699489462518282e-03 -3.621476499362734748e-04
-7.990927476624898069e-04 3.726999097785374353e-05
-3.362602236198935536e-04 2.247227593319446604e-04
1.529990653005078023e-04 1.917509304680349493e-04
5.737118033400143797e-04 -2.682460336974983300e-05
8.435044925907851307e-04 -3.604356904213888301e-04
9.080062480711548114e-04 -7.170835419718090981e-04
7.509701477624532075e-04 -1.001704647781274330e-03
3.972024598279863799e-04 -1.135085469048293782e-03
-9.224992713345172104e-05 -1.069722131035882396e-03
-6.317386095327584290e-04 -7.996009466001410739e-04
-1.127272470849971118e-03 -3.620283750907204437e-04
-1.494315618626471196e-03 1.688533219230776907e-04
-1.673753465494924337e-03 6.956514739883259491e-04
-1.643003859402206602e-03 1.115848586649912690e-03
-1.420170538905373130e-03 1.341044327668995239e-03
-1.060454727284824983e-03 1.313675318880509714e-03
-6.455076326592203931e-04 1.018048147780895073e-03
-2.677441391636918447e-04 4.835941062834774127e-04
-1.259277151134088803e-05 -2.202767669468903714e-04
5.795165816124153192e-05 -9.967577381799876471e-04
-8.264751502376445000e-05 -1.739294267002457206e-03
-4.201505166879831912e-04 -2.350974014295661475e-03
-9.019428412438135201e-04 -2.762005007394026899e-03
-1.446709393208273900e-03 -2.941992913496834644e-03
-1.959556645545547024e-03 -2.904714566590619988e-03
-2.349726751666255178e-03 -2.704506670314634712e-03
-2.547556419033074164e-03 -2.424976751947850902e-03
-2.517475774255393227e-03 -2.162197217795985490e-03
-2.264591520991643316e-03 -2.005587439031691725e-03
-1.833612623340561115e-03 -2.020125474032135812e-03
-1.300325687934292826e-03 -2.233277669900148900e-03
-7.572368012646920731e-04 -2.629139032100111587e-03
-2.960999169578212766e-04 -3.150909501804477660e-03
9.359869765934638458e-06 -3.711250136585456626e-03
1.172579586182122139e-04 -4.208568029982543562e-03
2.528379072658346223e-05 -4.546152741382382921e-03
-2.291049027638625193e-04 -4.650543326882964311e-03
-5.760600123516266494e-04 -4.485646864469834509e-03
-9.268914363257811694e-04 -4.059930014566810220e-03
-1.191215050599757699e-03 -3.425313238167415619e-03
-1.294446907243100619e-03 -2.667965219349787472e-03
-1.192323915336094154e-03 -1.892725913298458611e-03
-8.796936481238448171e-04 -1.204090549496868471e-03
-3.919006929316968700e-04 -6.873358963344815362e-04
2.015012779206131529e-04 -3.933413145194837677e-04
8.095292579134007269e-04 -3.299561422004125338e-04
1.336630461418881945e-03 -4.615245865436462753e-04
1.700436669740895169e-03 -7.166344483580328398e-04
1.847058280584044010e-03 -1.002599176854781973e-03
1.761028006475643575e-03 -1.223908678983364438e-03
1.468016268417716378e-03 -1.301134204467902043e-03
1.029807922492826256e-03 -1.186688526602759208e-03
5.324941720128851651e-04 -8.744404746438855930e-04
7.011716305800554019e-05 -4.013494163302830289e-04
-2.731352243758090360e-04 1.592004418982073915e-04
-4.388133803252603545e-04 7.111109408697647346e-04
-4.051625989236005282e-04 1.153733444819109166e-03
-1.910802825828082207e-04 1.401045619295196139e-03
1.476718845817327763e-04 1.398206827462085541e-03
5.292788044795917720e-04 1.132350406361740548e-03
8.616531161153566810e-04 6.355590659499544322e-04
1.060191958314698254e-03 -2.055329110127703993e-05
1.064139982132234451e-03 -7.376435069863562831e-04
8.484527205003170426e-04 -1.408419360936391182e-03
4.289061534144842443e-04 -1.936051862025536070e-03
-1.405229586385098491e-04 -2.251565936532970609e-03
-7.775177509778326843e-04 -2.325939581381459426e-03
-1.386663272444563222e-03 -2.174643993600942817e-03
-1.877190638059132591e-03 -1.853788447708814777e-03
-2.179869588658880399e-03 -1.448622727135157962e-03
-2.259856136618683571e-03 -1.056595815146074355e-03
-2.123066978193001702e-03 -7.681985513759072726e-04
-1.814877114815626521e-03 -6.492352737898661724e-04
-1.411389750906404420e-03 -7.278961472003124978e-04
-1.004932978816634129e-03 -9.890897659641630438e-04
-6.865299082882848208e-04 -1.377117512133631694e-03
-5.286609589153301939e-04 -1.806188089694358515e-03
-5.715807055156551467e-04 -2.176782481211570527e-03
-8.157776315780762479e-04 -2.394768156452935053e-03
-1.222001044954268510e-03 -2.389637240072040383e-03
-1.718845675339828426e-03 -2.128405848455465921e-03
-2.216452608180161012e-03 -1.622530233925906056e-03
-2.623726384527086224e-03 -9.265148023465780928e-04
-2.865801781320473016e-03 -1.284577015982141029e-04
-2.898446169902773109e-03 6.656958314777990495e-04
-2.716663445899443474e-03 1.351232424107284618e-03
-2.355863488973443907e-03 1.843492089282258630e-03
-1.885369063163019323e-03 2.092891992110370789e-03
-1.395483427670128791e-03 2.093331386089061687e-03
-9.805618628034413423e-04 1.882409534337301437e-03
-7.212877773518657464e-04 1.533437697651433276e-03
-6.695055636484767772e-04 1.140778544282890303e-03
-8.384791778481115020e-04 8.013077162617417756e-04
-1.200419021242838096e-03 5.955239955042822362e-04
-1.691744422220222343e-03 5.718980823591151251e-04
-2.225085258116834240e-03 7.374334754637777364e-04
-2.705751153742204894e-03 1.056233148382465774e-03
-3.049551675570184601e-03 1.456346143082617658e-03
-3.198596008947789289e-03 1.843596678465517788e-03
-3.132084037884652703e-03 2.119772581782782342e-03
-2.870049947637895622e-03 2.201720937337121008e-03
-2.469354698286815517e-03 2.037723849688670083e-03
-2.012692099557828948e-03 1.618039314253083994e-03
-1.592696634035084633e-03 9.775944122945834890e-04
-1.294168966417080097e-03 1.903016958664096941e-04
-1.177791548583994067e-03 -6.439461776069812637e-04
-1.268424433645489510e-03 -1.417163627537265788e-03
-1.550203864691710809e-03 -2.032677782973481284e-03
-1.969377705475571210e-03 -2.422402006853673594e-03
-2.444346289159614240e-03 -2.558730192341135586e-03
-2.881012232630675209e-03 -2.458822442697736806e-03
-3.190536655997697028e-03 -2.180492104754671971e-03
-3.306142599584283026e-03 -1.810492590466318769e-03
-3.195785770583089991e-03 -1.447439227081251823e-03
-2.868294178438015631e-03 -1.182614494358845327e-03
-2.371813804134045335e-03 -1.082302667031508851e-03
-1.784853246233690863e-03 -1.175006882214778151e-03
-1.201620638624190020e-03 -1.445973587137325224e-03
-7.144258906327782257e-04 -1.840062027430755965e-03
-3.964760354862473940e-04 -2.272412676033131948e-03
-2.883161934007325445e-04 -2.644888222283248852e-03
-3.904776515868973617e-04 -2.865164292363069423e-03
-6.637186826815262087e-04 -2.864842152660003818e-03
-1.036805597708108937e-03 -2.613137966330997611e-03
-1.420353450740169431e-03 -2.123538299636383315e-03
-1.724098198901548524e-03 -1.452141429213063203e-03
-1.874322312857466376e-03 -6.879767910792914569e-04
-1.828126908244841111e-03 6.288716644975770025e-05
-1.581840917744327087e-03 6.964608139456634562e-04
-1.171968510392466800e-03 1.129580153076021297e-03
-6.684895622419195554e-04 1.314755613750953189e-03
-1.617768037695138141e-04 1.248332847253715971e-03
2.543970486851087438e-04 9.704402950800400862e-04
5.005474157385625573e-04 5.567513862115194400e-04
5.265136711666005328e-04 1.036365640291136113e-04
3.209961209590115119e-04 -2.904709572967319317e-04
-8.621236637931274649e-05 -5.439581233195941046e-04
-6.297244765287411802e-04 -6.075824609183765566e-04
-1.220748175417039633e-03 -4.737434277931857436e-04
-1.763663860171899803e-03 -1.777207406895867309e-04
-2.173854909711464816e-03 2.093495950635410898e-04
-2.393421095967690135e-03 5.944228942256109260e-04
-2.401805898257612735e-03 8.807641430814461313e-04
-2.219332385712446433e-03 9.869725874399317908e-04
-1.902985528143784398e-03 8.631928124668950160e-04
-1.535247229176974707e-03 5.014231614867559065e-04
-1.208105990734598643e-03 -6.205165889561160743e-05
-1.005276784813481390e-03 -7.525868220692186542e-04
-9.860054070216092096e-04 -1.470363412899350266e-03
-1.173531179232114403e-03 -2.108360672987266704e-03
-1.550399243608436856e-03 -2.571734208563778226e-03
-2.061515980340784555e-03 -2.794952756349762622e-03
-2.624374020692054905e-03 -2.753469077421384983e-03
-3.144514730419220930e-03 -2.467733585003513679e-03
-3.533303198989242409e-03 -1.998806829589994463e-03
-3.724651724304523306e-03 -1.436414918268773093e-03
-3.687525693139567101e-03 -8.817197255492087047e-04
-3.431863168782796607e-03 -4.280731008611310309e-04
-3.006785445223079424e-03 -1.434024363692124049e-04
-2.491434430523792667e-03 -5.756240348024090590e-05
-1.980167834248182379e-03 -1.570436571957882889e-04
-1.564910613388384658e-03 -3.880326814955431178e-04
-1.317998853295929270e-03 -6.672322585714208099e-04
-1.278758400498167464e-03 -8.983794504817711746e-04
-1.446352892414452807e-03 -9.913164033192609168e-04
-1.780248347011833664e-03 -8.799835822101577778e-04
-2.208199044546855453e-03 -5.359072324862486402e-04
-2.640235195152340359e-03 2.539531958779719500e-05
-2.985996535623029746e-03 7.463287407463682025e-04
-3.172122706894583977e-03 1.537112572676187271e-03
-3.156400929742689265e-03 2.291804131276416970e-03
-2.935986060504117146e-03 2.907440108252869193e-03
-2.548131205952671938e-03 3.302693697235245442e-03
-2.063286068472492980e-03 3.432533995157464879e-03
-1.571866399380375664e-03 3.296129185127235663e-03
-1.167197481052326038e-03 2.936511710969114033e-03
-9.278602250250053262e-04 2.432080572399567073e-03
-9.027827813353369018e-04 1.881558225980248158e-03
-1.101901818860307435e-03 1.385255396887056373e-03
-1.494164071702315175e-03 1.026192497945191580e-03
-2.013249842270093889e-03 8.546497603376702890e-04
-2.569938881535713260e-03 8.790652752654608704e-04
-3.068782100453447577e-03 1.064994644439633915e-03
-3.425927895541367244e-03 1.342316187982122138e-03
-3.584733753700178761e-03 1.619301407883622134e-03
-3.526213547544889901e-03 1.800867930239532805e-03
-3.272349073829540923e-03 1.807538144555464847e-03
-2.881645706521593353e-03 1.591491608510497632e-03
-2.437780628052237455e-03 1.146648582501979055e-03
-2.033499842912424999e-03 5.108517636079369650e-04
-1.752819419518023914e-03 -2.402905272446596526e-04
-1.654906897621469817e-03 -1.006757077741446144e-03
-1.762699913217349130e-03 -1.682156262602818803e-03
-2.058421271348466648e-03 -2.173062537180487069e-03
-2.486842968907417798e-03 -2.416004107579884479e-03
-2.965683456677789542e-03 -2.388901140853552478e-03
-3.401170725406799100e-03 -2.114801752190156002e-03
-3.705824559350506375e-03 -1.657218219047541623e-03
-3.815089981433435196e-03 -1.107952945260048559e-03
-3.699670348357786583e-03 -5.697221779294073642e-04
-3.371221808235753698e-03 -1.368668476949669831e-04
-2.880326947282092070e-03 1.222015727234059771e-04
-2.307126590209930463e-03 1.775043956552853222e-04
-1.746378213291504286e-03 4.259216382498974898e-05
-1.289764180613818274e-03 -2.287163160036988587e-04
-1.008793321696402172e-03 -5.533177412688052368e-04
-9.415267399069430446e-04 -8.354317192106525992e-04
-1.085634525915164751e-03 -9.856660180449165320e-04
-1.399091382682651503e-03 -9.389071708110353475e-04
-1.808372998695882651e-03 -6.676255723320481065e-04
-2.222595142110227184e-03 -1.880522424103675712e-04
-2.550912724960645132e-03 4.419654919309676418e-04
-2.719879465057707321e-03 1.133045668100629132e-03
-2.687477009405187314e-03 1.780402653953931961e-03
-2.451153909635679900e-03 2.282992040689478010e-03
-2.048350059234069036e-03 2.562061094324752028e-03
-1.549406132245218599e-03 2.575606244448135594e-03
-1.044200547673394819e-03 2.326011033323960569e-03
-6.250452586404339024e-04 1.859425883394008605e-03
-3.690811089866700024e-04 1.257011175476536015e-03
-3.235092631413583487e-04 6.197021499226732042e-04
-4.964591532559612915e-04 4.937712030317277685e-05
-8.552269861394769896e-04 -3.700120465310962172e-04
-1.332224006518325718e-03 -5.877844706919715598e-04
-1.837514504972932988e-03 -5.954576895105815259e-04
-2.275576264610135960e-03 -4.275837294457994335e-04
-2.563116921707299291e-03 -1.543540809548199619e-04
-2.644579899187114291e-03 1.326056411655787410e-04
-2.502410991527378482e-03 3.385395640714861402e-04
-2.160148511473326555e-03 3.844751521182597281e-04
-1.677758356782596853e-03 2.231418632600147382e-04
-1.140103212656778855e-03 -1.511425817435991994e-04
-6.407344551142678951e-04 -7.005128579741622336e-04
-2.640801527140268414e-04 -1.349915987577135013e-03
-6.940535431523950534e-05 -2.000605967167619348e-03
-7.958427856807328768e-05 -2.548235313198769260e-03
-2.768118258932807021e-04 -2.902132739780618684e-03
-6.060667527681576437e-04 -3.002128643889065071e-03
-9.856699169742218127e-04 -2.829751169576842293e-03
-1.322936403063101375e-03 -2.411678106190511678e-03
-1.531954713409516442e-03 -1.814792628126669352e-03
-1.550122433554163189e-03 -1.133777015976678189e-03
-1.350302316595337893e-03 -4.735877831882936550e-04
-9.462911708635675812e-04 6.987866347253255360e-05
-3.905594213979312105e-04 4.272813307265157850e-04
2.353178439134140821e-04 5.681935616369711284e-04
8.357341070839640696e-04 5.060033493011731505e-04
1.318782704127123258e-03 2.944472389714008088e-04
1.613296668935091088e-03 1.645586801427934096e-05
1.681978418031895113e-03 -2.325538599327717812e-04
1.528140631635508100e-03 -3.637528451897151542e-04
1.194788946067113986e-03 -3.127049179194238675e-04
7.562265399813700899e-04 -5.250864167542085292e-05
3.037758998795733615e-04 4.002345395091674472e-04
-7.167398208288741461e-05 9.877763082278630431e-04
-2.969867013599168182e-04 1.621474012911449389e-03
-3.306820195115279214e-04 2.198014532999273928e-03
-1.707900050675296034e-04 2.618550788908148314e-03
1.448316115266354244e-04 2.807137513975573387e-03
5.457760560835984726e-04 2.724982102108467873e-03
9.425819335219739765e-04 2.377815107751058647e-03
1.243885251187232168e-03 1.814984086929428454e-03
1.373977193736309731e-03 1.120438044757714755e-03
1.287437944607000692e-03 3.973017906851480756e-04
9.780696004250848986e-04 -2.510500574563927830e-04
4.804299784305909871e-04 -7.398499843268223049e-04
-1.363303742418584138e-04 -1.018171846678373252e-03
-7.811686087297480853e-04 -1.077677284559936137e-03
-1.357990413079339289e-03 -9.532394148420914905e-04
-1.783450316503057713e-03 -7.153482969006862017e-04
-2.002348751601513380e-03 -4.557595245485422143e-04
-1.997717929441651663e-03 -2.691269233117210904e-04
-1.793693735660595225e-03 -2.341204566003178729e-04
-1.450636097619529804e-03 -3.976271426348735368e-04
-1.053427161573427607e-03 -7.650477219485183646e-04
-6.951674735036655374e-04 -1.298545755794870823e-03
-4.593607938858516090e-04 -1.923597705394423409e-03
-4.039633678547785607e-04 -2.542617990608207930e-03
-5.503193803703333893e-04 -3.053090315368578098e-03
-8.790779803179322180e-04 -3.366780026476100598e-03
-1.333864097105772785e-03 -3.426394185109424458e-03
-1.832005926405049726e-03 -3.216535791963059335e-03
-2.280284746666994336e-03 -2.766875383058180898e-03
-2.592720897963874879e-03 -2.146933173978550057e-03
-2.707023517850431181e-03 -1.453449868540693246e-03
-2.596584052663743029e-03 -7.927242289352369464e-04
-2.275736794011211372e-03 -2.612455987663821894e-04
-1.797284060948632980e-03 7.173002938852773673e-05
-1.242747914894428872e-03 1.763817537142649142e-04
-7.071872854847992837e-04 6.701492800657263445e-05
-2.814484336356021504e-04 -2.016235240510426364e-04
-3.520293743617644751e-05 -5.456844547326716042e-04
-3.978730040324601064e-06 -8.690399329422935672e-04
-1.826342243847065483e-04 -1.082382420139110790e-03
-5.265062423157184247e-04 -1.120961614645314859e-03
-9.600102141955660882e-04 -9.575805780967861294e-04
-1.391060945392713719e-03 -6.083725576521972420e-04
-1.728581178743034998e-03 -1.302493786789469025e-04
-1.899781651756832440e-03 3.895079338932334531e-04
-1.863940749755768015e-03 8.495546677120694237e-04
-1.620075692622568574e-03 1.153602575684243865e-03
-1.207054728187470331e-03 1.228736551041004297e-03
-6.961318922788472781e-04 1.039458055109261821e-03
-1.773214411997185561e-04 5.947909369687584286e-04
2.578037016124801618e-04 -5.290459418713649867e-05
5.336272524182277639e-04 -8.171972366218418875e-04
6.049962998413948830e-04 -1.593189598939814041e-03
4.659663252164100667e-04 -2.276525621777552785e-03
1.511221349697591180e-04 -2.782221163032481265e-03
-2.707818882678614410e-04 -3.059773891294755022e-03
-7.096642739428705993e-04 -3.101714534370877182e-03
-1.071015965841646492e-03 -2.944004151501957746e-03
-1.273662594672936386e-03 -2.658226104602312134e-03
-1.265031503256811019e-03 -2.337074487686748372e-03
-1.031037414088263951e-03 -2.075908961341543270e-03
-5.987188167145585408e-04 -1.953889193016011480e-03
-3.112884206651553298e-05 -2.018279736904085488e-03
5.845500825015632852e-04 -2.274913511307691000e-03
1.153416567469073457e-03 -2.686633178825770935e-03
1.590678706759970527e-03 -3.180016083441889168e-03
1.837526415773232166e-03 -3.659116657053802443e-03
1.872045032374185063e-03 -4.023628087518174579e-03
1.713107661877514990e-03 -4.188024829919582970e-03
1.416514254355781890e-03 -4.098058323599227185e-03
1.064114252370323976e-03 -3.741475856503106903e-03
7.479786726587930867e-04 -3.150922738632017540e-03
5.526251157450844716e-04 -2.398464551536021606e-03
5.386680304271444873e-04 -1.582749865132452270e-03
7.309968474023666261e-04 -8.112247714416043198e-04
1.113727402431307799e-03 -1.807455665975190705e-04
1.632889638767272148e-03 2.397621273437064611e-04
2.206349676374521739e-03 4.213377676583145550e-04
2.739094308038376568e-03 3.794587603294567821e-04
3.140990230870656982e-03 1.701281329586006941e-04
3.343661165156107916e-03 -1.216598186525079069e-04
3.313292266657815420e-03 -3.988708891463144720e-04
3.056941407754252757e-03 -5.715703766160888785e-04
2.621165165880832461e-03 -5.746094086895511821e-04
2.083221203340978721e-03 -3.804946121530695469e-04
1.536512975909046794e-03 -4.992348551965931046e-06
1.073031593128218964e-03 4.956024461365041937e-04
7.661170578045000887e-04 1.035021054940972463e-03
6.567995879437926211e-04 1.513402623417981581e-03
7.463028710391274474e-04 1.836398896187541215e-03
9.961234340637576106e-04 1.933379093325350313e-03
1.335664962990519870e-03 1.771278930943545604e-03
1.675975222566707373e-03 1.361459316630833291e-03
1.926977250662097055e-03 7.582608336595816553e-04
2.014924606307090874e-03 4.950980844582650840e-05
1.896767910221269391e-03 -6.592465545034622947e-04
1.568704722998400056e-03 -1.263812792247349763e-03
1.067286197602000490e-03 -1.680137115223883336e-03
4.628634006662689241e-04 -1.859287763982553701e-03
-1.533930793316650300e-04 -1.795801204063312553e-03
-6.864492372257955397e-04 -1.527843943663182401e-03
-1.055134906747888252e-03 -1.129178747504281993e-03
-1.207290593732471143e-03 -6.944763254774919325e-04
-1.129469794058255913e-03 -3.207716113482657078e-04
-8.493624589236617580e-04 -8.859129724091922148e-05
-4.304823515832628721e-04 -4.633865104211598585e-05
3.987531787151251186e-05 -2.009016930830179182e-04
4.671265489832209157e-04 -5.162690587195764829e-04
7.672206500973570127e-04 -9.204181746776472339e-04
8.824203890684882267e-04 -1.319170518275615718e-03
7.920564866188878382e-04 -1.614385976577074932e-03
5.162251862011824413e-04 -1.723043183663300120e-03
1.117345022627077135e-04 -1.593581533401268631e-03
-3.389270272152675179e-04 -1.216395910931420896e-03
-7.435036145162194450e-04 -6.264796318401237227e-04
-1.017747225152764324e-03 1.023044110288553760e-04
-1.101681173223994148e-03 8.702609006668735265e-04
-9.712652261647592485e-04 1.569761458503946428e-03
-6.432459899240498217e-04 2.104640249432171602e-03
-1.722671068253187824e-04 2.407436865220641438e-03
3.592200038705152293e-04 2.451244920596332665e-03
8.563402145014819286e-04 2.253945372056990505e-03
1.229565599258880537e-03 1.874044050222555555e-03
1.411512475833747587e-03 1.398920583149140199e-03
1.369587380543267922e-03 9.277302725953555590e-04
1.112089755545605163e-03 5.522100983383847715e-04
6.866169388120943896e-04 3.390337903311144412e-04
1.710733801705281081e-04 3.170643086716402621e-04
-3.410148048897407389e-04 4.719212884906004782e-04
-7.581016522505431383e-04 7.488923251686291360e-04
-1.007810016103404894e-03 1.063633428901680474e-03
-1.050456679531013016e-03 1.318625534452584971e-03
-8.863580025972769534e-04 1.422260674880570109e-03
-5.555385711199709291e-04 1.306930406932969944e-03
-1.299043702811220025e-04 9.426752079474251447e-04
3.006307893569443645e-04 3.437916159210165296e-04
6.454317890697529184e-04 -4.328747931860649819e-04
8.305616987139472201e-04 -1.297649906506123316e-03
8.130293281895797312e-04 -2.143948169595457590e-03
5.891608057925731053e-04 -2.867396580471744810e-03
1.955041057079237414e-04 -3.384568497449567774e-03
-2.979102570422583265e-04 -3.647803252427326247e-03
-8.006812338513628891e-04 -3.653327356957276287e-03
-1.219043396050778928e-03 -3.441159625283164714e-03
-1.473550358279503191e-03 -3.086836066727329311e-03
-1.514089237801799232e-03 -2.686536780776809311e-03
-1.329384105289737510e-03 -2.338443518419414113e-03
-9.491887272005081503e-04 -2.123867069695722053e-03
-4.387520698690863634e-04 -2.091723741916907443e-03
1.133978640987763631e-04 -2.249302419120805668e-03
6.120421090044162035e-04 -2.561068913179270594e-03
9.730940367883877430e-04 -2.955728849703127652e-03
1.139288081285140747e-03 -3.340203088763780970e-03
1.090768869644027569e-03 -3.617857480202086359e-03
8.485817932092591795e-04 -3.707520144092590030e-03
4.704104715367326108e-04 -3.559667666802536230e-03
3.937483098427683841e-05 -3.166695459335194633e-03
-3.519823759071843191e-04 -2.565306011952332189e-03
-6.194817058883295190e-04 -1.830540115762266601e-03
-7.034914262964604703e-04 -1.062557898899966829e-03
-5.804394551207094338e-04 -3.686492196878073070e-04
-2.674674127316801781e-04 1.561433363144687590e-04
1.806593677755610424e-04 4.461419932704656019e-04
6.818048253046191803e-04 4.766713847901716400e-04
1.141939817038537322e-03 2.680314321409185989e-04
1.472915742162885823e-03 -1.189303613965742891e-04
1.609169595863418640e-03 -5.947952023022148697e-04
1.520197097783113028e-03 -1.058819687649748464e-03
1.216430731530696377e-03 -1.418180123089176877e-03
7.474072499731274381e-04 -1.605567059836631979e-03
1.925682168925760870e-04 -1.591798707008755098e-03
-3.535687902302202495e-04 -1.391068730867042746e-03
-7.990655711018600921e-04 -1.057842182596502398e-03
-1.071708033733496457e-03 -6.759980459737991235e-04
-1.132400298674748331e-03 -3.422880284604458596e-04
-9.822788287020111503e-04 -1.472601356402130062e-04
-6.622066066993121357e-04 -1.572779360151661376e-04
-2.447503026870388580e-04 -4.010608461900411724e-04
1.798333542467944529e-04 -8.633161041539615371e-04
5.209416281927983696e-04 -1.486691130668220439e-03
7.050096017055037124e-04 -2.181699793478686453e-03
6.896360876218108303e-04 -2.842765970287681500e-03
4.717715137868995880e-04 -3.367368736944142786e-03
8.841292048047266630e-05 -3.674684992408139284e-03
-3.903289564840318505e-04 -3.720218814816140737e-03
-8.744800550805385082e-04 -3.503664602285403058e-03
-1.271262996361471193e-03 -3.068529590168211571e-03
-1.502736481616249661e-03 -2.493598597854344238e-03
-1.520673083577987359e-03 -1.877865085251970677e-03
-1.315856318742608059e-03 -1.321786117368909221e-03
-9.200335422790263760e-04 -9.084112277862640538e-04
-4.001507644967254151e-04 -6.879554362444089462e-04
1.540441016955374257e-04 -6.687310297918646045e-04
6.466882452480260694e-04 -8.161453452646890176e-04
9.936282445118613683e-04 -1.059941365008171916e-03
1.138013858151128068e-03 -1.308294330699198271e-03
1.060716267525328889e-03 -1.466076958454327374e-03
7.836059518124700298e-04 -1.453814544626828116e-03
3.650774797586680697e-04 -1.223719133634474862e-03
-1.113236029000722375e-04 -7.697439681468501568e-04
-5.530109093276538035e-04 -1.297311052413705314e-04
-8.761471979059758672e-04 6.207778986465444220e-04
-1.021739789532005987e-03 1.381919347726856323e-03
-9.669887657505797044e-04 2.047561880618475969e-03
-7.297350810522992230e-04 2.524639885003903891e-03
-3.651631275901978473e-04 2.750123273244822752e-03
4.462020029602931787e-05 2.702425850720756480e-03
4.061580839195044258e-04 2.405104464436716872e-03
6.324195692729193356e-04 1.922157552566081291e-03
6.594117312984243157e-04 1.345818938990058812e-03
4.584804484027503024e-04 7.791602222966709668e-04
4.196718777789746561e-05 3.167945112403267819e-04
-5.388538261207438066e-04 2.733016586189788988e-05
-1.203172910260970081e-03 -5.911166552824247133e-05
-1.855603578007294311e-03 4.403597182150564143e-05
-2.403877112165515601e-03 2.830789630406609189e-04
-2.775930144801046391e-03 5.750744347066802289e-04
-2.933157626574075215e-03 8.244575293365370705e-04
-2.877329740418771518e-03 9.421130183067798767e-04
-2.649870864473168747e-03 8.632578065550317254e-04
-2.323644553579937242e-03 5.607246514621141466e-04
-1.988807016495663764e-03 5.110792226017458507e-05
-1.735414192509820812e-03 -6.074158025868646275e-04
-1.636081699921424154e-03 -1.325202087914999650e-03
-1.731986277756254007e-03 -1.997293659916818485e-03
-2.024863815666973210e-03 -2.522575989995971477e-03
-2.476522603115793083e-03 -2.822322825738097195e-03
-3.015966266578518507e-03 -2.854633878195433558e-03
-3.552778762501634675e-03 -2.622041675673208658e-03
-3.994236905477933919e-03 -2.170854667084780917e-03
-4.262909010840946686e-03 -1.582364796561936586e-03
-4.311405147419726525e-03 -9.575845112361943681e-04
-4.131482810002331391e-03 -3.983996879261874962e-04
-3.755779594015566658e-03 1.129989632638636436e-05
-3.251839564450957620e-03 2.209499534540749306e-04
-2.709558399173425149e-03 2.222117168173825142e-04
-2.224417996150856482e-03 4.977362167628784050e-05
-1.879678225903308074e-03 -2.260784097956594282e-04
-1.730890919237106909e-03 -5.136943897221419057e-04
-1.795661547269788343e-03 -7.183798376801880199e-04
-2.050590568756274421e-03 -7.613092684531110304e-04
-2.435967201486469256e-03 -5.954285552554664483e-04
-2.867320818619926211e-03 -2.153115316785433539e-04
-3.251637189417898397e-03 3.409182536712491041e-04
-3.505164148370463334e-03 9.979859580061965687e-04
-3.569431074405272387e-03 1.656992145031996322e-03
-3.422445587361704067e-03 2.213523834667067459e-03
-3.082944916455444308e-03 2.576935188119263039e-03
-2.606895433071994631e-03 2.687158587787515096e-03
-2.076902731349276540e-03 2.525871258771480218e-03
-1.586538245960654805e-03 2.119908043069630970e-03
-1.222552212554809271e-03 1.536275747332744874e-03
-1.048344170834631262e-03 8.697112587669627269e-04
-1.091825085401628521e-03 2.251339282534419676e-04
-1.339974393076574614e-03 -3.016940138198503495e-04
-1.741128202473546166e-03 -6.416492797166490356e-04
-2.214571410113695422e-03 -7.645766915696173205e-04
-2.665623762963074440e-03 -6.841491612605322698e-04
-3.003369708733389341e-03 -4.543585121064377431e-04
-3.157681203946090774e-03 -1.583236418672565927e-04
-3.092316323510857761e-03 1.084415537522405958e-04
-2.811619254461875626e-03 2.571084352867373515e-04
-2.359558446153631282e-03 2.233253958010110191e-04
-1.811289990099320454e-03 -1.967087567546817878e-05
-1.258848070158309195e-03 -4.551292246422058508e-04
-7.936756346049645859e-04 -1.025185370776732522e-03
-4.893058646314072616e-04 -1.641154280702918078e-03
-3.874754728104810603e-04 -2.199780464543591232e-03
-4.903000203942770247e-04 -2.602382107772267979e-03
-7.599925692245405743e-04 -2.773273822414632633e-03
-1.126177611089630845e-03 -2.673985985150650543e-03
-1.499412970374882324e-03 -2.310591032433917391e-03
-1.788355785747393952e-03 -1.732748760238594400e-03
-1.917317592789237165e-03 -1.024647204959391314e-03
-1.840878893776222739e-03 -2.895468464921578449e-04
-1.552789613411516192e-03 3.691562082999885188e-04
-1.087463254364686750e-03 8.667763825301053396e-04
-5.137746255639489938e-04 1.152542452095065267e-03
7.767177508144257250e-05 1.218299505503781140e-03
5.913992383173507107e-04 1.099082642879793160e-03
9.448572458421039544e-04 8.654765575984293491e-04
1.083797348799504963e-03 6.092313502648152076e-04
9.923212975495060862e-04 4.248821241442965295e-04
6.957043922427764591e-04 3.908762788034370050e-04
2.554643086686521130e-04 5.538047443320638381e-04
-2.423868298340189171e-04 9.187442080811640457e-04
-7.036794646834267433e-04 1.447558273926089108e-03
-1.043916990222020034e-03 2.065496006414068927e-03
-1.204222012402542119e-03 2.674852364768505464e-03
-1.162378795097795915e-03 3.173114754943104875e-03
-9.368819093225455152e-04 3.472167203772057349e-03
-5.832266237699821210e-04 3.514920035298239528e-03
-1.831468805776846880e-04 3.286217009028495964e-03
1.711567141151185459e-04 2.815952008931576871e-03
3.948067778447778876e-04 2.173799030829837945e-03
4.266819154628371993e-04 1.456543802223491660e-03
2.413737217383584441e-04 7.704029698420207127e-04
-1.456035882983029847e-04 2.116629274158631207e-04
-6.803452591580239853e-04 -1.507140037680944865e-04
-1.280358427011314432e-03 -2.872429034561629077e-04
-1.849786904244987446e-03 -2.125498103441713499e-04
-2.297183365616044335e-03 1.836882501612681047e-05
-2.552471200255239641e-03 3.215289478285761663e-04
-2.579891150796070898e-03 6.008051119865547322e-04
-2.384487477379264395e-03 7.670274312917300724e-04
-2.010910951811226491e-03 7.556917266368692312e-04
-1.534769988624849150e-03 5.399097593836623809e-04
-1.048171289145306741e-03 1.361299928190186446e-04
-6.421904863647249183e-04 -3.984691996655071464e-04
-3.895933500650933766e-04 -9.764322992380356685e-04
-3.310794001037042564e-04 -1.496355058699941386e-03
-4.676516055596329543e-04 -1.862002321297118006e-03
-7.605547864242888454e-04 -2.000597221378372457e-03
-1.138791209263782193e-03 -1.876816952272006376e-03
-1.512786174215165202e-03 -1.499839617798997497e-03
-1.791610944612958504e-03 -9.220990307769103261e-04
-1.900495880707610448e-03 -2.299712644506379127e-04
-1.795310902849420274e-03 4.718583827443429682e-04
-1.471264068801443831e-03 1.079405308940521030e-03
-9.641635296633281485e-04 1.508192548896059894e-03
-3.439961778770790103e-04 1.708315135861846910e-03
2.979687519569407424e-04 1.672932267101263221e-03
8.661165804276147167e-04 1.438602811014344637e-03
1.278264624611868613e-03 1.077424220312616678e-03
1.480920611685860970e-03 6.824863917651803526e-04
1.459138839077873170e-03 3.494167453421559042e-04
1.239112946847652913e-03 1.575313775337800967e-04
8.830185070024716438e-04 1.541797541784934757e-04
4.770850681627241937e-04 3.452632972809472050e-04
1.151582293256177107e-04 6.937363547890412719e-04
-1.191347577549306492e-04 1.126383374140891560e-03
-1.682389563948062574e-04 1.547595542635361908e-03
-1.154440922301186445e-05 1.857541225499621676e-03
3.307791110510040168e-04 1.971288969107155061e-03
8.017082036916331565e-04 1.835257924656975631e-03
1.318305254206832752e-03 1.437873145422331831e-03
1.787594833972366631e-03 8.123971838709698494e-04
2.124365303089426407e-03 3.138768508156956081e-05
2.267518819433992066e-03 -8.061865596190531062e-04
2.191867451265454379e-03 -1.592750936474424464e-03
1.913135091648511532e-03 -2.231501579198003678e-03
1.485211186555019866e-03 -2.653706870528724227e-03
9.901694228745619181e-04 -2.830681275564050133e-03
5.229347438780592664e-04 -2.778188014496130436e-03
1.734959288528707764e-04 -2.552460518496119622e-03
1.002645946754148962e-05 -2.238618919978405900e-03
6.610527261727673978e-05 -1.933696593663354960e-03
3.344536020637824732e-04 -1.727510547076145046e-03
7.683712292435558935e-04 -1.685015393820293861e-03
1.290598535663139718e-03 -1.833496944296993895e-03
1.807925639033264613e-03 -2.157041923754714815e-03
2.228782646681260089e-03 -2.599339175177772451e-03
2.480481527034460003e-03 -3.074286532491797043e-03
2.522846983522510425e-03 -3.482395852030044717e-03
2.355658366624093121e-03 -3.729887145314429199e-03
2.018497460983619072e-03 -3.746850062983867607e-03
1.583035851385824902e-03 -3.501024300220586388e-03
1.139227976589657701e-03 -3.004577026253079167e-03
7.780305816481884653e-04 -2.312578653714374328e-03
5.739273715957757521e-04 -1.513447608045190382e-03
5.705746483627045784e-04 -7.131531572435433888e-04
7.722926533568108716e-04 -1.614544868173040278e-05
1.143020237807023005e-03 4.933996476553388069e-04
1.612937000592770459e-03 7.664935135759867865e-04
2.091504787623913245e-03 7.976057056655357210e-04
2.484464381074999277e-03 6.247500410751761178e-04
2.711573570484905951e-03 3.213917314721658511e-04
2.721731564891870497e-03 -1.827151402382148817e-05
2.502628672674257239e-03 -2.978490159029834527e-04
2.083095852447723606e-03 -4.375910726146253369e-04
1.527710021471685590e-03 -3.899383802913192068e-04
9.246763232072743475e-04 -1.488331555054873013e-04
3.692804262362218157e-04 2.489772069352142424e-04
-5.395844542926075092e-05 7.308934715478277323e-04
-2.870581848903759874e-04 1.202357515350532900e-03
-3.092867700545825788e-04 1.565050028698393610e-03
-1.407945953928372131e-04 1.735939523702716755e-03
1.615154642375048167e-04 1.663564636002956001e-03
5.150916945579223170e-04 1.338452427859068662e-03
8.277015480143185173e-04 7.956829678588813945e-04
1.015233372655943364e-03 1.090952640184608192e-04
1.017953867195331430e-03 -6.217894476130410124e-04
8.121357005589477287e-04 -1.289673372755063005e-03
4.148466442874814038e-04 -1.798849543698334552e-03
-1.190130897510631967e-04 -2.082387207150462362e-03
-7.068701703431073090e-04 -2.113904407924327780e-03
-1.253915580744504547e-03 -1.911720988614597954e-03
-1.670901452568266310e-03 -1.534626464378721329e-03
-1.890931028099991943e-03 -1.070082856368627031e-03
-1.882065215871008826e-03 -6.171124709749466067e-04
-1.653360263162070897e-03 -2.671241779580414092e-04
-1.253193670817267288e-03 -8.631903672157680008e-05
-7.601944020335726178e-04 -1.030138519941879802e-04
-2.684925405150379507e-04 -3.022866541646039139e-04
1.299220003031114658e-04 -6.289581862908820171e-04
3.623957391152686112e-04 -9.983414953072229994e-04
3.891120489282740274e-04 -1.312717338944367935e-03
2.103455393265813529e-04 -1.480405631415203501e-03
-1.338964181587409710e-04 -1.433808555500184871e-03
-5.717698145624283256e-04 -1.142992940827164666e-03
-1.013525023810256647e-03 -6.222216999094973885e-04
-1.368827228626403811e-03 7.182290918851465429e-05
-1.564179173066105244e-03 8.498099682236960779e-04
-1.557140119843063684e-03 1.605697799699026080e-03
-1.344641916171416662e-03 2.235845076353584239e-03
-9.638211872734464385e-04 2.657700064450852894e-03
-4.852041915226696159e-04 2.824551908195868568e-03
4.705446660409752339e-07 2.733572040721101055e-03
3.993012454713597823e-04 2.425642399949206988e-03
6.319188956614314994e-04 1.977020024406291997e-03
6.484818859602255528e-04 1.484430796716529680e-03
4.381311697236511728e-04 1.046426379959661647e-03
3.111544776547017169e-05 7.445427291869657471e-04
-5.068173801525022604e-04 6.278326619318921539e-04
-1.086703038558784265e-03 7.037025036337686470e-04
-1.612995870629969908e-03 9.367855662932835165e-04
-2.001410887790649497e-03 1.256059959246116475e-03
-2.194600147317989081e-03 1.568853812589955654e-03
-2.172701537868890892e-03 1.779073653847183367e-03
-1.956769451339453354e-03 1.806189006127765107e-03
-1.604444905309043668e-03 1.601360362368497645e-03
-1.198692278948987723e-03 1.157636313247860892e-03
-8.317427491719188437e-04 5.122669115946577693e-04
-5.872921760616640549e-04 -2.593279191259994371e-04
-5.243316584143294101e-04 -1.056816472501688736e-03
-6.656795911567040674e-04 -1.772952990994052392e-03
-9.933933254916188678e-04 -2.312930225845683668e-03
-1.451935125440433115e-03 -2.611444513019539268e-03
-1.958497901681295617e-03 -2.644262744912154184e-03
-2.418539477461210258e-03 -2.432119711070381777e-03
-2.743586869899313288e-03 -2.036224021345096370e-03
-2.867941207462686940e-03 -1.546236774786406351e-03
-2.761121002290486438e-03 -1.063009129460449915e-03
-2.433687308385835881e-03 -6.793538503193409257e-04
-1.935346256797217503e-03 -4.624946148767321383e-04
-1.345685575962840899e-03 -4.415155771965053981e-04
-7.592954042076061885e-04 -6.021832937228103469e-04
-2.680861427655959568e-04 -8.901136113385332838e-04
5.585388934346889947e-05 -1.221672605276449657e-03
1.736210484318568290e-04 -1.500533100095538704e-03
8.655546150163084297e-05 -1.636734708671422258e-03
-1.643331387726156456e-04 -1.564619034030107023e-03
-5.064569670075228479e-04 -1.256222890928042910e-03
-8.497197620210983219e-04 -7.275711030482875583e-04
-1.103893251288663594e-03 -3.665401492059525493e-05
-1.196003593955767986e-03 7.265510449432367171e-04
-1.084429541201740142e-03 1.456148483913879878e-03
-7.670373026979300166e-04 2.049463537672338576e-03
-2.818069146557508836e-04 2.425649156920775193e-03
3.001726376109849779e-04 2.540256930769889832e-03
8.880164719512750882e-04 2.393030097031305283e-03
1.388146521168936824e-03 2.027457343221003572e-03
1.721946697812459749e-03 1.522183176580688743e-03
1.840627525339541245e-03 9.759093339749290484e-04
1.734484496183630754e-03 4.886506875017998259e-04
1.434794917570988027e-03 1.428957288918441051e-04
1.007990971122306977e-03 -1.176392519318760800e-05
5.432083703529283318e-04 3.236893814284819496e-05
1.355635688875888407e-04 2.401663500498178987e-04
-1.316794054064513537e-04 5.409743313086488653e-04
-2.026817203522600667e-04 8.427440673468306748e-04
-5.939973430566240949e-05 1.050301067237731454e-03
2.752048304884841109e-04 1.084272726249010206e-03
7.417158723529724065e-04 8.970684625766209936e-04
1.255706971409073936e-03 4.828636313160806180e-04
1.723905524785584748e-03 -1.203266932514365350e-04
2.062010607101814538e-03 -8.369001127243929847e-04
2.210785610308287682e-03 -1.567084331467146754e-03
2.147374081223354068e-03 -2.205000636727582914e-03
1.889692517237524187e-03 -2.657973123337578104e-03
1.493065742762300684e-03 -2.863445426578138317e-03
1.039740408403724403e-03 -2.800317256966075238e-03
6.232617347783978023e-04 -2.492566723604618811e-03
3.306722787522256828e-04 -2.004481823649790963e-03
2.259048686030602163e-04 -1.428409711344290171e-03
3.375166871555544072e-04 -8.673454127806974785e-04
6.530904271093386157e-04 -4.156550927166559849e-04
1.121366951168017555e-03 -1.415785898668919362e-04
1.661710783047452020e-03 -7.481559275152819405e-05
2.179122025165768691e-03 -2.015340335731878076e-04
2.581958674267493051e-03 -4.677309653742943614e-04
2.799020513072040736e-03 -7.902920837506158735e-04
2.792766881442788028e-03 -1.073636165569775112e-03
2.566172730048475042e-03 -1.228771494682206035e-03
2.161931798723821206e-03 -1.191133411695825903e-03
1.654164476204704427e-03 -9.338021861261332386e-04
1.134206589869758090e-03 -4.735749233142392363e-04
6.931754523171816239e-04 1.312813749004831812e-04
4.046189133116045479e-04 7.911924232069327380e-04
3.105365670707034738e-04 1.401451496691004037e-03
4.134227996974293570e-04 1.861362688387787831e-03
6.758401155918214139e-04 2.092744271990789814e-03
1.027604260677960658e-03 2.054302201359919228e-03
1.379220275111186448e-03 1.749162604756824765e-03
1.639023902599132890e-03 1.224144042595111826e-03
1.730780103837410580e-03 5.609107547195782504e-04
1.608402832421017194e-03 -1.393182432144012385e-04
1.265004324900886705e-03 -7.746128266174860926e-04
7.345549201709926802e-04 -1.261167624776692074e-03
8.583275586419644308e-05 -1.548574302657565937e-03
-5.901981393972389805e-04 -1.628652276699177424e-03
-1.197199072252353108e-03 -1.536182291174166027e-03
-1.651282050932808328e-03 -1.341422809024486393e-03
-1.896482220440674294e-03 -1.135847009662415991e-03
-1.914955755391576199e-03 -1.013823298477982415e-03
-1.729980088833219746e-03 -1.053731233194760619e-03
-1.401195821665195129e-03 -1.302112030947387682e-03
-1.012998113202639300e-03 -1.763878039133566803e-03
