-1.128828704158419413e-03 1.172589152392248971e-04
-6.670616327166924500e-04 -5.432409058109912738e-04
-1.753418232827821173e-04 -1.073639754546509839e-03
2.644545190117373549e-04 -1.373149767789660566e-03
5.809099343062711345e-04 -1.382981986072279309e-03
7.265177459935006797e-04 -1.097478983632651714e-03
6.866033780863845058e-04 -5.652344533576282018e-04
4.820261952208886448e-04 1.200138902126988082e-04
1.651507426992064728e-04 8.369964887927470619e-04
-1.901493382976349937e-04 1.459698277626403145e-03
-5.025615826162411690e-04 1.881009546627373900e-03
-6.988146135225864345e-04 2.032768858700008570e-03
-7.276362386717272765e-04 1.898409403875397959e-03
-5.695463948025042585e-04 1.515821185901975766e-03
-2.406302215112279580e-04 9.698943552799118347e-04
2.104236418725917543e-04 3.761629956402042689e-04
7.114592326087787076e-04 -1.413462289274129268e-04
1.180434468575095779e-03 -4.738590244086273318e-04
1.540876261333695620e-03 -5.486890698041357699e-04
1.736283609785398098e-03 -3.432127412435180287e-04
1.740751984735262967e-03 1.106687575138058785e-04
1.563807849324112082e-03 7.324295121399597170e-04
1.248538465691896061e-03 1.408067884154734495e-03
8.633716096765962477e-04 2.011638722843459622e-03
4.890620984613074269e-04 2.429093453912821617e-03
2.033495285074812895e-04 2.579914586692485384e-03
6.619253598613619033e-05 2.432447607673159096e-03
1.083757530775883177e-04 2.010025361495480604e-03
3.256470719691491539e-04 1.386722199410846080e-03
6.794956978076890312e-04 6.735376096361569715e-04
1.104424006520061084e-03 -2.379782066586131999e-06
1.520336533072397158e-03 -5.215399672680356416e-04
1.847700393298720711e-03 -7.944497932038842173e-04
2.022606625936047061e-03 -7.782592134303108634e-04
2.008880717224383397e-03 -4.845712899259445186e-04
1.804949337865274523e-03 2.305490420323030171e-05
1.444163203299043442e-03 6.414276586521632699e-04
9.885149122848013205e-04 1.247531111805285156e-03
5.169410513315393163e-04 1.722060904053410125e-03
1.104230834600021570e-04 1.972224016535797757e-03
-1.632924715510158942e-04 1.949479920799242465e-03
-2.624620148572240482e-04 1.658858835826191279e-03
-1.791840234197890954e-04 1.158088612197015130e-03
5.917439056914619751e-05 5.466924467865267104e-04
3.952330738235113115e-04 -5.288024792775010245e-05
7.525408110197549360e-04 -5.185177316357128660e-04
1.050131117366746034e-03 -7.516990322071348410e-04
1.217934956209159540e-03 -6.963314592177468482e-04
1.210131267297089334e-03 -3.496026399969530754e-04
1.013906733894401162e-03 2.372118776443552781e-04
6.519654950585382271e-04 9.681435762704322830e-04
1.783128659313071513e-04 1.720355813619389111e-03
-3.318894861234475196e-04 2.367030725318060823e-03
-7.964770706728627149e-04 2.800992708880018899e-03
-1.141765986211722411e-03 2.954604110097766405e-03
-1.316435467021616606e-03 2.812174798062427091e-03
-1.301181677799858770e-03 2.412544677112471534e-03
-1.112315278755485713e-03 1.841358576600229339e-03
-7.986218157419889413e-04 1.214504253966705669e-03
-4.320796140325875606e-04 6.558570406625333776e-04
-9.419298835464887804e-05 2.735521789945418846e-04
1.394711251048761725e-04 1.392840143899919548e-04
2.136148648857579468e-04 2.745571827960184823e-04
1.036956397426264977e-04 6.464974645873582766e-04
-1.794186884569411774e-04 1.174018613231511340e-03
-5.915069265951887045e-04 1.743179297342549536e-03
-1.063374263956684811e-03 2.228822911812035693e-03
-1.513967689013344387e-03 2.518402124475132339e-03
-1.865743463298441930e-03 2.533475056734406546e-03
-2.059376405150087439e-03 2.244799491963730617e-03
-2.065025101258478012e-03 1.678162311242940245e-03
-1.888019068172808873e-03 9.098343589204653872e-04
-1.567890016061533782e-03 5.250436398264028996e-05
-1.170929776512530732e-03 -7.656523296223813856e-04
-7.776834004165498939e-04 -1.424814938011436044e-03
-4.677451398094635820e-04 -1.835762284866787174e-03
-3.047357713188627183e-04 -1.956318104472784883e-03
-3.243052734379020877e-04 -1.798891314264756524e-03
-5.274318258798561202e-04 -1.427692183604728580e-03
-8.802850770615184813e-04 -9.461600301495831688e-04
-1.320678642571408669e-03 -4.769910658468051821e-04
-1.769889224949997616e-03 -1.385554295507327154e-04
-2.147603734065274377e-03 -2.217520733077357233e-05
-2.387163617240480821e-03 -1.745711930011700514e-04
-2.448219364200680641e-03 -5.888064033845582732e-04
-2.324398533174881938e-03 -1.205444418568606818e-03
-2.044534890772824187e-03 -1.923705237394851986e-03
-1.667225629321248369e-03 -2.620506956882797701e-03
-1.269747197477512964e-03 -3.173786963322311732e-03
-9.334286947573517280e-04 -3.485684597239436903e-03
-7.282526351005245589e-04 -3.501192252464311802e-03
-6.995991186305788520e-04 -3.218738921660444646e-03
-8.596434333217217076e-04 -2.690696995391831693e-03
-1.185035845451971534e-03 -2.013710461563096490e-03
-1.621302814665374686e-03 -1.310669288158044718e-03
-2.093136344927427114e-03 -7.077358926106723600e-04
-2.518623513694126514e-03 -3.107659291383172394e-04
-2.824722327086493737e-03 -1.855800172082526945e-04
-2.961054077852232763e-03 -3.458139155122217420e-04
-2.909401046297208082e-03 -7.506400386764619992e-04
-2.687111459578377364e-03 -1.312784633259759300e-03
-2.343767267650646510e-03 -1.915316063815874050e-03
-1.951746086482211880e-03 -2.434019484349171820e-03
-1.592464954444156120e-03 -2.761116094952583214e-03
-1.340911289640328834e-03 -2.825831456383442325e-03
-1.251390717468793155e-03 -2.607915046641693692e-03
-1.347190876777331573e-03 -2.141549174878498371e-03
-1.616118660272641188e-03 -1.508906444877616045e-03
-2.012756136125027143e-03 -8.245762354184393416e-04
-2.467008267872904115e-03 -2.138107082803674492e-04
-2.897324317467806117e-03 2.112878838568409048e-04
-3.226089928594597176e-03 3.731260303682047957e-04
-3.394275819417014260e-03 2.434750096341955095e-04
-3.372569621453059760e-03 -1.509944665358851175e-04
-3.166883167137506637e-03 -7.335534662657676019e-04
-2.817192502126443336e-03 -1.391722261570436936e-03
-2.389930457197695247e-03 -1.998342127255236904e-03
-1.965372621965170291e-03 -2.435428815492918751e-03
-1.622405706198334994e-03 -2.616298109706198527e-03
-1.423562943591495048e-03 -2.501780780884158006e-03
-1.403160528083946448e-03 -2.107463116593081501e-03
-1.560781731276939411e-03 -1.500588064845194500e-03
-1.861342635209364479e-03 -7.872091780876412908e-04
-2.241727146437765342e-03 -9.203433228075407965e-05
-2.622735104745041370e-03 4.652206440939258940e-04
-2.924081312262631800e-03 7.924885695821080878e-04
-3.079605596463470644e-03 8.427264047975193111e-04
-3.049813966610177493e-03 6.227193657087500521e-04
-2.829376181577365756e-03 1.916474577395025280e-04
-2.448160032332577160e-03 -3.503121200164084625e-04
-1.965606553672822384e-03 -8.811853077337840259e-04
-1.459511413713146999e-03 -1.280564184185892327e-03
-1.011337020417745793e-03 -1.452703250669908942e-03
-6.908367958096900754e-04 -1.344969214693805164e-03
-5.429032078117989810e-04 -9.581436335968722927e-04
-5.791299090512667209e-04 -3.466199943690916204e-04
-7.756855255385603940e-04 3.915499577159421837e-04
-1.077901366011480271e-03 1.132883875482859713e-03
-1.410703927161228782e-03 1.751526944015645380e-03
-1.692916269610135471e-03 2.142782096113363989e-03
-1.852719676691550951e-03 2.242664082999457249e-03
-1.841347213843037584e-03 2.039781425614289531e-03
-1.642415540351339995e-03 1.577302223447829728e-03
-1.275127244364594346e-03 9.446365829397435684e-04
-7.907366752582278054e-04 2.604146877899549172e-04
-2.629478926614286908e-04 -3.500132918282698128e-04
2.259376619967736442e-04 -7.782930882440649385e-04
6.005014074458764383e-04 -9.535066842672529006e-04
8.063852395390326642e-04 -8.554672999379234026e-04
8.204827258008553798e-04 -5.183534823691663546e-04
6.552150134830602704e-04 -2.399735317654491532e-05
3.560827607437971366e-04 5.138976866044397832e-04
-7.041313381160948940e-06 9.716158118677230065e-04
-3.532293915545751018e-04 1.239218571572094389e-03
-6.059023516518977732e-04 1.241753524504486238e-03
-7.074026262938652807e-04 9.538576864470307403e-04
-6.299758178842792492e-04 4.049820099454090995e-04
-3.810809287207102573e-04 -3.257611908663533623e-04
-2.023135152072236438e-06 -1.124161062545593961e-03
4.398324072788972663e-04 -1.862132454898672400e-03
8.637916561723098848e-04 -2.421591055807353812e-03
1.191097150185950601e-03 -2.716466405084421581e-03
1.359837320183833031e-03 -2.708691651119443568e-03
1.336676449082829050e-03 -2.415148561764717417e-03
1.123184057403167234e-03 -1.904257985895398651e-03
7.555651189091892785e-04 -1.282865608746530184e-03
2.978421103927458738e-04 -6.759093727936363837e-04
-1.702202072274574770e-04 -2.027205616986337694e-04
-5.681609950863714380e-04 4.555331392136030381e-05
-8.299918273744926779e-04 2.312943834308035448e-05
-9.166157669658091863e-04 -2.618768651160942925e-04
-8.231460922421571322e-04 -7.491787522458296213e-04
-5.797396668919749252e-04 -1.337973135355292843e-03
-2.457881215389908251e-04 -1.906312065877400607e-03
1.014321340122822154e-04 -2.334515593436482361e-03
3.815007242926356365e-04 -2.528185361931747227e-03
5.261925090861712014e-04 -2.436453153644636393e-03
4.925094586656279631e-04 -2.062000438748506741e-03
2.709364827304976608e-04 -1.460942978694790588e-03
-1.126430195085769900e-04 -7.325936461430545589e-04
-6.017354523472421808e-04 -1.033432707762092784e-06
-1.119823261862781501e-03 6.080278686766435545e-04
-1.584745335228890687e-03 9.907273802755485210e-04
-1.924149316277390994e-03 1.084422926458155885e-03
-2.089090577627488420e-03 8.793023913474804550e-04
-2.063203479912183776e-03 4.200353470854806086e-04
-1.865708934314249659e-03 -2.028419105857300194e-04
-1.547689416879632907e-03 -8.701738969836001533e-04
-1.182337424919975826e-03 -1.456798581436984097e-03
-8.510244825833333500e-04 -1.855242988592558295e-03
-6.278291120673909530e-04 -1.996015786748407597e-03
-5.654538687740629389e-04 -1.860656491000347180e-03
-6.851983768477992037e-04 -1.485073647713709005e-03
-9.728871310779015416e-04 -9.525442911941474008e-04
-1.381523115839095430e-03 -3.777056544075515208e-04
-1.840164587333900734e-03 1.154233450514249555e-04
-2.267343870692561675e-03 4.172221070882907879e-04
-2.586486898803550503e-03 4.535394341721166438e-04
-2.740413337619351884e-03 2.000578890056885217e-04
-2.702171253275630243e-03 -3.127765670702674404e-04
-2.480154406674481456e-03 -1.005201042057717823e-03
-2.116532941250733567e-03 -1.762934610200511286e-03
-1.679294401788448228e-03 -2.458534575024175911e-03
-1.249401911528300133e-03 -2.975272774750781050e-03
-9.055008715379788851e-04 -3.229016683578424685e-03
-7.090697093983682787e-04 -3.183976953035747362e-03
-6.928261135061929534e-04 -2.859343394240812172e-03
-8.545837356964135255e-04 -2.325555572151992000e-03
-1.157722220659088141e-03 -1.690915760359032764e-03
-1.538181064728119793e-03 -1.081079591169350649e-03
-1.916652396570420408e-03 -6.153072647794030972e-04
-2.213663279407544673e-03 -3.839704813485430267e-04
-2.364690996024950906e-03 -4.315713943151835378e-04
-2.332448595817590564e-03 -7.484851030875741898e-04
-2.114013911215133820e-03 -1.272984373841283242e-03
-1.741451773879139353e-03 -1.903157415753453739e-03
-1.275811327388454630e-03 -2.516455535743456016e-03
-7.956348065868364171e-04 -2.993162228620523287e-03
-3.821534166106249977e-04 -3.239332387095894550e-03
-1.039732488560334792e-04 -3.204850473537318271e-03
-4.150745872712842052e-06 -2.893180716244584012e-03
-9.210475153214909162e-05 -2.360955715268092669e-03
-3.418962926975585266e-04 -1.707474398962481816e-03
-6.972013617519115698e-04 -1.056091639807891884e-03
-1.082034491913520932e-03 -5.310180359844088836e-04
-1.415191896652248649e-03 -2.339184383859109657e-04
-1.625678616553403576e-03 -2.247369514203300094e-04
-1.666197845359468311e-03 -5.103769212474358608e-04
-1.522147647116750546e-03 -1.043378162627419314e-03
-1.214421102838585988e-03 -1.730841782362550719e-03
-7.954793955081279622e-04 -2.451913667897094411e-03
-3.394412287199444103e-04 -3.080518226867718160e-03
7.193493372995561110e-05 -3.509040906104086022e-03
3.647215510338942205e-04 -3.668479372904712849e-03
4.868161752196655413e-04 -3.541252806553180088e-03
4.178092207504385423e-04 -3.164249757643728192e-03
1.728568317641332496e-04 -2.621544123156793749e-03
-2.001744024388552555e-04 -2.028165806568099378e-03
-6.297500434965130249e-04 -1.508006941949474036e-03
-1.034185267038143299e-03 -1.170055260755320037e-03
-1.337077491880343631e-03 -1.087462932998900988e-03
-1.481731966084633752e-03 -1.283422068294525192e-03
-1.441848948161869245e-03 -1.726528756706831487e-03
-1.226449176022140989e-03 -2.336520208810799297e-03
-8.781055019300360639e-04 -2.999304553019552406e-03
-4.648162559960671209e-04 -3.588442267079425263e-03
-6.706002093901080457e-05 -3.989015469134130250e-03
2.375159712764651722e-04 -4.119367950329319225e-03
3.888734912512565537e-04 -3.946600792785231321e-03
3.560278468517097134e-04 -3.492889626788502934e-03
1.429914141368176942e-04 -2.831426397984899979e-03
-2.119099315268300446e-04 -2.072752037133169991e-03
-6.432186352063239349e-04 -1.344064798122908974e-03
-1.070666252959365326e-03 -7.654179321653934928e-04
-1.414300955873572848e-03 -4.273082392797610939e-04
-1.609558115156885412e-03 -3.738926763015954727e-04
-1.619421129553679211e-03 -5.950037279448148683e-04
-1.441370594226818987e-03 -1.028467595071407220e-03
-1.107806723655083148e-03 -1.572277961209026615e-03
-6.798658021481802189e-04 -2.104311623267997745e-03
-2.358023095064359594e-04 -2.505844061036766914e-03
1.438626484809975509e-04 -2.684403557966160824e-03
3.916137649634459598e-04 -2.591628045900454778e-03
4.657424673458615549e-04 -2.232735662581742091e-03
3.582522419452986327e-04 -1.665808768701354265e-03
9.637145813594458904e-05 -9.910209674564654254e-04
-2.626125973378185983e-04 -3.318420177502048960e-04
-6.422200466059122589e-04 1.882243869308661104e-04
-9.612872791726446509e-04 4.689680013967388985e-04
-1.149370755493555555e-03 4.524490239153728874e-04
-1.160128622569472608e-03 1.340315698939269218e-04
-9.801458025288332931e-04 -4.366167685718758693e-04
-6.315309188566469584e-04 -1.164751060957607345e-03
-1.677927145961183037e-04 -1.928257619717557280e-03
3.362238243344854607e-04 -2.600496689021396680e-03
7.984366075930877374e-04 -3.073959724763318611e-03
1.144991757226990897e-03 -3.280268387129568232e-03
1.324167432586973413e-03 -3.202735864751389376e-03
1.316084318012695738e-03 -2.879120166661839481e-03
1.136385097036205199e-03 -2.394056696856872429e-03
8.331873020844850208e-04 -1.862611939096097671e-03
4.778875934215688018e-04 -1.408081292467131939e-03
1.515596316117308025e-04 -1.138243689911113635e-03
-7.047809597920571493e-05 -1.124577356075795237e-03
-1.330017442175659330e-04 -1.388379748151618047e-03
-1.141310953535023924e-05 -1.896426686270224343e-03
2.835324161128740519e-04 -2.566998584141707250e-03
7.076966451659511079e-04 -3.285137693134830388e-03
1.191855375722612655e-03 -3.924251268423481487e-03
1.654750496848691934e-03 -4.369972774009611358e-03
2.018426323132934720e-03 -4.541764471564767487e-03
2.222946578871690115e-03 -4.408171212182158787e-03
2.237705774444716678e-03 -3.992836213897753284e-03
2.067193563912481536e-03 -3.370137625087474449e-03
1.750120889819590164e-03 -2.651268738772291200e-03
1.352073459061217935e-03 -1.963392979685645110e-03
9.530834579194653357e-04 -1.425814936934074887e-03
6.324724608254288401e-04 -1.127672783471172406e-03
4.538350913052242126e-04 -1.111368657917906734e-03
4.530063272447919665e-04 -1.364866663926384092e-03
6.312904251577902215e-04 -1.824308850578851889e-03
9.552332110085216300e-04 -2.386445823029474927e-03
1.362980569960417368e-03 -2.928520414575648111e-03
1.776018942810253564e-03 -3.331831967547612718e-03
2.114074609987380560e-03 -3.504512347067038295e-03
2.310350440557710616e-03 -3.399194680238214195e-03
2.324214830546953488e-03 -3.022223561008965508e-03
2.148939865580952718e-03 -2.432657835536804636e-03
1.813023036849668044e-03 -1.731250703971820657e-03
1.374841704221633175e-03 -1.041490655957657066e-03
9.116519387259310568e-04 -4.862911792372726170e-04
5.050143298374077392e-04 -1.647423387048055788e-04
2.254059747830182208e-04 -1.333268923916803173e-04
1.189320138896710760e-04 -3.951594908802567602e-04
1.986525439196736324e-04 -8.992894923199645828e-04
4.421668297888164565e-04 -1.550203446829470557e-03
7.959119493852791086e-04 -2.225732974695822548e-03
1.185361687819125450e-03 -2.799983066422718700e-03
1.529194335178093609e-03 -3.166945911512928074e-03
1.754746520291498423e-03 -3.260336019458732332e-03
1.811826610212710978e-03 -3.065898090760649491e-03
1.682271682762941610e-03 -2.623864343854336121e-03
1.383437928835584349e-03 -2.021103017485711886e-03
9.649630435483939461e-04 -1.374451482381040769e-03
4.994132178248260855e-04 -8.083962673528226773e-04
6.858544070445667367e-05 -4.313322821774998820e-04
-2.519413968420455450e-04 -3.149019373022410567e-04
-4.070814815726405984e-04 -4.803308638775642680e-04
-3.726403460252037531e-04 -8.943511276484603133e-04
-1.598677573725294440e-04 -1.475486307206827930e-03
1.866965607529591791e-04 -2.109509598147786373e-03
5.976761429389272975e-04 -2.671147992425051444e-03
9.920090097658307987e-04 -3.047921690379079736e-03
1.292306415495879249e-03 -3.161602391518797753e-03
1.439510595990589094e-03 -2.983223773783512649e-03
1.404075699163496917e-03 -2.538797229687272863e-03
1.191554449508750368e-03 -1.904644917319812600e-03
8.415325123264471956e-04 -1.193227408874114517e-03
4.201123536045812631e-04 -5.321425605805009526e-04
7.370013313477089684e-06 -4.026492444269441119e-05
-3.178397556377419303e-04 1.944637489672193780e-04
-4.928523707794159629e-04 1.313951003524211139e-04
-4.831014983765835949e-04 -2.154045085303512783e-04
-2.887111003798300797e-04 -7.800698034785339113e-04
5.547713714429809923e-05 -1.457630429604093742e-03
4.864465413012655001e-04 -2.124072751852017996e-03
9.248798433409075037e-04 -2.659965156975752955e-03
1.290117181997482319e-03 -2.973168504686329178e-03
1.515365817011141755e-03 -3.016327584863447674e-03
1.560282026285096353e-03 -2.795828749739976901e-03
1.418543330116753785e-03 -2.370525998882102962e-03
1.118977935399632917e-03 -1.840476498585947879e-03
7.200384356783642555e-04 -1.327819658894000606e-03
2.986672282115527014e-04 -9.534229017430181398e-04
-6.433689766003507834e-05 -8.137201080569583279e-04
-2.996790710581897837e-04 -9.621333828179075807e-04
-3.627460674937397090e-04 -1.398601921916154496e-03
-2.421053655826041744e-04 -2.069207536571914495e-03
3.828449997834938636e-05 -2.875975274233577485e-03
4.235713805790581503e-04 -3.695001418292507243e-03
8.383635350983965374e-04 -4.399484665617094808e-03
1.200979900311570977e-03 -4.883307991579147710e-03
1.438898409145525706e-03 -5.080714422032948582e-03
1.502477290034315684e-03 -4.978359434709384718e-03
1.374351395277046556e-03 -4.617466008555478132e-03
1.072724706044552194e-03 -4.085682096612601802e-03
6.479360257512383793e-04 -3.500189611931123733e-03
1.729485296453883638e-04 -2.985269693420934851e-03
-2.704358854738240603e-04 -2.648577571746960589e-03
-6.070273164782519172e-04 -2.560623361595511065e-03
-7.824384941255749758e-04 -2.741346693224852062e-03
-7.733289797041832236e-04 -3.156328543638487003e-03
-5.917639056867944744e-04 -3.723357529449670793e-03
-2.828627242679606995e-04 -4.328106027144092496e-03
8.381598043753402572e-05 -4.845945280104676373e-03
4.275214603670775097e-04 -5.165765039257145391e-03
6.716804103068084062e-04 -5.211282658569685138e-03
7.584782634145566986e-04 -4.955801031493635954e-03
6.598906203368688946e-04 -4.427614442272327991e-03
3.830754758340976836e-04 -3.705031516061893862e-03
-3.089539582161313818e-05 -2.901949774968015563e-03
-5.147265035147732424e-04 -2.146704751746563583e-03
-9.875550698034639939e-04 -1.558189645572786389e-03
-1.370178498538267850e-03 -1.223758179638037222e-03
-1.599970729290486112e-03 -1.183085845745958679e-03
-1.642664136292141912e-03 -1.421036971450247372e-03
-1.498766973700898023e-03 -1.870880501914911872e-03
-1.203401941131938217e-03 -2.427238746727246842e-03
-8.195969720228495981e-04 -2.966311421688449038e-03
-4.262990027607572725e-04 -3.369540850584816418e-03
-1.033805364932049260e-04 -3.546233789514912846e-03
8.352189060872330061e-05 -3.450854118266294922e-03
9.546647583815208102e-05 -3.091710925954585694e-03
-7.239694128065158382e-05 -2.529396963186501639e-03
-3.898925069221523395e-04 -1.865274303065559726e-03
-7.975235781916989062e-04 -1.222189676943011890e-03
-1.217737423168739185e-03 -7.210743110280788768e-04
-1.569616554782460229e-03 -4.578633888743207422e-04
-1.784214954084847697e-03 -4.851107094219226507e-04
-1.817635245317312858e-03 -8.017859274438920384e-04
-1.659370543966386981e-03 -1.353193102942652380e-03
-1.334331217380313635e-03 -2.041033382398845918e-03
-8.981724093359297681e-04 -2.741714259147423702e-03
-4.268065108678758949e-04 -3.329446611296704890e-03
-2.085691289181691374e-06 -3.699764172931528823e-03
3.036352760736705592e-04 -3.789019865949829879e-03
4.411336147904722400e-04 -3.586174671485758188e-03
3.935694808730410112e-04 -3.134653328664507334e-03
1.796020122044145683e-04 -2.523921005509052566e-03
-1.502192209908571711e-04 -1.872380353680974793e-03
-5.231038032389294943e-04 -1.304830786298330362e-03
-8.578836007967713135e-04 -9.287604292740133001e-04
-1.080464003986457595e-03 -8.139611826861264075e-04
-1.137937096134604940e-03 -9.793269943282334467e-04
-1.008683923132553057e-03 -1.389334155665091809e-03
-7.065525141695360974e-04 -1.960868003314049715e-03
-2.783200360034676548e-04 -2.579100269545344781e-03
2.050809638698481753e-04 -3.119406661914241215e-03
6.619115840311556300e-04 -3.471169714818688259e-03
1.015023913369747987e-03 -3.558954209026958526e-03
1.206391789470596335e-03 -3.357039210262393464e-03
1.208023963040149489e-03 -2.894548020740360644e-03
1.027193469538509448e-03 -2.250197128132215563e-03
7.049931756158646281e-04 -1.537650696003696731e-03
3.084912565460361895e-04 -8.842461532078753047e-04
-8.202759217779413865e-05 -4.071120865402014927e-04
-3.883187169240144760e-04 -1.911940435131011078e-04
-5.490423299460516198e-04 -2.733432973476700341e-04
-5.314213133039826040e-04 -6.354763531737956002e-04
-3.374840946960137628e-04 -1.208096245224121691e-03
-3.710125905189787590e-06 -1.883505598754452864e-03
4.058552174450844497e-04 -2.536207357057943500e-03
8.117129009481491167e-04 -3.046629245340654827e-03
1.133956435110310829e-03 -3.323679855394643962e-03
1.307403133527427564e-03 -3.321866559014345806e-03
1.293945271867801830e-03 -3.049736192365760847e-03
1.089782283479659095e-03 -2.568043495373003356e-03
7.261644089717430358e-04 -1.977998404688121464e-03
2.635069579728200424e-04 -1.401822969382372167e-03
-2.200102107739698135e-04 -9.593058594971608666e-04
-6.431990565687580388e-04 -7.448011210157521201e-04
-9.371812251438671297e-04 -8.090342681486236733e-04
-1.058366882633324322e-03 -1.149168810665101561e-03
-9.966370787866311691e-04 -1.709022223314566637e-03
-7.771806463454340253e-04 -2.389398370381019734e-03
-4.556383789783327825e-04 -3.066587463146349356e-03
-1.074746880349210102e-04 -3.615537555542456052e-03
1.864098743815729075e-04 -3.933316318668941131e-03
3.550999155642303295e-04 -3.958426015379813874e-03
3.511991852416332946e-04 -3.682318837313813733e-03
1.599134901097713692e-04 -3.150935642869579292e-03
-1.980382649279371085e-04 -2.455979227765138408e-03
-6.702368842241210583e-04 -1.717576027371684518e-03
-1.182378218009841071e-03 -1.061609660858241428e-03
-1.652233100061466621e-03 -5.960174101789401935e-04
-2.005109226136936144e-03 -3.905358324387375301e-04
-2.187887986833359291e-03 -4.637273741079123331e-04
-2.178979159809892475e-03 -7.797400363388479584e-04
-1.992309387960778787e-03 -1.255408104915136649e-03
-1.674590166112955095e-03 -1.776342877507256293e-03
-1.296383682352510777e-03 -2.218959184229640606e-03
-9.386592965518718171e-04 -2.474258853522996217e-03
-6.773872739831859630e-04 -2.468859125109322972e-03
-5.690879392619867857e-04 -2.179275463818797220e-03
-6.400733265294196147e-04 -1.636745552988933070e-03
-8.814189876199158852e-04 -9.216725676819976631e-04
-1.250618360311936102e-03 -1.487319175479584932e-04
-1.679606536134976196e-03 5.545458229801356834e-04
-2.087634053365942412e-03 1.071667009849474423e-03
-2.396552852753733222e-03 1.319023696084643815e-03
-2.545619668407400442e-03 1.261566567543512176e-03
-2.503013411116858551e-03 9.193377990962997614e-04
-2.271885291846535617e-03 3.636291004631841831e-04
-1.889795722305686937e-03 -2.965064443669446995e-04
-1.421644329665127998e-03 -9.348347691037464571e-04
-9.474315380167957091e-04 -1.431717740880442385e-03
-5.471687708714728865e-04 -1.696586853789563282e-03
-2.857941424820386678e-04 -1.684861934684877193e-03
-2.009493480976805259e-04 -1.406116086025723877e-03
-2.959315579621440810e-04 -9.219466829419541674e-04
-5.391540701157851619e-04 -3.339623713623271050e-04
-8.702168695761471366e-04 2.358316051050659201e-04
-1.211436507576102006e-03 6.685273751929892306e-04
-1.482650904622670029e-03 8.712303389320260726e-04
-1.616494564119123163e-03 7.950488848729737445e-04
-1.571250683484144012e-03 4.447426481000824224e-04
-1.338845613312525731e-03 -1.218061924223051056e-04
-9.464711068760125415e-04 -8.042065200100596617e-04
-4.515265681536744435e-04 -1.478254432338811696e-03
6.916149624402781449e-05 -2.019178306376903393e-03
5.338019115811881189e-04 -2.325036852183165990e-03
8.710450019314427235e-04 -2.335844189248083031e-03
1.033415564372477773e-03 -2.044803890491181213e-03
1.006229312625745798e-03 -1.499526891915841037e-03
8.103046997303764779e-04 -7.930035429868156904e-04
4.979569841709509262e-04 -4.603900657159829771e-05
1.430335221797157923e-04 6.155234629320000071e-04
-1.731223904641164980e-04 1.084481025052377260e-03
-3.771209112589903522e-04 1.292371560019064817e-03
-4.174625695215643034e-04 1.222194398490890474e-03
-2.743235402586274765e-04 9.113484175927689338e-04
3.666359415122500288e-05 4.442376877623609470e-04
4.673493044742102628e-04 -6.404793094791306953e-05
9.461698540350342752e-04 -4.898793034472223498e-04
1.391689230199248109e-03 -7.248599777036832115e-04
1.728015550140069197e-03 -6.967140054590154801e-04
1.899172274804091344e-03 -3.833262491443041684e-04
1.879702517746159119e-03 1.827312924417916987e-04
1.679498114633607049e-03 9.200515576883158469e-04
1.341938821993215666e-03 1.713521371692326625e-03
9.356938925186298857e-04 2.435868232600180323e-03
5.417384006595558216e-04 2.971549652243016953e-03
2.380428167009620080e-04 3.238465121121605200e-03
8.483488927570731995e-05 3.203381923620876766e-03
1.132244727097225876e-04 2.888155169278320417e-03
3.193450423426715369e-04 2.365564414314602713e-03
6.651208860300032201e-04 1.745554297168684047e-03
1.085514221567220614e-03 1.154482599806106119e-03
1.500879409168326493e-03 7.113021897860044313e-04
1.832084366686755061e-03 5.051828915354080688e-04
2.015535341137123480e-03 5.788057802630633061e-04
2.015259534247332718e-03 9.204875234543271906e-04
1.829757256298724863e-03 1.466619744920758493e-03
1.492325800039966208e-03 2.113954670485725454e-03
1.064793511423830445e-03 2.739403493904161990e-03
6.258504528381325042e-04 3.223591126912709551e-03
2.561852767598960618e-04 3.473699709629017671e-03
2.324268690004815865e-05 3.441268158279140593e-03
-3.151236208034653274e-05 3.131570581432233276e-03
9.958762424411651566e-05 2.602791663259253208e-03
3.889929729064780422e-04 1.955149984237402726e-03
7.791834243354048371e-04 1.312024651689761142e-03
1.193586942985035496e-03 7.966558662500134065e-04
1.551102672831364791e-03 5.088292180796716475e-04
1.781477557682624533e-03 5.059577149827544466e-04
1.838624553197519334e-03 7.921440066963481713e-04
1.709360175528355568e-03 1.317295392178462025e-03
1.415906591517608528e-03 1.986461797473089864e-03
1.011684322022567356e-03 2.677632158201835415e-03
5.711922725580120645e-04 3.264623881076118665e-03
1.758915651268926159e-04 3.640736432628054360e-03
-1.012335610479000308e-04 3.738696107590466604e-03
-2.095140156692816818e-04 3.543121945458619151e-03
-1.302127556027789061e-04 3.093159480118373716e-03
1.199007357792750052e-04 2.474791206805674638e-03
4.916951815787688404e-04 1.804287624221603565e-03
9.129459661576488612e-04 1.205940200938388721e-03
1.301972417377253400e-03 7.882999940911276752e-04
1.583061949233134126e-03 6.234280527078316786e-04
1.700760874877659413e-03 7.330927883876193693e-04
1.630326352850518419e-03 1.084533326616679387e-03
1.382360871704838099e-03 1.596595632445439684e-03
1.000752330575452580e-03 2.155083026045637347e-03
5.543105455398083387e-04 2.634416684286769277e-03
1.236847893285138904e-04 2.921505557718229694e-03
-2.139593747130876010e-04 2.937305427759793162e-03
-3.996014478191070715e-04 2.651983148588530053e-03
-4.035884954311546235e-04 2.090811875591300131e-03
-2.312931144676589126e-04 1.329677170755754400e-03
7.786499262987334278e-05 4.810400803819716567e-04
4.578490516094744795e-04 -3.269907454252322671e-04
8.284805219937882914e-04 -9.745219934206624662e-04
1.110598078382732563e-03 -1.372162858668577769e-03
1.241030474112154438e-03 -1.477524537964697337e-03
1.184548572632106340e-03 -1.302816283706782286e-03
9.405336353489246373e-04 -9.121081611879866937e-04
5.430993312284665420e-04 -4.087872070979731306e-04
5.464450991829590906e-05 8.440953024097864500e-05
-4.459422159724107525e-04 4.489962122544222719e-04
-8.781922676416235689e-04 5.934970799633761031e-04
-1.175257790193074683e-03 4.710465265034092597e-04
-1.296524842229097082e-03 8.849169740975516667e-05
-1.235250899368290581e-03 -4.947308825863107589e-04
-1.019780906911578900e-03 -1.177735566670218628e-03
-7.081122277396933139e-04 -1.837237606819014119e-03
-3.768383409072140785e-04 -2.350906784233612341e-03
-1.065656094869953585e-04 -2.620602283285364004e-03
3.343464362489528829e-05 -2.591087573741377055e-03
-1.568400828692254750e-06 -2.260678563349086036e-03
-2.232036148354111507e-04 -1.681804443266605997e-03
-6.077026817233377237e-04 -9.513696011106366132e-04
-1.100306579010617127e-03 -1.927353015462131064e-04
-1.625540125824739054e-03 4.672740165906538170e-04
-2.101409644523100518e-03 9.219934135017012703e-04
-2.454835869177899189e-03 1.104704029497620898e-03
-2.635400378426398273e-03 1.000845251029553904e-03
-2.624803303130453670e-03 6.503486419266753639e-04
-2.440242319892004831e-03 1.396604175474235043e-04
-2.131074105400156214e-03 -4.150283428022504646e-04
-1.769391443044929235e-03 -8.901600708163619723e-04
-1.436301170238241543e-03 -1.178552629981314322e-03
-1.206502057343094387e-03 -1.210002386630813472e-03
-1.134083473789418862e-03 -9.648413410932515444e-04
-1.242234416771217410e-03 -4.778764376386073365e-04
-1.518811910148929649e-03 1.680385196205021908e-04
-1.918608113806542347e-03 8.575835453791995702e-04
-2.371886840687526237e-03 1.464756495874671837e-03
-2.797572837280237236e-03 1.876735159517448764e-03
-3.118596044675831565e-03 2.015297326084635084e-03
-3.276485020881595486e-03 1.851739989046565166e-03
-3.242446028951209876e-03 1.412468828198863279e-03
-3.022829946366185818e-03 7.741949088795865765e-04
-2.657951951124100896e-03 4.964265963183794482e-05
-2.214487545619779185e-03 -6.335309002265282919e-04
-1.772884587099534098e-03 -1.156621040188497316e-03
-1.412174454713631747e-03 -1.432049346325560803e-03
-1.195057787696766991e-03 -1.419636251707482493e-03
-1.156088209747207227e-03 -1.133898906632378484e-03
-1.295190908296701190e-03 -6.410003400817908216e-04
-1.577742829005349861e-03 -4.593498945346002654e-05
-1.941198779116405388e-03 5.276160744623447762e-04
-2.307008188523823437e-03 9.609394961143883501e-04
-2.595565438214076769e-03 1.162969031908680151e-03
-2.741362299581245453e-03 1.087691025868721450e-03
-2.705472897213340513e-03 7.429767545995172133e-04
-2.483006861793853135e-03 1.891670001550502483e-04
-2.104119204106042612e-03 -4.723241513860064185e-04
-1.628385426433890575e-03 -1.118228314381896574e-03
-1.133606517151292169e-03 -1.626824385618044246e-03
-7.011630018676516312e-04 -1.901089533328968999e-03
-4.006905794456312210e-04 -1.887212856028592286e-03
-2.769783785429234509e-04 -1.584961985296912384e-03
-3.415701508182769457e-04 -1.047934509654238882e-03
-5.706583411967511201e-04 -3.736405085296632105e-04
-9.096694633102563651e-04 3.147126913370893331e-04
-1.283672167910736772e-03 8.912916324797222432e-04
-1.611636798214717906e-03 1.251202528276358292e-03
-1.821845928613189704e-03 1.330096921438736523e-03
-1.865537504111328864e-03 1.116112136262002816e-03
-1.726196956415574930e-03 6.518926345197133005e-04
-1.422738606803815309e-03 2.631612353342358598e-05
-1.005973706013667951e-03 -6.425030220545362549e-04
-5.490335271153978661e-04 -1.229709740426464769e-03
-1.335604087970267357e-04 -1.627440125064296122e-03
1.657190831579955078e-04 -1.765292672834984462e-03
2.951183270946882787e-04 -1.623660940733958691e-03
2.321381388996502509e-04 -1.237402341570451904e-03
-1.028358553286637042e-05 -6.891487034476695764e-04
-3.862246034268052757e-04 -9.352663887274683188e-05
-8.254689135729008061e-04 4.247218694298377775e-04
-1.246789558852200077e-03 7.545721391428391895e-04
-1.573308498226060276e-03 8.199852970803356636e-04
-1.747025187301483491e-03 5.945798295157194878e-04
-1.739763020786280322e-03 1.069217647511774795e-04
-1.558461168047768110e-03 -5.645751672964281157e-04
-1.243810086611495461e-03 -1.306181186883752839e-03
-8.624893774938729952e-04 -1.990070148836050722e-03
-4.944780317180953993e-04 -2.498217265826625962e-03
-2.178401791013739918e-04 -2.744457722050758653e-03
-9.386753967681026739e-05 -2.690536940320498432e-03
-1.553923608062105031e-04 -2.353120383609904470e-03
-4.004844302042279234e-04 -1.800441832598768423e-03
-7.927263959302951676e-04 -1.139230151016653149e-03
-1.268016097748830145e-03 -4.943943408689355050e-04
-1.746608770622184526e-03 1.468315069800716841e-05
-2.148119849579752019e-03 2.967538196922943697e-04
-2.406648558409137887e-03 3.059294914579391549e-04
-2.483159635118028022e-03 5.026613866454272134e-05
-2.372779738774899536e-03 -4.099187325094905653e-04
-2.105627971469941490e-03 -9.736738548528569995e-04
-1.741024213633253102e-03 -1.518781621426886375e-03
-1.356172811699466862e-03 -1.925193098488448039e-03
-1.031465177343341907e-03 -2.098087412578018406e-03
-8.351850022239692799e-04 -1.986182556840501625e-03
-8.105128479099915628e-04 -1.591823069571899263e-03
-9.672914247988978866e-04 -9.709265063424286999e-04
-1.280111377338530657e-03 -2.227904591774747158e-04
-1.693080548556586459e-03 5.283184372008476338e-04
-2.130374129051744100e-03 1.156316016078360980e-03
-2.510568430338779716e-03 1.556817312175028285e-03
-2.762044515382723869e-03 1.666573666066516798e-03
-2.836545223503717482e-03 1.475157195240018974e-03
-2.718318623040091257e-03 1.026686747116643469e-03
-2.427116459608715665e-03 4.112740871613493115e-04
-2.014479566841498662e-03 -2.521855657052361668e-04
-1.554013203329163975e-03 -8.386167683940565351e-04
-1.127493207015307052e-03 -1.240478857182157439e-03
-8.094332255333460411e-04 -1.388101460473936417e-03
-6.530345972163070431e-04 -1.262790434134810746e-03
-6.801785570695946959e-04 -9.002243378498659548e-04
-8.773549346536174166e-04 -3.835013124529716038e-04
-1.198297375013906508e-03 1.728429112044641328e-04
-1.572825220825327993e-03 6.448144710189113301e-04
-1.920216983783157132e-03 9.227703530130613313e-04
-2.164582294270200186e-03 9.325417118721387663e-04
-2.249320787660695313e-03 6.498641722589317254e-04
-2.147929220544074567e-03 1.053744871399946680e-04
-1.869109523373768027e-03 -6.207812167538578549e-04
-1.455209617271468591e-03 -1.413715494543995883e-03
-9.742913401780035638e-04 -2.145156320172550424e-03
-5.073266566855204156e-04 -2.697356968759574442e-03
-1.329458966558278018e-04 -2.985039539248396032e-03
8.737465907335923657e-05 -2.971224292431482849e-03
1.208817396847629679e-04 -2.673953959776591283e-03
-3.031931627758962730e-05 -2.162645364627477449e-03
-3.297234222556946846e-04 -1.544763754798479140e-03
-7.133916061500308447e-04 -9.453464407780095896e-04
-1.102104513243037714e-03 -4.832549666346241425e-04
-1.416402134235456283e-03 -2.486530898806879001e-04
-1.591662002019593892e-03 -2.859743958007034473e-04
-1.590360882380985634e-03 -5.856026903374549064e-04
-1.409198280540404236e-03 -1.085837453669160051e-03
-1.079732984704055189e-03 -1.684768139070184955e-03
-6.624122064390571734e-04 -2.259803881560011520e-03
-2.351240702570222261e-04 -2.691154709081308716e-03
1.215587160473106552e-04 -2.884811345461502433e-03
3.396496466632246232e-04 -2.790665064005042051e-03
3.766419576882711756e-04 -2.412328954935011316e-03
2.235834497072558807e-04 -1.806793179984324434e-03
-9.319643256513500396e-05 -1.073971707071210129e-03
-5.170344594258794845e-04 -3.381121066898302606e-04
-9.716199364891574437e-04 2.754191569494376587e-04
-1.375396665578271184e-03 6.635875578330065541e-04
-1.656954300845055444e-03 7.649437972896982628e-04
-1.768495486157048782e-03 5.710398052567286671e-04
-1.694829353006631649e-03 1.278505569998858752e-04
-1.456188846085913107e-03 -4.730640711468748864e-04
-1.104338671087902544e-03 -1.111981741411538016e-03
-7.127110605706692354e-04 -1.663724494718933026e-03
-3.624374386862012562e-04 -2.021350637536030361e-03
-1.269212129876356662e-04 -2.116346940802675200e-03
-5.787311920873582528e-05 -1.931500249389829808e-03
-1.754535176083715309e-04 -1.504014905209166654e-03
-4.643883319011266313e-04 -9.182903673548776288e-04
-8.767942760538821947e-04 -2.897320518875563821e-04
-1.341178798889149657e-03 2.573331782382648567e-04
-1.775911222880098518e-03 6.134487914440451195e-04
-2.104615084986961697e-03 7.050159922839165181e-04
-2.270567903921853845e-03 5.084958423978680172e-04
-2.247382388666003920e-03 5.512973341817407284e-05
-2.043946998668225851e-03 -5.747229237646340723e-04
-1.702690604005664037e-03 -1.266564821621745870e-03
-1.291500051414477823e-03 -1.893228947373568755e-03
-8.908213407615782169e-04 -2.338775862215110909e-03
-5.783871738231664492e-04 -2.520300257327568599e-03
-4.144630644637933587e-04 -2.403521923132831070e-03
-4.304058945371684293e-04 -2.009212239232992595e-03
-6.227014667588026426e-04 -1.409241557224215000e-03
-9.536101413061191757e-04 -7.129969449595842433e-04
-1.358298532383047123e-03 -4.674177844350073212e-05
-1.757107316243032135e-03 4.701762950554767883e-04
-2.070632841123792346e-03 7.477670723041241526e-04
-2.234767439379852297e-03 7.422440297918527722e-04
-2.212850981591889081e-03 4.640902618521605162e-04
-2.002632908256890987e-03 -2.417753057119722930e-05
-1.636726339843382842e-03 -6.201174672804884991e-04
-1.176467994522083227e-03 -1.201043961546713508e-03
-7.003462396557374407e-04 -1.647548435225605970e-03
-2.891881576472193991e-04 -1.866398155785771451e-03
-1.091015238227047331e-05 -1.808469708662244820e-03
9.228087479152115389e-05 -1.478313977084307106e-03
1.181295076501764733e-05 -9.335344704491818591e-04
-2.256988784781766835e-04 -2.740901934135127989e-04
-5.635669678631906798e-04 3.764574202408471301e-04
-9.258430238231482937e-04 8.942079974886039213e-04
-1.231779931119488924e-03 1.178295835787923455e-03
-1.411204738795225622e-03 1.169951490630920026e-03
-1.417891441666745177e-03 8.636444293840739783e-04
-1.238400705149580614e-03 3.081978572604273216e-04
-8.947117986811406118e-04 -4.023358713124771139e-04
-4.401473521060992678e-04 -1.146313356232117088e-03
5.063839906764919111e-05 -1.797315012007270028e-03
4.957130240666004399e-04 -2.247820761955912627e-03
8.213007639962418812e-04 -2.429268669455892683e-03
9.756771380506556405e-04 -2.324704533754955518e-03
9.388933443025571654e-04 -1.971634350855354205e-03
7.264901978968568794e-04 -1.454547392681697100e-03
3.864993129756033336e-04 -8.885339619041745293e-04
-9.700001408398563211e-06 -3.971081974390630034e-04
-3.809366078719065240e-04 -8.844343318602709489e-05
-6.516493892317410438e-04 -3.452794187028479858e-05
-7.662189108694234408e-04 -2.571956386998521145e-04
-6.995153722254386771e-04 -7.236842291442584100e-04
-4.616656959198923429e-04 -1.352568845291770780e-03
-9.613714344175271600e-05 -2.028954020466058883e-03
3.284996533518008840e-04 -2.626052979433115588e-03
7.315685359761440413e-04 -3.029072802346877580e-03
1.035585357167626962e-03 -3.156886319110581082e-03
1.180958614886172976e-03 -2.977389527448331529e-03
1.137309609518518966e-03 -2.513637738129812470e-03
9.092685229192917122e-04 -1.839598312874578473e-03
5.356485208267993368e-04 -1.066322420695294763e-03
8.215348164607126353e-05 -3.211508120374361808e-04
-3.710009657949690288e-04 2.761138526834355008e-04
-7.442104407644324713e-04 6.355624373223853337e-04
-9.734866497822984664e-04 7.138365766358290660e-04
-1.022504167545176552e-03 5.219414421368919269e-04
-8.894092068803085335e-04 1.227429031344453875e-04
-6.071020245961091010e-04 -3.813685329047912433e-04
-2.369401427122828192e-04 -8.683026334873323020e-04
1.429448759086526213e-04 -1.219820910950708244e-03
4.525045918375029995e-04 -1.344346936038753187e-03
6.249913949723073358e-04 -1.194708438121405095e-03
6.196551023084455583e-04 -7.774442156657122502e-04
4.295141003844172851e-04 -1.519065790803234527e-04
8.272918089125827143e-05 5.806771520034444828e-04
-3.626806071646041744e-04 1.296118607993275917e-03
-8.297801866906763871e-04 1.870581256760791731e-03
-1.237247543259424338e-03 2.203881691117907243e-03
-1.514739262150476646e-03 2.238369780908363617e-03
-1.616183631939535192e-03 1.969813985315749076e-03
-1.528484686385949472e-03 1.448230539351738188e-03
-1.273989240452177161e-03 7.684978816570236853e-04
-9.062496463030999356e-04 5.253038359159345298e-05
-4.998841676604324396e-04 -5.736176758837064314e-04
-1.364542881180127835e-04 -1.003388151948430423e-03
1.109676396818806091e-04 -1.169626166177068199e-03
1.916190317827357005e-04 -1.056996170687661638e-03
8.663974249365749471e-05 -7.045636753712925925e-04
-1.873790633387446185e-04 -1.980617079792061034e-04
-5.815614651080142474e-04 3.466857472947735934e-04
-1.024029024965477253e-03 8.060368536198141490e-04
-1.433541104113470431e-03 1.072276760958066569e-03
-1.734910519448055414e-03 1.074331109268233768e-03
-1.873275639954592123e-03 7.915196030626515424e-04
-1.824526475357815102e-03 2.577394984565155311e-04
-1.599910392261159713e-03 -4.447184260726274089e-04
-1.243944969703271106e-03 -1.200555045480990353e-03
-8.260325910333828070e-04 -1.883139782879179706e-03
-4.273637889811032634e-04 -2.378377499841218858e-03
-1.255883512012357815e-04 -2.606247893513399024e-03
1.984413804312790824e-05 -2.535939426374085853e-03
-2.110068399045034963e-05 -2.191711405847380709e-03
-2.433943668644001539e-04 -1.648372109541870528e-03
-6.079345295705838609e-04 -1.017225712206035106e-03
-1.048982891291260367e-03 -4.251442747206560756e-04
-1.486644139608576509e-03 9.278193895657059487e-06
-1.842022910504074280e-03 1.979808561825911317e-04
-2.052189058270866701e-03 9.989337043615179219e-05
-2.082117656208842121e-03 -2.715134152366672354e-04
-1.931342912014095709e-03 -8.510056666222621125e-04
-1.634065939164377210e-03 -1.534160309351268467e-03
-1.252695622210653077e-03 -2.197346557611430749e-03
-8.660450441371132010e-04 -2.721325351108555557e-03
-5.544177637125918389e-04 -3.013992420287245171e-03
-3.844070967946613916e-04 -3.027953541227855830e-03
-3.962859891680557516e-04 -2.769599761097532413e-03
-5.963747531381235817e-04 -2.297960553121030682e-03
-9.558316579203852493e-04 -1.713549152169308162e-03
-1.416095442588182493e-03 -1.139310165125241320e-03
-1.899949425927140731e-03 -6.972760118233601451e-04
-2.326112491213608389e-03 -4.853524458619923841e-04
-2.624594428118426186e-03 -5.586301680950793696e-04
-2.749908408439633804e-03 -9.187637040284734984e-04
-2.689639138425436223e-03 -1.513432308857836760e-03
-2.466744582282387986e-03 -2.245989737301333153e-03
-2.135155559516826226e-03 -2.993481529931474663e-03
-1.769506377389317830e-03 -3.629625058696054132e-03
-1.450940795027365077e-03 -4.048408655221479371e-03
-1.251680716520777847e-03 -4.183849403798426889e-03
-1.221279416050109323e-03 -4.022176667903980089e-03
-1.377162410420657446e-03 -3.604142396393328167e-03
-1.701247573869758270e-03 -3.017028285309601623e-03
-2.143285274937312915e-03 -2.377870182995571631e-03
-2.630287024263247043e-03 -1.811082526535973125e-03
-3.080258274144885393e-03 -1.424725312820774225e-03
-3.417635989406053645e-03 -1.289912402343613117e-03
-3.587508824504388044e-03 -1.427264228292444113e-03
-3.565928316041713526e-03 -1.802973051776683884e-03
-3.364359698072426613e-03 -2.335227629478153679e-03
-3.027430534307855563e-03 -2.909781500620679633e-03
-2.624404229180339956e-03 -3.401716716012118460e-03
-2.235993445203532382e-03 -3.699280699802145588e-03
-1.939010684220960398e-03 -3.725280297241666261e-03
-1.791762807914010561e-03 -3.451978412313737483e-03
-1.822955533012273008e-03 -2.906667656089693789e-03
-2.026209507008915056e-03 -2.166859508219668752e-03
-2.361227144783865917e-03 -1.345992756180646593e-03
-2.761390080638139680e-03 -5.723593975703340081e-04
-3.146349338891699099e-03 3.477000548086938737e-05
-3.437224829625343259e-03 3.873095173739841100e-04
-3.571536652551909798e-03 4.446217796491053371e-04
-3.515041498508754240e-03 2.208119852360679791e-04
-3.268233452018800590e-03 -2.183205867850669169e-04
-2.866278642490886763e-03 -7.680881173011065407e-04
-2.372396167384548202e-03 -1.305044872884317773e-03
-1.865938247799069603e-03 -1.710625005223116550e-03
-1.427425917369240429e-03 -1.893806718133793799e-03
-1.123372807499073986e-03 -1.808507501302572150e-03
-9.937696840587153038e-04 -1.462413872941147400e-03
-1.044598675782195925e-03 -9.155719679063638967e-04
-1.246793907041338035e-03 -2.690051212329216544e-04
-1.541844731074637790e-03 3.544859168222624013e-04
-1.852980025715238481e-03 8.337031056601510760e-04
-2.099815240395123614e-03 1.072181807350012757e-03
-2.213688214864674778e-03 1.016688361379363900e-03
-2.150779378953682035e-03 6.675770741248262131e-04
-1.900531427027900462e-03 7.903957168340150496e-05
-1.487773453255204163e-03 -6.508076315122345327e-04
-9.681463391889589534e-04 -1.398128282552381016e-03
-4.176943130629462019e-04 -2.036425733650368015e-03
8.140797265663213180e-05 -2.460099317890810343e-03
4.562918306861298533e-04 -2.604046653872316153e-03
6.570729876854631201e-04 -2.455609293466120419e-03
6.661833082936589271e-04 -2.056608388507433823e-03
5.015897229093659255e-04 -1.495092707424839577e-03
2.132914086320104462e-04 -8.883683424983691325e-04
-1.262412016341697826e-04 -3.605292622114709099e-04
-4.358750007761426153e-04 -1.874813768163200930e-05
-6.412555475329066810e-04 6.717939759531875790e-05
-6.889571889698413183e-04 -1.218389876089466441e-04
-5.566625069245150371e-04 -5.505204661675496382e-04
-2.574434728622752638e-04 -1.135885327536297453e-03
1.626665357799262344e-04 -1.763020216564480016e-03
6.333504578293110013e-04 -2.306939906373346207e-03
1.073292337118025982e-03 -2.656405418303229432e-03
1.405554172951595151e-03 -2.735184831938109427e-03
1.572133550681962134e-03 -2.516726251038774783e-03
1.544945593668658980e-03 -2.029458663467425573e-03
1.331149478334117762e-03 -1.351709991844762121e-03
9.718103390495597300e-04 -5.971968154462271774e-04
5.341492420431234300e-04 1.061749399061685242e-04
9.884807951704996723e-05 6.401925587670817975e-04
-2.551872897282942343e-04 9.183883125186275299e-04
-4.657209862811898362e-04 9.020927868908360826e-04
-4.989184457359506410e-04 6.074575122597468228e-04
-3.556943667104998431e-04 1.021240943986879090e-04
-7.147586691532000977e-05 -5.078232406047458909e-04
2.905737957505472946e-04 -1.098145884134710780e-03
6.515874696855653101e-04 -1.550134134904980303e-03
9.320037438961667128e-04 -1.773198127412704004e-03
1.066711622262639771e-03 -1.722086947901921728e-03
1.017462203296692642e-03 -1.405474681201484850e-03
7.801966547530236450e-04 -8.842878054540381956e-04
3.859022525542100002e-04 -2.600918680556861431e-04
-1.051662892009029739e-04 3.442612264287724902e-04
-6.148065918356342878e-04 8.080573678902377424e-04
-1.061586561539887286e-03 1.035775856048750830e-03
-1.376174093309654681e-03 9.754053586735163869e-04
-1.514376314303428990e-03 6.285458409198890544e-04
-1.465419937631726090e-03 5.037691498809145855e-05
-1.253905446157352419e-03 -6.605085139417758277e-04
-9.350656496035527048e-04 -1.380487691139014195e-03
-5.842268603406870113e-04 -1.984035173728231766e-03
-2.824685427927003467e-04 -2.367222074764819759e-03
-1.011970515056038458e-04 -2.467144999341735340e-03
-8.855472624030749466e-05 -2.273612414879828351e-03
-2.602381830627996037e-04 -1.830881446613805315e-03
-5.964648402476012065e-04 -1.229121104878887379e-03
-1.045662557094277981e-03 -5.872222681842358691e-04
-1.534184172632143892e-03 -3.021223891718004088e-05
-1.980207818261249877e-03 3.344477243595489913e-04
-2.309191235192712462e-03 4.371930942667953245e-04
-2.467954068101380939e-03 2.594658064708765810e-04
-2.434721927939578843e-03 -1.628776405106939279e-04
-2.223230671150090883e-03 -7.465022247207914706e-04
-1.880113997153570965e-03 -1.376557371228713609e-03
-1.476069160281198896e-03 -1.928639485867785896e-03
-1.092473566240487279e-03 -2.292589886194023804e-03
-8.059862786801185505e-04 -2.393615750203962732e-03
-6.740499505635587710e-04 -2.206727999518110113e-03
-7.240381751142803716e-04 -1.761754999781236022e-03
-9.481029749846104455e-04 -1.137975127461967250e-03
-1.304697787038724618e-03 -4.493768324919597285e-04
-1.726487224202051095e-03 1.766703486426541084e-04
-2.133145477976900600e-03 6.233023870453540489e-04
-2.446619494939118473e-03 8.060887090324948779e-04
-2.605966315841222458e-03 6.888554311703347236e-04
-2.578954574352365636e-03 2.904129167264218620e-04
-2.368232828284464516e-03 -3.190820169192697424e-04
-2.010896111948410475e-03 -1.031437336728071273e-03
-1.571532067846145419e-03 -1.720888117260769515e-03
-1.130062577160443824e-03 -2.267834793732498386e-03
-7.666822220282796347e-04 -2.581363158144927422e-03
-5.467446039014369364e-04 -2.616283815519320106e-03
-5.084574238060516954e-04 -2.381467724122858856e-03
-6.557154181012984483e-04 -1.937903626368685369e-03
-9.574274271425422091e-04 -1.386850350402282729e-03
-1.353464258107608389e-03 -8.503334072564089265e-04
-1.766100420479463796e-03 -4.476856947787006841e-04
-2.114782627932227863e-03 -2.725817988172268141e-04
-2.331428120875934235e-03 -3.749223961755313722e-04
-2.373355615614966725e-03 -7.510072170911687595e-04
-2.231400006582759648e-03 -1.343865740012422944e-03
-1.931673957909649242e-03 -2.053691392208829066e-03
-1.530642546983613161e-03 -2.756411690348032056e-03
-1.104443381138811792e-03 -3.326885758730534909e-03
-7.344743251341152033e-04 -3.662343812458419313e-03
-4.919777940409725096e-04 -3.701636553903352340e-03
-4.245406321164912553e-04 -3.436654870337186793e-03
-5.470659294395089798e-04 -2.913761710116673318e-03
-8.389264247616268428e-04 -2.224968034364816893e-03
-1.247838761902361543e-03 -1.490525412939630329e-03
-1.699725428540114873e-03 -8.362317139503105436e-04
-2.112697617061116365e-03 -3.697460032851844144e-04
-2.412512099912986208e-03 -1.603950182606759828e-04
-2.546576184735757122e-03 -2.262912100780682147e-04
-2.493849734110836595e-03 -5.311968130217926314e-04
-2.268770077461144084e-03 -9.917220337987817016e-04
-1.918457363485173315e-03 -1.493487839645171690e-03
-1.513730242188089051e-03 -1.913185617288934350e-03
-1.135633801525869156e-03 -2.142348754771977639e-03
-8.600314523302856739e-04 -2.108326562464835768e-03
-7.431790189975645425e-04 -1.788480415149032617e-03
-8.110132453505592819e-04 -1.214905318541601581e-03
-1.054183534061002656e-03 -4.687742509231034569e-04
-1.429768240203779925e-03 3.346321642372158045e-04
-1.869351167202851606e-03 1.067383964243373388e-03
-2.291929681274229580e-03 1.612792384600565199e-03
-2.619211014717244546e-03 1.887215563689149641e-03
-2.790401033789204586e-03 1.855656083130363503e-03
