2.378799147596146585e-04 8.035339610421650576e-05
2.142744813277461897e-05 8.199336666901836483e-04
-1.470349121412004500e-04 1.601085616323539001e-03
-2.555500567297687279e-04 2.274297360187598274e-03
-3.069279948296601353e-04 2.708889635220081311e-03
-3.180418433792594687e-04 2.817474702476912510e-03
-3.163893266133089178e-04 2.572249153499532072e-03
-3.345760299733896046e-04 2.010043471195058652e-03
-4.037716805306970419e-04 1.225179203771674949e-03
-5.473865511319167629e-04 3.514921640256986378e-04
-7.761746005400604149e-04 -4.630697305355814444e-04
-1.085700798510822775e-03 -1.084460683259317378e-03
-1.456663173458735408e-03 -1.417856813395320823e-03
-1.858020057356618961e-03 -1.425486657058577149e-03
-2.252342039167165664e-03 -1.133597065367740160e-03
-2.602386817973153989e-03 -6.272378348947433993e-04
-2.877663257406811934e-03 -3.385629939462814425e-05
-3.059752396714182990e-03 5.011867635400441608e-04
-3.145387693320850307e-03 8.425376520037814506e-04
-3.146719953985765029e-03 8.909126213095597876e-04
-3.088724152299445348e-03 6.023597982508148516e-04
-3.004244998724780492e-03 -2.936291690916904146e-06
-2.927623610503736398e-03 -8.439845369611109803e-04
-2.888114632732376695e-03 -1.793831086447909883e-03
-2.904341164983659934e-03 -2.703116846738271711e-03
-2.980836661503594685e-03 -3.427898168182678257e-03
-3.107326125691868036e-03 -3.856472652109637668e-03
-3.260878572883723139e-03 -3.930139822587198906e-03
-3.410517462686920957e-03 -3.653974076541387315e-03
-3.523408917488285007e-03 -3.095577535113379786e-03
-3.571447518876830988e-03 -2.372055251586560262e-03
-3.536983160702574999e-03 -1.627683970664884402e-03
-3.416594293335392229e-03 -1.006506326290973518e-03
-3.222182257406360200e-03 -6.250416980315010983e-04
-2.979168332332109235e-03 -5.502813291688619934e-04
-2.722123649861326114e-03 -7.871332381571690892e-04
-2.488648422100327336e-03 -1.277691665346113994e-03
-2.312648953572998822e-03 -1.912465369883522160e-03
-2.218275767097030882e-03 -2.551433276740057605e-03
-2.215662069581552512e-03 -3.050933860517609023e-03
-2.299262141935518294e-03 -3.291288900450340879e-03
-2.449098309692102071e-03 -3.199922271741613596e-03
-2.634675871618633557e-03 -2.765586763465590660e-03
-2.820821746757132958e-03 -2.040995118415178146e-03
-2.974340016443542071e-03 -1.133346828636951943e-03
-3.070224617826427475e-03 -1.845340039862816608e-04
-3.096255069584650556e-03 6.552360438101516998e-04
-3.055108963461811589e-03 1.255416976509083314e-03
-2.963596663922929419e-03 1.529410456983591737e-03
-2.849169883819509686e-03 1.450573713680267151e-03
-2.744373154868923279e-03 1.056923894231747004e-03
-2.680297773971640138e-03 4.436544812326012719e-04
-2.680287627425121354e-03 -2.551144436443859550e-04
-2.755099368876160956e-03 -8.918930347315924328e-04
-2.900444545011255162e-03 -1.333844336303658578e-03
-3.097390402706895387e-03 -1.487966030170976249e-03
-3.315554624037019178e-03 -1.318663998464588653e-03
-3.518499681367880539e-03 -8.543925564574522073e-04
-3.670315206628180661e-03 -1.821078912287359217e-04
-3.742150785737375848e-03 5.694098533464752926e-04
-3.717469730824108851e-03 1.254201484445599014e-03
-3.595035116908442026e-03 1.737066686003511376e-03
-3.389067146531555066e-03 1.919496540247720611e-03
-3.126544805174545291e-03 1.758681239005240732e-03
-2.842163800516905349e-03 1.275984367621436303e-03
-2.571904942473570398e-03 5.532695485739617600e-04
-2.346428693588920901e-03 -2.822344204370280424e-04
-2.185543027205914032e-03 -1.081673156789681074e-03
-2.094786998901810183e-03 -1.702424373601284582e-03
-2.064770352616603077e-03 -2.034806567714245087e-03
-2.073386235409290998e-03 -2.022588373344759265e-03
-2.090468816167127212e-03 -1.673421124699646031e-03
-2.084003590056854576e-03 -1.057224122846105088e-03
-2.026703310107351181e-03 -2.928320519084372697e-04
-1.901692692861898246e-03 4.745647570238034716e-04
-1.706213542320898086e-03 1.100914527973417302e-03
-1.452636832605310206e-03 1.470527107819337995e-03
-1.166578602432545835e-03 1.517873070967599297e-03
-8.824656162926772934e-04 1.239834469211090976e-03
-6.373806491364267940e-04 6.960921705728287997e-04
-4.643442798189061083e-04 -2.417682761272948100e-06
-3.862982432067674763e-04 -7.147853699893580610e-04
-4.119241477706907391e-04 -1.297109918567639552e-03
-5.340855188284910271e-04 -1.630064481626705176e-03
-7.311861229947374304e-04 -1.641816381992296670e-03
-9.711870527566641466e-04 -1.321952881678027615e-03
-1.217523298329412475e-03 -7.237669027138631146e-04
-1.435802498826513427e-03 4.553869980440262825e-05
-1.600022037805992918e-03 8.448815623315136195e-04
-1.697133359665967123e-03 1.525779548031670936e-03
-1.729096743163705983e-03 1.960272369413647558e-03
-1.712046216866889518e-03 2.065003644151669222e-03
-1.672732606344080539e-03 1.816907825085665572e-03
-1.642929033475177929e-03 1.257534863681280613e-03
-1.652869745272375016e-03 4.851956646224998902e-04
-1.724976676902016453e-03 -3.635837781861523494e-04
-1.869073839677006053e-03 -1.139788635177796296e-03
-2.080007729033678081e-03 -1.709952751254320948e-03
-2.338135859592773563e-03 -1.981202036241699362e-03
-2.612601640982526591e-03 -1.918566627199037953e-03
-2.866785120227756303e-03 -1.551289853453023931e-03
-3.064905771899191847e-03 -9.669465912732118102e-04
-3.178533830501915382e-03 -2.944928215597510416e-04
-3.191782290574998304e-03 3.205351905797409464e-04
-3.104199754636190536e-03 7.439667178178321775e-04
-2.930817881801671236e-03 8.787862899515557109e-04
-2.699344239634026386e-03 6.838745256036989160e-04
-2.445030231551817597e-03 1.821423338063631308e-04
-2.204182425532964611e-03 -5.434903250850269202e-04
-2.007540967525228270e-03 -1.365517562281314944e-03
-1.874772474176789007e-03 -2.135759202367859544e-03
-1.811112420948720681e-03 -2.713239287820654565e-03
-1.806783856543467187e-03 -2.990757522194388562e-03
-1.839292619154040288e-03 -2.915125927777454003e-03
-1.878153830413866387e-03 -2.497241090192450601e-03
-1.891143556835461065e-03 -1.810085562485560639e-03
-1.850880431874679525e-03 -9.750361916971476105e-04
-1.740479502896110243e-03 -1.390698115758321656e-04
-1.557196490846823314e-03 5.528210563924742388e-04
-1.313361739188768440e-03 9.847842224794478919e-04
-1.034417218014585917e-03 1.091699689700450192e-03
-7.544196655114801140e-04 8.711262474966293724e-04
-5.098541500219435588e-04 3.833490658894403392e-04
-3.329238378916945010e-04 -2.604715264540201553e-04
-2.455826130612855421e-04 -9.197962602133967968e-04
-2.554382700447628942e-04 -1.451767698444595637e-03
-3.543015668806811852e-04 -1.738701378061196547e-03
-5.196571743393271292e-04 -1.710791782289269522e-03
-7.187809696124310621e-04 -1.359724062768594231e-03
-9.147285847115482369e-04 -7.406050642907383973e-04
-1.073067190128207697e-03 3.816017971633236540e-05
-1.168082999748929450e-03 8.351367199402945493e-04
-1.187297342630246793e-03 1.502440848848714261e-03
-1.133445350917943861e-03 1.913605599695837340e-03
-1.023552524307992043e-03 1.987457461627831212e-03
-8.852945162347781354e-04 1.703485024468022035e-03
-7.513402667630132356e-04 1.105789814151126541e-03
-6.527605745292510558e-04 2.948700810606790304e-04
-6.127609897461525025e-04 -5.912093275655852086e-04
-6.419360271031021668e-04 -1.402699577795455668e-03
-7.359528726466101414e-04 -2.006207499856894894e-03
-8.761117132968263910e-04 -2.309589664671699103e-03
-1.032683876127941198e-03 -2.278994997237458308e-03
-1.170401518468169822e-03 -1.944837660498222780e-03
-1.255063562468448392e-03 -1.395578767142163779e-03
-1.260009432512971487e-03 -7.605044374299150525e-04
-1.171235365116014967e-03 -1.847715788634903683e-04
-9.901832928156844085e-04 1.985430832461142388e-04
-7.336712779736875552e-04 2.940879838848739145e-04
-4.309741076645159583e-04 6.271008336490102933e-05
-1.186008101841309209e-04 -4.707503397594519409e-04
1.662493558039212246e-04 -1.221827506014302057e-03
3.923217686470012455e-04 -2.062140492114793860e-03
5.397852083087699556e-04 -2.843477077977666929e-03
6.035271801789612390e-04 -3.425695129383607429e-03
5.936524120377784227e-04 -3.703161261118902061e-03
5.331010580092580050e-04 -3.624722035031767344e-03
4.528486979839792064e-04 -3.203426148519381358e-03
3.856080723132362486e-04 -2.514155351675779766e-03
3.592358676089053588e-04 -1.679609952816354555e-03
3.911030486141495025e-04 -8.472984456952847333e-04
4.845037700032245450e-04 -1.618827830518459326e-04
6.277906131483838772e-04 2.618910509633960368e-04
7.964061998579385123e-04 3.605594304175504389e-04
9.574312186585513503e-04 1.335674162873678756e-04
1.075790721110296555e-03 -3.570371092269410129e-04
1.120944760457894809e-03 -9.987738819167942591e-04
1.072795889526350450e-03 -1.650450913173333745e-03
9.256925043541239890e-04 -2.169312746102180535e-03
6.897658715455753540e-04 -2.438466326488897360e-03
3.893420222379139709e-04 -2.389382577753257353e-03
5.872222664370563196e-05 -2.015205057239536409e-03
-2.638771890564033801e-04 -1.372338757319034163e-03
-5.430875179486612143e-04 -5.700123178606441134e-04
-7.525826796474392516e-04 2.502147869756260641e-04
-8.795447176046977851e-04 9.411234813457141366e-04
-9.265659483962643706e-04 1.377636984393933346e-03
-9.106394328218454012e-04 1.480490080121264328e-03
-8.594405300654062250e-04 1.231283404799534938e-03
-8.056147052431109415e-04 6.760700491364045502e-04
-7.801635627836852726e-04 -8.320830073717288330e-05
-8.061909794312033814e-04 -9.078190535885554985e-04
-8.942020228599616193e-04 -1.648260109660077159e-03
-1.039852107618127915e-03 -2.172284768437519366e-03
-1.224578423642099520e-03 -2.389631406788782046e-03
-1.418998226746465878e-03 -2.268783827700246794e-03
-1.588432856023628799e-03 -1.842597663830107708e-03
-1.699512001490779099e-03 -1.201736646438822300e-03
-1.726606430789453693e-03 -4.771706524053212950e-04
-1.656868179230636118e-03 1.849417825892519639e-04
-1.492919253802388064e-03 6.512223627430002628e-04
-1.252673562105520921e-03 8.265899854340221127e-04
-9.663180827190759195e-04 6.724874390096074626e-04
-6.710158444836766302e-04 2.143608491905786692e-04
-4.043235904622890869e-04 -4.630290345268032928e-04
-1.975596464238623382e-04 -1.231579281151464747e-03
-7.036652686131128921e-05 -1.944078502863690050e-03
-2.748641106390276598e-05 -2.462113670110176698e-03
-5.834860599352183316e-05 -2.682364925112763754e-03
-1.395358097436477153e-04 -2.556307247124708568e-03
-2.396512490481327701e-04 -2.099585030095162206e-03
-3.256548245166905283e-04 -1.389279876867619955e-03
-3.694592663037583836e-04 -5.495831230515064569e-04
-3.535294216923410356e-04 2.714210138417644204e-04
-2.744181170887431210e-04 9.294735943173149757e-04
-1.435643919126631802e-04 1.311120793486308380e-03
1.480008339686599917e-05 1.354855995409673820e-03
1.682413918892398540e-04 1.062430188460243129e-03
2.823411102601677759e-04 4.981981720502721847e-04
3.273620994169452580e-04 -2.233668365239848633e-04
2.840964588105832338e-04 -9.596177826639734100e-04
1.477829368977540418e-04 -1.566974699047948491e-03
-7.065487047578047799e-05 -1.928297151535011793e-03
-3.462921699064482289e-04 -1.975199581886481238e-03
-6.444989013525726255e-04 -1.701079742833025866e-03
-9.270446146601852948e-04 -1.162390211669634636e-03
-1.158867148591087625e-03 -4.679104371596708601e-04
-1.314234814948692575e-03 2.419498602020311168e-04
-1.381146905256725897e-03 8.218962649094300240e-04
-1.363150838152973931e-03 1.149477811676534022e-03
-1.278242967165027283e-03 1.148543784849517975e-03
-1.155071472656653969e-03 8.039825471047867822e-04
-1.027169555426646818e-03 1.649451098716695971e-04
-9.263189074024422241e-04 -6.640646409590914836e-04
-8.763068233644640470e-04 -1.542554649937200647e-03
-8.882643913622372597e-04 -2.320206961649155710e-03
-9.584722920492941799e-04 -2.864893550335523981e-03
-1.069051806092121337e-03 -3.087251040556771974e-03
-1.191410511582716896e-03 -2.957171341295312082e-03
-1.291788738502520949e-03 -2.509095802222947175e-03
-1.337853353046019461e-03 -1.835120105815087358e-03
-1.305085577740260029e-03 -1.067224380935438222e-03
-1.181747156872561735e-03 -3.520011456667737886e-04
-9.714770951574035456e-04 1.773269450032503511e-04
-6.930186803986114735e-04 4.262956304566568617e-04
-3.771188422894652427e-04 3.571823260918897611e-04
-6.117647244615083001e-05 -3.823879332917482290e-06
2.173580121195275105e-04 -5.716246685568127355e-04
4.275933926415098922e-04 -1.218440229566658322e-03
5.505782004623464019e-04 -1.798188115394937789e-03
5.824432646274458041e-04 -2.174394173524545060e-03
5.347216540335097967e-04 -2.246346291717350122e-03
4.317951104655851470e-04 -1.968533123362786741e-03
3.059591461674126623e-04 -1.359680211036275958e-03
1.910485854556088288e-04 -4.996644865426826945e-04
1.158363642683879350e-04 4.851177218952936214e-04
9.845963059399630507e-05 1.445168613706746810e-03
1.429309081317136970e-04 2.235669219573503067e-03
2.383955398697858901e-04 2.743372811245879932e-03
3.612749463298491970e-04 2.907530028197730793e-03
4.798872111424834020e-04 2.730894056689224698e-03
5.606659128199315261e-04 2.278731898611147718e-03
5.747940606630686433e-04 1.666037963507703513e-03
5.039900492640447252e-04 1.035379098522449647e-03
3.443418909622576003e-04 5.295729736894431647e-04
1.074544947316225223e-04 2.643788006501139251e-04
-1.813173039338967802e-04 3.063756955273299644e-04
-4.872260534431474229e-04 6.602203305342117540e-04
-7.722653208817201274e-04 1.267698150540219441e-03
-1.001929416316628234e-03 2.018747930472548826e-03
-1.151330282286116896e-03 2.772370924440003843e-03
-1.209523912809087973e-03 3.383462846865572735e-03
-1.181236952963442971e-03 3.730484082338276879e-03
-1.085675366475603691e-03 3.738723468082316616e-03
-9.526482629880835169e-04 3.394744073656772408e-03
-8.167468428686147771e-04 2.749267936989052870e-03
-7.106850541857994731e-04 1.907944846431994116e-03
-6.590656143283658668e-04 1.011743726827520106e-03
-6.737528259901423957e-04 2.106697474677941741e-04
-7.517276880046530260e-04 -3.642260853594602148e-04
-8.758290970812090178e-04 -6.252546576629275897e-04
-1.018236802864016860e-03 -5.443016417021552446e-04
-1.146031058849627041e-03 -1.577845105941392406e-04
-1.227769260186798404e-03 4.405768829255415214e-04
-1.239826040324278934e-03 1.117800240225162202e-03
-1.171287025240347161e-03 1.727069548033599751e-03
-1.026459440767528777e-03 2.135733099282799766e-03
-8.245133529399904099e-04 2.250566122906087502e-03
-5.963101973874006560e-04 2.035512626409070186e-03
-3.790076592199932617e-04 1.518546457641937759e-03
-2.094511173791646402e-04 7.863532082880207805e-04
-1.175920339103576711e-04 -3.215796697768954094e-05
-1.211692546477821002e-04 -7.903871969930556908e-04
-2.226509982851920507e-04 -1.351971516166364413e-03
-4.090084132050230250e-04 -1.616813465675760470e-03
-6.543567835505880543e-04 -1.540275479842364214e-03
-9.249590115434149244e-04 -1.141898084736731002e-03
-1.185640387174435699e-03 -5.019829210146931064e-04
-1.406398209417179020e-03 2.533210955221784199e-04
-1.567954748508702595e-03 9.756135001414895959e-04
-1.665203922195327129e-03 1.522061016164388738e-03
-1.707902629919611772e-03 1.782180550641999407e-03
-1.718481065501652715e-03 1.698523309344017592e-03
-1.727393378041541024e-03 1.277350972176615699e-03
-1.766897157586701413e-03 5.872889189896942849e-04
-1.864448911855574008e-03 -2.537830912112043263e-04
-2.036976393522655672e-03 -1.101116414863252766e-03
-2.287123362841877051e-03 -1.810513734185888873e-03
-2.602189408804012321e-03 -2.265590603813736476e-03
-2.955977413745196781e-03 -2.399716400750914747e-03
-3.313210699081731332e-03 -2.208481569709058560e-03
-3.635695071557644344e-03 -1.750333214746287560e-03
-3.889070072238456216e-03 -1.135262653781911150e-03
-4.048881375780386677e-03 -5.036920726139318231e-04
-4.104833788151991160e-03 4.357269930547504055e-07
-4.062427537426418003e-03 2.572619164024855277e-04
-3.941674585876777694e-03 1.940757445608968113e-04
-3.773142995088049449e-03 -2.005375428261505465e-04
-3.592081584115613090e-03 -8.741528450634486903e-04
-3.431738795888018834e-03 -1.720056335061857572e-03
-3.317140397780186066e-03 -2.597092393265761599e-03
-3.260501915930785061e-03 -3.356057498984210685e-03
-3.259140403384019544e-03 -3.867652148133747525e-03
-3.296275266950249652e-03 -4.046706166683212980e-03
-3.344559382450048180e-03 -3.868097475328637590e-03
-3.371663491221327941e-03 -3.371356036012179182e-03
-3.346847025862516138e-03 -2.653085833800430515e-03
-3.247260877656377338e-03 -1.848642959767245663e-03
-3.062777731403459099e-03 -1.106540722186235767e-03
-2.798423992071779731e-03 -5.604283356775228552e-04
-2.473941323885852500e-03 -3.039476719776806890e-04
-2.120549460748305613e-03 -3.732261255872922415e-04
-1.775512273612105335e-03 -7.403163659439760541e-04
-1.475525651758854018e-03 -1.318819703019825885e-03
-1.250169675860195260e-03 -1.980621729960488440e-03
-1.116656431830712840e-03 -2.580563852734569716e-03
-1.076860751152843715e-03 -2.984370844327748420e-03
-1.117190376880405032e-03 -3.094537335550423887e-03
-1.211316085106282957e-03 -2.869262053425902619e-03
-1.325242560477625378e-03 -2.330834609422331553e-03
-1.423759438576763584e-03 -1.561876602337955141e-03
-1.477052376439578693e-03 -6.901386657140161102e-04
-1.466225389908012815e-03 1.352776053670027819e-04
-1.386693415730046782e-03 7.717795790836046339e-04
-1.248808796671815879e-03 1.109958352850517332e-03
-1.075610501082856045e-03 1.094034747253462038e-03
-8.981308930342889012e-04 7.322111531052010163e-04
-7.491583058528109452e-04 9.497382158615071557e-05
-6.566467334845554156e-04 -6.983297680143488693e-04
-6.380311422690435009e-04 -1.502095377514214066e-03
-6.965355360572892405e-04 -2.171968342431526526e-03
-8.201834803649926198e-04 -2.592045247281174990e-03
-9.837088018750631165e-04 -2.696623588206992651e-03
-1.153014562487056664e-03 -2.482385723902158850e-03
-1.291345188982745418e-03 -2.008715866902399585e-03
-1.366011275224618144e-03 -1.386096963908856885e-03
-1.354400670159214325e-03 -7.547923872718530474e-04
-1.248143130645451657e-03 -2.578578049349114845e-04
-1.054643832284706722e-03 -1.360286051972333168e-05
-7.956975721169646382e-04 -9.272692182227845574e-05
-5.034465744428052308e-04 -5.044683363406002232e-04
-2.144460742304868828e-04 -1.194399946212746245e-03
3.704161025921612598e-05 -2.054298256790825557e-03
2.252594551067502518e-04 -2.942227197039919053e-03
3.375045710833295240e-04 -3.709042737332865838e-03
3.761598966979255894e-04 -4.226307998831472720e-03
3.578328323688724890e-04 -4.410340236742815029e-03
3.097734739319443114e-04 -4.237842054071318948e-03
2.642607547581739768e-04 -3.750161128774564048e-03
2.520300022172987570e-04 -3.045374342973436108e-03
2.959972611702199369e-04 -2.259696179392881466e-03
4.064797453267490583e-04 -1.541731335758507113e-03
5.788284337803625227e-04 -1.024445130911441106e-03
7.939316920092502486e-04 -8.001560720583300070e-04
1.021504401717712165e-03 -9.032813544522359274e-04
1.225548559835865949e-03 -1.304096743821765063e-03
1.370958804293801077e-03 -1.914685538965317860e-03
1.430028011165838291e-03 -2.605942303050270623e-03
1.387625353628662997e-03 -3.232403007609358035e-03
1.244068775124177600e-03 -3.660190652769619406e-03
1.015148506526019484e-03 -3.792775055472274309e-03
7.292958467784999965e-04 -3.589659184981998721e-03
4.224302516554857899e-04 -3.074443915256281842e-03
1.314558699984985299e-04 -2.330734743742855167e-03
-1.123669492035302034e-04 -1.486656916087628760e-03
-2.889272211888374488e-04 -6.909033308679801309e-04
-3.926118063424308808e-04 -8.484389049463313820e-05
-4.328721844050505813e-04 2.240281790135939099e-04
-4.319125553771021165e-04 1.822895012284302639e-04
-4.199481194715083817e-04 -1.994012114684997044e-04
-4.289429860672481186e-04 -8.483658325210664212e-04
-4.860252953260555580e-04 -1.643653356973893932e-03
-6.078382187368251786e-04 -2.438868279666996444e-03
-7.969079499720248911e-04 -3.089760522278285713e-03
-1.040727218675193593e-03 -3.481356360031665192e-03
-1.313737701296166689e-03 -3.549498000361082581e-03
-1.581844524517996529e-03 -3.292719398947292243e-03
-1.808615076336629688e-03 -2.772216826295249327e-03
-1.961993707419157958e-03 -2.099927873805605260e-03
-2.020264421050336871e-03 -1.416984933340339949e-03
-1.976134217241460982e-03 -8.666321869363580958e-04
-1.838163794345682410e-03 -5.667436248912834443e-04
-1.629272810787672863e-03 -5.871550586388123508e-04
-1.382599143252427913e-03 -9.361112279974608593e-04
-1.135491029602037159e-03 -1.558402579952885593e-03
-9.227631153778411257e-04 -2.345552048910931608e-03
-7.704855620837103118e-04 -3.156129502321293207e-03
-6.914733610383236523e-04 -3.842352702990645998e-03
-6.833201401988701559e-04 -4.277942055902162963e-03
-7.293381825052759225e-04 -4.381957727264199076e-03
-8.022154701102794834e-04 -4.134107183899353791e-03
-8.696856731389002301e-04 -3.578625014376721810e-03
-9.011256795757500732e-04 -2.815989459882307661e-03
-8.738197977062945373e-04 -1.984041883812104421e-03
-7.776934129164790946e-04 -1.232080601785695475e-03
-6.176095576993728773e-04 -6.928294613744788270e-04
-4.127844424589078610e-04 -4.575827578258996869e-04
-1.934248446370562973e-04 -5.592255980573577600e-04
4.782202774405959001e-06 -9.663367739189566291e-04
1.472886438494717606e-04 -1.589482086106057748e-03
2.071629928912432288e-04 -2.298497342700391976e-03
1.702006775437681779e-04 -2.947479129085057124e-03
3.769857337494888312e-05 -3.402742018193734112e-03
-1.736342629722321365e-04 -3.568439537072468602e-03
-4.346169557855775558e-04 -3.404989208319017177e-03
-7.088371247092159662e-04 -2.936805393851059202e-03
-9.592058375040308366e-04 -2.247869223075916675e-03
-1.154594221435797756e-03 -1.465968971851693524e-03
-1.275304453477350396e-03 -7.385905853398056116e-04
-1.316349526238555197e-03 -2.050202534291524319e-04
-1.287931765521850742e-03 3.006048268210386072e-05
-1.213040823331099126e-03 -8.351225047707332323e-05
-1.122637318914394356e-03 -5.317351790816253736e-04
-1.049345234783459306e-03 -1.238881741019817826e-03
-1.020858120958944171e-03 -2.081580636464062418e-03
-1.054317729134470827e-03 -2.911868684261464078e-03
-1.152738704965667162e-03 -3.584859481487434694e-03
-1.304164403144369684e-03 -3.985796427518637462e-03
-1.483720338036133160e-03 -4.051376197898996431e-03
-1.658181495098046869e-03 -3.781314427757684771e-03
-1.792192004621761701e-03 -3.237973536235538505e-03
-1.854961072563435318e-03 -2.534133278761497438e-03
-1.826167193024573173e-03 -1.811229693014669009e-03
-1.699950925845057290e-03 -1.212192555745364398e-03
-1.486236817869009868e-03 -8.540336942056451445e-04
-1.209129163428399696e-03 -8.053849886499250821e-04
-9.026788373687672819e-04 -1.073246860250307759e-03
-6.048148497923964582e-04 -1.601463052749223194e-03
-3.505806373688775870e-04 -2.281215980339021832e-03
-1.659458635329172350e-04 -2.971559495247922452e-03
-6.335487547334697853e-05 -3.526103912097934556e-03
-3.984369025440242769e-05 -3.820801724917639343e-03
-7.807080121284578722e-05 -3.777572565058410093e-03
-1.500553798125614058e-04 -3.379292315775521069e-03
-2.229041221968481050e-04 -2.673305000344224601e-03
-2.654320972171899350e-04 -1.762787751341653858e-03
-2.544146463795527542e-04 -7.875976896838484580e-04
-1.792784602010992880e-04 1.017802361332948748e-04
-4.433686481924699416e-05 7.722602263640324267e-04
1.318591844364667357e-04 1.132860143205065284e-03
3.199352405948834585e-04 1.151415969173689470e-03
4.852283093806731900e-04 8.601518350909276951e-04
5.943950597714806831e-04 3.490614914484645626e-04
6.218408583264611444e-04 -2.516351693798752503e-04
5.547494350447993361e-04 -7.966286697958410408e-04
3.957563356612360940e-04 -1.153480538747099797e-03
1.627539413680276833e-04 -1.228104926264354108e-03
-1.141424161943781207e-04 -9.829385447372033027e-04
-3.979014064485954672e-04 -4.443517551161033823e-04
-6.511605277735072091e-04 3.021080406439196958e-04
-8.428524852615213413e-04 1.127744331837080786e-03
-9.536294872139834591e-04 1.884978802467417430e-03
-9.790697109149991244e-04 2.435264471046504238e-03
-9.300700984802474664e-04 2.675359262868483908e-03
-8.303620789056401219e-04 2.556983495875838307e-03
-7.116309717733106804e-04 2.096135955801638195e-03
-6.071726998314652462e-04 1.370299876485459901e-03
-5.452973050992837621e-04 5.040617926557995968e-04
-5.437354285337590940e-04 -3.541409761767380432e-04
-6.061125743196446982e-04 -1.059749684579529370e-03
-7.211628970410688313e-04 -1.499048939466226388e-03
-8.648338876286155389e-04 -1.610270787033075447e-03
-1.004884262175117062e-03 -1.394851991181715817e-03
-1.107103580992200003e-03 -9.167228830202220694e-04
-1.141973382200070757e-03 -2.897721372707668460e-04
-1.090504388770934235e-03 3.441297433893495197e-04
-9.481388065241810534e-04 8.423783948291206419e-04
-7.259716649726714963e-04 1.088987828463589425e-03
-4.490515040222948281e-04 1.016860966799026543e-03
-1.520726335232884118e-04 6.207557965653708086e-04
1.267357927211398686e-04 -4.151259354664472729e-05
3.523778724072155512e-04 -8.598650554530123209e-04
4.992461706199618002e-04 -1.692704911821904610e-03
5.555101748313234084e-04 -2.393690347673780791e-03
5.249184555566458778e-04 -2.839462651107293144e-03
4.256842047769069780e-04 -2.953077871693238557e-03
2.866752656208728062e-04 -2.718701582971960653e-03
1.416390718994596563e-04 -2.184779375827310220e-03
2.256371932838257882e-05 -1.455076572380789926e-03
-4.656144945837262326e-05 -6.692765675832229415e-04
-5.439951325740056184e-05 2.319651424948377533e-05
-4.449509123353079416e-06 4.911827313286002729e-04
8.565514952587550599e-05 6.463249606554720417e-04
1.876003122138770454e-04 4.595038625961566075e-04
2.679408535521720161e-04 -3.393391085656518279e-05
2.946920011565759101e-04 -7.411357155797916813e-04
2.437088353441080996e-04 -1.529565348343246483e-03
1.036391890575600683e-04 -2.252306155270646960e-03
-1.214960549835837297e-04 -2.776047551329570776e-03
-4.125932465358917432e-04 -3.006450623484286690e-03
-7.385823225016666452e-04 -2.906085857214403718e-03
-1.061790436703732160e-03 -2.501543663148039255e-03
-1.344549060152865766e-03 -1.878369785211048918e-03
-1.555805453561664737e-03 -1.164784418742271198e-03
-1.676498402552669591e-03 -5.072691295543627597e-04
-1.702691631852692013e-03 -4.264693918382524498e-05
-1.645882228413372622e-03 1.280536981312448055e-04
-1.530435471305457247e-03 -4.100311218526841300e-05
-1.388640551260697043e-03 -5.314800839290706978e-04
-1.254330897365065400e-03 -1.264011242908340792e-03
-1.156283136177671056e-03 -2.112884213881032879e-03
-1.112648947247625109e-03 -2.929488989263194856e-03
-1.127476721375571343e-03 -3.570102403688582039e-03
-1.189982446288274367e-03 -3.922756741920668463e-03
-1.276706965357999549e-03 -3.928114163398544606e-03
-1.356148573722553352e-03 -3.590403168698881077e-03
-1.394989592825125919e-03 -2.976354424917327084e-03
-1.364732131548400439e-03 -2.202344805903499927e-03
-1.247479191299191454e-03 -1.412190401394599866e-03
-1.039757666645383521e-03 -7.497988682596025412e-04
-7.536493696262882430e-04 -3.318637173311746614e-04
-4.150050551475894861e-04 -2.257738517927364644e-04
-5.906820579421814420e-05 -4.369226988394701947e-04
2.756744682841423696e-04 -9.078199482209605483e-04
5.542631046732526389e-04 -1.529172600219418738e-03
7.513849019091950205e-04 -2.160834211926667553e-03
8.556965931063782206e-04 -2.658651312283207696e-03
8.715409072106055418e-04 -2.902117978252434852e-03
8.177411018871147148e-04 -2.817595233490752769e-03
7.237096143403174472e-04 -2.392690552795923888e-03
6.236140466516354453e-04 -1.679065652392848496e-03
5.497101300047562214e-04 -7.831312314225298554e-04
5.261076181675317532e-04 1.536193710216356904e-04
5.641515952785731113e-04 9.809238318690678519e-04
6.602942019847493106e-04 1.567739267038404912e-03
7.968585084518913821e-04 1.826615515332084046e-03
9.455468580835214637e-04 1.729847515169514538e-03
1.073024584664518735e-03 1.314357068570279601e-03
1.147515392685909390e-03 6.743875985687969917e-04
1.145151685157141160e-03 -5.659789060318844676e-05
1.054868314467985978e-03 -7.313822791054114562e-04
8.809030719780083438e-04 -1.216996946616777939e-03
6.424196839203077328e-04 -1.419956302525627375e-03
3.703135005915779996e-04 -1.303944649094068015e-03
1.017934119052884211e-04 -8.966065264385050804e-04
-1.262451692278923686e-04 -2.841565788229635531e-04
-2.838119440199527279e-04 4.051670048521116650e-04
-3.531395587832011690e-04 1.025667391311174941e-03
-3.317294021043737319e-04 1.442114579623262347e-03
-2.325562255652849027e-04 1.555736169107664124e-03
-8.139919908823112812e-05 1.323343510390544327e-03
8.819019201506344370e-05 7.659624223182567773e-04
2.413269523421832899e-04 -3.467554402636829555e-05
3.484167978316277960e-04 -9.511270347711240931e-04
3.907110242149335728e-04 -1.833887181529133279e-03
3.637414005352777413e-04 -2.539228266687514231e-03
2.779875187147501283e-04 -2.955965401986640224e-03
1.566546338931987768e-04 -3.026090471715552413e-03
3.098866594732988260e-05 -2.755375892646317118e-03
-6.597717981045742594e-05 -2.211948087393269743e-03
-1.060513952455330983e-04 -1.513107522338271024e-03
-7.162370714989044467e-05 -8.028965549318768094e-04
4.058231976161161053e-05 -2.246669473611763706e-04
2.184653920360876103e-04 1.061557366745361809e-04
4.364203549647273426e-04 1.239524849957979527e-04
6.597862166647152369e-04 -1.747067843253272915e-04
8.510368295427116507e-04 -7.305214735711972659e-04
9.765519955374165912e-04 -1.432858238720766423e-03
1.012695853392105117e-03 -2.140925399566443420e-03
9.500593714968552563e-04 -2.710708110171532962e-03
7.950700559844755622e-04 -3.022556634463170397e-03
5.686690855336273267e-04 -3.004195515356616192e-03
3.023099261431184764e-04 -2.644787871109093719e-03
3.203819592647455528e-05 -1.997382423853924852e-03
-2.082256594832776996e-04 -1.169270456705722100e-03
-3.929300039290534738e-04 -3.020691463479062032e-04
-5.094824942138147413e-04 4.547068522530268650e-04
-5.603226834854791848e-04 9.715903955045482061e-04
-5.620903843073702224e-04 1.163340539097565971e-03
-5.420547883114155323e-04 1.004784407157842917e-03
-5.324892871393639661e-04 5.353293155326928256e-04
-5.640670383575567331e-04 -1.487036016431642462e-04
-6.595386835441202720e-04 -9.124682094924468738e-04
-8.289009035862544665e-04 -1.608219566081346436e-03
-1.066982598888193117e-03 -2.103323405866696413e-03
-1.353917739578489434e-03 -2.305345025389567495e-03
-1.658427011859991149e-03 -2.179468233254906219e-03
-1.943297888300983631e-03 -1.754948855210893086e-03
-2.172035565054555341e-03 -1.119385028686460844e-03
-2.315434392451997878e-03 -4.018946920456892800e-04
-2.356833197469398490e-03 2.516078055382645019e-04
-2.295065651608010817e-03 7.063470892488575093e-04
-2.144551673440327991e-03 8.645362978805376779e-04
-1.932515486699265409e-03 6.842373147240287138e-04
-1.693858287563607384e-03 1.876513230636904332e-04
-1.464655889589860580e-03 -5.427393542273494745e-04
-1.275510461928549113e-03 -1.379456575082966749e-03
-1.146011543258185564e-03 -2.173853107721370782e-03
-1.081349945314762345e-03 -2.783977072431103629e-03
-1.071719023766407085e-03 -3.101205095802390000e-03
-1.094608591308973092e-03 -3.070607444559315946e-03
-1.119547728325883361e-03 -2.701194271189847132e-03
-1.114387928793123244e-03 -2.064107018694652951e-03
-1.051925490553596004e-03 -1.279100393259715836e-03
-9.155972711247266013e-04 -4.918761434897499533e-04
-7.031591713554140918e-04 1.534393498619701299e-04
-4.276387806542827951e-04 5.414636237584442586e-04
-1.153701503258937702e-04 6.072312150259087139e-04
1.985281562450144383e-04 3.482716049454676749e-04
4.763855000455324471e-04 -1.751895157475382835e-04
6.847507300213629420e-04 -8.519371692129955971e-04
8.004279713561478996e-04 -1.541157855269253887e-03
8.146394552181698313e-04 -2.099455345716811586e-03
7.345311892877955801e-04 -2.408367020881595297e-03
5.817387398675531208e-04 -2.397161197114007491e-03
3.882854352097212750e-04 -2.056589438676102548e-03
1.905888012913095077e-04 -1.440980763974610262e-03
2.270763575097086784e-05 -6.582725344949123076e-04
-8.989571938674705042e-05 1.501424567829098096e-04
-1.349025012285105232e-04 8.359442103857524708e-04
-1.151402398834468861e-04 1.271772561773973484e-03
-4.767031965129070274e-05 1.375198191988299609e-03
3.985732967217337115e-05 1.124243006876442588e-03
1.148818390951969709e-04 5.615140325880244466e-04
1.465552949008300015e-04 -2.138304193105448675e-04
1.120473209570356271e-04 -1.064761030771610960e-03
1.325057533647379902e-06 -1.842168433634640496e-03
-1.805079093542091189e-04 -2.412884100639270044e-03
-4.137673943439782592e-04 -2.684629621175712438e-03
-6.675439955410005909e-04 -2.623175815423636759e-03
-9.052315659687306965e-04 -2.258469493813442322e-03
-1.091189540769188331e-03 -1.678575742622564430e-03
-1.197283759656650242e-03 -1.012591594803942613e-03
-1.208071913143995545e-03 -4.057757999155946291e-04
-1.123654777663974638e-03 8.386354894519137959e-06
-9.596546970319419284e-04 1.338837087252759545e-04
-7.443249803502331599e-04 -6.923096125517223462e-05
-5.133354225507004475e-04 -5.768916400704815917e-04
-3.032175501203689572e-04 -1.305224679997979810e-03
-1.447054871871750062e-04 -2.126121432128997863e-03
-5.722676027764824836e-05 -2.891236723507903048e-03
-4.557840917083301512e-05 -3.459875452753809547e-03
-9.940889523094229561e-05 -3.725492148910991563e-03
-1.955940727739496519e-04 -3.635789690104479586e-03
-3.030467444342146966e-04 -3.202614020208955498e-03
-3.890380394909737213e-04 -2.499772373808871809e-03
-4.258224424197809489e-04 -1.649187637232022016e-03
-3.963010036448231035e-04 -7.980083841428549027e-04
-2.976398914173391283e-04 -9.100503559086522976e-05
-1.421493445797428288e-04 3.565263522337042482e-04
4.475223786386485676e-05 4.802286220859889199e-04
2.291112960811364106e-04 2.784598043710305015e-04
3.746897318939542863e-04 -1.878400096456087380e-04
4.497145546507877933e-04 -8.071565884597342371e-04
4.328518367915600278e-04 -1.439000608675155158e-03
3.172754335622754375e-04 -1.940997751539437531e-03
1.120599517817657794e-04 -2.196329949399112615e-03
-1.593675883535743500e-04 -2.136321552623077127e-03
-4.634276590091684499e-04 -1.753883878550393377e-03
-7.624494645095871576e-04 -1.105263134617375399e-03
-1.021452340028000715e-03 -2.997521847305713609e-04
-1.214371151448667739e-03 5.206934496684441057e-04
-1.328556009578346631e-03 1.208082277011218730e-03
-1.366704315138704247e-03 1.636219836399471338e-03
-1.345870002618254234e-03 1.724481794658771876e-03
-1.293748666643134522e-03 1.453028104191302593e-03
-1.242953191807033130e-03 8.665781951459196157e-04
-1.224374895766198491e-03 6.603152101034359743e-05
-1.260898015352574127e-03 -8.104823103940899439e-04
-1.362667883353575748e-03 -1.613539568378188904e-03
-1.524818127286881823e-03 -2.210438897219341257e-03
-1.728095538552903033e-03 -2.509999905864846413e-03
-1.942271304424730838e-03 -2.479455881013769951e-03
-2.131698241493497955e-03 -2.150250529849568985e-03
-2.261965736920322836e-03 -1.611650355072601157e-03
-2.306394573358824633e-03 -9.933918187304355968e-04
-2.251142393342903201e-03 -4.406589331217686777e-04
-2.097951873657466493e-03 -8.613915554015372407e-05
-1.864018292632314919e-03 -2.445848506768934574e-05
-1.578996944074766108e-03 -2.938457530337963870e-04
-1.279710863293938815e-03 -8.685066484080327873e-04
-1.003553368530491190e-03 -1.663159342870934544e-03
-7.818258275035136181e-04 -2.548879825907464803e-03
-6.342622966809335298e-04 -3.377262462060841644e-03
-5.657671510440632221e-04 -4.008325554621753987e-03
-5.659722578122725967e-04 -4.336881218407135155e-03
-6.116861128274875443e-04 -4.312378179832093185e-03
-6.717597921212039875e-04 -3.948460493124653949e-03
-7.134372376566877659e-04 -3.320430916211857333e-03
-7.089768672098375199e-04 -2.551096460970936428e-03
-6.412808746156179254e-04 -1.787672090879904646e-03
-5.074574474279052762e-04 -1.174110437791206192e-03
-3.196337105463724934e-04 -8.240904059261171342e-04
-1.028591591031559690e-04 -7.997718539836601651e-04
1.095081893189590649e-04 -1.100331012388944870e-03
2.820623686703108298e-04 -1.662438796259767780e-03
3.840726498169699321e-04 -2.372582502831546182e-03
3.953958434969547290e-04 -3.088888783105517635e-03
3.104559861212762245e-04 -3.668306869226429200e-03
1.395338646231715149e-04 -3.993996418807252424e-03
-9.288345859827090158e-05 -3.997726108557808633e-03
-3.523878132658152186e-04 -3.673034517071815420e-03
-6.007669344949770340e-04 -3.076654884110496032e-03
-8.028047014983707378e-04 -2.317928651517347800e-03
-9.324874318049586157e-04 -1.538208264343730609e-03
-9.774520897707719442e-04 -8.841466058358545075e-04
-9.408454936987379735e-04 -4.799294213060469397e-04
-8.402539425224990737e-04 -4.037086540235876927e-04
-7.039172817243680939e-04 -6.727005734644855676e-04
-5.649552611311034088e-04 -1.239773256274288686e-03
-4.547097939340524796e-04 -2.002173774439534523e-03
-3.964732541756221156e-04 -2.820748016486318479e-03
-4.007987396207060506e-04 -3.546020392184838846e-03
-4.632873740473468049e-04 -4.046202682416201284e-03
-5.652772370722836679e-04 -4.231836725018921740e-03
-6.773074990339772667e-04 -4.072413496732793341e-03
-7.647041415798715809e-04 -3.601830700858371648e-03
-7.942301006400183903e-04 -2.911664495909217776e-03
-7.405392370622384569e-04 -2.133538305044993966e-03
-5.912088204336535995e-04 -1.413935817016299078e-03
-3.493926069446475001e-04 -8.862354518498866910e-04
-3.358553544028042249e-05 -6.452689141147188723e-04
3.254634119866498302e-04 -7.292275395106354290e-04
6.901148135804022936e-04 -1.112347676987931718e-03
1.022473395907837201e-03 -1.709764044886058531e-03
1.291048168977118691e-03 -2.393614604463623324e-03
1.476188287330131715e-03 -3.017348560671284999e-03
1.573276820393275637e-03 -3.443634329703360204e-03
1.593089079396256286e-03 -3.570581134701492770e-03
1.559258729809356609e-03 -3.351305724289203002e-03
1.503342058702596780e-03 -2.803134441400657005e-03
1.458424883105419352e-03 -2.004692203488549120e-03
1.452491667024046872e-03 -1.081422506723291217e-03
1.502820333909221217e-03 -1.822722150616131907e-04
1.612470691606195453e-03 5.480529739507227415e-04
1.769536397840594175e-03 9.960184641363051174e-04
1.949305410202275277e-03 1.100286874795238217e-03
2.118921350571034614e-03 8.628692197939629186e-04
2.243662833648853508e-03 3.482998314841595131e-04
2.293649619049777620e-03 -3.289988494643590394e-04
2.249701854355199652e-03 -1.026759743866423671e-03
2.107237381743233898e-03 -1.602140261483697269e-03
1.877462092142899962e-03 -1.939045959090408356e-03
1.585619615850300578e-03 -1.970328443432824237e-03
1.266622448452880750e-03 -1.690649143932796469e-03
9.588816799508796413e-04 -1.157569472963192701e-03
6.974930580996073579e-04 -4.806587577676476935e-04
5.080586717217320906e-04 1.993183025504875706e-04
4.023030811090622431e-04 7.371929447754487505e-04
3.763030910135338187e-04 1.011087125673875309e-03
4.116558870793809001e-04 9.457639405223718619e-04
4.793545554192358638e-04 5.272070111149800530e-04
5.456282612697966380e-04 -1.943383485399412204e-04
5.786334367537085584e-04 -1.113445780605498876e-03
5.547224341671941729e-04 -2.088999646421138643e-03
4.630975096611960468e-04 -2.970416638297651742e-03
3.079652906315051325e-04 -3.625642258948338133e-03
1.077818425354689540e-04 -3.965631497169526745e-03
-1.082688872748224898e-04 -3.960688914046299122e-03
-3.058948178327317892e-04 -3.645584707936991905e-03
-4.523462080689182778e-04 -3.112488266742521360e-03
-5.228325989235333652e-04 -2.493066871202279100e-03
-5.054847315181117649e-04 -1.933147930169466268e-03
-4.039141852394259125e-04 -1.564750153738471341e-03
-2.368772661639294134e-04 -1.480786041513870027e-03
-3.509710305994129075e-05 -1.717230924323188013e-03
1.641646513348211565e-04 -2.246138598992769402e-03
3.237693973326972985e-04 -2.980828321130799506e-03
4.133459272064662492e-04 -3.792261760297153256e-03
4.146701307987212589e-04 -4.533508184199208299e-03
3.247717447846454266e-04 -5.067663152863850079e-03
1.561895967633553301e-04 -5.293930677694052428e-03
-6.566409845443710802e-05 -5.166925240738012154e-03
-3.075234789130213038e-04 -4.705532683244984145e-03
-5.347157535506650693e-04 -3.989644899977635474e-03
-7.178091169101289554e-04 -3.145378395205848405e-03
-8.381996137715483179e-04 -2.321566532322209483e-03
-8.915773354258937173e-04 -1.661967058137767258e-03
-8.886156198900099171e-04 -1.278437490529080352e-03
-8.527544730316332332e-04 -1.230147674907446781e-03
-8.155013075926398868e-04 -1.512755933539691689e-03
-8.101437903825304057e-04 -2.059589130415331003e-03
-8.650717504461113115e-04 -2.754594757540247511e-03
-9.979804831820524025e-04 -3.454605032545837468e-03
-1.212062078321447713e-03 -4.016690846160566805e-03
-1.494915951174099426e-03 -4.325420839657082538e-03
-1.820395636598028458e-03 -4.314860149024944518e-03
-2.153053444219120514e-03 -3.981140743777558839e-03
-2.454352928265537710e-03 -3.383221934008633948e-03
-2.689484369457197706e-03 -2.631697203373862138e-03
-2.833503975423535583e-03 -1.867768346579309208e-03
-2.875644966561149811e-03 -1.236371079073749716e-03
-2.820994016997058988e-03 -8.585450129967265795e-04
-2.689224316273656178e-03 -8.082851803666067994e-04
-2.510632579145260883e-03 -1.098264779704123369e-03
-2.320236389517150132e-03 -1.677139981766911491e-03
-2.151053948332145877e-03 -2.438955329829674452e-03
-2.027841390682036480e-03 -3.242877603964257425e-03
-1.962474403811933187e-03 -3.939530693481783398e-03
-1.951847722540061680e-03 -4.398954239362956598e-03
-1.978687559329194746e-03 -4.534901186577148732e-03
-2.015118793305011296e-03 -4.320882171804937312e-03
-2.028305568223357901e-03 -3.794926719228888367e-03
-1.987089900143834513e-03 -3.052166806865807495e-03
-1.868362596021547369e-03 -2.226653176354875460e-03
-1.661950303456269373e-03 -1.465852404245610204e-03
-1.373082528381916207e-03 -9.026574136066654788e-04
-1.021960003455529191e-03 -6.302136026185877534e-04
-6.404942572914037015e-04 -6.843282266767191681e-04
-2.668237677620038917e-04 -1.036793354337671880e-03
6.136674432350125268e-05 -1.600884836431480619e-03
3.134702791492517747e-04 -2.247992875887620118e-03
4.712812481911520272e-04 -2.832230776619633003e-03
5.320206237282085323e-04 -3.218356612686030724e-03
5.084982934629789838e-04 -3.307714155148165809e-03
4.263889849772816874e-04 -3.057273442637216919e-03
3.191430647986677645e-04 -2.488157127941229181e-03
2.214996889987897724e-04 -1.682029015504873676e-03
1.628327679231660443e-04 -7.660192103080028366e-04
1.615902221807091364e-04 1.109691106601546923e-04
2.218783455842140290e-04 8.060941681518419893e-04
3.328352476987101968e-04 1.209289589964497504e-03
4.709075663689275696e-04 1.263807835313297302e-03
6.045932870199286066e-04 9.767105647027097149e-04
7.007450555340708452e-04 4.173261046444485785e-04
7.312316000172059977e-04 -2.960285324449479869e-04
6.786860234191129625e-04 -1.018542799365249225e-03
5.402418396978446837e-04 -1.606362801780369595e-03
3.285381012713345437e-04 -1.943797609365794949e-03
6.979176475225756988e-05 -1.965130410128641814e-03
-2.007092585996080145e-04 -1.666906241108429563e-03
-4.448502256860152842e-04 -1.108372725363715753e-03
-6.284991446666491309e-04 -3.999948988982218409e-04
-7.276020997204396329e-04 3.177752493170770873e-04
-7.324186833072116824e-04 9.014473938535724675e-04
-6.491027665538960222e-04 1.232048748555069403e-03
-4.983351046171764992e-04 1.238060533175459541e-03
-3.112710506719883153e-04 9.093825155471778939e-04
-1.235735074759620002e-04 2.996716431756961310e-04
3.133780947310680493e-05 -4.833979718269979919e-04
1.285430241204762927e-04 -1.298119304201176757e-03
1.562021627072440332e-04 -1.995206496869393956e-03
1.175952325653328921e-04 -2.445718807782545218e-03
3.024137922166787252e-05 -2.565175370212147664e-03
-7.772938353938760097e-05 -2.329301973336507080e-03
-1.732569262611672906e-04 -1.778434374670170067e-03
-2.249995457274267681e-04 -1.009749286723228600e-03
-2.096813839009690659e-04 -1.587977057794920507e-04
-1.169260810370455618e-04 6.261605157026567479e-04
4.834979312424943004e-05 1.212160323248681181e-03
2.664480201656232615e-04 1.506571612352900543e-03
5.062189388775008205e-04 1.474436884104617833e-03
7.305904321372450787e-04 1.144827458132927165e-03
9.032583542424585995e-04 6.050201190088836441e-04
9.952800779628612898e-04 -1.639640036801566069e-05
9.903299539740441533e-04 -5.742784236117782571e-04
8.876274516264779594e-04 -9.348512494187388071e-04
7.019878907326331050e-04 -1.001502987839161850e-03
4.609888745790526911e-04 -7.335540876834197466e-04
1.997900162844867627e-04 -1.544380743678766717e-04
-4.541371445247592044e-05 6.522660074329341296e-04
-2.440675131027865430e-04 1.558208393171955659e-03
-3.768006952563006623e-04 2.414149100546981314e-03
-4.387943472993091577e-04 3.077831329174079110e-03
-4.403414205300502536e-04 3.440578050889103387e-03
-4.045009808303965228e-04 3.447582898960657033e-03
-3.622998073763132750e-04 3.108059406216018110e-03
-3.464000253789323715e-04 2.493331800478182543e-03
-3.844427146606724135e-04 1.723232503846345394e-03
-4.933392338932051247e-04 9.433840999125902649e-04
-6.756026334596406183e-04 2.976679219654839326e-04
-9.184250146550385248e-04 -9.890883503186481684e-05
-1.195686272984003082e-03 -1.818126299338702033e-04
-1.472523897630888343e-03 5.103590823520129556e-05
-1.711607605762036207e-03 5.391633688342335013e-04
-1.879938565816421329e-03 1.171338667130899852e-03
-1.954892201258088495e-03 1.807020496888582257e-03
-1.928365230631780194e-03 2.303387178724337903e-03
-1.808244964979354103e-03 2.542821305486314860e-03
-1.616924344860902907e-03 2.455635160131892404e-03
-1.387144042331362901e-03 2.033724005826761591e-03
-1.155947490589171118e-03 1.332552299101757336e-03
-9.578903468588635499e-04 4.610872698395104352e-04
-8.187853217739921507e-04 -4.384232193378811504e-04
-7.511602337988157680e-04 -1.217008188974846080e-03
-7.522812403716210884e-04 -1.746845783630024060e-03
-8.051062807306784896e-04 -1.945179622301333299e-03
-8.819780584149874243e-04 -1.789756377251120086e-03
-9.503465606214708209e-04 -1.322865660183897025e-03
-9.794264144500175288e-04 -6.432199040740770989e-04
-9.465171246094040850e-04 1.127870771839232502e-04
-8.417780227850902783e-04 7.968944683103882211e-04
-6.705425853742632680e-04 1.276975549663080748e-03
-4.527232555307387487e-04 1.461926655539968339e-03
-2.194097029082504033e-04 1.318735808071570077e-03
-7.296014953833045505e-06 8.785048886809274614e-04
1.480152974987519634e-04 2.302919148659058593e-04
2.185705261401858519e-04 -4.960529468212809649e-04
1.892460485719707833e-04 -1.154799398832648521e-03
6.057539888818045662e-05 -1.612271340117450670e-03
-1.513121563489462044e-04 -1.772505222065242671e-03
-4.176307652406693860e-04 -1.595764945077447674e-03
-7.022010645495703951e-04 -1.106398453740960360e-03
-9.680450837660537237e-04 -3.885396476878960202e-04
-1.184070222190139942e-03 4.295386633780867627e-04
-1.330583988103882769e-03 1.199465218883203916e-03
-1.402603743410135847e-03 1.780658291385443619e-03
-1.410344268824920014e-03 2.066785650797302570e-03
-1.376801290232103955e-03 2.005790202360181046e-03
-1.332899747159268936e-03 1.609692117563584542e-03
-1.311137166968373352e-03 9.523127697215231450e-04
-1.338937552334895599e-03 1.553513191519684949e-04
-1.432985719118929887e-03 -6.345513543215392481e-04
-1.595625783540785027e-03 -1.273421687743444717e-03
-1.814015849959709588e-03 -1.647012349394989935e-03
-2.062208110107416077e-03 -1.692193305620785012e-03
-2.305768531957065777e-03 -1.408631491750547650e-03
-2.508068154771162482e-03 -8.585551688934923943e-04
-2.637059996100731604e-03 -1.546558321502222266e-04
-2.671261964945259408e-03 5.615728534774173030e-04
-2.603814769439139875e-03 1.146948615176157475e-03
-2.443846560998753047e-03 1.484023731892846355e-03
-2.214884334373245101e-03 1.503616531441846630e-03
-1.950609658610929749e-03 1.198176671381644956e-03
-1.688757544461541322e-03 6.234458723385453982e-04
-1.464307249492081920e-03 -1.119072905480711822e-04
-1.303246372071481573e-03 -8.667220423016436335e-04
-1.218079697057872961e-03 -1.493985426729817472e-03
-1.205922837760604275e-03 -1.868637468952969371e-03
-1.249530578780435469e-03 -1.911279265046933939e-03
-1.321053768560513609e-03 -1.603296009530469010e-03
-1.387801886209694092e-03 -9.905309115677933540e-04
-1.418908803827492390e-03 -1.748122083999619934e-04
-1.391628628615324079e-03 7.050660459653130055e-04
-1.296059150439957380e-03 1.499313236995227861e-03
-1.137388985313449348e-03 2.075150616913597028e-03
-9.352344653002771062e-04 2.341563066374149297e-03
-7.201846584111308612e-04 2.266115973442847133e-03
-5.282029583765783694e-04 1.880662209863835687e-03
-3.939410386863703793e-04 1.274868289757499643e-03
-3.442284614195671309e-04 5.787954046433945333e-04
-3.929695852185303311e-04 -6.215656866540822563e-05
-5.384146248020968591e-04 -5.151881512434803873e-04
-7.633238937691201251e-04 -6.856229629424121039e-04
-1.037998159156734712e-03 -5.351726256877594075e-04
-1.325606990899332212e-03 -8.947738591029950894e-05
-1.588813383515375825e-03 5.665125490956766149e-04
-1.796448809559238408e-03 1.304446594883712073e-03
-1.928984421679313986e-03 1.976766814802433450e-03
-1.981772928298639481e-03 2.444607114167432135e-03
-1.965458378235362524e-03 2.604118116743393916e-03
-1.903487629209222633e-03 2.406233762978085035e-03
-1.827206025207714661e-03 1.866135806102923230e-03
-1.769476873308727062e-03 1.060621360676819447e-03
-1.758043200800333758e-03 1.138675313909899258e-04
-1.809898247742485486e-03 -8.257173800415278792e-04
-1.927739164170124905e-03 -1.613180172432526673e-03
-2.099182790114192173e-03 -2.134012565497080821e-03
-2.298898099002838653e-03 -2.325343329957041405e-03
-2.493256171861985698e-03 -2.187329969223050351e-03
-2.646620328046721000e-03 -1.782603323950400368e-03
-2.728086869876183464e-03 -1.223880803644796650e-03
-2.717399944253310641e-03 -6.521041253207111952e-04
-2.608918762970010522e-03 -2.092513178490135271e-04
-2.412882565302440583e-03 -1.098070646517353144e-05
-2.153728757939294379e-03 -1.242958006381857019e-04
-1.865776102118161563e-03 -5.544685640815772559e-04
-1.587082353065265468e-03 -1.243704578574090537e-03
-1.352630264482101215e-03 -2.081809205215902001e-03
-1.188122165968248916e-03 -2.926840186248277648e-03
-1.105547486736379193e-03 -3.631839779349502455e-03
-1.101351533988949825e-03 -4.072586863468343268e-03
-1.157541152385180207e-03 -4.171114812541635609e-03
-1.245506904557692378e-03 -3.910541168539460183e-03
-1.331827450312507606e-03 -3.338398714604033733e-03
-1.384947216622220900e-03 -2.557833239805881124e-03
-1.381454144978574560e-03 -1.708329183425039231e-03
-1.310761309445098582e-03 -9.396058197878118939e-04
-1.177299843346878367e-03 -3.836186072881074549e-04
-9.998033302787265233e-04 -1.299582143689922888e-04
-8.078160638108507468e-04 -2.092958061755685432e-04
-6.360847877355029975e-04 -5.879993360538360910e-04
-5.178958767308531599e-04 -1.174930330493079546e-03
-4.786212196999806850e-04 -1.839124463499433853e-03
-5.306981776405971310e-04 -2.434998740957483587e-03
-6.709990226857186777e-04 -2.830303506460248898e-03
-8.810942875289197451e-04 -2.931518482636118715e-03
-1.130367830039920437e-03 -2.701876917452265825e-03
-1.381402647195600604e-03 -2.168598754093791631e-03
-1.596627562166113993e-03 -1.417958052622129506e-03
-1.744977029900180625e-03 -5.791145706472179949e-04
-1.807314432824795938e-03 2.002319015270823035e-04
-1.779603657936445387e-03 7.817561935451083129e-04
-1.673240032716488039e-03 1.062705921180493373e-03
-1.512489127594959229e-03 9.954211751507287959e-04
-1.329528777688701157e-03 5.964767321645152946e-04
-1.158042461602932713e-03 -5.628876821873064068e-05
-1.026585251761312967e-03 -8.383000124204827673e-04
-9.529852737535263012e-04 -1.601584850511646001e-03
-9.408460941183750511e-04 -2.202515293118173772e-03
-9.788160816455034833e-04 -2.528705492792187280e-03
