1.036694422567031827e-03 8.798991401970601917e-04
1.124516871377263848e-03 6.956153930434777694e-04
1.129438265830805255e-03 3.207912172389359995e-04
1.028598659050960215e-03 -2.059263226365467582e-04
8.176532279932755172e-04 -8.167416308434225902e-04
5.119785929812265771e-04 -1.426824154795247514e-03
1.441608628302323944e-04 -1.949666402156451876e-03
-2.417670180817530455e-04 -2.312794448335249962e-03
-5.982556881954204748e-04 -2.470871461597945982e-03
-8.828441278935326032e-04 -2.413727260011315490e-03
-1.065817435383299878e-03 -2.167806182133116735e-03
-1.135475213916056032e-03 -1.790770000804088038e-03
-1.100020033412724575e-03 -1.360286647770981216e-03
-9.857146991372118302e-04 -9.591341767211988140e-04
-8.316627005292738517e-04 -6.594447043966378307e-04
-6.822046318806420512e-04 -5.090734387542734420e-04
-5.783737142443267417e-04 -5.226730225830576856e-04
-5.500305628057438126e-04 -6.791600089227755460e-04
-6.101675482710801216e-04 -9.260475593878207245e-04
-7.524610991952823636e-04 -1.189816096643288648e-03
-9.525341214741305570e-04 -1.390348297304020613e-03
-1.172687065940995017e-03 -1.456683397011057559e-03
-1.369198313537992734e-03 -1.341094401587230190e-03
-1.500807060571983679e-03 -1.028808087547322669e-03
-1.536767103865901637e-03 -5.415117693625640539e-04
-1.462940429632866206e-03 6.603330814738928804e-05
-1.284770070214427337e-03 7.156470563838417424e-04
-1.026562150731920829e-03 1.319842108733074084e-03
-7.272056046361910237e-04 1.797735465152144408e-03
-4.331324282416257809e-04 2.089762012941693073e-03
-1.898438845298787902e-04 2.168417264670059047e-03
-3.359982455632755556e-05 2.043006880988326984e-03
1.516218118023269709e-05 1.757513453732539432e-03
-4.456184414533846455e-05 1.381992151183814889e-03
-1.943787393149001949e-04 9.991298551050189873e-04
-4.001708192397504050e-04 6.885158171523060025e-04
-6.187055076509343030e-04 5.116027310322188073e-04
-8.059277670807907159e-04 5.002039297135071980e-04
-9.253635534977977355e-04 6.507004550978174370e-04
-9.550426077771629295e-04 9.250483062809846616e-04
-8.916303634459748400e-04 1.258386452476889300e-03
-7.509882757039435756e-04 1.571794447143972729e-03
-5.650591670967436940e-04 1.787771754046780810e-03
-3.756709740740677025e-04 1.845494170952063744e-03
-2.264366168980707110e-04 1.712943890852011708e-03
-1.542889523193369250e-04 1.393601017123908799e-03
-1.822594957798222975e-04 9.264138160580843431e-04
-3.148745982605118576e-04 3.790377277635080771e-04
-5.370475050328143117e-04 -1.643918367317135439e-04
-8.166829607003530354e-04 -6.186520518834742136e-04
-1.110508044729513130e-03 -9.130892292961957039e-04
-1.372031831707241824e-03 -1.004586571627152534e-03
-1.560132994035311194e-03 -8.853977274380512089e-04
-1.646655021688753998e-03 -5.843709196461769912e-04
-1.621575961995792587e-03 -1.613377178452721878e-04
-1.494778046602945670e-03 3.042675483349920962e-04
-1.294085475871827777e-03 7.284017368757268263e-04
-1.059944256983024217e-03 1.038182450254382079e-03
-8.377527592868707750e-04 1.185450972275276351e-03
-6.692954041859496645e-04 1.155566462729877434e-03
-5.849006620069330644e-04 9.697743905178127103e-04
-5.978063617349709587e-04 6.807108592454585907e-04
-7.017964096315837267e-04 3.619059182336612922e-04
-8.725526867329806658e-04 9.328667820851933423e-05
-1.072461617314835781e-03 -5.456040668097269022e-05
-1.257960038070221912e-03 -3.437302816330185459e-05
-1.388023570026005512e-03 1.682209958094101499e-04
-1.432183884540342948e-03 5.313820880795490278e-04
-1.376550133445953328e-03 1.000625747476161908e-03
-1.226687561782403759e-03 1.498616930600509987e-03
-1.006801414434739224e-03 1.939350807310113566e-03
-7.553740052978909865e-04 2.244046754717571833e-03
-5.180747462499265318e-04 2.355756349022178862e-03
-3.392798128606158421e-04 2.249927666641111327e-03
-2.538020858866390757e-04 1.938931737704393306e-03
-2.803930561505680111e-04 1.469697985977289892e-03
-4.182438556508437442e-04 9.149079377274204131e-04
-6.471457741557362729e-04 3.594138088844391890e-04
-9.312788145921892854e-04 -1.155496722049183028e-04
-1.225910987718098694e-03 -4.473763723565409803e-04
-1.485740987800646985e-03 -6.034883592237678170e-04
-1.673306764452688273e-03 -5.869754973791192244e-04
-1.765871022510215500e-03 -4.354190323863649519e-04
-1.759484003701163903e-03 -2.131353295519341747e-04
-1.669459232035465368e-03 1.676942441882444106e-06
-1.527177858218854494e-03 1.324369834277475382e-04
-1.373833053991698784e-03 1.193784078689827909e-04
-1.252305822773578216e-03 -6.845144437120354291e-05
-1.198717792385163529e-03 -4.266773751944758376e-04
-1.235267957980305939e-03 -9.158160447194753709e-04
-1.365717303088431322e-03 -1.468202141766582246e-03
-1.574383742853858884e-03 -2.000322408770328041e-03
-1.828844846877458394e-03 -2.428233321889721602e-03
-2.085843220996625065e-03 -2.683152469760809525e-03
-2.299282301955107768e-03 -2.724278710531694795e-03
-2.428803630617181082e-03 -2.546418673121425731e-03
-2.447325566156535910e-03 -2.180978210126961487e-03
-2.346118960164227975e-03 -1.690131291599203649e-03
-2.136460529949416130e-03 -1.155268185406878312e-03
-1.847551491893924909e-03 -6.619055277981649409e-04
-1.521094988574486773e-03 -2.839084730757684798e-04
-1.203557320859359112e-03 -7.000317688091455166e-05
-9.375754404130022448e-04 -3.512221431171698004e-05
-7.541337679362951048e-04 -1.582086967655342265e-04
-6.669867856464808693e-04 -3.868804755397162566e-04
-6.703777790300008768e-04 -6.480557825987988364e-04
-7.404792521171015517e-04 -8.625121565402525062e-04
-8.402752315975751301e-04 -9.606054279526917393e-04
-9.269534682601263120e-04 -8.961559778435110660e-04
-9.603999518207019179e-04 -6.558569977289380052e-04
-9.111792508688611918e-04 -2.624082442988925836e-04
-7.664815465841792394e-04 2.292319481517639582e-04
-5.329024210722675767e-04 7.417790769308259952e-04
-2.355215515304936221e-04 1.189869185374803047e-03
8.655218373109179028e-05 1.495930836309587687e-03
3.873318716073867246e-04 1.604683344239593839e-03
6.224512605356442678e-04 1.493520031762224712e-03
7.574060568472210141e-04 1.176812011116513262e-03
7.739804806924511886e-04 7.033166760671979382e-04
6.736441379851013621e-04 1.471782677887769719e-04
4.772766828710215043e-04 -4.057811594064298115e-04
2.212718413247144749e-04 -8.738925479260279284e-04
-4.924325061350957530e-05 -1.194604936247427394e-03
-2.887923339439315445e-04 -1.335763156738084328e-03
-4.599542511861022401e-04 -1.301076242198359427e-03
-5.402005667836572373e-04 -1.128755899609877426e-03
-5.258774973106048129e-04 -8.835985442111108333e-04
-4.325844958515656083e-04 -6.440263424221568354e-04
-2.918847058801308895e-04 -4.865573200470346476e-04
-1.449774952237797268e-04 -4.706611050168466037e-04
-3.453879312524882686e-05 -6.268831837119273522e-04
3.717995577182738216e-06 -9.505006279700036441e-04
-5.184514552948333698e-05 -1.401923504787381180e-03
-2.043585184292022070e-04 -1.913777229897194567e-03
-4.375392909799335345e-04 -2.403334186956743081e-03
-7.184909590315571989e-04 -2.787947953569241619e-03
-1.003683394550247514e-03 -3.000572690768541287e-03
-1.246986031815677971e-03 -3.002431785251377661e-03
-1.408236955763349750e-03 -2.790437217089900522e-03
-1.460728084095697099e-03 -2.397952643770165718e-03
-1.396190739946952730e-03 -1.888751148307186338e-03
-1.226338074416265678e-03 -1.345304864442153567e-03
-9.806716304885006175e-04 -8.536147850031456470e-04
-7.009656219605067597e-04 -4.874422393844461167e-04
-4.334705216173024471e-04 -2.949151679221721301e-04
-2.203084278202385509e-04 -2.900313209314401165e-04
-9.168485355489383679e-05 -4.506522873302244540e-04
-6.038626504152372256e-05 -7.233525882599136769e-04
-1.195993065805386435e-04 -1.034189808842811550e-03
-2.444582464280257951e-04 -1.303340723676290388e-03
-3.970209408959761931e-04 -1.460816863359909587e-03
-5.337242709007553477e-04 -1.460269464215470034e-03
-6.139005207472393979e-04 -1.288256741696078463e-03
-6.077354515022606899e-04 -9.672071534902047969e-04
-5.021548806644448963e-04 -5.515077501630567987e-04
-3.035193248627731624e-04 -1.174504573681228216e-04
-3.661130737966586130e-05 2.510657037168103787e-04
2.598973102237314508e-04 4.783725335705339135e-04
5.406432287304467404e-04 5.114127624716368692e-04
7.620744722663979264e-04 3.299380097619879822e-04
8.906495215741611158e-04 -4.941025096366678891e-05
9.091807319504595451e-04 -5.759156126311724402e-04
8.201202214378833580e-04 -1.173972849063054146e-03
6.451642789145933983e-04 -1.756916105177739424e-03
4.212484180243393625e-04 -2.242882794953428467e-03
1.936877181645569072e-04 -2.569722826631433421e-03
7.756828087064995304e-06 -2.706144664895021590e-03
-9.970123354822058460e-05 -2.657003047365093847e-03
-1.070543726963302678e-04 -2.461742802449303890e-03
-1.177136203758469149e-05 -2.186309051067814035e-03
1.693076172089706699e-04 -1.910070764952428914e-03
4.033644130975596004e-04 -1.710248062764872876e-03
6.480111688537655915e-04 -1.646805153840488409e-03
8.594936315835913264e-04 -1.750681238416978459e-03
1.001130222917507619e-03 -2.017597941366411352e-03
1.050383503538941665e-03 -2.408624025677846836e-03
1.003220318710470321e-03 -2.857396542529097930e-03
8.749311283267438870e-04 -3.282634939917067340e-03
6.972504150106041774e-04 -3.603580095681417541e-03
5.123214704506205610e-04 -3.755434017416206700e-03
3.646474371736405573e-04 -3.701873422835731328e-03
2.925528569273217047e-04 -3.442262105965150035e-03
3.207737228582196792e-04 -3.012188505113980001e-03
4.555813889207691123e-04 -2.477216655251580826e-03
6.833669136619977599e-04 -1.921021890232186766e-03
9.729581502938948467e-04 -1.430144353390094044e-03
1.281236002666241193e-03 -1.078232592551401107e-03
1.560992377259558857e-03 -9.127452483320554026e-04
1.769548576491337434e-03 -9.466129775595000326e-04
1.876509415036561488e-03 -1.156423499364551619e-03
1.869192342360644164e-03 -1.487457848186917592e-03
1.754711252020795236e-03 -1.864609355557061586e-03
1.558328052033345831e-03 -2.207104035726564599e-03
1.318391524917699072e-03 -2.444222601939750016e-03
1.078828762429149104e-03 -2.529036294788709199e-03
8.806172665401063807e-04 -2.447546639402975108e-03
7.538580645057804284e-04 -2.221491577075684030e-03
7.119555211530393529e-04 -1.904281934833411708e-03
7.490096823448112121e-04 -1.570835354587688231e-03
8.409176747079539485e-04 -1.303232792430503249e-03
9.499772979697772854e-04 -1.174916187025580377e-03
1.032121674014799045e-03 -1.236424570040065354e-03
1.045414458824389008e-03 -1.505376922751259193e-03
9.581952581684572172e-04 -1.962608131536519324e-03
7.553299605462812996e-04 -2.555201256230048464e-03
4.413784141710680757e-04 -3.205855185355043022e-03
4.007451807783355920e-05 -3.826828499070667605e-03
-4.097889271408540132e-04 -4.335834844522577086e-03
-8.612983510009731116e-04 -4.670896215502680707e-03
-1.267874420212422798e-03 -4.801358074481405780e-03
-1.591651075125369384e-03 -4.732996869605184467e-03
-1.810200393142289213e-03 -4.506268612699342556e-03
-1.920338333106424338e-03 -4.188045089452906503e-03
-1.938298991233055896e-03 -3.858416214632337006e-03
-1.896252295053215981e-03 -3.595069764713650692e-03
-1.835831962205939066e-03 -3.458216632680675279e-03
-1.799906059214572036e-03 -3.478924382093852644e-03
-1.824154540168921668e-03 -3.653074238041335419e-03
-1.930053859901841289e-03 -3.942089434132897349e-03
-2.120601387445914931e-03 -4.280298177051333752e-03
-2.379592533019226231e-03 -4.587535702930915955e-03
-2.674589687704355921e-03 -4.784595393352901460e-03
-2.963021861917699683e-03 -4.808597062971539833e-03
-3.200259899353393410e-03 -4.625353985776355092e-03
-3.348136836317356334e-03 -4.236386498929125416e-03
-3.382297469762975736e-03 -3.679241931290307653e-03
-3.296981723308617471e-03 -3.021046574646066296e-03
-3.106331246220956754e-03 -2.346495761375768513e-03
-2.841966078720851475e-03 -1.742540419963989470e-03
-2.547283718611535307e-03 -1.282653513637255910e-03
-2.269552960730576892e-03 -1.013639192824244192e-03
-2.051292055699896217e-03 -9.474662803665876917e-04
-1.922556053290495675e-03 -1.059656980575413802e-03
-1.895586026299238497e-03 -1.294521473526284022e-03
-1.962825801748999729e-03 -1.576234142245467500e-03
-2.098674499402267829e-03 -1.823642740088098979e-03
-2.264636260679940300e-03 -1.965996918332693112e-03
-2.416885886249408623e-03 -1.956610618183401290e-03
-2.514812360458315056e-03 -1.781866384964984375e-03
-2.528917892433116439e-03 -1.463854109274433362e-03
-2.446573039371429358e-03 -1.056144509376371124e-03
-2.274535409119062251e-03 -6.335000777363002013e-04
-2.037753304524805333e-03 -2.774765460713668605e-04
-1.774680222063918737e-03 -6.064830229087685241e-05
-1.529987922438572805e-03 -3.245380429976599864e-05
-1.346059505040608653e-03 -2.093521162371868652e-04
-1.254876015920601898e-03 -5.711669501905998264e-04
-1.271836612767912079e-03 -1.064324276621309148e-03
-1.392687087925930517e-03 -1.611385240989913689e-03
-1.594143747031078829e-03 -2.125084734720636935e-03
-1.838100543904198870e-03 -2.524233078148130187e-03
-2.078629341635141424e-03 -2.748485363645815013e-03
-2.270454572890843580e-03 -2.769196908308937423e-03
-2.377304483787459101e-03 -2.594323495647652203e-03
-2.378564406516019743e-03 -2.266451508064010190e-03
-2.272978723820354065e-03 -1.854342403933338743e-03
-2.078706565632437199e-03 -1.439602269114229928e-03
-1.829726115026351126e-03 -1.101008210869568443e-03
-1.569273101434434355e-03 -8.994648098892767292e-04
-1.341559856262200664e-03 -8.664421745683409393e-04
-1.183346022577885792e-03 -9.980854579011186160e-04
-1.116959169843635084e-03 -1.256109361132430428e-03
-1.146088037151339481e-03 -1.575304027867673040e-03
-1.255145105339719631e-03 -1.876224598460595654e-03
-1.412318306282290409e-03 -2.080653065046587057e-03
-1.575732108655686706e-03 -2.126894238903931193e-03
-1.701548455579920786e-03 -1.981997415763262025e-03
-1.752469760462249801e-03 -1.648576107182493471e-03
-1.705029148678122598e-03 -1.164920059086158987e-03
-1.554281980402352423e-03 -5.983632321725227202e-04
-1.315004109312324643e-03 -3.314810660497217966e-05
-1.019163307411297386e-03 4.449311486946231015e-04
-7.101356858031580540e-04 7.642137751382986231e-04
-4.347552055226656660e-04 8.802300190198183473e-04
-2.346948042608551521e-04 7.836718793003127903e-04
-1.388045303380913351e-04 5.017794447064115012e-04
-1.578513312584629651e-04 9.289029217511416726e-05
-2.826509969586403297e-04 -3.648079948381065122e-04
-4.859411870676779593e-04 -7.881866878630662760e-04
-7.276369443447197561e-04 -1.104919716074810772e-03
-9.624705621256981949e-04 -1.267080304778955835e-03
-1.148567199955224331e-03 -1.260017369082594343e-03
-1.255331497458596389e-03 -1.104834794972985512e-03
-1.269151953443375296e-03 -8.540103848475463994e-04
-1.195844100035355160e-03 -5.809924547510045495e-04
-1.059372061420604761e-03 -3.657543998760743459e-04
-8.970938075111278007e-04 -2.790546396453165738e-04
-7.524346458519255015e-04 -3.683959249751414967e-04
-6.663813849052040248e-04 -6.483573248573622693e-04
-6.694137324703090114e-04 -1.097145010506461044e-03
-7.754073941651307492e-04 -1.660030842430281189e-03
-9.786705313475064193e-04 -2.259043614524801780e-03
-1.254682301946000991e-03 -2.807093552064824499e-03
-1.564401402530392034e-03 -3.223870536959646226e-03
-1.861336540329129857e-03 -3.450519637388891649e-03
-2.100047576357591712e-03 -3.460327672109347798e-03
-2.244474757906490814e-03 -3.263408200448650494e-03
-2.274525389167136782e-03 -2.904506827662666109e-03
-2.189676457231292967e-03 -2.454349267606808441e-03
-2.008915847990229257e-03 -1.996174986758512439e-03
-1.767037074166347057e-03 -1.610008431716955166e-03
-1.507991840904848984e-03 -1.357645721074627948e-03
-1.276560776511858871e-03 -1.271196688295422005e-03
-1.109919994685635300e-03 -1.347346494005507208e-03
-1.030699756061791020e-03 -1.548415689654058722e-03
-1.042847853173398207e-03 -1.810008180233448278e-03
-1.131078177721996179e-03 -2.053787209663031788e-03
-1.264005024899945507e-03 -2.202946883267647288e-03
-1.400364803859360232e-03 -2.197435048656678699e-03
-1.497141309324374935e-03 -2.006029497524744378e-03
-1.518049456920432961e-03 -1.632964707754261868e-03
-1.440763825432264059e-03 -1.117838011180733110e-03
-1.261515495077529915e-03 -5.287967961025677628e-04
-9.961786451643992422e-04 4.971886685168957825e-05
-6.776329041002625980e-04 5.323719672822273133e-04
-3.498927097630373279e-04 8.485609917874661120e-04
-6.010739663555431491e-05 9.553410439449232889e-04
1.500606006089011380e-04 8.451972326453218495e-04
2.520536041044923624e-04 5.472066068179464284e-04
2.355960471843377346e-04 1.213745643428524858e-04
1.104559113435171704e-04 -3.527783053260457398e-04
-9.553941840545390057e-05 -7.912167851845837690e-04
-3.418544330883371623e-04 -1.121140085622496577e-03
-5.829490480864840457e-04 -1.294501244267440244e-03
-7.768753063238133250e-04 -1.296743320638740976e-03
-8.931401448800655764e-04 -1.149106797057145978e-03
-9.183472190425984259e-04 -9.040819397280015161e-04
-8.585523899797609972e-04 -6.348796585225742299e-04
-7.378907758580301093e-04 -4.209284709755006706e-04
-5.937402038822731966e-04 -3.321587568888121917e-04
-4.693426041176467834e-04 -4.150658725322335825e-04
-4.052869871693603435e-04 -6.832072428143234639e-04
-4.314738387046478671e-04 -1.113948970264325069e-03
-5.610900853060035633e-04 -1.652093772663542834e-03
-7.877433852589838231e-04 -2.219718341630833730e-03
-1.086306383615983804e-03 -2.730371385632133531e-03
-1.417318982530118990e-03 -3.104956545094056993e-03
-1.734122646861805273e-03 -3.286303684420510685e-03
-1.991382929382645803e-03 -3.249678530096829481e-03
-2.153392836957715439e-03 -3.007247599355463048e-03
-2.200590310086742406e-03 -2.605657657174183066e-03
-2.133060292319289859e-03 -2.117190300878262540e-03
-1.970361803404918448e-03 -1.626166346272847271e-03
-1.747715205684959678e-03 -1.213171660768611352e-03
-1.509272933173975897e-03 -9.400861859056105921e-04
-1.299748074924459307e-03 -8.387435249907557048e-04
-1.155985042272352718e-03 -9.053589243824790777e-04
-1.100066460889389391e-03 -1.101769363668461503e-03
-1.135258553534341944e-03 -1.363238007891014571e-03
-1.245558893876296674e-03 -1.611331046531658869e-03
-1.398927466096500918e-03 -1.769413579794490692e-03
-1.553583785927061802e-03 -1.777814769210855125e-03
-1.666171644920182073e-03 -1.605774953729210541e-03
-1.700238904407227677e-03 -1.257897003551729665e-03
-1.633419768623553796e-03 -7.738654016787120931e-04
-1.461952485367729385e-03 -2.214722328977455055e-04
-1.201669974659901659e-03 3.157421490871704386e-04
-8.852689325280422347e-04 7.539047430946795502e-04
-5.563680000479186019e-04 1.024372250746215414e-03
-2.614741246616223173e-04 1.086500773433232182e-03
-4.137303969190599682e-05 9.352100568704344811e-04
7.643030110014812240e-05 6.019128195670973673e-04
8.279331675268712708e-05 1.486336448896455483e-04
-1.142046125571965012e-05 -3.435709211074915691e-04
-1.774455284055452640e-04 -7.897027204141253637e-04
-3.740678849778340245e-04 -1.116572014607102124e-03
-5.553961727074335254e-04 -1.276233660474041225e-03
-6.794809446878749028e-04 -1.254575961438390234e-03
-7.161528858695570283e-04 -1.073448244649450071e-03
-6.525995568061646697e-04 -7.859380182967395803e-04
-4.956292239538153798e-04 -4.657067006505395700e-04
-2.701983214135198538e-04 -1.924185585637627066e-04
-1.448713644927200530e-05 -3.603750002698037289e-05
2.275376581838221824e-04 -4.298061255193015746e-05
4.146588381829979840e-04 -2.267652641249446547e-04
5.164199135262125245e-04 -5.649348643581100522e-04
5.190882803959334831e-04 -1.002858317519112049e-03
4.284346444068906938e-04 -1.463695162041682690e-03
2.687963211369588960e-04 -1.862649158536656534e-03
7.859621991099394677e-05 -2.122819102188738555e-03
-9.683883404360259803e-05 -2.189651067418804404e-03
-2.138045280234233264e-04 -2.041258848843145735e-03
-2.384787045543839941e-04 -1.692659360113110993e-03
-1.533521347536873124e-04 -1.193119536608340091e-03
3.938645905690715734e-05 -6.171132008146252082e-04
3.181524035006059602e-04 -5.059394346220965136e-05
6.458983303230868105e-04 4.248252314262187775e-04
9.769364212345523109e-04 7.468004003763276241e-04
1.265361374345440066e-03 8.834788697614060589e-04
1.473483679151624520e-03 8.389037314575830892e-04
1.578681677063438916e-03 6.515922459653731690e-04
1.577381002469634835e-03 3.865727649823870720e-04
1.485414510892069757e-03 1.224039100818339904e-04
1.334701600113275032e-03 -6.435017676280981209e-05
1.166883054715006683e-03 -1.142334010078664957e-04
1.025124160562265177e-03 3.276384184661270890e-06
9.456456428843866254e-04 2.834820102443333161e-04
9.505932988533804216e-04 6.869245246147667738e-04
1.043603306884235840e-03 1.146507554952970248e-03
1.208909190087485231e-03 1.579948168218649369e-03
1.414165073133432033e-03 1.905203191683899067e-03
1.616455339984896504e-03 2.055954255898741027e-03
1.770356491915190712e-03 1.994221270630119891e-03
1.836527356485277186e-03 1.717715285702390432e-03
1.789202602824412937e-03 1.260535305083621037e-03
1.621170963954071632e-03 6.870715362254386539e-04
1.345294600779151171e-03 8.026163486153658783e-05
9.922797601496771355e-04 -4.735863445994875241e-04
6.051175372573684361e-04 -9.005423779003770592e-04
2.312429916766636307e-04 -1.152405788947568526e-03
-8.610808365147810169e-05 -1.215146149660172124e-03
-3.157143896360323481e-04 -1.110851162266980607e-03
-4.438835277580953148e-04 -8.928289038698846705e-04
-4.766290384375357673e-04 -6.348081649415855069e-04
-4.381058941018167209e-04 -4.162978889631970426e-04
-3.656089842311619712e-04 -3.068933859860981496e-04
-3.020899851811816028e-04 -3.525154758312145677e-04
-2.876177704955889289e-04 -5.662014528897696408e-04
-3.514072504394116997e-04 -9.252033159055661222e-04
-5.059334252789867998e-04 -1.374952594991846622e-03
-7.442519736543260281e-04 -1.839148857071816381e-03
-1.041039763921107909e-03 -2.234067208364652092e-03
-1.357163397150357729e-03 -2.484378868189020002e-03
-1.646914831167607153e-03 -2.537489926655648459e-03
-1.866547010472375005e-03 -2.373681483074737211e-03
-1.982495102123898664e-03 -2.010126889546674268e-03
-1.977727269831929674e-03 -1.498018791328760164e-03
-1.855021882612542397e-03 -9.133410594106825594e-04
-1.636548834560700967e-03 -3.430220111638689930e-04
-1.359831299012459254e-03 1.309218923649154570e-04
-1.070848492882111322e-03 4.462636154571985713e-04
-8.155803557777778923e-04 5.716625285952946136e-04
-6.315891767170502815e-04 5.118955098791274760e-04
-5.412254643807746070e-04 3.062479122783680254e-04
-5.477372385141292006e-04 2.038527730551119754e-05
-6.350117708844973995e-04 -2.667393193968734194e-04
-7.709907961681259367e-04 -4.784481777967493528e-04
-9.141046187913441212e-04 -5.554113982711547833e-04
-1.021499068913995318e-03 -4.673623798214227151e-04
-1.057490112628173620e-03 -2.192272836883904941e-04
-1.000638306199544978e-03 1.495009944399905335e-04
-8.480972561960861775e-04 5.720325157221840210e-04
-6.164071836624677439e-04 9.668215591218249890e-04
-3.385786896067677636e-04 1.253006787960265263e-03
-5.801524048714952822e-05 1.365826293379231605e-03
1.795774747582626969e-04 1.269085785898917216e-03
3.347648799337774625e-04 9.623137965423845825e-04
3.818165743429121424e-04 4.812414900511368591e-04
3.135909326191747425e-04 -1.084934154245001311e-04
1.429444898192750845e-04 -7.232379704690480599e-04
-9.960366809405281959e-05 -1.276572022371599922e-03
-3.715141535485152460e-04 -1.695040069435702502e-03
-6.261125753306553618e-04 -1.931403338355760450e-03
-8.212303229465954058e-04 -1.972918533433352765e-03
-9.269708277681581055e-04 -1.843091521552900087e-03
-9.311373225744713246e-04 -1.596589467769990098e-03
-8.413011801065993674e-04 -1.308289744614606542e-03
-6.831260993527552353e-04 -1.058553155426483587e-03
-4.952722653976604971e-04 -9.175226365596826118e-04
-3.218519206969713050e-04 -9.314315434886979821e-04
-2.038709955609645436e-04 -1.113523279837752740e-03
-1.712828585025321163e-04 -1.441308835169758090e-03
-2.371636353584313187e-04 -1.860686518944105637e-03
-3.951160098573666484e-04 -2.296146510709790207e-03
-6.203962002111752761e-04 -2.665128306880862850e-03
-8.745528527205300492e-04 -2.893810393225631442e-03
-1.112700597195516884e-03 -2.931337913867914508e-03
-1.292051093653039974e-03 -2.759787600976062408e-03
-1.380085239896290412e-03 -2.397974265091841039e-03
-1.360817108958280609e-03 -1.898367351151742212e-03
-1.237960502504555083e-03 -1.337689048410283790e-03
-1.034394547881213383e-03 -8.029605226049136863e-04
-7.880246950904463716e-04 -3.756237556830629510e-04
-5.448172842409480104e-04 -1.167302391284759204e-04
-3.503204732703787722e-04 -5.598551005628359979e-05
-2.412705212081359216e-04 -1.867085525225403633e-04
-2.388660264580835671e-04 -4.676456287238503658e-04
-3.449768309042076193e-04 -8.312811101867336643e-04
-5.419987360636105856e-04 -1.197058903701097871e-03
-7.963751336544585852e-04 -1.486999777068364649e-03
-1.065112782673970776e-03 -1.640748014029269099e-03
-1.304052636102356107e-03 -1.627190886903291623e-03
-1.476325043227409185e-03 -1.450445549481716931e-03
-1.559384587684500920e-03 -1.149076789898408795e-03
-1.549289697200474571e-03 -7.886932085410066533e-04
-1.461414864156012228e-03 -4.493255917732482817e-04
-1.327459860980551194e-03 -2.099816138450270354e-04
-1.189322600803384292e-03 -1.333079337435972428e-04
-1.090997281822954097e-03 -2.532725427047599533e-04
-1.070034468935112401e-03 -5.682102681091572537e-04
-1.150183764320382961e-03 -1.040560531299129527e-03
-1.336616766286172642e-03 -1.603360712738276022e-03
-1.614640309516449665e-03 -2.172280420570580489e-03
-1.952149853812512690e-03 -2.660933544877702728e-03
-2.305365322540354860e-03 -2.996584696434889845e-03
-2.626770642751020002e-03 -3.133291916108881317e-03
-2.873761276239252677e-03 -3.060012556386005819e-03
-3.016370084675126274e-03 -2.802152165474413280e-03
-3.042616296701093539e-03 -2.416276636424733847e-03
-2.960472122322130740e-03 -1.979000967624435295e-03
-2.796081546778922660e-03 -1.572168896715498820e-03
-2.588574875976274326e-03 -1.267137992422131664e-03
-2.382466460928794015e-03 -1.111151959335892735e-03
-2.219079796421312249e-03 -1.118384336810979325e-03
-2.128627387744827255e-03 -1.267350802870423777e-03
-2.124447733021625831e-03 -1.505178938731221907e-03
-2.200492178204584842e-03 -1.757923424123757593e-03
-2.332537855540121365e-03 -1.944967583974001237e-03
-2.482896190442763183e-03 -1.994776228404297400e-03
-2.607723401389043690e-03 -1.859006798816251931e-03
-2.665545591233003594e-03 -1.522294845483873876e-03
-2.625379957953219521e-03 -1.005847358487407762e-03
-2.472909113266841350e-03 -3.641487042413571896e-04
-2.213533232486154627e-03 3.246128613430526570e-04
-1.871715175764402305e-03 9.726016768871235214e-04
-1.486735056572615612e-03 1.498229066397222149e-03
-1.105650206030761367e-03 1.840892358394829662e-03
-7.747854297420497284e-04 1.971783458386138464e-03
-5.313567047355990600e-04 1.898735168967107586e-03
-3.968063166909105649e-04 1.664201057689437997e-03
-3.731036511230838987e-04 1.336763140083348711e-03
-4.427047451022930518e-04 9.977851719319902942e-04
-5.721715344860747645e-04 7.257463313079957814e-04
-7.187595567690707558e-04 5.812269569744326486e-04
-8.387217351949287619e-04 5.953921294835446895e-04
-8.957519926229937524e-04 7.641541164949302006e-04
-8.679671118716778076e-04 1.049116970012629792e-03
-7.521032364663144711e-04 1.385119975185729237e-03
-5.641320314854533086e-04 1.692944874416422562e-03
-3.361806803744837998e-04 1.894771901107673243e-03
-1.103409544756030777e-04 1.929447239323898522e-03
6.945722256677038875e-05 1.764658531404229543e-03
1.659647701860424368e-04 1.403699074022553500e-03
1.559068162115614812e-04 8.855248226134189524e-04
3.466353455878188640e-05 2.780775097282781961e-04
-1.825544103062953154e-04 -3.338782004664791548e-04
-4.632654555907259834e-04 -8.641168633819529049e-04
-7.635345784861926081e-04 -1.240620865616793526e-03
-1.035954768142757039e-03 -1.418603805431530550e-03
-1.238289042864975298e-03 -1.388436623126984744e-03
-1.341144342702536765e-03 -1.176988092352990829e-03
-1.333231632154794916e-03 -8.421364630800997134e-04
-1.223223092659851425e-03 -4.615000530381986664e-04
-1.037860945390535429e-03 -1.175270117041692921e-04
-8.166813732253886196e-04 1.182284731711920681e-04
-6.043569970198678278e-04 1.986646279525495313e-04
-4.421112450451236469e-04 1.099587426551155251e-04
-3.598325714967669361e-04 -1.260060985519514433e-04
-3.703827952291097137e-04 -4.560682206512498872e-04
-4.671771943554954998e-04 -8.062225804490142592e-04
-6.254933372769097121e-04 -1.096078508268348746e-03
-8.072585123891575128e-04 -1.254591036754622779e-03
-9.684059522876262323e-04 -1.234074201741430354e-03
-1.067402750533415646e-03 -1.019828763767159511e-03
-1.073329712263494315e-03 -6.335462947582675124e-04
-9.719775299910935005e-04 -1.298294742895179043e-04
-7.687987144072039748e-04 4.135282728693903068e-04
-4.881496460702210356e-04 9.096787678237901447e-04
-1.689593172092836539e-04 1.278608959315918458e-03
1.423621492434565857e-04 1.461789883551571981e-03
4.004393863796164451e-04 1.432823529451200933e-03
5.692663064546738330e-04 1.202082574451470917e-03
6.287874397901003966e-04 8.144734575151830937e-04
5.784856912428571179e-04 3.407531754267937056e-04
4.373022553071399940e-04 -1.359515385078461031e-04
2.399080924658826010e-04 -5.358679702213564730e-04
3.003622623370656806e-05 -7.975671446175394089e-04
-1.478604185216381736e-04 -8.893838947903863089e-04
-2.570449823857621488e-04 -8.151098590358122698e-04
-2.754291613756721518e-04 -6.128885625846895724e-04
-1.996907253782389006e-04 -3.475309247753827647e-04
-4.579863343688475672e-05 -9.771717253254504033e-05
1.541504889936855293e-04 5.947904647085405175e-05
3.581814154732664186e-04 6.380024487869938223e-05
5.225868037612845397e-04 -1.161462702234241718e-04
6.104230467073608725e-04 -4.762974538865736001e-04
5.987407671323892455e-04 -9.772648780348826888e-04
4.831744595234550464e-04 -1.551177222246025991e-03
2.790155984854796240e-04 -2.113954318021644529e-03
1.855929932890590302e-05 -2.580702829654801279e-03
-2.547797307606225947e-04 -2.881331323487766952e-03
-4.944742757756522694e-04 -2.973439343197207662e-03
-6.595046854064811302e-04 -2.850049396086024121e-03
-7.219652751935617084e-04 -2.540725150847785406e-03
-6.722215933200162462e-04 -2.105869213263592780e-03
-5.206459505535752236e-04 -1.625282936757321047e-03
-2.956055117612359272e-04 -1.183154796315301523e-03
-3.808574818353749602e-05 -8.523176841761320949e-04
2.060319683912032926e-04 -6.807515372425534516e-04
3.945767807240983783e-04 -6.828802774309893900e-04
4.969506406195020164e-04 -8.373021299013426672e-04
4.997603208600760565e-04 -1.091372324046646462e-03
4.091562921529904228e-04 -1.371758036359158354e-03
2.494400845718749179e-04 -1.598953226932374114e-03
5.820912352241802701e-05 -1.702990163367207495e-03
-1.210356525664287594e-04 -1.637357119754287308e-03
-2.474131005753070186e-04 -1.388471050231392025e-03
-2.906952417014800052e-04 -9.788957348652966781e-04
-2.373223053150312211e-04 -4.636806073104256958e-04
-9.325310055316373293e-05 7.950113954349798269e-05
1.168963542659742631e-04 5.645613329166071417e-04
3.542699602636022963e-04 9.128741144308009231e-04
5.729147329127913264e-04 1.067825710909799889e-03
7.283035884712496175e-04 1.005290023729382221e-03
7.856292608143280705e-04 7.380526274572297291e-04
7.263033272104191078e-04 3.133492771122235059e-04
5.514331736549851846e-04 -1.960136724804119139e-04
2.816208560826368042e-04 -7.052767681883410781e-04
-4.687690368610101046e-05 -1.133508061040148281e-03
-3.889005301741800774e-04 -1.418564788231004318e-03
-6.987740080694603440e-04 -1.528411411420505656e-03
-9.387403481638323735e-04 -1.466661251894892711e-03
-1.085852376833110070e-03 -1.271304522964510682e-03
-1.136018633104479789e-03 -1.006877228627525104e-03
-1.104443768972951162e-03 -7.515685608391094044e-04
-1.022386369004014972e-03 -5.817236652742323235e-04
-9.308550945539764828e-04 -5.566923088260850548e-04
-8.724443365173784135e-04 -7.069085888755629113e-04
-8.828632386718038988e-04 -1.027474757194724031e-03
-9.837702405318580166e-04 -1.478479391752669358e-03
-1.178278139306224593e-03 -1.992004012142173461e-03
-1.449988877454674169e-03 -2.484504455360025087e-03
-1.765748594902495248e-03 -2.872233990158513852e-03
-2.081608556687570590e-03 -3.086797297893604380e-03
-2.350869863054784979e-03 -3.087897544237888300e-03
-2.532694453528474589e-03 -2.870867950551166461e-03
-2.599656720245102810e-03 -2.467564395757245767e-03
-2.542809563484551161e-03 -1.940450161824119456e-03
-2.373308203877447231e-03 -1.370990484604564042e-03
-2.120285642356434502e-03 -8.445495449059678894e-04
-1.825382171185191199e-03 -4.346424520966625732e-04
-1.534963659796615429e-03 -1.895147391662102294e-04
-1.291499769389284260e-03 -1.235792390243557184e-04
-1.125731183392290327e-03 -2.153188039665253394e-04
-1.051104499106156765e-03 -4.120376666541844643e-04
-1.061523114899931130e-03 -6.405464303217208322e-04
-1.132833759839551062e-03 -8.217414822687116923e-04
-1.227760300265618191e-03 -8.863019295621944000e-04
-1.303343192539548751e-03 -7.885156466335309497e-04
-1.319468140084155937e-03 -5.156007438555745316e-04
-1.246861072987213645e-03 -9.074253229968674318e-05
-1.073027597377163196e-03 4.307428092334252955e-04
-8.050044313771126392e-04 9.714037277193458527e-04
-4.683943226978630752e-04 1.445925818540715058e-03
-1.028601583174559207e-04 1.776987382249715225e-03
2.450749220530401128e-04 1.909702058985477627e-03
5.305636906084286886e-04 1.821917757479633426e-03
7.186955960011755934e-04 1.528423256230064184e-03
7.909215436873921843e-04 1.078264962638761241e-03
7.484286135309480351e-04 5.456784665089157689e-04
6.118269829924918683e-04 1.634620672009870317e-05
4.172084234408652377e-04 -4.284246517649558652e-04
2.093216297846483111e-04 -7.266182625392426800e-04
3.315448280397564678e-05 -8.467075613689048486e-04
-7.448601909276796659e-05 -7.930262684581543134e-04
-9.180590061042817260e-05 -6.043127732399844899e-04
-1.597965643518534703e-05 -3.457169554647430585e-04
1.365143613994716700e-04 -9.579921438589492338e-05
3.332359620026982897e-04 6.900075102526882689e-05
5.321631617797091974e-04 8.946908891120783011e-05
6.898953827950973176e-04 -6.457809614268759241e-05
7.701196290772263902e-04 -3.880405619606316523e-04
7.507297474220505761e-04 -8.410263447064835526e-04
6.282441559154873598e-04 -1.356008341989518862e-03
4.186793641097310073e-04 -1.850298898814278867e-03
1.547082794442725822e-04 -2.241487199817228208e-03
-1.203634954206198515e-04 -2.462921048716601793e-03
-3.606667886256780995e-04 -2.476303889095940979e-03
-5.263585604396586477e-04 -2.279021755856288148e-03
-5.911077473015062707e-04 -1.904810309251118257e-03
-5.470607967519101455e-04 -1.417630758721010083e-03
-4.063466223426512921e-04 -8.999070792156740883e-04
-1.988349307505011404e-04 -4.373424914613237464e-04
3.342972856839155173e-05 -1.031790286309518939e-04
2.440673811151174307e-04 5.513209241752735270e-05
3.909951461060679379e-04 2.433927805560258915e-05
4.442231359600103862e-04 -1.726988568860707719e-04
3.913431141849795566e-04 -4.819475893236914487e-04
2.396766963592862881e-04 -8.290251654844767604e-04
1.468276550239546005e-05 -1.133861172593237775e-03
-2.450677006679172578e-04 -1.326394045925285764e-03
-4.953911927913713827e-04 -1.360321734756832473e-03
-6.950390377075241124e-04 -1.222289434988218289e-03
-8.136679045896986259e-04 -9.347638067718244985e-04
-8.377185075805809646e-04 -5.520403151130050864e-04
-7.730842942137686365e-04 -1.501325419641989204e-04
-6.440604932341641338e-04 1.875470762655111982e-04
-4.887690671021174913e-04 3.860064235410976376e-04
-3.519233289052972830e-04 3.929976966574363472e-04
-2.763007051880180540e-04 1.891317668299820429e-04
-2.945377817262835205e-04 -2.081368762946371551e-04
-4.228018329122219332e-04 -7.474161016511565551e-04
-6.575388316685269524e-04 -1.352631891333219228e-03
-9.759164973022734293e-04 -1.936892325797691513e-03
-1.339882319424202505e-03 -2.418347347639652253e-03
-1.703072949575461150e-03 -2.735055309401548777e-03
-2.019272290165729459e-03 -2.856056386147844215e-03
-2.250823094043937888e-03 -2.786571788030922474e-03
-2.375406292857097992e-03 -2.566360207398551627e-03
-2.389911795947377224e-03 -2.261558432776088288e-03
-2.310675507955461862e-03 -1.951566282417222051e-03
-2.170045445810504185e-03 -1.713473479245159695e-03
-2.009934786953021090e-03 -1.606990331478254548e-03
-1.873589869883469233e-03 -1.662747221155447480e-03
-1.797138652368423812e-03 -1.876188297819607071e-03
-1.802526036027974482e-03 -2.208223559087949157e-03
-1.893179066234746029e-03 -2.592521648001693945e-03
-2.053227204068975610e-03 -2.948065972807205164e-03
-2.250428704316098129e-03 -3.194597739541136204e-03
-2.442251292530885683e-03 -3.268020397342583268e-03
-2.583956926362577892e-03 -3.132844849699242470e-03
-2.637159792620135355e-03 -2.789312711759526706e-03
-2.577235932454649287e-03 -2.273840307673448413e-03
-2.398179204613052045e-03 -1.652688695712851725e-03
-2.113980739687964638e-03 -1.010045785041466726e-03
-1.756266264460120937e-03 -4.327631208112098487e-04
-1.368633255691969509e-03 5.377834522915059083e-06
-9.987538652545813189e-04 2.569067940314289289e-04
-6.897318297351085967e-04 3.089223457093935067e-04
-4.723422192762412059e-04 1.848190863313409682e-04
-3.596152916091935304e-04 -6.082680441488371988e-05
-3.447816449886994985e-04 -3.532298344208786270e-04
-4.029593918885686766e-04 -6.121334931358270431e-04
-4.962557105779360350e-04 -7.675110415785396743e-04
-5.813089933624842817e-04 -7.732446924284840963e-04
-6.178362365871067560e-04 -6.161837727839138655e-04
-5.765606962164335127e-04 -3.188595486256911053e-04
-4.450130484026744633e-04 6.466225421536587895e-05
-2.301029323175566394e-04 4.590084642913921237e-04
4.302965143115081376e-05 7.818686526325070805e-04
3.356680863048553103e-04 9.597851552611998387e-04
6.027981851699802445e-04 9.423682954878118048e-04
8.016344338285946464e-04 7.122379939167679036e-04
8.997780157290807476e-04 2.887999504046595512e-04
8.814597786904196722e-04 -2.748699870036512951e-04
7.506828146632779381e-04 -9.014564061939410282e-04
5.306653449968342035e-04 -1.503378676505293284e-03
2.596842024020528977e-04 -1.998678557159209654e-03
-1.590007227567026473e-05 -2.325828965097916784e-03
-2.501225303146296952e-04 -2.454676337556097911e-03
-4.057992200398222822e-04 -2.391460964300413591e-03
-4.612385829055942266e-04 -2.176980422141260984e-03
-4.140159233226027818e-04 -1.878258639038712843e-03
-2.811041634775615769e-04 -1.575311534835812603e-03
-9.534383978341193005e-05 -1.345527081299275913e-03
1.010719402285136393e-04 -1.248627534815628833e-03
2.648572393888571686e-04 -1.315069370603200779e-03
3.600677911627089616e-04 -1.540083374483505220e-03
3.651081229301397562e-04 -1.884487123321089679e-03
2.769804359708107977e-04 -2.282117393125521893e-03
1.119677123415313363e-04 -2.652474169668294756e-03
-9.738020543665414455e-05 -2.916178738065827811e-03
-3.083876851290473812e-04 -3.010313143593451070e-03
-4.763584457356621069e-04 -2.900728535710777808e-03
-5.631087466806437370e-04 -2.588981766925148569e-03
-5.443105417333963126e-04 -2.112574908935643640e-03
-4.142508734518704147e-04 -1.538438894409507223e-03
-1.871020951379622041e-04 -9.508805257098246070e-04
1.055426639762359179e-04 -4.362596464391927959e-04
4.204079330515130886e-04 -6.728200554152123213e-05
7.104680570620558336e-04 1.101338976986909876e-04
9.335779527663290445e-04 8.494469603790601436e-05
1.060175320454959883e-03 -1.174919767206037595e-04
1.078603068833329688e-03 -4.407289834768363048e-04
9.970512126043246538e-04 -8.083606923945875662e-04
8.417572970073897631e-04 -1.138855425028976239e-03
6.518123480161212239e-04 -1.361272322503115535e-03
4.715614096899217516e-04 -1.428880221802864697e-03
3.420423707715936328e-04 -1.328095591064057997e-03
2.930879581249939839e-04 -1.081045205341790542e-03
3.375892200237202816e-04 -7.412687560660938518e-04
4.690085287635381421e-04 -3.833779104929475965e-04
6.626138031164177091e-04 -8.863500686299399974e-05
8.801999976595800777e-04 7.081059921612065967e-05
1.077402557216661358e-03 4.603430357655183616e-05
1.212215739447622268e-03 -1.788871398773057798e-04
1.253099615108080496e-03 -5.832981601456104209e-04
1.185136564732802451e-03 -1.113277507022771180e-03
1.013066633552773578e-03 -1.691229629752671925e-03
7.606214062540847965e-04 -2.229953698516317501e-03
4.662763565139389820e-04 -2.648541958282929921e-03
1.762193353593646014e-04 -2.887112433897609087e-03
-6.414030064492368946e-05 -2.917601045762638172e-03
-2.185211735522277687e-04 -2.748583328427749162e-03
-2.664038603923228350e-04 -2.423225125902990496e-03
-2.066997073686385657e-04 -2.010761091162133196e-03
-5.776572632074626363e-05 -1.593123512430913132e-03
1.462320116451392446e-04 -1.249260238367014145e-03
3.619134613271054795e-04 -1.040115818643095030e-03
5.449858360136402603e-04 -9.971220342162995243e-04
6.586765404529563344e-04 -1.116377053116394524e-03
6.806994140179668243e-04 -1.359612865192357054e-03
6.074346410727489345e-04 -1.661762903631533103e-03
4.545313219349858200e-04 -1.943689741339133491e-03
2.538201063771426962e-04 -2.127653578379575319e-03
4.712300193686501837e-05 -2.152581373534497369e-03
-1.218640173410405069e-04 -1.986232600351376353e-03
-2.160741064706370130e-04 -1.631943934257929114e-03
-2.123429297922390453e-04 -1.128660713214434856e-03
-1.060689633169401751e-04 -5.442335855840810949e-04
8.762850050794386905e-05 3.676622112400661745e-05
3.364801638960013752e-04 5.284215417106967547e-04
5.968870683883396346e-04 8.591378638123871227e-04
8.218959280653801922e-04 9.846534221302442186e-04
9.698266890114990270e-04 8.959405764965363986e-04
1.011925693263017846e-03 6.205141068135469010e-04
9.376017965204948897e-04 2.169086800300603973e-04
7.562597756254508131e-04 -2.366208725012510926e-04
4.953888538726498132e-04 -6.570311573215358763e-04
1.952723470902829981e-04 -9.722230825886254242e-04
-9.867677537484214733e-05 -1.134596126155451405e-03
-3.445011409319577683e-04 -1.129859182184393207e-03
-5.115784904365461381e-04 -9.794338143395749791e-04
-5.863036484366529379e-04 -7.360014152862594987e-04
-5.744983482876377719e-04 -4.730462075731843596e-04
-5.000950001122106848e-04 -2.703849218401690102e-04
-4.003471058111159530e-04 -1.984356541568133058e-04
-3.184777506171816448e-04 -3.042185762853141535e-04
-2.951636774268166070e-04 -6.017543475676661886e-04
-3.604738089430571148e-04 -1.068694121528767325e-03
-5.277957784437771688e-04 -1.649835474307246577e-03
-7.909081869491216537e-04 -2.266874751803674756e-03
-1.124761064627360701e-03 -2.832565119798447200e-03
-1.489825066825571946e-03 -3.266614678208091399e-03
-1.839194180652490955e-03 -3.510328477289483603e-03
-2.127105107489209602e-03 -3.537234757419129363e-03
-2.317267798227706180e-03 -3.357694471226300645e-03
-2.389436752616520745e-03 -3.016630496174908631e-03
-2.342985031095752395e-03 -2.584813582398363951e-03
-2.196809569184273152e-03 -2.145359774288242358e-03
-1.985590061808878946e-03 -1.777998283491985564e-03
-1.753113071375081997e-03 -1.544088424437770838e-03
-1.543927595470586962e-03 -1.475219860532464133e-03
-1.394913120917188167e-03 -1.567549448449797591e-03
-1.328356606232120214e-03 -1.782939410205165720e-03
-1.347847972461240981e-03 -2.056671585690698998e-03
-1.437768873112821050e-03 -2.310265435476902517e-03
-1.566468036301706113e-03 -2.466959459557400286e-03
-1.692517380775060941e-03 -2.466910102038766435e-03
-1.772858799272767315e-03 -2.279214782913620112e-03
-1.771292647581263402e-03 -1.908466491291489851e-03
-1.665693558360975502e-03 -1.394582629283810720e-03
-1.452579630818373081e-03 -8.059244829044554274e-04
-1.148161822458597728e-03 -2.269946400673584922e-04
-7.856666734416450828e-04 2.569727819254626977e-04
-4.094311658460638012e-04 5.756246745780360663e-04
-6.687994290687648705e-05 6.863598954193838144e-04
2.001034860787715580e-04 5.820316148977078361e-04
3.627845654463063697e-04 2.920306708462604671e-04
4.107300873261362237e-04 -1.234493582103696272e-04
3.535347309172663481e-04 -5.848759615719293942e-04
2.187989972731417543e-04 -1.008398672098946786e-03
4.674452798847535378e-05 -1.321584436019540565e-03
-1.175115783032686014e-04 -1.476891805141455818e-03
-2.325596622921457341e-04 -1.460338917089572079e-03
-2.685488148233065560e-04 -1.293732507507649532e-03
-2.128011976564816608e-04 -1.030046410798255395e-03
-7.212860118650349069e-05 -7.428368637278559214e-04
1.285840905190079530e-04 -5.117124552036576412e-04
3.512560561607418414e-04 -4.066246782940171603e-04
5.520197320492184999e-04 -4.739690665514764353e-04
6.897532932402721060e-04 -7.271444040348255507e-04
7.341143791674948314e-04 -1.143373331110972236e-03
6.715470171216493533e-04 -1.667401673446645884e-03
5.081172026250452018e-04 -2.221390585954571058e-03
2.686330190468440727e-04 -2.719141923643220073e-03
-7.791155982291136906e-06 -3.081975395347946907e-03
-2.748931462873261235e-04 -3.253261668377659555e-03
-4.877948873192150645e-04 -3.208868218563950495e-03
-6.112977344438573057e-04 -2.961546541756391714e-03
-6.263751821523568701e-04 -2.558434243958027880e-03
-5.336374821191074407e-04 -2.072146775856644960e-03
-3.531151067719007653e-04 -1.587144862696201770e-03
-1.204040512760827530e-04 -1.183955737447683638e-03
1.200961890096917514e-04 -9.242302873850024659e-04
3.235717067537280064e-04 -8.394577382474570316e-04
4.532230754577062665e-04 -9.254649595006970769e-04
4.871402962274676870e-04 -1.143730424727577031e-03
4.223252698359081540e-04 -1.429251061427955910e-03
2.751042781342419568e-04 -1.703458307876007816e-03
7.785730492575914556e-05 -1.889722842362669131e-03
-1.273108956833028888e-04 -1.928496852501408471e-03
-2.967534731487758790e-04 -1.789211259134203431e-03
-3.937620329085795906e-04 -1.476660008464592173e-03
-3.957326420995490798e-04 -1.030647994006365486e-03
-2.986537993873488112e-04 -5.189555994873111186e-04
-1.180601585974816556e-04 -2.493957701073408733e-05
1.137346585388902950e-04 3.678928652994412378e-04
3.536078072325793149e-04 5.914249158185615109e-04
5.556741785559574879e-04 6.056502256842215314e-04
6.798911981235648220e-04 4.061682708139704697e-04
6.995956290586518612e-04 2.503795905953686268e-05
6.065478220524170554e-04 -4.751724343769291167e-04
4.125297859206355578e-04 -1.013015115686311148e-03
1.471948975090074489e-04 -1.503275450817794217e-03
-1.474242887192998277e-04 -1.872713315367158845e-03
-4.247119894756121020e-04 -2.073461996935165030e-03
-6.420956251895349864e-04 -2.091558898673136647e-03
-7.688732484772455023e-04 -1.949005610209247029e-03
-7.917647360572749489e-04 -1.698981320201113686e-03
-7.171413690061730810e-04 -1.415130813435925075e-03
-5.695180772729238226e-04 -1.176970788721537139e-03
-3.866008181752065317e-04 -1.054193411398463617e-03
-2.118341862025934288e-04 -1.092854670678007796e-03
-8.586783758227420479e-05 -1.306077735953926379e-03
-3.856500992607076947e-05 -1.671045766773224684e-03
-8.307357432365072587e-05 -2.132866569230861421e-03
-2.130891565430812515e-04 -2.614588839831454535e-03
-4.038349328762693390e-04 -3.031483177198328240e-03
-6.165783029656414027e-04 -3.306891490279421399e-03
-8.058341644051822406e-04 -3.386649213465754444e-03
-9.278949356454535471e-04 -3.249352558203931051e-03
-9.490752959230157630e-04 -2.910527238770705023e-03
-8.521125889567849557e-04 -2.419907295591992944e-03
-6.395119447273459913e-04 -1.852334721344515338e-03
-3.332025105589406103e-04 -1.293996102728876135e-03
2.943154278435036370e-05 -8.265932263839292134e-04
4.023963546253708041e-04 -5.124338446633601614e-04
7.395177048621303338e-04 -3.832528927269537172e-04
1.002863171189883771e-03 -4.348667327164567427e-04
1.169568294993259591e-03 -6.286575028838846217e-04
1.235780993439323985e-03 -8.995907071207842609e-04
1.216984802102144634e-03 -1.169231801637906406e-03
1.144647696244739969e-03 -1.361281010648501171e-03
1.059839281226177465e-03 -1.416669146966073383e-03
1.005033268820878980e-03 -1.305341037843145077e-03
1.015655671141082669e-03 -1.032481388428835127e-03
1.112987026106625719e-03 -6.379915978616315913e-04
1.299770172252643361e-03 -1.893056492661609807e-04
1.559362251136506674e-03 2.311035992725451343e-04
1.858597840525935772e-03 5.411688267112594198e-04
2.153826612496136887e-03 6.747033771611326419e-04
2.398986885579319599e-03 5.939788067406287248e-04
2.554189910634879247e-03 2.970226540172397553e-04
2.593191907698725544e-03 -1.817485886923219090e-04
2.508340298012098034e-03 -7.776868281490700256e-04
2.312057611818380421e-03 -1.407702158392739504e-03
2.034580887561531024e-03 -1.985462805711870823e-03
1.718382140385241912e-03 -2.437139069106512672e-03
1.410322697272537980e-03 -2.714723605794332282e-03
1.153022167982751915e-03 -2.804420525414671149e-03
9.770705669829371845e-04 -2.728530356659563706e-03
8.955516840704988869e-04 -2.540490069124403099e-03
9.019076024764890228e-04 -2.314023652979266699e-03
9.715412379278649379e-04 -2.128473794099311565e-03
1.066845757798587846e-03 -2.053107778204097712e-03
1.144700780182603649e-03 -2.133384087195653797e-03
1.165008223188345555e-03 -2.381793626099479224e-03
1.098644009373683002e-03 -2.775021712673070642e-03
9.333127708209521499e-04 -3.257978236699457259e-03
6.761902414197105190e-04 -3.753940779584507507e-03
3.528468917540330055e-04 -4.178895683991516383e-03
2.651274784111221712e-06 -4.457364753744270242e-03
-3.284809618691852929e-04 -4.536721492140925738e-03
-5.966227726872067472e-04 -4.397284355601853087e-03
-7.680420449619932517e-04 -4.056271768699215574e-03
-8.255255967109123658e-04 -3.564863685091366162e-03
-7.716230377321363527e-04 -2.998917655526995782e-03
-6.281947139975397991e-04 -2.445086951772807663e-03
-4.323466719283881573e-04 -1.984957197107363718e-03
-2.295187042892186133e-04 -1.680191698047762972e-03
-6.502973417991220846e-05 -1.561483541253137156e-03
2.432384001619183628e-05 -1.623390932863242979e-03
1.703183977105372782e-05 -1.826017871833568972e-03
-8.927835906884343297e-05 -2.103206085922820767e-03
-2.776254910865510756e-04 -2.375671650571312740e-03
-5.151272501174457329e-04 -2.566584225150619295e-03
-7.594617168051343578e-04 -2.616625491301633084e-03
-9.671071954603465120e-04 -2.495663483958208972e-03
-1.101793809122217794e-03 -2.208822060682450860e-03
-1.141560525651617950e-03 -1.795788032448512178e-03
-1.083075931992266965e-03 -1.323481090879791589e-03
-9.423999164232091429e-04 -8.734707023517977037e-04
-7.520381940062507466e-04 -5.265211576070411969e-04
-5.548445238147989116e-04 -3.471921366812500504e-04
-3.959233984215075478e-04 -3.714140028363580254e-04
-3.140656975434392246e-04 -5.993960590583127974e-04
-3.343393657523356568e-04 -9.952183499646123817e-04
-4.632396052631339929e-04 -1.493194019640821293e-03
-6.873195236599312103e-04 -2.009808959952681662e-03
-9.755641600785377185e-04 -2.458990891591483676e-03
-1.285062891428724249e-03 -2.767830766644674596e-03
-1.568911415801411188e-03 -2.889794581824506325e-03
-1.784852933493628283e-03 -2.812939367621988384e-03
-1.903028624968814732e-03 -2.561593172735859500e-03
-1.911376480713894259e-03 -2.191196147035275738e-03
-1.817662975207835546e-03 -1.777294069655950721e-03
-1.647769643447433673e-03 -1.400781836146502762e-03
-1.440565583019922909e-03 -1.132203097572491348e-03
-1.240343026822075465e-03 -1.018089288348064843e-03
-1.088254080237926850e-03 -1.071933204076904855e-03
-1.014375228415066027e-03 -1.271512618192605646e-03
-1.031906614042238900e-03 -1.563074770240408364e-03
-1.134608019856367476e-03 -1.871591077865093202e-03
-1.297959669125972951e-03 -2.115139616770349024e-03
-1.483829620739250460e-03 -2.220688933190575337e-03
-1.647764451365030334e-03 -2.138289100498713333e-03
-1.747522053675807556e-03 -1.850975328885932740e-03
-1.751229047069585189e-03 -1.378499233187318457e-03
-1.643615281447217058e-03 -7.741697667638208465e-04
-1.429140990492952599e-03 -1.153889354891141387e-04
