1.776707916582290952e-04 3.094851581826795969e-03
3.083457222271143933e-04 2.819677494217891905e-03
2.518737027310097819e-04 2.403997075138128957e-03
4.235637499507829626e-06 1.904125053127676739e-03
-4.055491770368162534e-04 1.389130637556672092e-03
-9.206893569760564965e-04 9.283843496056136445e-04
-1.467055480637956396e-03 5.790915323482771163e-04
-1.966813080093596233e-03 3.761565877694320785e-04
-2.352682241309210932e-03 3.262801280679422915e-04
-2.580134796665899469e-03 4.073896052014282232e-04
-2.635232302016358042e-03 5.734943814181565208e-04
-2.536634784279171405e-03 7.640297787950029330e-04
-2.331415040339832913e-03 9.159057285697149277e-04
-2.085486851356707898e-03 9.759649452451436141e-04
-1.870475622037246280e-03 9.114797430303903407e-04
-1.749533497454351747e-03 7.166900086353251726e-04
-1.764800420099612395e-03 4.141366965665990046e-04
-1.928900116941843464e-03 5.053310483693921815e-05
-2.222094829153488903e-03 -3.120469952491393547e-04
-2.595649620958602900e-03 -6.079959435082146540e-04
-2.980779524706364536e-03 -7.807716174289953915e-04
-3.301493609016226301e-03 -7.938789457377321912e-04
-3.488909895156798620e-03 -6.381466770955639958e-04
-3.494334094402410350e-03 -3.339118122621917472e-04
-3.298626649415202419e-03 7.231367761365063923e-05
-2.916082758991547525e-03 5.160761763954571299e-04
-2.392086431411717846e-03 9.265696968869328431e-04
-1.794975982599263326e-03 1.239402591613624318e-03
-1.203652097949003876e-03 1.408140887283846872e-03
-6.932635845922570416e-04 1.412459324554461238e-03
-3.216680683777970199e-04 1.261373360125413092e-03
-1.192166061592360915e-04 9.909562465656516616e-04
-8.378059205163491865e-05 6.569885949045353073e-04
-1.819458563585963739e-04 3.239460176584806669e-04
-3.561306168832951719e-04 5.242214512366687520e-05
-5.362621609902759297e-04 -1.126214201216678467e-04
-6.537842284856742016e-04 -1.505454603994697176e-04
-6.553264204081436480e-04 -6.901283116393772035e-05
-5.134320018130826427e-04 9.749899460487671020e-05
-2.322988598934431570e-04 2.943711914445699723e-04
1.525656392913085440e-04 4.574367748981286578e-04
5.807207383713638982e-04 5.254830405965106198e-04
9.779999456287105479e-04 4.522885964905985767e-04
1.270433569039448873e-03 2.159061735384950730e-04
1.398252768644137056e-03 -1.765781567898667232e-04
1.327323651138293068e-03 -6.897239952432498425e-04
1.055843866923283480e-03 -1.265740277312498493e-03
6.150286000161574130e-04 -1.834692965501927070e-03
6.364846938257009534e-05 -2.327000939096596568e-03
-5.225562939117532005e-04 -2.685871402238965491e-03
-1.064592922279044857e-03 -2.877337576978972623e-03
-1.494480876129677558e-03 -2.896015001657160134e-03
-1.767378540102543640e-03 -2.765502542895349313e-03
-1.869292105165685017e-03 -2.533366951524926997e-03
-1.818924186665532832e-03 -2.261673741923141915e-03
-1.663329738320189558e-03 -2.014868523523348758e-03
-1.468219357763706672e-03 -1.847312407640540506e-03
-1.304763132559972130e-03 -1.792838222231234006e-03
-1.235409948807936111e-03 -1.858309090620710417e-03
-1.301422398946879434e-03 -2.022400453972741062e-03
-1.514501039957060792e-03 -2.239834896441773686e-03
-1.854095601619499926e-03 -2.450264009410943553e-03
-2.270921832200946140e-03 -2.590109063679867530e-03
-2.696025339205506462e-03 -2.605109590476216517e-03
-3.053681020689287019e-03 -2.461192690514845023e-03
-3.275687884977763597e-03 -2.151591848438915051e-03
-3.314352270876506565e-03 -1.698852456678414096e-03
-3.151698266188537878e-03 -1.151328066917055954e-03
-2.803155984960113353e-03 -5.748135761544791340e-04
-2.315021566894126265e-03 -4.088181489808893941e-05
-1.756159843353891688e-03 3.858859035520432806e-04
-1.205508769151168204e-03 6.593749760440362900e-04
-7.377379768815674199e-04 7.599625041039111606e-04
-4.097620194022527380e-04 6.975883577782994623e-04
-2.506461179440350575e-04 5.093051638012603601e-04
-2.567993470027821320e-04 2.517837172900374231e-04
-3.933488840214113737e-04 -9.796567434772901223e-06
-6.014188188375197558e-04 -2.143603892036213994e-04
-8.099196121533873156e-04 -3.166585943262349712e-04
-9.496011847753145193e-04 -2.958769311282555920e-04
-9.666953259403154820e-04 -1.595011397768602689e-04
-8.335525034785975628e-04 5.829110695433154183e-05
-5.542491621354798861e-04 3.034019309342040911e-04
-1.640960409236168400e-04 5.124589126700251993e-04
2.768648435421458944e-04 6.253090920942336057e-04
6.951462551638570592e-04 5.969836150624991278e-04
1.017748396839620586e-03 4.068537446357393429e-04
1.186098091070286525e-03 6.322927605344305819e-05
1.167350711836140104e-03 -3.974877664285412083e-04
9.609081236820790194e-04 -9.169510894997220289e-04
5.989095876669581816e-04 -1.425173213083383902e-03
1.405919105717047036e-04 -1.853050368504137110e-03
-3.384256534643109281e-04 -2.144754789431868851e-03
-7.599165712487578441e-04 -2.267664234293952693e-03
-1.057288679641293309e-03 -2.217963630294957598e-03
-1.187611065107779503e-03 -2.020871547671818959e-03
-1.139164576961498128e-03 -1.725460005971890358e-03
-9.331018572857690489e-04 -1.395057616264852411e-03
-6.189175987257650082e-04 -1.095059925555410315e-03
-2.646008427013041720e-04 -8.804592228132810576e-04
5.665320538164131479e-05 -7.854565660820863942e-04
2.806445159757880612e-04 -8.171218860502059422e-04
3.645843652936231949e-04 -9.542989218810855922e-04
2.953680077614936591e-04 -1.151956137472212637e-03
9.213246692815616531e-05 -1.350151225221202537e-03
-1.973874894169940050e-04 -1.485901078321144250e-03
-5.060153780668048178e-04 -1.505697057597163869e-03
-7.600650992938392993e-04 -1.376281559156597358e-03
-8.935958132181452337e-04 -1.091629785886045253e-03
-8.612835815005661375e-04 -6.747981944799177380e-04
-6.474635697454637299e-04 -1.742725028496763145e-04
-2.696197812561883450e-04 3.445105014895551436e-04
2.243510552218448586e-04 8.108789777405283087e-04
7.645973933785130301e-04 1.161677685310266933e-03
1.271906211099035986e-03 1.352655847738148259e-03
1.672063117695571713e-03 1.366348523904484333e-03
1.909276354289723109e-03 1.214970905843988040e-03
1.956138983835987565e-03 9.377871588174791721e-04
1.818258567746200210e-03 5.934593350110249545e-04
1.532692450034233616e-03 2.488299197229361555e-04
1.160498417706432419e-03 -3.373573349325464758e-05
7.748231532911297945e-04 -2.080507575823999046e-04
4.467939005181811992e-04 -2.526392327175514246e-04
2.318925577307715414e-04 -1.744895808069480032e-04
1.593977099216549150e-04 -7.325979095435832238e-06
2.268967224416419681e-04 1.952649441609191855e-04
4.009074776018880398e-04 3.705387657470683022e-04
6.234899533249451016e-04 4.590887464480072661e-04
8.235911975186993497e-04 4.167511141299413730e-04
9.309686098455539471e-04 2.236498288193170241e-04
8.900460044299784339e-04 -1.113485338734296684e-04
6.710676013453428963e-04 -5.516303291271496901e-04
2.764249047965540267e-04 -1.039109189626158175e-03
-2.590561188870876418e-04 -1.504607440599727963e-03
-8.739377861153737291e-04 -1.880394197395289860e-03
-1.491017586117507690e-03 -2.112520010769780576e-03
-2.031162658656836956e-03 -2.170624702214063711e-03
-2.427529742821661705e-03 -2.053371424337989241e-03
-2.637495209726644155e-03 -1.788485850066430473e-03
-2.650052677691668371e-03 -1.427398430539929090e-03
-2.487292796480133038e-03 -1.035506979148059347e-03
-2.199698817768174722e-03 -6.799034960116084533e-04
-1.856160697064153722e-03 -4.168866787661080911e-04
-1.530608377389273186e-03 -2.816196094943190439e-04
-1.287802696292652226e-03 -2.818835126289372627e-04
-1.170979336932662703e-03 -3.971006577970224213e-04
-1.193687754829572461e-03 -5.827997564407493957e-04
-1.337370051833106002e-03 -7.796649080828257396e-04
-1.555135301049254560e-03 -9.254397922985958857e-04
-1.781009194909966269e-03 -9.674170227227075428e-04
-1.942899746842060519e-03 -8.731309962518720791e-04
-1.976813929130618371e-03 -6.372123389958737547e-04
-1.839621266357446133e-03 -2.830888564581020544e-04
-1.517933790150448933e-03 1.408058691115953592e-04
-1.031405666200722838e-03 5.696142748865848197e-04
-4.298112974799790133e-04 9.338167407001349805e-04
2.155620372115541307e-04 1.171959588959476002e-03
8.245948170224342991e-04 1.241950217780169678e-03
1.322705724147865344e-03 1.128789485882877603e-03
1.654208062014590839e-03 8.472836019385004535e-04
1.792139487603990923e-03 4.392257771043229586e-04
1.742718951794685039e-03 -3.441765735489430594e-05
1.543600485619912345e-03 -5.048387790902368437e-04
1.256266114088230640e-03 -9.080959535850733570e-04
9.540077332311107990e-04 -1.196798685996750943e-03
7.077805982629099997e-04 -1.348566129738566505e-03
5.726115222540109758e-04 -1.369668971876760160e-03
5.771372275174466420e-04 -1.293178316566091562e-03
7.182529827060218702e-04 -1.171986877017342724e-03
9.618814802422402232e-04 -1.068039989417901786e-03
1.249710615256297529e-03 -1.039832561917521277e-03
1.510616353364585204e-03 -1.130556974854702613e-03
1.674597692749265178e-03 -1.359163856026039587e-03
1.686573235237636900e-03 -1.716045858620142677e-03
1.517413520354010757e-03 -2.164178541123083516e-03
1.170105401994201441e-03 -2.645518061259044627e-03
6.798655184493684889e-04 -3.091458523764174012e-03
1.081650066908573869e-04 -3.435381258507992294e-03
-4.682197426809293667e-04 -3.624930019645405694e-03
-9.710735154127474525e-04 -3.631695583544830401e-03
-1.334916144287849257e-03 -3.456481193393299168e-03
-1.518814829488049486e-03 -3.129154420070919766e-03
-1.513611656249442368e-03 -2.703113388589250665e-03
-1.343209446139049038e-03 -2.245412409061668235e-03
-1.059682134406363151e-03 -1.824411310973621594e-03
-7.331429982269500965e-04 -1.497279142380212669e-03
-4.382943234678884220e-04 -1.299708124927109569e-03
-2.402080337764656752e-04 -1.239773141181900809e-03
-1.820299487405748189e-04 -1.297085270569504206e-03
-2.769336437303738423e-04 -1.427383995971298440e-03
-5.058428463988262971e-04 -1.571681789219835654e-03
-8.213467883879117370e-04 -1.668212076123582344e-03
-1.157058223269293333e-03 -1.664900454442352212e-03
-1.440631388149352446e-03 -1.529980075001441918e-03
-1.607962553557839864e-03 -1.258724036403720877e-03
-1.615870545406993593e-03 -8.750038293287682682e-04
-1.450841433976658885e-03 -4.273638651275161147e-04
-1.132166202016562755e-03 1.965786016975626924e-05
-7.088616594178847458e-04 3.973308498849327129e-04
-2.509421826669210151e-04 6.454295491155811202e-04
1.633199154918600409e-04 7.234296441456407323e-04
4.617471093496558314e-04 6.180873963211709968e-04
5.915175041779898932e-04 3.459683775989440204e-04
5.288340039057843863e-04 -4.955442346340043348e-05
2.831802272258587437e-04 -5.062686249687945285e-04
-1.046355180030565765e-04 -9.545543464539165898e-04
-5.702729689117623773e-04 -1.330124235408520171e-03
-1.038011364673910135e-03 -1.585670368712201357e-03
-1.434958788115116204e-03 -1.699225669690519139e-03
-1.704631340025702978e-03 -1.677671199054836353e-03
-1.817335786273615661e-03 -1.554741071236894097e-03
-1.775396831721373463e-03 -1.383919498899815505e-03
-1.612248439256690419e-03 -1.227592103979995627e-03
-1.385572348964768169e-03 -1.144522922717293011e-03
-1.165795759338770317e-03 -1.178045181515461042e-03
-1.022140222504695165e-03 -1.347217995717007923e-03
-1.008878496049214670e-03 -1.642638408424660929e-03
-1.154417372540705346e-03 -2.027715220492925380e-03
-1.455289694284378921e-03 -2.445175081889551082e-03
-1.876209115004912270e-03 -2.827578516960500311e-03
-2.356192712962241771e-03 -3.109861977443404649e-03
-2.819606746361235945e-03 -3.241535924433958018e-03
-3.190057394443719923e-03 -3.196231506760096458e-03
-3.404508020025558569e-03 -2.976787842242001672e-03
-3.424959676285407439e-03 -2.614913703237573602e-03
-3.245490810842878698e-03 -2.165482212081357941e-03
-2.893328506029732572e-03 -1.696530969255131797e-03
-2.423751254983489648e-03 -1.276850959895839410e-03
-1.909788740834968612e-03 -9.635021304973079249e-04
-1.428666728622242062e-03 -7.916056953157686333e-04
-1.047558983188984737e-03 -7.683307730195813000e-04
-8.113369232407485667e-04 -8.721977917716445703e-04
-7.346271853289345569e-04 -1.057813815701622246e-03
-7.996695160531425237e-04 -1.265126268443913463e-03
-9.603673279463055849e-04 -1.431426234633299734e-03
-1.151749180760735028e-03 -1.503812550231853774e-03
-1.303033721027963780e-03 -1.449741691337670755e-03
-1.351807471950104223e-03 -1.263652338055211519e-03
-1.256613688269210679e-03 -9.683984895963253757e-04
-1.005551285671477287e-03 -6.112100237125724306e-04
-6.192386817058167245e-04 -2.549380596371959157e-04
-1.475651312114364109e-04 3.376228868069101191e-05
3.391703885562424316e-04 1.970767546861160310e-04
7.630684731179682980e-04 1.971100460913128563e-04
1.052973086272509986e-03 2.329699607578100858e-05
1.157643513985915328e-03 -3.052617439423412462e-04
1.055267682556728075e-03 -7.429893700192837652e-04
7.575202862933964583e-04 -1.225953904817239908e-03
3.073994682353216931e-04 -1.683394751800667676e-03
-2.287488581870024721e-04 -2.050486015520295788e-03
-7.735120437621170481e-04 -2.279935059085717083e-03
-1.252677429165376631e-03 -2.350236430429263317e-03
-1.608791511482407901e-03 -2.269035322070837857e-03
-1.811454491523937973e-03 -2.070981048702659477e-03
-1.862413283742109064e-03 -1.810494215643310015e-03
-1.794502703957467742e-03 -1.550833781459945090e-03
-1.664650818829486361e-03 -1.351549853540605882e-03
-1.542289477268407811e-03 -1.256712353167216282e-03
-1.495381793042332161e-03 -1.286157070295808249e-03
-1.576729911777309491e-03 -1.431417286600071732e-03
-1.813173257602985772e-03 -1.657119692722661217e-03
-2.199739672353752569e-03 -1.907586234503255099e-03
-2.699873161511403413e-03 -2.117395222386047725e-03
-3.251710104610330051e-03 -2.223902719238281603e-03
-3.779228905347578084e-03 -2.179351391498252164e-03
-4.206173349720811888e-03 -1.960269506001326503e-03
-4.470122551588070342e-03 -1.572373338687571001e-03
-4.534050211419051943e-03 -1.050035307581944233e-03
-4.393188766936584680e-03 -4.504069388526632392e-04
-4.075900406019555139e-03 1.567040511366912315e-04
-3.638389075073922892e-03 7.013009542195442793e-04
-3.154251244342886912e-03 1.125665357879110330e-03
-2.700838013014741738e-03 1.394481241616444666e-03
-2.345002617316017859e-03 1.500716804203985118e-03
-2.130921692469368335e-03 1.466168299346186409e-03
-2.072284130159042156e-03 1.336580539576420843e-03
-2.150312805060101192e-03 1.172284831386003661e-03
-2.317978744099868579e-03 1.036142664968127099e-03
-2.509593877074988225e-03 9.810920553768981943e-04
-2.653949550235931969e-03 1.039666768029657521e-03
-2.688496458942015322e-03 1.217482926630894611e-03
-2.571864721055939010e-03 1.491933897826469829e-03
-2.292337757640360799e-03 1.816345628689648110e-03
-1.870660825715829163e-03 2.128808053437733234e-03
-1.356639169305408864e-03 2.364010111584781068e-03
-8.201583946393477612e-04 2.465834535547220801e-03
-3.383177948026666409e-04 2.398322106771213439e-03
1.889446339351202441e-05 2.152921324348537526e-03
2.016769511002044785e-04 1.750640447328422706e-03
1.897681507571193429e-04 1.238681989316165388e-03
-3.693695464810123862e-06 6.821826622722540001e-04
-3.345372870661802740e-04 1.526070666645118262e-04
-7.357081867461283918e-04 -2.850240579958839070e-04
-1.129665895465445033e-03 -5.836702192540811455e-04
-1.442689937514386907e-03 -7.224055758149498319e-04
-1.618397211076441850e-03 -7.096287539235402592e-04
-1.627923782034424284e-03 -5.807573718128295447e-04
-1.474857136369588789e-03 -3.908599146280086582e-04
-1.193999809237088639e-03 -2.036348600676368562e-04
-8.442138748172667122e-04 -7.883690425247019944e-05
-4.967167308700754175e-04 -6.054218409508348771e-05
-2.210596901663320832e-04 -1.684832916423999877e-04
-7.145905927919543859e-05 -3.941011871762509526e-04
-7.608169370178327791e-05 -7.020654170290119983e-04
-2.313263094279205834e-04 -1.036975984439823372e-03
-5.021943046530896173e-04 -1.333976420498120437e-03
-8.286889473266113122e-04 -1.531264400577493981e-03
-1.137038231015235091e-03 -1.582124436922394822e-03
-1.353621068349423074e-03 -1.464195319363573730e-03
-1.418962206533350059e-03 -1.184206437683964306e-03
-1.299145754361766660e-03 -7.772732095008858064e-04
-9.924835047750062492e-04 -3.008704982513155427e-04
-5.301703071559463491e-04 1.753906015659501157e-04
2.920501865126030753e-05 5.822634561161064374e-04
6.102634170972599369e-04 8.632941163965056255e-04
1.134557615117837755e-03 9.848408858367792111e-04
1.534827233284599864e-03 9.418047346788553740e-04
1.767102158141228624e-03 7.580014184865119459e-04
1.818377722173231299e-03 4.811195657606961171e-04
1.708424288910828691e-03 1.732326037631021199e-04
1.485404681087128817e-03 -1.013275873136764392e-04
1.216145182083427836e-03 -2.884299741074858488e-04
9.729176184108292817e-04 -3.545706046716513068e-04
8.192497258638669266e-04 -2.932872162235877940e-04
7.974637194192953950e-04 -1.263458418975706848e-04
9.203141557800917187e-04 1.005244225817020410e-04
1.168318096843430631e-03 3.265374438688116139e-04
1.493290623960183633e-03 4.877045905158991371e-04
1.827421453648939891e-03 5.293848544589933999e-04
2.096176737500276936e-03 4.171437521545420736e-04
2.232583280398286844e-03 1.438525169362849876e-04
2.190188070874866770e-03 -2.683306369167627668e-04
1.952234303530779244e-03 -7.714876264860635012e-04
1.535309040114079485e-03 -1.300324380424810414e-03
9.867621767218860088e-04 -1.783840824678479663e-03
3.763737338504629781e-04 -2.158094260069962685e-03
-2.161662239920480576e-04 -2.377656136802633151e-03
-7.156093442874944272e-04 -2.423608960914927762e-03
-1.064631053096781006e-03 -2.306584101424615212e-03
-1.233907034189760197e-03 -2.064278795450280417e-03
-1.226893465530860556e-03 -1.753934201472970213e-03
-1.078423180387534566e-03 -1.441208391226877963e-03
-8.474004353758915866e-04 -1.187558490055500102e-03
-6.049935541591207853e-04 -1.038526012027203137e-03
-4.205759775690056344e-04 -1.015145856249747387e-03
-3.480910394265744438e-04 -1.110105356318868411e-03
-4.154337079363643612e-04 -1.289377751222797047e-03
-6.188691674072470004e-04 -1.499015331051606727e-03
-9.235520752178855326e-04 -1.675808118287870152e-03
-1.270052691780103066e-03 -1.759779774296255962e-03
-1.585656103212822361e-03 -1.706142530455528796e-03
-1.798294352397183243e-03 -1.494433627033577927e-03
-1.850470148193524619e-03 -1.133087978509776097e-03
-1.710529877296512041e-03 -6.585648377288406616e-04
-1.379143124334437703e-03 -1.291767263616893540e-04
-8.897512855783365178e-04 3.852282569838701566e-04
-3.028877618969891316e-04 8.157943225446800950e-04
3.045691413644677431e-04 1.107040558245027569e-03
8.531914249445724744e-04 1.226769201439871244e-03
1.275249425978634962e-03 1.171637786835431991e-03
1.526732275077869383e-03 9.673526987559572746e-04
1.594882399252484963e-03 6.634581013492498640e-04
1.499834917644201531e-03 3.237153314800056349e-04
1.290068434207322775e-03 1.390032014269616551e-05
1.032544582694355697e-03 -2.106671045477065320e-04
7.994180399247183526e-04 -3.155000889194369430e-04
6.538464425741163802e-04 -2.932649931309266747e-04
6.375981150957787903e-04 -1.648529166949104638e-04
7.628128968033285121e-04 2.499324524220644845e-05
1.009482582793382044e-03 2.166587384631226808e-04
1.329131982473955378e-03 3.475319486369839520e-04
1.654004947932645941e-03 3.645124784242095330e-04
1.910014781306375092e-03 2.347688642195250438e-04
2.031003105949119678e-03 -4.730732106837198889e-05
1.971601082138196327e-03 -4.582848969887042792e-04
1.716249198932105367e-03 -9.493756519682588092e-04
1.282657158566081687e-03 -1.454936504310815103e-03
7.190362998299526867e-04 -1.904198762495471885e-03
9.561461989781899935e-05 -2.234020182788015816e-03
-5.079742058107235107e-04 -2.400260657941362397e-03
-1.017056061997441158e-03 -2.385641379216914791e-03
-1.375332520296767419e-03 -2.202611202900122637e-03
-1.554824333752414601e-03 -1.890687087200600526e-03
-1.560476023836886118e-03 -1.508779343553779849e-03
-1.428565476432859006e-03 -1.123959484766171545e-03
-1.219234344519113571e-03 -7.987993941754965984e-04
-1.004566774817437563e-03 -5.796783971835772894e-04
-8.544850864462878335e-04 -4.882689191110608411e-04
-8.231423300805450509e-04 -5.178070072340870385e-04
-9.383953289064173638e-04 -6.348455708579967081e-04
-1.196356146603953785e-03 -7.861478085760726948e-04
-1.562055892972000291e-03 -9.094029892118869014e-04
-1.976094959132302948e-03 -9.457212483912891526e-04
-2.366017835581156123e-03 -8.515257693039480222e-04
-2.660253745684887979e-03 -6.075737266409415686e-04
-2.801976298056865072e-03 -2.233803244716226041e-04
-2.760248667501420325e-03 2.638096222057608126e-04
-2.536332968942894752e-03 7.953255566547977155e-04
-2.163956549772638738e-03 1.301474003604866786e-03
-1.703470856482419173e-03 1.714086684993797443e-03
-1.230993966192585679e-03 1.978852617797960053e-03
-8.245770834956220405e-04 2.065111994454917402e-03
-5.499985988244423998e-04 1.971268179168580992e-03
-4.488600472067120995e-04 1.724801563025749919e-03
-5.312230916675345039e-04 1.376888692111568734e-03
-7.741678577420113994e-04 9.926489882208036370e-04
-1.126533132079174078e-03 6.388666410315547474e-04
-1.518930098553994325e-03 3.715106593955309336e-04
-1.877124693395698261e-03 2.254116747310950120e-04
-2.136247971797025202e-03 2.080432138145795265e-04
-2.253139402660523771e-03 2.985756557568725023e-04
-2.214483931651212937e-03 4.523706013723867913e-04
-2.039202518365708372e-03 6.100513929879761632e-04
-1.774646342310902229e-03 7.094174764247541953e-04
-1.487320459558008493e-03 6.979306035328701995e-04
-1.249900746863659862e-03 5.433917678374460252e-04
-1.127011901075972763e-03 2.407699384858825922e-04
-1.162470732038311562e-03 -1.861276709999161818e-04
-1.370423162886503718e-03 -6.884768777394748929e-04
-1.732067400497818398e-03 -1.201041782775883957e-03
-2.198598965841772838e-03 -1.653949406511262196e-03
-2.699835751536744117e-03 -1.985417462310800924e-03
-3.156905956725209687e-03 -2.153036703882944651e-03
-3.496612249694395005e-03 -2.141480843280570666e-03
-3.664767534345793505e-03 -1.965191108328884738e-03
-3.635991459959460152e-03 -1.665531522600704291e-03
-3.418125636641584225e-03 -1.302955328611739988e-03
-3.050442787244676997e-03 -9.456649643567926946e-04
-2.595998209389438916e-03 -6.569093414753250215e-04
-2.129578869586905548e-03 -4.833176869368568246e-04
-1.723536675404174984e-03 -4.464705649071926651e-04
-1.434190642227673503e-03 -5.392935566857285897e-04
-1.291372445507038644e-03 -7.279439792560908140e-04
-1.293092140802623927e-03 -9.588192992169298481e-04
-1.406328861597458185e-03 -1.169344846734439187e-03
-1.573789162493045195e-03 -1.300481951474217589e-03
-1.725343473523782744e-03 -1.308571385407862001e-03
-1.791963312500129439e-03 -1.174252776738751204e-03
-1.719506628146193900e-03 -9.067546323639967369e-04
-1.479725951745026417e-03 -5.427268724867890821e-04
-1.076398779651798745e-03 -1.398222218429468486e-04
-5.454024587463414311e-04 2.337714706636313550e-04
5.129791526115419975e-05 5.118774703386377118e-04
6.366274692786440086e-04 6.425888326308194700e-04
1.132283534448980502e-03 5.979255848785736517e-04
1.472909037684954877e-03 3.790666373305886464e-04
1.617888273593654728e-03 1.616800780460244877e-05
1.558544636933259855e-03 -4.371986142088138795e-04
1.319388649191911064e-03 -9.139369584165171149e-04
9.531890587465934300e-04 -1.345779703354865091e-03
5.308070605906727805e-04 -1.675773447648818380e-03
1.277227874947571562e-04 -1.868541511319169769e-03
-1.901930706550913289e-04 -1.916393719580722224e-03
-3.789693980058386237e-04 -1.840140363476088295e-03
-4.245630769934193244e-04 -1.684471607357033475e-03
-3.451117705410603701e-04 -1.508793588149637960e-03
-1.869931566446238300e-04 -1.375273293301734669e-03
-1.544765835710017600e-05 -1.336373006903522100e-03
9.844694005930711622e-05 -1.424251561759910583e-03
9.196817477994225290e-05 -1.644055566857879815e-03
-7.659429355991729301e-05 -1.972386246816370745e-03
-4.192310893478216199e-04 -2.361246202966939701e-03
-9.151209011083823088e-04 -2.746731124003136404e-03
-1.513756733017184494e-03 -3.060831054582580178e-03
-2.143716092563462475e-03 -3.244114801100852520e-03
-2.725431345092227311e-03 -3.256901369749147512e-03
-3.185558106554252193e-03 -3.086806180053522104e-03
-3.470235665749328395e-03 -2.751233502424778495e-03
-3.554741583076750661e-03 -2.294340751318992445e-03
-3.447723419178309445e-03 -1.779044331650492250e-03
-3.189215138345383779e-03 -1.275573063556062221e-03
-2.842820161928987822e-03 -8.487265675169433296e-04
-2.483545008342644047e-03 -5.462390948172852210e-04
-2.183588366696641997e-03 -3.904381481414840021e-04
-1.998774943651466032e-03 -3.747618689934567138e-04
-1.958198760083609737e-03 -4.657780164977326216e-04
-2.059030418751188994e-03 -6.103048707026322711e-04
-2.267462800554339436e-03 -7.462679750948817943e-04
-2.525605296101697626e-03 -8.152192859888392207e-04
-2.763008551613275847e-03 -7.741309545404845673e-04
-2.910623449085056238e-03 -6.042141409575047277e-04
-2.914535975607137827e-03 -3.150777708051550339e-04
-2.746861277904803517e-03 5.657392175278990127e-05
-2.411717675310081580e-03 4.534702616132417377e-04
-1.945132956381981880e-03 8.083028261184996722e-04
-1.408884527869488142e-03 1.056267612363067428e-03
-8.794243104824067811e-04 1.147250494907182342e-03
-4.339710505011034171e-04 1.055350635039307636e-03
-1.363904878835508474e-04 7.839378113344379600e-04
-2.552573021304973232e-05 3.652825574526869065e-04
-1.081782478129399887e-04 -1.451770233295041773e-04
-3.580615432111771703e-04 -6.788548618338631751e-04
-7.209210179234006293e-04 -1.166436707070464757e-03
-1.124848487097665278e-03 -1.550361410713820692e-03
-1.493838720039916733e-03 -1.795015099872785454e-03
-1.762024011671055454e-03 -1.892724045669983562e-03
-1.885896814127216783e-03 -1.864428522579398596e-03
-1.852213670969226266e-03 -1.754927678255271918e-03
-1.680093483402144393e-03 -1.623613576425541292e-03
-1.416924226755457254e-03 -1.532466458783413726e-03
-1.128866098381084166e-03 -1.533601222011222662e-03
-8.877634150076340160e-04 -1.658739066058427178e-03
-7.569584083935930983e-04 -1.912612365354240083e-03
-7.787084632844400254e-04 -2.271564358841981091e-03
-9.656048350440215667e-04 -2.687619622780951841e-03
-1.297632945189714643e-03 -3.097263150799391476e-03
-1.725445502526840600e-03 -3.433271837018816563e-03
-2.179242331298605808e-03 -3.637361580404401169e-03
-2.581587852740303921e-03 -3.671256099050544588e-03
-2.861749949226095532e-03 -3.524079684573762968e-03
-2.968853957956361402e-03 -3.214669534695599289e-03
-2.881367747963367153e-03 -2.788362744574833171e-03
-2.611126213924843190e-03 -2.308856902678139891e-03
-2.201135036547341439e-03 -1.846673923215147624e-03
-1.717568961096710293e-03 -1.466398080569966764e-03
-1.237476634418681592e-03 -1.215089803495131900e-03
-8.345146003976488744e-04 -1.114053016145210868e-03
-5.654039644439595030e-04 -1.155498078206257904e-03
-4.596643262136748155e-04 -1.304715065949876764e-03
-5.145572044605246963e-04 -1.507328833966716051e-03
-6.961832318545569959e-04 -1.700245541056974582e-03
-9.465109813494536469e-04 -1.824202205644909550e-03
-1.194991278977927413e-03 -1.835528546271087292e-03
-1.372542100013728235e-03 -1.714881080371207650e-03
-1.425240139954241265e-03 -1.471284628884492662e-03
-1.325110922210624926e-03 -1.140707051593404381e-03
-1.075959293814212139e-03 -7.794305141368446533e-04
-7.131222252558189418e-04 -4.534703571401672460e-04
-2.971779544890374271e-04 -2.260436087390332383e-04
9.720848527816530315e-05 -1.454611027308901419e-04
3.952004734967333151e-04 -2.357395578409816330e-04
5.358379673927154670e-04 -4.917174748862789772e-04
4.835633253971350232e-04 -8.796082938694804385e-04
2.350446055733049428e-04 -1.342896879592598300e-03
-1.799960013210321805e-04 -1.812475542336182497e-03
-7.041084208668444691e-04 -2.219114618116384795e-03
-1.262592604686498020e-03 -2.505921803743824030e-03
-1.777152030370399280e-03 -2.638447418939182752e-03
-2.180147637763021548e-03 -2.610538975339127959e-03
-2.426765314056307001e-03 -2.444853368374336981e-03
-2.502806779142780023e-03 -2.187946246209316464e-03
-2.426643789594251990e-03 -1.900884168554756127e-03
-2.244981781849863991e-03 -1.647171775623682694e-03
-2.023251931982060318e-03 -1.480293070934165806e-03
-1.832468018720536480e-03 -1.433237150992468494e-03
-1.735053776160889539e-03 -1.512000858912988365e-03
-1.772340877503030595e-03 -1.694305500404111060e-03
-1.956120492117660419e-03 -1.933775014377774569e-03
-2.265862588418592928e-03 -2.168786295618163867e-03
-2.652142407173657766e-03 -2.334315076248406028e-03
-3.045636335211166987e-03 -2.374530956190524025e-03
-3.369992701724740421e-03 -2.253750790468182340e-03
-3.556146928891445579e-03 -1.963668093540647461e-03
-3.555374432271366739e-03 -1.525479054368731463e-03
-3.348611023875090742e-03 -9.864901118781374198e-04
-2.950274644724922013e-03 -4.118352551347005197e-04
-2.405860798991049654e-03 1.271442071042487771e-04
-1.783760487394638874e-03 5.656737400946224579e-04
-1.162841031547298372e-03 8.570720250392655382e-04
-6.181302888370331138e-04 9.808646731946269078e-04
-2.073019228513708553e-04 9.459660772770707177e-04
3.949395897711476845e-05 7.883434142878654582e-04
1.245452671857110501e-04 5.636205172146783408e-04
8.132392019896949329e-05 3.360360140284679008e-04
-3.268167392648901718e-05 1.658586895225493650e-04
-1.476728357998643819e-04 9.765311976791559139e-05
-1.955515990351611817e-04 1.516253678492790989e-04
-1.235667744104853661e-04 3.196928694316138360e-04
9.500448028839205208e-05 5.670255260280337127e-04
4.551764765225254934e-04 8.387663928511423627e-04
9.206644042969926601e-04 1.070656925235206067e-03
1.430316522925561629e-03 1.201549802267900657e-03
1.909359719091740159e-03 1.185432418210189288e-03
2.283335235327930372e-03 1.000674425827157181e-03
2.492089483783192609e-03 6.547361917924311671e-04
2.501171837157639168e-03 1.834326275386612278e-04
2.308479641793813406e-03 -3.551237339413448142e-04
1.944888012605067683e-03 -8.907702023562731608e-04
1.468738411720789004e-03 -1.353808971074793241e-03
9.552204838924458668e-04 -1.687437719188244079e-03
4.826464731673059958e-04 -1.857759665623064105e-03
1.182041498410151470e-04 -1.859494834657283123e-03
-9.412850279775998759e-05 -1.716327430702104320e-03
-1.412339751258839511e-04 -1.475838659843122132e-03
-4.263881031826789649e-05 -1.199997997596500372e-03
1.538911368840252406e-04 -9.530249807812123369e-04
3.820932426879964511e-04 -7.889292643370184824e-04
5.704276133387521609e-04 -7.410951422247392473e-04
6.562550803599393086e-04 -8.158869879379817896e-04
5.982748340180948053e-04 -9.914879933868745929e-04
3.848537946367160166e-04 -1.222190920022819599e-03
3.665943895938422476e-05 -1.447324538722299892e-03
-3.969115760842650440e-04 -1.603119074857830510e-03
-8.468396700682642763e-04 -1.635255052071488569e-03
-1.237403727182761690e-03 -1.509708330838425028e-03
-1.500472951630396103e-03 -1.219824827440674350e-03
-1.588462458840598232e-03 -7.882706835867963127e-04
-1.483496352794175764e-03 -2.634726884807907709e-04
-1.201037717634997719e-03 2.887939313868696724e-04
-7.872903788448510579e-04 7.970949843207881082e-04
-3.108545688763123243e-04 1.197108330124977598e-03
1.497951110447469500e-04 1.443075729714117083e-03
5.206514583036504686e-04 1.515783978430661292e-03
7.456347650236115274e-04 1.425579916508858992e-03
7.966375809035815270e-04 1.209862812181515968e-03
6.782676048088645332e-04 9.255415311439424073e-04
4.264061336140090135e-04 6.378952252805046227e-04
1.008702053758340166e-04 4.079549184576700301e-04
-2.264176368580036406e-04 2.808008963577256689e-04
-4.854984195599489636e-04 2.769947343077305314e-04
-6.220085225390334848e-04 3.887685301398841964e-04
-6.077824751065853291e-04 5.816904239502643757e-04
-4.464105044157796022e-04 8.014859293176455164e-04
-1.726920216684422744e-04 9.847158753815618819e-04
1.539156535570685911e-04 1.071279241009446626e-03
4.606145952537599435e-04 1.016361595500071043e-03
6.752059254645705489e-04 7.995530906637287423e-04
7.400091236670911302e-04 4.293944607658402388e-04
6.231197373453507870e-04 -5.752589944247118873e-05
3.248659372320209697e-04 -6.027696781818796474e-04
-1.217686279511379912e-04 -1.136384868279358617e-03
-6.568475821329263983e-04 -1.589440433289155980e-03
-1.204243739270228824e-03 -1.906402641245419360e-03
-1.685436990210856245e-03 -2.055025414388267878e-03
-2.033750922826958480e-03 -2.031896536377596901e-03
-2.206348303898704715e-03 -1.862602539817182368e-03
-2.191729968596406539e-03 -1.596492141298551121e-03
-2.011332778505487296e-03 -1.297038662598675070e-03
-1.714938975283588751e-03 -1.029632785370902153e-03
-1.370780048867230403e-03 -8.491209665433647417e-04
-1.052221486983379506e-03 -7.894503239667933049e-04
-8.235605367953590132e-04 -8.573792491841933719e-04
-7.276351460558251171e-04 -1.031440522636969948e-03
-7.775971596665762816e-04 -1.266346632067095503e-03
-9.544120157071704505e-04 -1.501994183150782720e-03
-1.210560406059563426e-03 -1.675351358463987063e-03
-1.479240476003048548e-03 -1.732964662324763209e-03
-1.687325038072779674e-03 -1.641702432020450755e-03
-1.769614733333812594e-03 -1.395685313433092005e-03
-1.681680265656895204e-03 -1.018075108573141593e-03
-1.408851750916289246e-03 -5.573665547180326873e-04
-9.696407625923028021e-04 -7.886743126785201248e-05
-4.129331118177940498e-04 3.470361677802197330e-04
1.905314647060671069e-04 6.576230948677172809e-04
7.607957671091857259e-04 8.091905703175557643e-04
1.223062023190992983e-03 7.848810965085656474e-04
1.521104146188891407e-03 5.975121531525526188e-04
1.627192760539107998e-03 2.868821067193000861e-04
1.546670123626190003e-03 -8.793062682480216690e-05
1.316324164205805647e-03 -4.598126110663475143e-04
9.968837046739297252e-04 -7.662736008948945387e-04
6.610684870954311627e-04 -9.611220373396405121e-04
3.794674401561172602e-04 -1.022950679579631619e-03
2.069277180071289919e-04 -9.588318069355093471e-04
1.720379873902404180e-04 -8.025308988109352681e-04
2.717010393697781145e-04 -6.075878027603529106e-04
4.718245265575917195e-04 -4.365881404875560654e-04
7.139975018294487247e-04 -3.486706652657802158e-04
9.268843815885344228e-04 -3.876515498382009355e-04
1.040172149337000246e-03 -5.730306460362124621e-04
9.984207379820397073e-04 -8.955995546852458297e-04
7.721826475632715065e-04 -1.318500106751258668e-03
3.642729799970053240e-04 -1.783549557191582745e-03
-1.900122804628454759e-04 -2.221650905482229488e-03
-8.287872718064094027e-04 -2.565332237931148337e-03
-1.474478159460417513e-03 -2.761054496102609279e-03
-2.047689236775329918e-03 -2.778969211416441702e-03
-2.481425355013204808e-03 -2.618288553186383285e-03
-2.732995070361933510e-03 -2.307258522949123206e-03
-2.791357384049751155e-03 -1.897745489518256386e-03
-2.678536646829684890e-03 -1.455463563727815018e-03
-2.444851956140763408e-03 -1.047693011952852485e-03
-2.158876829076240497e-03 -7.308122909893241710e-04
-1.894040709258345894e-03 -5.399989620447136164e-04
-1.714417474897232847e-03 -4.830415720703811096e-04
-1.662397643038586274e-03 -5.394238649890943779e-04
-1.750581768574748735e-03 -6.648422935182832618e-04
-1.959430674550910641e-03 -8.002872258960058976e-04
-2.241115503141218046e-03 -8.839526669759320814e-04
-2.528834092350184994e-03 -8.637026672077964366e-04
-2.749822689544218022e-03 -7.077165068216245431e-04
-2.839590017562709443e-03 -4.112793128050736360e-04
-2.754667186949662054e-03 1.585244825877147462e-06
-2.481446160697247608e-03 4.819663438399828664e-04
-2.039418598978259660e-03 9.646883061579550030e-04
-1.478186032590263210e-03 1.380085933769591242e-03
-8.687909356121765276e-04 1.666716339604580295e-03
-2.909932534638474825e-04 1.782611464781730815e-03
1.811152427342261955e-04 1.712949614353303542e-03
4.924511600807357546e-04 1.472700019319023775e-03
6.167236831039909183e-04 1.103743739939741769e-03
5.608242880715806102e-04 6.670174553708964815e-04
3.630033918323927384e-04 2.311663578293329932e-04
8.518999431972212638e-05 -1.401493712771423880e-04
-1.990826265043765374e-04 -3.998977432545400236e-04
-4.188523215178287934e-04 -5.260724258329774281e-04
-5.193162378250640310e-04 -5.252659570936602049e-04
-4.722570402752765103e-04 -4.307556232518544820e-04
-2.813336747289886487e-04 -2.954795745126937876e-04
1.876198002120958936e-05 -1.812495475084481642e-04
3.691173464422645482e-04 -1.462600267367847144e-04
6.980825803494825977e-04 -2.332767020053196864e-04
9.352409501260873417e-04 -4.607584950667722133e-04
1.025209175579453987e-03 -8.186115920268969203e-04
9.386413964773053465e-04 -1.269396097182908748e-03
6.783387394790013711e-04 -1.754772363475361066e-03
2.792923988748836927e-04 -2.205980490895541844e-03
-1.973635657657390682e-04 -2.556381075829319317e-03
-6.753603132573803881e-04 -2.753692993129893286e-03
-1.077194052640452829e-03 -2.769619101980230758e-03
-1.338300191615467583e-03 -2.605042883364763404e-03
-1.418831348289856112e-03 -2.289815012309784001e-03
-1.310821084588135749e-03 -1.877170522071244579e-03
-1.039387237425468732e-03 -1.433831167560888986e-03
-6.577553617509563320e-04 -1.027661934075850114e-03
-2.370507781305795990e-04 -7.152112400744077211e-04
1.472040566654306574e-04 -5.314840905562355066e-04
4.293287181930798566e-04 -4.838725677400572151e-04
5.657653756093234581e-04 -5.513790942743288567e-04
5.430788909476886792e-04 -6.892643036594936880e-04
3.801674605052778391e-04 -8.382231703218821686e-04
1.242732604202730138e-04 -9.363349937060205016e-04
-1.584414359158763086e-04 -9.315073713438763682e-04
-3.959563832526550231e-04 -7.920409189013080577e-04
-5.246070525910086560e-04 -5.132978661331830941e-04
-5.017439899388268995e-04 -1.191962860657250515e-04
-3.144254495287342362e-04 3.417672667481600011e-04
1.751845590494498488e-05 8.052262927083567168e-04
4.446461885463617219e-04 1.202745883945956001e-03
8.967069991170354597e-04 1.474491246866763659e-03
1.295433180402214782e-03 1.580370641925166880e-03
1.568914054974666992e-03 1.507546507054169285e-03
1.664842472987947998e-03 1.272893600302188802e-03
1.560136343363510963e-03 9.199371399448495572e-04
1.265122093677708637e-03 5.108465258308055685e-04
8.214944209698170352e-04 1.149939378629644560e-04
2.944427596031466156e-04 -2.037648034798602778e-04
-2.395630845223770903e-04 -3.986899083991696647e-04
-7.070163170457563831e-04 -4.484544078733376836e-04
-1.050952114184614417e-03 -3.605815295759250594e-04
-1.241297024553289887e-03 -1.693873678091995026e-04
-1.280037555318272197e-03 7.116528891888075008e-05
-1.200239825322506598e-03 2.983321854784166992e-04
-1.059118369475056404e-03 4.530979261695916105e-04
-9.264805878126809420e-04 4.919463652979660798e-04
-8.707502611746839810e-04 3.956469446034074694e-04
-9.452329350068650700e-04 1.733790744851574977e-04
-1.177240796263524705e-03 -1.385990710739528947e-04
-1.562153467075031582e-03 -4.834961210811696474e-04
-2.063556373438880757e-03 -7.945167693803453432e-04
-2.619447011853506466e-03 -1.007387435768871504e-03
-3.153349546253773721e-03 -1.072510529096975477e-03
-3.588247472787649880e-03 -9.644472441960943391e-04
-3.860708843116599561e-03 -6.869320219820456482e-04
-3.932540117302973752e-03 -2.724652579134243424e-04
-3.797770438387133678e-03 2.234450774364678412e-04
-3.483649850104606621e-03 7.323113829738490607e-04
-3.045475828549798394e-03 1.185076125901714586e-03
-2.556228419663177705e-03 1.524566394049198421e-03
-2.092974578996777656e-03 1.715649508499034193e-03
-1.722611447057808068e-03 1.751182477114631439e-03
-1.489640977713192933e-03 1.652645407264472259e-03
-1.408281382170494846e-03 1.465356088652939714e-03
-1.460397566118989358e-03 1.249189090860910317e-03
-1.599629051397744766e-03 1.066573593081475771e-03
-1.760918809185420047e-03 9.700586762021612018e-04
-1.873622524949817691e-03 9.918155627729595848e-04
-1.875698974177388576e-03 1.137078031405291912e-03
-1.726276974350496665e-03 1.382774728061249986e-03
-1.414201665850626718e-03 1.681621931747709266e-03
-9.609244857193039065e-04 1.970909096150875311e-03
-4.171729210863129580e-04 2.184318444863978317e-03
1.459849806086426437e-04 2.264542817679094169e-03
6.500035596672141744e-04 2.174312170751557718e-03
1.023226721663314954e-03 1.903737797781307559e-03
1.214049231251929095e-03 1.472577967499113464e-03
1.200388054003198113e-03 9.269878004489533153e-04
9.936759011267275610e-04 3.313582923294946169e-04
6.366237588185631128e-04 -2.432228213126058397e-04
1.951763711273968023e-04 -7.317177942252145679e-04
-2.538184380699756411e-04 -1.086695412797554321e-03
-6.368967028410591922e-04 -1.286526005913803160e-03
-8.975236197190392205e-04 -1.338680753962781175e-03
-1.006341982740794130e-03 -1.277528391318251020e-03
-9.661947619915927342e-04 -1.157064153488411833e-03
-8.109840633225070140e-04 -1.039964817524851627e-03
-5.985971863918006231e-04 -9.850583513614065770e-04
-3.992549521223852024e-04 -1.035595517723681249e-03
-2.815049598781758792e-04 -1.210557226107965810e-03
-2.985286838433285879e-04 -1.500654611407192807e-03
-4.773718231674511751e-04 -1.869788006887877470e-03
-8.131533488083096542e-04 -2.261694896804644726e-03
-1.269365144597812403e-03 -2.610531816027347827e-03
-1.784219694396691489e-03 -2.853387602514116921e-03
-2.281856535185635901e-03 -2.942357018089652217e-03
-2.686296341601161330e-03 -2.853884352088545927e-03
-2.935509128512449589e-03 -2.593601008197798409e-03
-2.992939125772573362e-03 -2.195731900646980417e-03
-2.854307992828142987e-03 -1.717171695808024671e-03
-2.548409551189523021e-03 -1.227339262940226917e-03
-2.131744380468344417e-03 -7.957164525283093358e-04
-1.678006566355967014e-03 -4.794144939556120371e-04
-1.264407268163433460e-03 -3.131051600755544199e-04
-9.574165181769486114e-04 -3.032055812696623619e-04
-8.006128284054513577e-04 -4.274001024275993145e-04
-8.069293280101758363e-04 -6.395723812363688981e-04
-9.567512313549425161e-04 -8.791972881463936459e-04
-1.202210380026662697e-03 -1.083398885387196892e-03
-1.476848434180630908e-03 -1.199377477037187048e-03
-1.708803348439450961e-03 -1.194840694160123227e-03
-1.835006616852687990e-03 -1.064453645184645653e-03
-1.813687736573517265e-03 -8.310793028810522457e-04
-1.632803592468658280e-03 -5.415692786731001037e-04
-1.312783168134866799e-03 -2.578996252748111135e-04
-9.030558116506188322e-04 -4.533036847378837508e-05
-4.730101061746842242e-04 4.016635211933565052e-05
-9.908695828753446861e-05 -3.717639018940713594e-05
1.495552940317173771e-04 -2.857325914031316749e-04
2.240932096120378750e-04 -6.843963505352844857e-04
1.053378638227584927e-04 -1.186003005169948164e-03
-1.924803107703927912e-04 -1.725624502448448120e-03
-6.241617985344480139e-04 -2.232183602516237854e-03
-1.121765511499048240e-03 -2.641204116734988724e-03
-1.607063984731788887e-03 -2.906299912398838982e-03
-2.005878210223209501e-03 -3.007244473020606254e-03
-2.261589891765907693e-03 -2.953110117584258412e-03
-2.345286085529233247e-03 -2.779898979059877706e-03
-2.260629947372762814e-03 -2.543129859641593462e-03
-2.042550678632695793e-03 -2.306798826668983362e-03
-1.750016504874448526e-03 -2.130816330927537763e-03
-1.454274944807876224e-03 -2.059310079563770896e-03
-1.224802568751515598e-03 -2.112016700864440683e-03
-1.115639456776265116e-03 -2.280397930347645256e-03
-1.154709667423557250e-03 -2.529219895131398343e-03
-1.338162233558459844e-03 -2.803297011334529402e-03
-1.630814862648151441e-03 -3.038121465232476639e-03
-1.972624990483955783e-03 -3.172360952327145898e-03
-2.289969333645216262e-03 -3.159851159412670109e-03
-2.509600175730462585e-03 -2.978802894843789358e-03
-2.572637226404551804e-03 -2.636469158394776253e-03
-2.445944538624355864e-03 -2.168375347458412032e-03
-2.128734507942078771e-03 -1.632243805572475281e-03
-1.653142221582366844e-03 -1.097747407240136624e-03
-1.078652789382321051e-03 -6.340158590310247333e-04
-4.814260894040257627e-04 -2.972435157987559067e-04
5.947234501662646347e-05 -1.207282905041190922e-04
4.763413353999004785e-04 -1.092113290260153177e-04
7.249284211995350030e-04 -2.385736075209614424e-04
7.920567917697844684e-04 -4.609325072143879466e-04
6.973675502136001108e-04 -7.141605264301725993e-04
4.888644817557639575e-04 -9.340128667731069714e-04
2.331217615336988731e-04 -1.066558820827355741e-03
2.025005713483514318e-06 -1.078556764225298541e-03
-1.414284791945672479e-04 -9.638044910566723926e-04
-1.555675587645720566e-04 -7.442613434957176229e-04
-2.835580452998991922e-05 -4.657312006108603247e-04
2.200129092471798335e-04 -1.889278847742155106e-04
5.407313955286313558e-04 2.237864786229840346e-05
8.655295915082465447e-04 1.138819193597242303e-04
1.119628946679876967e-03 5.154278707378593619e-05
1.236048293797846085e-03 -1.713809499541684442e-04
1.168550110965143295e-03 -5.324245609442544627e-04
9.007708493582151183e-04 -9.835031767904290224e-04
4.497989884353825393e-04 -1.459332569955926889e-03
-1.364865711926635961e-04 -1.889106292655828596e-03
-7.878258130458240527e-04 -2.209235057022027222e-03
-1.424156144973638119e-03 -2.374752817492547553e-03
-1.969993761912928760e-03 -2.367245788061937348e-03
-2.367911197565334205e-03 -2.197817921141057007e-03
-2.588576344864398308e-03 -1.904544746251485288e-03
-2.635469709547572700e-03 -1.544909268698606026e-03
-2.543404349640839696e-03 -1.184661645413613877e-03
-2.371146040524979397e-03 -8.852191391761855734e-04
-2.189547576888160527e-03 -6.919966960574051341e-04
-2.067459412132865819e-03 -6.258796084844834781e-04
-2.058098440504248488e-03 -6.794520601393910656e-04
-2.188468219456989744e-03 -8.186921402007471581e-04
-2.453844098442777531e-03 -9.898062562299385012e-04
-2.818375395193321344e-03 -1.129900310907841227e-03
-3.221696017220999821e-03 -1.179456314480332568e-03
-3.590294608763266310e-03 -1.094239304737297785e-03
-3.851491394917402455e-03 -8.543656748089183215e-04
-3.947372619142108449e-03 -4.688001812584665804e-04
-3.846038869627664992e-03 2.558648100654516361e-05
-3.548029716054565321e-03 5.702382950694317087e-04
-3.086698168704947714e-03 1.095252292657619827e-03
-2.522452075743473673e-03 1.531894401983684628e-03
-1.931939196257234344e-03 1.824939667125719932e-03
-1.394208774993797514e-03 1.942516075109487891e-03
-9.764539700439957151e-04 1.881602607716045036e-03
-7.220182304758940642e-04 1.668153309229006894e-03
-6.429197852846738103e-04 1.351834677989565857e-03
-7.182930215732717628e-04 9.963813251360940058e-04
-8.990256752160586491e-04 6.674019861668663506e-04
-1.117698469908318072e-03 4.199480764733457341e-04
-1.301931069134168971e-03 2.881992114416776938e-04
-1.388594789172948284e-03 2.792165329631328191e-04
-1.336190251022491976e-03 3.719417788593571447e-04
-1.133037710591616948e-03 5.216242140192407437e-04
-7.997229665226244111e-04 6.688274304924143789e-04
-3.853318878886946835e-04 7.512987200025267450e-04
4.181475116589192871e-05 7.164398657991176509e-04
4.071705407780695611e-04 5.320027979065727972e-04
6.442497889902354001e-04 1.929684836965532557e-04
7.074797457261732024e-04 -2.767107043863223804e-04
5.811768092499217195e-04 -8.278527435189787136e-04
2.829367196062682532e-04 -1.394581042271906667e-03
-1.392153323812160169e-04 -1.906054035594851410e-03
-6.153886778218581278e-04 -2.299184786436850661e-03
-1.066498386763285820e-03 -2.529957442175468328e-03
-1.418659910177601322e-03 -2.581211555063410087e-03
-1.616597303117039280e-03 -2.465432258342980295e-03
-1.633541860014822884e-03 -2.222027829410726414e-03
-1.475762045932165444e-03 -1.909617641559381964e-03
-1.180881330290238247e-03 -1.594795749221758832e-03
-8.103156232331487196e-04 -1.339500016172970711e-03
-4.372740011739511558e-04 -1.189378001834067670e-03
-1.326047607969712454e-04 -1.165349367912408424e-03
4.882514731493678688e-05 -1.259956682159074463e-03
7.863241839481545890e-05 -1.439187346976284485e-03
-3.969070308444807779e-05 -1.649411172883662397e-03
-2.715169835270215106e-04 -1.828107487120474422e-03
-5.578156538563310831e-04 -1.916336452090830304e-03
-8.265963599665944808e-04 -1.870577689777964785e-03
-1.006892512877333602e-03 -1.671678176897046283e-03
-1.042627844923404209e-03 -1.329198193703322664e-03
-9.037300295887530470e-04 -8.803153348636435453e-04
-5.923746901070475745e-04 -3.834772493149896208e-04
-1.431636984522452840e-04 9.201129651673989676e-05
3.828109191767521571e-04 4.785106407512221792e-04
9.089091381171295579e-04 7.223206392041449462e-04
1.356835269000455837e-03 7.933954600906344438e-04
1.660865916197044531e-03 6.906696770823512153e-04
1.779735009448363920e-03 4.419953811400385152e-04
1.703940164990596631e-03 9.870802825050271727e-05
1.457100426415975031e-03 -2.741467704912952373e-04
1.091120312630946198e-03 -6.100743598120209445e-04
6.760861059644583497e-04 -8.535604865993224200e-04
2.868157590815869186e-04 -9.703202700076487197e-04
-1.138476409987183337e-05 -9.534332623887333035e-04
-1.750579948160546758e-04 -8.242124453607096307e-04
-1.906871857932505073e-04 -6.276541820886871780e-04
-7.701331787317191972e-05 -4.233439799490779001e-04
1.188579789641470421e-04 -2.735547524580361637e-04
3.308160988733912437e-04 -2.308068934847605285e-04
4.867907779926623378e-04 -3.272620224436462643e-04
5.230020497396668713e-04 -5.679753022760819546e-04
3.967037889797458885e-04 -9.293004713112563899e-04
9.499338658819388766e-05 -1.362765546595523340e-03
-3.619963288956106785e-04 -1.803700408394821745e-03
-9.241440018235363377e-04 -2.182996492280599513e-03
-1.520065757608470014e-03 -2.439784218060619438e-03
-2.069885332386992537e-03 -2.532638181044852971e-03
-2.499647285000085838e-03 -2.447196796831428104e-03
-2.754660436788141601e-03 -2.198759678205865816e-03
-2.809260175039852460e-03 -1.829374477055976467e-03
-2.671154917622854674e-03 -1.399965727039851693e-03
-2.379545770920545554e-03 -9.789943734485970911e-04
-1.997385419600084238e-03 -6.297909845101493749e-04
-1.599249755706109088e-03 -3.989542708452145040e-04
-1.257124048789364998e-03 -3.080024750065188562e-04
-1.026797798202250690e-03 -3.498471287243092335e-04
-9.374445533782290417e-04 -4.907437017971092233e-04
-9.863572988767881078e-04 -6.773350891477068411e-04
-1.139831212601078890e-03 -8.474383991646355354e-04
-1.340019105057725559e-03 -9.425159571023425820e-04
-1.516451571575934843e-03 -9.194521835201285289e-04
-1.600028485654753042e-03 -7.593894954406336852e-04
-1.536818638862589691e-03 -4.719336981004022564e-04
-1.299039100617647340e-03 -9.391694465742854783e-05
-8.911186855083423532e-04 3.170619529038166094e-04
-3.496799200344128961e-04 6.931096538853981056e-04
2.625749752874666286e-04 9.685510798837786324e-04
8.679342759199035716e-04 1.092122612770605366e-03
1.387624395951710717e-03 1.036543674330187839e-03
1.756010543663824152e-03 8.036586134317328821e-04
1.932376782060053408e-03 4.241770156999270639e-04
1.908068626724187915e-03 -4.793930727957091808e-05
1.707657531244319163e-03 -5.453834070203766914e-04
1.383916446766252258e-03 -9.998346619360218464e-04
1.007565210218201550e-03 -1.354388362913817694e-03
6.537323988069001232e-04 -1.573740898190292663e-03
3.876994693185162625e-04 -1.650215027954113432e-03
2.526262816478814935e-04 -1.604499114576546284e-03
2.615793059923684442e-04 -1.480976401588255656e-03
3.953665352649690353e-04 -1.338545722029596497e-03
6.065811889759421252e-04 -1.238689222086762675e-03
8.290784160987852217e-04 -1.233064067744868170e-03
9.910784668003122175e-04 -1.352984943014214026e-03
1.029401423199363674e-03 -1.602805448945018429e-03
9.021229457957665680e-04 -1.958467214420274698e-03
5.972384743326463385e-04 -2.371505648643192424e-03
1.356785247392268672e-04 -2.777766373848580220e-03
-4.319128414870190163e-04 -3.109192458838782279e-03
-1.034043142987033136e-03 -3.306458913654234701e-03
-1.591217768539600255e-03 -3.330068041916000449e-03
-2.030350240431158266e-03 -3.167808057371720477e-03
-2.298021869580694695e-03 -2.837163234143038042e-03
-2.370092518565936578e-03 -2.382216997163430754e-03
-2.255853230103061977e-03 -1.865629391817395311e-03
-1.995942822640278495e-03 -1.357200458082270062e-03
