-2.689766264193753365e-04 -6.442895635977791613e-04
-9.602571138852681373e-04 -2.684881669928976949e-04
-1.365655805729728504e-03 2.621821342100733574e-04
-1.434861004038397170e-03 8.633395634266247684e-04
-1.179667570275461314e-03 1.436311470943731940e-03
-6.713709814900960292e-04 1.886568423655265525e-03
-2.696909770488783959e-05 2.141402191180741960e-03
6.132096891833630240e-04 2.163504862664783913e-03
1.112211946335990576e-03 1.957881600318749429e-03
1.362439938392070223e-03 1.570790877723655769e-03
1.305988613655618621e-03 1.080914655183256700e-03
9.454906000177086978e-04 5.844311791697640425e-04
3.434203169434858760e-04 1.768165919230031214e-04
-3.900045088345440000e-04 -6.518008542215846489e-05
-1.118024805251270192e-03 -9.797783142918999565e-05
-1.703621191692548335e-03 8.071085928077089116e-05
-2.035886665898897861e-03 4.316044554455262736e-04
-2.051485122525811139e-03 8.814744363486751123e-04
-1.747119611250849518e-03 1.337216514427747157e-03
-1.180636058136645336e-03 1.703701031544198200e-03
-4.605398668106980243e-04 1.902016596695792466e-03
2.741030014288904680e-04 1.884646369364209812e-03
8.795876384426914345e-04 1.644697159134899354e-03
1.234418232468296930e-03 1.217427747479889275e-03
1.262009629442756298e-03 6.737812714762897231e-04
9.449531238963127010e-04 1.071409565398939311e-04
3.281527795786236181e-04 -3.841878390886109031e-04
-4.897559470250645178e-04 -7.154564695480004725e-04
-1.375076792077556138e-03 -8.314172694135865856e-04
-2.184275741757333786e-03 -7.167168497116155768e-04
-2.790981323683282105e-03 -3.987721349794346218e-04
-3.109652576507040966e-03 5.741479529826565504e-05
-3.111438218632885892e-03 5.615216586734201069e-04
-2.829231057294073325e-03 1.014929745691147854e-03
-2.350969267179999975e-03 1.329285372397855320e-03
-1.802463115382039235e-03 1.443087530798151975e-03
-1.323010363681527716e-03 1.333164772912024711e-03
-1.038430146321734802e-03 1.018872815546118579e-03
-1.036634804168414404e-03 5.582233351132729043e-04
-1.350379169791553072e-03 3.668277089298910450e-05
-1.950467970829020256e-03 -4.492317680977469955e-04
-2.750721619953824630e-03 -8.104470781332597917e-04
-3.623773688623233361e-03 -9.824106937633887184e-04
-4.424721526431850752e-03 -9.375103703629257806e-04
-5.018163329906347864e-03 -6.904787674166929217e-04
-5.303512276027461114e-03 -2.957545586597931371e-04
-5.233802814033999135e-03 1.627051759104560641e-04
-4.824434445317814582e-03 5.872363324781403830e-04
-4.150201452210511288e-03 8.849122752666027658e-04
-3.331172824210607182e-03 9.851312877912010105e-04
-2.510095623839227186e-03 8.530182265427484114e-04
-1.825597947587840860e-03 4.961033428603457088e-04
-1.386260954074845439e-03 -3.698665974006019137e-05
-1.250462919109670244e-03 -6.655787009256331844e-04
-1.415803473916468552e-03 -1.292033094842228412e-03
-1.820100430520187702e-03 -1.820000864565869854e-03
-2.353758765962713027e-03 -2.172405762480900983e-03
-2.881156694464339068e-03 -2.305751190196287086e-03
-3.266985338341980329e-03 -2.218048864016675288e-03
-3.402539845217567374e-03 -1.948874394780247734e-03
-3.226968649087823618e-03 -1.571546129462088022e-03
-2.739442265574917011e-03 -1.178915281893840082e-03
-1.999922777074605081e-03 -8.654651163010343906e-04
-1.118374368748773374e-03 -7.091156754323888010e-04
-2.344450754019659303e-04 -7.561859602384646273e-04
5.085443683375667073e-04 -1.012367091684026601e-03
9.903889818917396056e-04 -1.441421153278046961e-03
1.136500548017022093e-03 -1.971856807889299859e-03
9.318661407842923714e-04 -2.510321584253873400e-03
4.238244760694925839e-04 -2.959178120723774102e-03
-2.868644484669771602e-04 -3.234938617960243876e-03
-1.064966459193545474e-03 -3.284068422253954254e-03
-1.766152591876543870e-03 -3.093166905531015681e-03
-2.264010514391054385e-03 -2.691597432225955981e-03
-2.473580850798730475e-03 -2.146066832759584674e-03
-2.366971263763554233e-03 -1.548178014763769515e-03
-1.978102951733539880e-03 -9.973088171135674820e-04
-1.395703396808492839e-03 -5.820542703372771215e-04
-7.458858544969421221e-04 -3.637406740599220117e-04
-1.676286201203248429e-04 -3.651269514298334778e-04
2.141879512283970631e-04 -5.664259895232945331e-04
3.130660463321235498e-04 -9.093922375953467953e-04
9.788329209894854228e-05 -1.308694284985834197e-03
-4.006381470929539553e-04 -1.668411755247158502e-03
-1.095224758596128299e-03 -1.900525810975751528e-03
-1.858117194421021875e-03 -1.941895487580415618e-03
-2.544876896453444198e-03 -1.766499291483481816e-03
-3.021435143135605631e-03 -1.390618580970292856e-03
-3.189269995944081330e-03 -8.699763454702890472e-04
-3.003949030731329489e-03 -2.893689832318058945e-04
-2.483529655296209601e-03 2.532489786826244422e-04
-1.705226873613639119e-03 6.652159130993277360e-04
-7.909774986360989905e-04 8.766573294745822528e-04
1.153700170309844260e-04 8.537108955742006653e-04
8.749273461423293791e-04 6.049772354807315174e-04
1.379619636141188018e-03 1.799733093987134565e-04
1.572134907497326189e-03 -3.401213716328147776e-04
1.456203354614174061e-03 -8.576769791345777031e-04
1.095272745511082120e-03 -1.276908010777412159e-03
5.998444045023903354e-04 -1.521791527749082919e-03
1.058821594099384426e-04 -1.550222184270869151e-03
-2.516026481151970029e-04 -1.361730325529098918e-03
-3.647736248891682818e-04 -9.973085082015244011e-04
-1.740196937799339764e-04 -5.313860718409977885e-04
3.201661004345931344e-04 -5.747798762857181214e-05
1.056741151231301284e-03 3.297682983057217358e-04
1.925196837420349106e-03 5.527226609066362333e-04
2.786082127353336699e-03 5.656766503804382899e-04
3.497089038822267550e-03 3.636755067790426029e-04
3.939766610861558313e-03 -1.639849569051883820e-05
4.041808921149778883e-03 -5.026996838893087963e-04
3.790698620237046082e-03 -1.001950472489582765e-03
3.236122224623552094e-03 -1.417070170113063701e-03
2.480697454992084397e-03 -1.665563988319620266e-03
1.660763977947649073e-03 -1.695190317486148330e-03
9.208683206042055439e-04 -1.493938640263034641e-03
3.867656847233431981e-04 -1.092426545593061255e-03
1.420403497019236301e-04 -5.582585614456615081e-04
2.127596608031440562e-04 1.658948332218664837e-05
5.630543698731756055e-04 5.329770350404829018e-04
1.102448573528352210e-03 9.031440360695346592e-04
1.703537494016289008e-03 1.067089335688338253e-03
2.226652108882527098e-03 1.003687260937566978e-03
2.546827089272969864e-03 7.344436502046969295e-04
2.577953056941138452e-03 3.191862461606684580e-04
2.289528266686038146e-03 -1.554886846501592516e-04
1.712827319545684283e-03 -5.928204171095406792e-04
9.353098073256833553e-04 -9.043895637047940153e-04
8.432012113072386537e-05 -1.027017083054192073e-03
-6.968409470430396956e-04 -9.348527781205004470e-04
-1.275945986817794480e-03 -6.443610237275359739e-04
-1.556856141255680455e-03 -2.112570507825295082e-04
-1.497785082103374188e-03 2.800279246009923072e-04
-1.119351385478339119e-03 7.323588513068378597e-04
-5.008902805506997881e-04 1.054354245728662863e-03
2.342833107251942519e-04 1.177792720055286435e-03
9.418784493825111803e-04 1.070670397306241854e-03
1.483553033023814020e-03 7.434334426261239538e-04
1.752673263078902794e-03 2.472013046751927426e-04
1.694042932199863946e-03 -3.356879752321490374e-04
1.313880301039536741e-03 -9.070258627544499101e-04
6.781673281909541499e-04 -1.371074879561951388e-03
-1.003023077461583258e-04 -1.652437106329287045e-03
-8.837104895731838668e-04 -1.710072759335217515e-03
-1.535699154321035079e-03 -1.544820778021263000e-03
-1.947525552042846629e-03 -1.199003433411963138e-03
-2.058925446698968258e-03 -7.481954337247149990e-04
-1.869724943060302284e-03 -2.867211582011133775e-04
-1.439994981838806001e-03 9.036933195960376863e-05
-8.787137371342980873e-04 3.054287305181045079e-04
-3.230800405088428114e-04 3.130094862646803748e-04
8.760685487741999393e-05 1.085250093265253870e-04
2.385549457330766836e-04 -2.708666764762254374e-04
6.153395293752826622e-05 -7.533250579431921296e-04
-4.518040275055563038e-04 -1.245997792319845573e-03
-1.247866695245401000e-03 -1.652710339481004665e-03
-2.220724964681099634e-03 -1.892322968586992180e-03
-3.231569894085186637e-03 -1.914276120683522332e-03
-4.134351280715682121e-03 -1.708376483319138783e-03
-4.802756921910146352e-03 -1.306965743115161196e-03
-5.153438667028267459e-03 -7.790555470470597382e-04
-5.161102651498751526e-03 -2.175327836730141674e-04
-4.862621816179730702e-03 2.781490027788102184e-04
-4.349407213184896398e-03 6.205217569247980852e-04
-3.749497129104909128e-03 7.503927837203272500e-04
-3.202768925627822588e-03 6.477945797999292441e-04
-2.833979352655071737e-03 3.355275285435112731e-04
-2.728748716705243355e-03 -1.253696482878172396e-04
-2.917045184807532179e-03 -6.473589073052118687e-04
-3.367303548904135996e-03 -1.133124126383254233e-03
-3.992297212833802351e-03 -1.494104657367801691e-03
-4.665654654664314928e-03 -1.667328886642902800e-03
-5.245893972591767276e-03 -1.627358220224348713e-03
-5.603423415510273495e-03 -1.391078616419353080e-03
-5.645392006398217838e-03 -1.014432019769092187e-03
-5.333679254293559324e-03 -5.817072126308753558e-04
-4.692609878902589959e-03 -1.894195382752582660e-04
-3.804922930354824942e-03 7.216533476244726616e-05
-2.796746791731284827e-03 1.363612365356489144e-04
-1.814411681631136882e-03 -2.704136853374453781e-05
-9.974756570296625015e-04 -4.057586596650722280e-04
-4.530563469795558396e-04 -9.470226393344944715e-04
-2.363130566391694141e-04 -1.567242407302287107e-03
-3.407592805111097235e-04 -2.167495107983896750e-03
-7.002245393326365442e-04 -2.651920504975701330e-03
-1.202079233066381293e-03 -2.945543423991321338e-03
-1.709204485021044570e-03 -3.008156521746819037e-03
-2.086534392633790629e-03 -2.841641451386043779e-03
-2.227133942903599881e-03 -2.489348343386747157e-03
-2.072865631492532869e-03 -2.027656529332507156e-03
-1.625724449028656537e-03 -1.551319085870391315e-03
-9.476899099256708755e-04 -1.155369944676504614e-03
-1.491202071536740789e-04 -9.170223074326513610e-04
6.321147311533573945e-04 -8.809878396516812593e-04
1.256808754884893194e-03 -1.050997449861774480e-03
1.610943721901563147e-03 -1.389129228962045735e-03
1.627534486703947252e-03 -1.823069885180251225e-03
1.299650752741002193e-03 -2.259932877181522817e-03
6.821407575498077396e-04 -2.604014035879977356e-03
-1.182805600358097318e-04 -2.775119005281731152e-03
-9.627145080796950007e-04 -2.723987663995213609e-03
-1.705819313792888503e-03 -2.441889524793058874e-03
-2.222748922377173857e-03 -1.962567102822068699e-03
-2.432203867079324976e-03 -1.356152609023640772e-03
-2.311244306047498601e-03 -7.162028446676179522e-04
-1.899074714251788301e-03 -1.423001211842343490e-04
-1.289097119445215987e-03 2.784933168424756416e-04
-6.107499672551735832e-04 4.878225221975683416e-04
-4.582339808911631632e-06 4.668099759419018328e-04
4.047075546519569855e-04 2.393749690678613181e-04
5.321571064485555985e-04 -1.325213628360026174e-04
3.488192972225529886e-04 -5.608009011917585579e-04
-1.126479948985882173e-04 -9.481021052619503439e-04
-7.641430069302773210e-04 -1.206332501226263683e-03
-1.478864102601396870e-03 -1.273425735723252624e-03
-2.115463590105938659e-03 -1.125129679555766146e-03
-2.545033168987260314e-03 -7.795938266210425318e-04
-2.675804797804497322e-03 -2.938885786785463408e-04
-2.470881616362505598e-03 2.468824185844862174e-04
-1.955631744609598582e-03 7.458123772119734565e-04
-1.213333757325313171e-03 1.112687014196862226e-03
-3.698860629869457801e-04 1.281239130322689261e-03
4.295376800131638518e-04 1.221889820694386022e-03
1.047480489356188539e-03 9.475580306161321712e-04
1.379744249107994021e-03 5.114322239242392095e-04
1.374659361058182998e-03 -2.880367542695090252e-06
1.042446115537584532e-03 -4.969681979942101955e-04
4.529071335632690659e-04 -8.760433228958229958e-04
-2.781016502079774653e-04 -1.066699413519241798e-03
-1.010850888309256651e-03 -1.030642778010734412e-03
-1.608361855278778781e-03 -7.718010994054237987e-04
-1.962428351886582809e-03 -3.354677407701863942e-04
-2.014106271373151263e-03 2.003533151024370197e-04
-1.764790249881207111e-03 7.397609182023819714e-04
-1.275781250535654426e-03 1.187122480728301007e-03
-6.564302239542461545e-04 1.465152073442631698e-03
-4.310805651437925757e-05 1.529478491367461173e-03
4.270091419981663760e-04 1.376946362273470757e-03
6.423670143078951712e-04 1.046080795177518463e-03
5.386581416071589603e-04 6.096306279869273276e-04
1.115393077143274521e-04 1.606059546830189162e-04
-5.819796835178402475e-04 -2.055418460976291906e-04
-1.433751994409731244e-03 -4.092183011176498417e-04
-2.304394107662867744e-03 -4.019918647361812956e-04
-3.049116600436715258e-03 -1.760035297509464402e-04
-3.544608302525374417e-03 2.343079940520863096e-04
-3.711896805145863294e-03 7.584986080109922760e-04
-3.530869279294367429e-03 1.303243567568646965e-03
-3.043715471945372328e-03 1.769815618296523459e-03
-2.346650795639693924e-03 2.072612776813124395e-03
-1.571494729047375740e-03 2.155232611549044025e-03
-8.605985080235908219e-04 2.001053578456127649e-03
-3.398730996938366042e-04 1.636323034783831055e-03
-9.502582785946098870e-05 1.125169338421305384e-03
-1.555041828965614964e-04 5.574835541462778033e-04
-4.891838245529305136e-04 3.196541296327762467e-05
-1.008801334357940782e-03 -3.624571418082432649e-04
-1.588906517071481724e-03 -5.633184269806770957e-04
-2.090115453497534692e-03 -5.462578165103737157e-04
-2.386061570916336427e-03 -3.294137121597230915e-04
-2.387929780764821291e-03 3.025919278479337424e-05
-2.061915238119670351e-03 4.480472630950533674e-04
-1.436287084237447597e-03 8.278108119129486608e-04
-5.967051626485587925e-04 1.080493997181686911e-03
3.293383878044473922e-04 1.141300507544866852e-03
1.196021618339417232e-03 9.822760926367301269e-04
1.866203775312333737e-03 6.179084916652971462e-04
2.236844237288734220e-03 1.026774318704911032e-04
2.258029183971806478e-03 -4.789882265680804477e-04
1.942014746904620988e-03 -1.028451070997963256e-03
1.360584013081503514e-03 -1.451328896997794611e-03
6.312259653876396356e-04 -1.675190698704800626e-03
-1.052412840563250697e-04 -1.663138349360876586e-03
-7.113630070071783789e-04 -1.420705386786801343e-03
-1.079001392997121830e-03 -9.947685965206421680e-04
-1.149637642998244504e-03 -4.646793536131941875e-04
-9.251824822323407357e-04 7.270620126145429813e-05
-4.672542689946445477e-04 5.212648600773060487e-04
1.149305361907523198e-04 8.036608476599282382e-04
6.857518018630892349e-04 8.758016492509257530e-04
1.109440603731777844e-03 7.349619013661321367e-04
1.276410660728167449e-03 4.200417277032905423e-04
1.124666945795812622e-03 3.915851196768399973e-06
6.522234597810197413e-04 -4.206720311303013262e-04
-8.183595381647159727e-05 -7.589924289146439277e-04
-9.678696882117215515e-04 -9.325979149963051391e-04
-1.865787880013423938e-03 -8.945096396081919686e-04
-2.630966148944144552e-03 -6.384398060768914102e-04
-3.141070492551518382e-03 -2.002967678700122390e-04
-3.318726515685812770e-03 3.483190629870445455e-04
-3.145751537165276685e-03 9.134033788247741988e-04
-2.666263926107309643e-03 1.396110013134250951e-03
-1.978088125299643299e-03 1.711266722481065124e-03
-1.214087808712991517e-03 1.803343120726078660e-03
-5.169643164688608478e-04 1.656850534284559379e-03
-1.229236068510408154e-05 1.299206652187812451e-03
2.151036863440010730e-04 7.955233896250699663e-04
1.369644466257774300e-04 2.363045307953905573e-04
-2.133866230051328135e-04 -2.796188381772420550e-04
-7.477637629315983525e-04 -6.636863373064434387e-04
-1.340295151668305981e-03 -8.542214587763909605e-04
-1.851791097379647949e-03 -8.279181672076176219e-04
-2.156677565444792190e-03 -6.040305572426302692e-04
-2.167381862993710256e-03 -2.404774127126174535e-04
-1.851539169085079841e-03 1.773951158143883579e-04
-1.238747671859491114e-03 5.532589428740794252e-04
-4.155790187109314722e-04 7.983373776359574273e-04
4.902251078816248064e-04 8.485105943475974161e-04
1.333391330914944278e-03 6.767477433487951739e-04
1.978124487618122904e-03 2.985051174071866363e-04
2.323386173409337438e-03 -2.309381604741643696e-04
2.321665313387611968e-03 -8.267084699003598340e-04
1.987694616140207350e-03 -1.390198773361724961e-03
1.395468406840417661e-03 -1.827563824033995050e-03
6.641301413089827164e-04 -2.067351119045972990e-03
-6.459701845499795161e-05 -2.073931730546119904e-03
-6.531642887280960340e-04 -1.854189267390023545e-03
-9.940736384993114141e-04 -1.456200672336507157e-03
-1.029982341009213088e-03 -9.601578730807063672e-04
-7.642363336159950244e-04 -4.632475409798736008e-04
-2.598469680226779587e-04 -6.134933956238226588e-05
3.728846005509641858e-04 1.689853702000664254e-04
9.977404129252859764e-04 1.848662254182536178e-04
1.478896616961989253e-03 -1.500117836673940230e-05
1.707177274443122568e-03 -3.902753645351806190e-04
1.621266586729319323e-03 -8.668361552237324741e-04
1.219849641132148737e-03 -1.351045453381445171e-03
5.623696351572614847e-04 -1.747705398976859802e-03
-2.417545781619127442e-04 -1.978307437353332265e-03
-1.053421013569368200e-03 -1.996110754765158084e-03
-1.729815700094171002e-03 -1.795189103802720745e-03
-2.151154274380653788e-03 -1.411727563687753800e-03
-2.243138168215576874e-03 -9.173188748611182030e-04
-1.990878992993251172e-03 -4.055245901009924187e-04
-1.441658137336425827e-03 2.575763963777271109e-05
-6.960005078664244834e-04 2.927843996118281462e-04
1.112481325093077149e-04 3.418149186635735613e-04
8.362601920053492482e-04 1.593172146749381648e-04
1.353188885871618643e-03 -2.254011293592722825e-04
1.577656379997272127e-03 -7.456374160893231018e-04
1.482329064648384631e-03 -1.309785373161484294e-03
1.101641362649884506e-03 -1.818512146941532286e-03
5.247853127154706492e-04 -2.183372599293336141e-03
-1.216941651301290165e-04 -2.343341125333636352e-03
-6.983897027143469959e-04 -2.276135972550290612e-03
-1.079956963483987660e-03 -2.002197494597549379e-03
-1.179363294861864421e-03 -1.580573111910370558e-03
-9.648546702339869238e-04 -1.097494455277776273e-03
-4.664153116990367789e-04 -6.498159520591626111e-04
2.295152052324572365e-04 -3.264569399771661239e-04
9.960779408253229734e-04 -1.913670919724518027e-04
1.689756709516708564e-03 -2.712460450528871459e-04
2.177374757231540642e-03 -5.503473763649198826e-04
2.361220086792696973e-03 -9.733550007857592282e-04
2.197545762142155343e-03 -1.455790755963708074e-03
1.704943671085826446e-03 -1.899984950156757921e-03
9.610052764875728730e-04 -2.213587220158336373e-03
8.789836727978594813e-05 -2.327112936509808609e-03
-7.704146235405268019e-04 -2.207201990366300035e-03
-1.475010440003439839e-03 -1.863077757808732741e-03
-1.917819087334630924e-03 -1.344980773817023873e-03
-2.041540878348933625e-03 -7.348704473481565544e-04
-1.849907065966726900e-03 -1.311513818287128857e-04
-1.406354269773461667e-03 3.696885209616124603e-04
-8.213776626165523185e-04 6.910570241009455442e-04
-2.309721659061303835e-04 7.904556010387290069e-04
2.297413711507352487e-04 6.672149552106841630e-04
4.526964571361694577e-04 3.623103158239028023e-04
3.778963181138828530e-04 -4.970147749650727679e-05
5.271757417535209711e-06 -4.750895086161399184e-04
-6.048759578568710209e-04 -8.189662971379294606e-04
-1.342941820284868299e-03 -1.003497550782253252e-03
-2.070507008195093986e-03 -9.828506292854644055e-04
-2.646379354392389485e-03 -7.520464827135664139e-04
-2.953258521035530531e-03 -3.480350914696907195e-04
-2.919979452066028339e-03 1.572121354458240700e-04
-2.535122594312546121e-03 6.702870027668779689e-04
-1.849411789840417052e-03 1.094034980357453009e-03
-9.664415854073011517e-04 1.346001879842148455e-03
-2.348340638247110954e-05 1.374143044158375069e-03
8.340034207394851802e-04 1.166818690813415608e-03
1.479339726789027486e-03 7.551799295703291596e-04
1.827979196185741239e-03 2.074897765079599201e-04
1.852837212103527424e-03 -3.835503312276600718e-04
1.588707690956394714e-03 -9.180743690502606805e-04
1.124946570112415759e-03 -1.307661264034304946e-03
5.878226195136782017e-04 -1.491763016913320253e-03
1.158927495143533947e-04 -1.448847658156767002e-03
-1.669204638841841927e-04 -1.200154245811545098e-03
-1.754367871367502624e-04 -8.053560863380398180e-04
1.200665752269943452e-04 -3.509604116289729734e-04
6.877101722567908765e-04 6.635223835664170663e-05
1.439612135906639945e-03 3.582880433940803305e-04
2.248181339266072404e-03 4.618794967586782466e-04
2.970025763734554167e-03 3.515923633290347905e-04
3.472953819357894444e-03 4.430376421335469311e-05
3.660958396134003819e-03 -4.037940221534708609e-04
3.492453013213907363e-03 -9.077795601391816169e-04
2.988304777500342974e-03 -1.370074339233367296e-03
2.228138567227348592e-03 -1.698957418509805008e-03
1.335605607327401603e-03 -1.826015668841756562e-03
4.553973152242456494e-04 -1.719223309493809679e-03
-2.736533456649573818e-04 -1.389171170035939564e-03
-7.443014108601151910e-04 -8.872623465913066429e-04
-9.005913764277848413e-04 -2.962112399967512053e-04
-7.478139626722437368e-04 2.853604484439022028e-04
-3.508473252636402375e-04 7.613200719262186791e-04
1.787884987556719724e-04 1.055935903291233728e-03
7.046980794211483903e-04 1.127919691151675402e-03
1.092062359486893793e-03 9.779478671462214258e-04
1.233753594695585504e-03 6.482441491071944421e-04
1.071156151322653818e-03 2.143092522814301596e-04
6.057395958132376097e-04 -2.296300322292640526e-04
-1.008168431700743337e-04 -5.886914814403603619e-04
-9.379797263220167715e-04 -7.855011816809793698e-04
-1.767052320398757731e-03 -7.750069630125043345e-04
-2.447286744251923885e-03 -5.531334025940101359e-04
-2.862474431023411675e-03 -1.576372915120131729e-04
-2.942979231978073117e-03 3.389997529466720096e-04
-2.679038225294504312e-03 8.432960931663031207e-04
-2.122806594610635988e-03 1.258512825516144200e-03
-1.378752219638645828e-03 1.503053198593862997e-03
-5.842098011774395257e-04 1.526032132035977287e-03
1.162338564050647942e-04 1.317064299884174953e-03
5.976848670723533888e-04 9.084132721606984423e-04
7.781279968208452535e-04 3.690900547924312039e-04
6.334758924266441823e-04 -2.079867725427270392e-04
2.016455251844895095e-04 -7.233438008614410638e-04
-4.250967125511727123e-04 -1.089538774240132648e-03
-1.118058760010566966e-03 -1.247466919915552830e-03
-1.736909177441178960e-03 -1.177306479258825259e-03
-2.156621167480698206e-03 -9.020372361829916315e-04
-2.291462200397774082e-03 -4.828718048184528272e-04
-2.111478030444514497e-03 -7.470245620704989717e-06
-1.648342772142399187e-03 4.268255816307298871e-04
-9.894620929757184675e-04 7.315592455381614246e-04
-2.614428491632905956e-04 8.440095839775726277e-04
3.939419114351898820e-04 7.391303328374632716e-04
8.467404284463223799e-04 4.343175084378847126e-04
1.003648755430122750e-03 -1.389835330098404412e-05
8.259699398009461230e-04 -5.206079379818253196e-04
3.372978459067586679e-04 -9.886885007524548463e-04
-3.805384544188923071e-04 -1.327315319736236104e-03
-1.202512381608103389e-03 -1.469310796515364663e-03
-1.983584032737080449e-03 -1.384042169950648431e-03
-2.585653663226104501e-03 -1.083421037724213720e-03
-2.903194249730974182e-03 -6.198634517278425347e-04
-2.882723391587674842e-03 -7.659112108435097311e-05
-2.532441299277867972e-03 4.478958584268353323e-04
-1.920223246573528287e-03 8.582408382136394714e-04
-1.160359186972901918e-03 1.080064983812583637e-03
-3.915629502201322092e-04 1.073843238353255208e-03
2.495746643951402693e-04 8.422002444452539489e-04
6.546532792049920748e-04 4.292501861837674576e-04
7.641076090019993097e-04 -8.788949288991522771e-05
5.785148591738531812e-04 -6.137993516786676828e-04
1.584203984332680859e-04 -1.052887129739131511e-03
-3.872864269149774684e-04 -1.327509744224244018e-03
-9.222441087574530369e-04 -1.392655488210837447e-03
-1.308782851009129356e-03 -1.244406254943675964e-03
-1.434420680204420619e-03 -9.205784185237436777e-04
-1.233667013558852749e-03 -4.934229502464534435e-04
-7.009955565900423315e-04 -5.576984780733621741e-05
1.074811957411225122e-04 2.967558694690630456e-04
1.083965659294382862e-03 4.840747246909107154e-04
2.088686167774076504e-03 4.570720047264164058e-04
2.975647564477301374e-03 2.071704101385542056e-04
3.619560396990330765e-03 -2.317623800755171147e-04
3.938864564994412620e-03 -7.895385912894817889e-04
3.910502522726640347e-03 -1.372654293736276683e-03
3.573658886223490382e-03 -1.881716646774149503e-03
3.021771822861802053e-03 -2.230001290462821882e-03
2.384341371067263612e-03 -2.359632743488840334e-03
1.801990433906681477e-03 -2.252330480515900377e-03
1.399510005088438428e-03 -1.932691722312568101e-03
1.261999713397697663e-03 -1.463394199738424608e-03
1.418626311405632922e-03 -9.332309822753492292e-04
1.837077881132709659e-03 -4.402455600628590697e-04
2.429763969543232739e-03 -7.316204533669760056e-05
3.070585546619423144e-03 1.053728388920817296e-04
3.619095145950827937e-03 7.056334393512999140e-05
3.947466178917178985e-03 -1.599740550222165025e-04
3.965156597191988631e-03 -5.297231241088712480e-04
3.636586942747252037e-03 -9.541858744897158563e-04
2.988474051463620336e-03 -1.337134962384485277e-03
2.105419073470308697e-03 -1.589118570001384675e-03
1.114571381324762746e-03 -1.644708608527754596e-03
1.622574711790430091e-04 -1.475220270789205472e-03
-6.130152731304151607e-04 -1.094487746503738489e-03
-1.106083926652809499e-03 -5.565951812879633802e-04
-1.264366754817701673e-03 5.401506014617875849e-05
-1.097183662565871364e-03 6.381914282958544866e-04
-6.734092183652688225e-04 1.100523738798619023e-03
-1.079148440364292329e-04 1.367108519342610058e-03
4.606222586878167685e-04 1.399271512534913057e-03
8.963331718953867306e-04 1.200654392340781609e-03
1.092148685459877261e-03 8.163283285045276789e-04
9.902425458826000920e-04 3.241057856677585954e-04
5.930537546504501640e-04 -1.803017858417434649e-04
-3.719881385397857260e-05 -6.014684317757966166e-04
-7.904151061225751784e-04 -8.623365516856322955e-04
-1.529668406049056661e-03 -9.187745093002469641e-04
-2.117422652937884196e-03 -7.678537531779983582e-04
-2.441940222705904148e-03 -4.482802500758295214e-04
-2.438870168921623751e-03 -3.290142651652373470e-05
-2.103918053868466739e-03 3.852888830395907911e-04
-1.494185937043327134e-03 7.109930441816081749e-04
-7.179153546713061725e-04 8.649160596299092707e-04
8.543873976827269902e-05 7.990635972399045888e-04
7.710446785368396975e-04 5.061284541328800674e-04
1.215563855394262817e-03 2.118127414716601369e-05
1.339979983534778617e-03 -5.846616610920397179e-04
1.124078523546004869e-03 -1.217401602811542987e-03
6.098468624876385346e-04 -1.777665870397094998e-03
-1.068378008765089710e-04 -2.179252965889310820e-03
-8.946499823901265689e-04 -2.365208590148694390e-03
-1.611888016119501256e-03 -2.318393587019912036e-03
-2.133424609326780089e-03 -2.064546835746805531e-03
-2.374430290747776839e-03 -1.667266174939599412e-03
-2.306377460652710067e-03 -1.215859743294983196e-03
-1.962296547292469683e-03 -8.083691178865528128e-04
-1.430292900760058881e-03 -5.329789029382536042e-04
-8.365577553052802682e-04 -4.513320572854667700e-04
-3.210975963166514454e-04 -5.869085740804668924e-04
-1.078657130184593367e-05 -9.206656215387825542e-04
5.145179724649678529e-06 -1.394761588978651662e-03
-3.074655270474280916e-04 -1.923655129334088604e-03
-9.206922088486008213e-04 -2.410473203709078902e-03
-1.749239217620945658e-03 -2.765543855321192859e-03
-2.666025330481486613e-03 -2.923579012014507813e-03
-3.525693549027170397e-03 -2.856247795996978093e-03
-4.191609198455439368e-03 -2.577753342695154708e-03
-4.561247310328852070e-03 -2.142350821570491223e-03
-4.585174284683676826e-03 -1.634270382969826591e-03
-4.276040435797774653e-03 -1.151947159559690067e-03
-3.705889850059783386e-03 -7.895388667026444424e-04
-2.992304211870717469e-03 -6.192257903446666059e-04
-2.276009419787628548e-03 -6.776406514099331257e-04
-1.694188063264831859e-03 -9.589948411856690945e-04
-1.354551612105900750e-03 -1.416200638688319517e-03
-1.315080065409836773e-03 -1.969776059701672331e-03
-1.573261548367549997e-03 -2.522846379003811004e-03
-2.066863576758766995e-03 -2.979402922415541003e-03
-2.686082435810128229e-03 -3.262363829069555091e-03
-3.294761140425019486e-03 -3.328019748463735637e-03
-3.756647991365091258e-03 -3.174132625989548907e-03
-3.961712196341036357e-03 -2.840158124233995232e-03
-3.847521320214783089e-03 -2.399554163922497027e-03
-3.411619699932692817e-03 -1.945637045886498438e-03
-2.712550508589654102e-03 -1.573668793627861200e-03
-1.859314330153663021e-03 -1.362573310955050073e-03
-9.912467911755403274e-04 -1.359749486567364248e-03
-2.521123938626504760e-04 -1.571863119611284802e-03
2.366923614395620261e-04 -1.963367459929233737e-03
3.987636871563406214e-04 -2.463038577534575144e-03
2.168686907576115354e-04 -2.977293797814987465e-03
-2.639998033743615061e-04 -3.407776470270045075e-03
-9.452645318676702619e-04 -3.669881685146098981e-03
-1.693461582377898131e-03 -3.708718371014974556e-03
-2.365453321543041325e-03 -3.509487511593525726e-03
-2.835383806909998368e-03 -3.100312408391543272e-03
-3.018276308563372194e-03 -2.546985057172407307e-03
-2.885810436161072908e-03 -1.940622382337390834e-03
-2.471299055021592903e-03 -1.380567616171164084e-03
-1.862931922215255295e-03 -9.557715003334578321e-04
-1.186576180552797056e-03 -7.281749677306161798e-04
-5.814024938457014891e-04 -7.212352464723553042e-04
-1.729650067003639727e-04 -9.157628356955576547e-04
-4.884607728678066682e-05 -1.253852035233685288e-03
-2.414914842944866028e-04 -1.650154830047555459e-03
-7.215004542243477238e-04 -2.008357153657878633e-03
-1.402655154763062222e-03 -2.239731226682457541e-03
-2.157751064536331427e-03 -2.280244398815768452e-03
-2.842243768096179481e-03 -2.102978241140320524e-03
-3.321246585999527469e-03 -1.723499831605905747e-03
-3.494777508875026445e-03 -1.197162066253538125e-03
-3.316483650588063735e-03 -6.088386052327061839e-04
-2.802304513486165299e-03 -5.703220666749013370e-05
-2.027438331320166945e-03 3.646386565795632076e-04
-1.112188303069976732e-03 5.850726989060947396e-04
-1.993687190697687956e-04 5.691017109653562743e-04
5.724533692489557415e-04 3.241501908394023778e-04
1.094819195632938148e-03 -1.011225063407743610e-04
1.309452487840451424e-03 -6.259418565734321685e-04
1.218755039197421753e-03 -1.152575465432922755e-03
8.847472442327706903e-04 -1.584661475493329835e-03
4.166664916500511812e-04 -1.845241900622367551e-03
-5.041502002729259316e-05 -1.891091199666455804e-03
-3.818902247965637060e-04 -1.720632428069759044e-03
-4.698403307785389057e-04 -1.373947972219397799e-03
-2.542008119595638195e-04 -9.248891747458308976e-04
2.651525851416519815e-04 -4.667855444842545012e-04
1.027701099223911427e-03 -9.446633420777264881e-05
1.923110747337982958e-03 1.139944516015808582e-04
2.811553725567216173e-03 1.123462862535960609e-04
3.549687699671047816e-03 -1.048161225888453053e-04
4.017384483477475648e-03 -5.007920182944501685e-04
4.140155926652706354e-03 -1.003519128368234687e-03
3.903037451345754000e-03 -1.519051367747464203e-03
3.353304755903866070e-03 -1.949221590723213948e-03
2.591511051365193684e-03 -2.210147642845488192e-03
1.752541125965561587e-03 -2.248079073239228967e-03
9.802664657696754692e-04 -2.049584317539791464e-03
4.005952015457602336e-04 -1.644148863302392037e-03
9.801274516633875881e-05 -1.098691067259858437e-03
1.000463365644010342e-04 -5.050318672978221799e-04
3.725847625520998293e-04 3.731206621017607930e-05
8.269276461650959097e-04 4.397576098310112484e-04
1.337216478749543493e-03 6.411843207082439707e-04
1.764932836890086617e-03 6.192392844858857475e-04
1.985810446209353066e-03 3.942833563151491448e-04
1.914050434168447761e-03 2.523823799949935845e-05
1.519239833716036665e-03 -4.018723513209904782e-04
8.327554439911005225e-04 -7.905107057279875697e-04
-5.757315498287657492e-05 -1.052194545137450157e-03
-1.023543405085014166e-03 -1.123525114784460583e-03
-1.920368750654085971e-03 -9.784436261288432819e-04
-2.613681658390575643e-03 -6.333898791043388477e-04
-3.004644972390661806e-03 -1.443816574690480481e-04
-3.048421971945475435e-03 4.034358830686349826e-04
-2.762510867686434994e-03 9.117949758203004913e-04
-2.223366490143156154e-03 1.287835794381010385e-03
-1.551947638012086223e-03 1.461655349949262349e-03
-8.909234233947579008e-04 1.399552299634095835e-03
-3.778493179025866136e-04 1.110459269558695299e-03
-1.193848240546601693e-04 6.443432297898159938e-04
-1.714257055319648882e-04 8.287427892416995433e-05
-5.289022733488979184e-04 -4.758737961483909496e-04
-1.127163746799370427e-03 -9.357985868670550076e-04
-1.854673991232930197e-03 -1.220745501876947196e-03
-2.574601531285739941e-03 -1.288687391105630469e-03
-3.151202298927783217e-03 -1.139428558260266846e-03
-3.475986061210106781e-03 -8.143808413465232314e-04
-3.488698751333977818e-03 -3.884607330124814194e-04
-3.189135207766663743e-03 4.435167885579838036e-05
-2.637534112714895983e-03 3.890513205084496001e-04
-1.943470220167501511e-03 5.678229302863351067e-04
-1.245338588741603560e-03 5.349779094895499264e-04
-6.843087044039305924e-04 2.857804245383836327e-04
-3.776754022613215342e-04 -1.425122738333321152e-04
-3.966497233304957636e-04 -6.775953603470587444e-04
-7.527942521327267954e-04 -1.225734874706964437e-03
-1.395672825290055624e-03 -1.689481759631024371e-03
-2.222163229222324805e-03 -1.986127696312240797e-03
-3.095675186564442270e-03 -2.063407503595028700e-03
-3.871642252195443140e-03 -1.909473294724816240e-03
-4.424469936164336474e-03 -1.555249346469906669e-03
-4.670848054776503659e-03 -1.068718513895605075e-03
-4.585024922018746986e-03 -5.422179933021627467e-04
-4.203163943589461118e-03 -7.514517420465296766e-05
-3.615971068092323822e-03 2.446572355320281384e-04
-2.951002789395910497e-03 3.573180664718111519e-04
-2.348018351317233444e-03 2.420543045192688611e-04
-1.932056484580073038e-03 -7.911104445349002433e-05
-1.789347114962838454e-03 -5.457275027375983788e-04
-1.950630627727758951e-03 -1.070556961227057003e-03
-2.385053349134504119e-03 -1.556265172781862854e-03
-3.005803775918442812e-03 -1.913999243864262113e-03
-3.686429244618327512e-03 -2.080328975311335378e-03
-4.284748472124368796e-03 -2.029340431696527620e-03
-4.669835041734753459e-03 -1.777588860994746070e-03
-4.746963239463539153e-03 -1.380971053299807211e-03
-4.475791245406933287e-03 -9.241082048686007988e-04
-3.878334981738804175e-03 -5.042494290547976750e-04
-3.035216917674427202e-03 -2.127445184517643296e-04
-2.070892239802584866e-03 -1.175957798320230278e-04
-1.130640057652740251e-03 -2.503953986831282223e-04
-3.536649375296585691e-04 -6.001253283988775000e-04
1.526108328853035493e-04 -1.114998159449883059e-03
3.322103883969856810e-04 -1.711995639348826278e-03
1.905122399204681443e-04 -2.292304599366378360e-03
-2.074544422717946365e-04 -2.759733847826059683e-03
-7.499914602158527137e-04 -3.038631460757839405e-03
-1.300517431408555313e-03 -3.087916657671529660e-03
-1.724018713985163865e-03 -2.908576148807458066e-03
-1.913143904419692311e-03 -2.543212170724050338e-03
-1.808989127582669686e-03 -2.067734099991609502e-03
-1.412628140382168104e-03 -1.576772650162778372e-03
-7.851954735771185263e-04 -1.165583650179974730e-03
-3.650024701910020860e-05 -9.118723507321783127e-04
6.956779023067264202e-04 -8.609834116840946443e-04
1.271692788894320143e-03 -1.017263516190567959e-03
1.576592794389517199e-03 -1.343233797928773069e-03
1.542107505499262701e-03 -1.766729473307387509e-03
1.159892149088124482e-03 -2.194654465668688381e-03
4.835152574768199294e-04 -2.530745259724333229e-03
-3.811955600848101534e-04 -2.693978102828645856e-03
-1.295632307745625544e-03 -2.634130904993213333e-03
-2.114033675398051260e-03 -2.341549028795092673e-03
-2.710421569181408787e-03 -1.849260781240811115e-03
-3.001761269801550384e-03 -1.227036216426636303e-03
-2.962975119431568004e-03 -5.685077417294374155e-04
-2.630982447562281099e-03 2.621570022195193316e-05
-2.097016198334696047e-03 4.691560731964489889e-04
-1.488686022775734122e-03 7.007792615412841881e-04
-9.451982750890057863e-04 7.009319464531967546e-04
-5.904379872174753824e-04 4.923383507146920305e-04
-5.090213847691463581e-04 1.360012587522256610e-04
-7.298634635157477853e-04 -2.806158816757433282e-04
-1.220380380981036942e-03 -6.603827362674026709e-04
-1.892430737024130812e-03 -9.150873162376500823e-04
-2.618874937904933607e-03 -9.822899267381798079e-04
-3.257619100554693704e-03 -8.372518623532585825e-04
-3.678590521395480421e-03 -4.976784527682825976e-04
-3.788534409207725082e-03 -2.037765959051742945e-05
-3.548931914606646455e-03 5.095327581876197155e-04
-2.983639815424928704e-03 9.948245028083293161e-04
-2.174796386122435348e-03 1.344694637916722061e-03
-1.247757959649059816e-03 1.492124890115029264e-03
-3.479062295858209889e-04 1.406773010765482957e-03
3.862955010010820246e-04 1.100950137227497006e-03
8.489093843242033347e-04 6.275466943713339622e-04
9.859591461032783579e-04 7.029347860408480275e-05
8.050295385241388766e-04 -4.718044561786268669e-04
3.732257739152766230e-04 -9.029203864437198874e-04
-1.961068715613152342e-04 -1.148257865381839505e-03
-7.653756399965219205e-04 -1.167928639800734029e-03
-1.199268901756642526e-03 -9.642354129718086865e-04
-1.390787192789031367e-03 -5.809866773826026162e-04
-1.281839002458290628e-03 -9.497893842723794701e-05
-8.744946798508812860e-04 3.987359985476834467e-04
-2.307626963635022593e-04 8.050050314879844422e-04
5.390721471102499036e-04 1.046708467241409769e-03
1.297341056495203079e-03 1.079439441435294314e-03
1.905156625948766641e-03 8.999473395232793996e-04
2.248893128114606236e-03 5.467463511245195147e-04
2.261961848127781380e-03 9.277486103979342325e-05
1.937750563411481117e-03 -3.685024927146918986e-04
1.331267677500032115e-03 -7.409158012168827467e-04
5.491688975176393624e-04 -9.439560611588080795e-04
-2.699570358412435242e-04 -9.282047935192952676e-04
-9.813235319187647680e-04 -6.849007235236253491e-04
-1.460842833297085804e-03 -2.478266385616209881e-04
-1.628105218851481125e-03 3.128468472042854375e-04
-1.461103483859467088e-03 9.036013108563580943e-04
-9.999280004038060832e-04 1.425031693699571524e-03
-3.387451766485247975e-04 1.790428733192144309e-03
3.924105594789653725e-04 1.941970136149449681e-03
1.052573763200853867e-03 1.861460339309037575e-03
1.516783923774811917e-03 1.573590442076782444e-03
1.699913531444877200e-03 1.141105637523166317e-03
1.572871761776326255e-03 6.527990936753069002e-04
1.168112972618125592e-03 2.066087022104710295e-04
5.734064854143803951e-04 -1.089805997333246918e-04
-8.495097111708012046e-05 -2.317064361614801227e-04
-6.662976318473883691e-04 -1.372951954393979070e-04
-1.042562965603359773e-03 1.560021678073923593e-04
-1.122906097591600504e-03 5.909617939792219778e-04
-8.713618614263562122e-04 1.082350922004467935e-03
-3.141424472039358855e-04 1.533224769115924292e-03
4.648000047403587354e-04 1.853466240907947465e-03
1.339122775815973412e-03 1.977053029436330427e-03
2.163461311171910057e-03 1.874777071889170178e-03
2.800406513160974727e-03 1.560002085367253200e-03
3.145996327747914607e-03 1.086362959108802366e-03
3.148908193852556145e-03 5.378365325062014384e-04
2.819730924682597312e-03 1.305775935058579515e-05
2.228572083780543545e-03 -3.931550545458008857e-04
1.491464371854508194e-03 -6.075736176250419625e-04
7.481539148452590006e-04 -5.922717183650411804e-04
1.354833155622289526e-04 -3.516844290700846948e-04
-2.385856724472987245e-04 6.831830225177888162e-05
-3.153883756511336768e-04 5.891653924921555312e-04
-9.654612436204202015e-05 1.114470162346534871e-03
3.565511115268715954e-04 1.548248301018976137e-03
9.346665924972366157e-04 1.813018825988466434e-03
1.501780010405862672e-03 1.864361667285099281e-03
1.921296062656445642e-03 1.699177355079398892e-03
2.082426389945521688e-03 1.356087711436570857e-03
1.921738431573701130e-03 9.079054205621705674e-04
1.435778536078790267e-03 4.476028796335399049e-04
6.823656987381479522e-04 7.044228115476839931e-05
-2.297032328726999301e-04 -1.443437270120093065e-04
-1.160602218876930197e-03 -1.488459049177146432e-04
-1.965316115726742363e-03 6.415562329918481944e-05
-2.520494093231399023e-03 4.595336226675659792e-04
-2.747245904136108585e-03 9.661851193312515247e-04
-2.625577806359454501e-03 1.490232395044523324e-03
-2.197746573303674920e-03 1.932560540386984126e-03
-1.559906609798581865e-03 2.207376743330036889e-03
-8.436398686444749034e-04 2.258282234818436741e-03
-1.908718361772995028e-04 2.068817954987668944e-03
2.730729126393198741e-04 1.665490582268548637e-03
4.631719152671598741e-04 1.112708585912460272e-03
3.506753329273943655e-04 5.005889082241817868e-04
-3.167569741639513978e-05 -7.205617606699825026e-05
-5.961662257348823626e-04 -5.163309489187419346e-04
-1.217119267618460825e-03 -7.699442277777112428e-04
-1.755172167789945722e-03 -8.088161518531490493e-04
-2.084210220530771998e-03 -6.514095887218656743e-04
-2.115845575167034105e-03 -3.549704162448415168e-04
-1.816793013637836660e-03 -4.393739387286853433e-06
-1.215838176953978065e-03 3.041699502116118354e-04
-3.990637912074233200e-04 4.818581019663773380e-04
5.057775469194786787e-04 4.642709239329568605e-04
1.352800290001658027e-03 2.240185935875425990e-04
2.004990626730357613e-03 -2.237420203014073381e-04
2.359579500069214440e-03 -8.238364293485340387e-04
2.366992309565598036e-03 -1.491195194662698134e-03
2.039798520221786007e-03 -2.126659850366143314e-03
1.449976347640627829e-03 -2.635485253460930540e-03
7.150184571919730725e-04 -2.945040482724163057e-03
-2.448444086473509050e-05 -3.018361484848787208e-03
-6.315338059193648665e-04 -2.860993219625902577e-03
-9.986321657062453318e-04 -2.519828568917482133e-03
-1.068005968251838859e-03 -2.074165465169630889e-03
-8.423166669552233261e-04 -1.620675963363255295e-03
-3.838375480757351237e-04 -1.255132623369939818e-03
1.977402146246471433e-04 -1.054350544179296148e-03
7.665539848197591667e-04 -1.061761620249191676e-03
1.186834644933805472e-03 -1.279348972048682895e-03
1.349204632205262648e-03 -1.667464434864997323e-03
1.192016217433321734e-03 -2.152558673253800094e-03
7.136755870468455831e-04 -2.641354698041835109e-03
-2.639532830276184166e-05 -3.038775086258644828e-03
-9.183560596218514564e-04 -3.266222112245879741e-03
-1.822111804664044554e-03 -3.276742918343499792e-03
-2.593240674468794311e-03 -3.064201504603142161e-03
-3.109788043644682969e-03 -2.664714095739653069e-03
-3.294866767749816440e-03 -2.150069526519081918e-03
-3.130794721422844318e-03 -1.614374280498372810e-03
-2.662101739920994317e-03 -1.156445280991779626e-03
-1.986843600070035618e-03 -8.612794209608104316e-04
-1.237872539312874845e-03 -7.841045079028147353e-04
-5.576132426461698557e-04 -9.400284910097791470e-04
-7.112064546876809869e-05 -1.301244859035846808e-03
1.374810362680940583e-04 -1.802322427110101925e-03
4.072104091463872068e-05 -2.352578040262056844e-03
-3.273042689997238044e-04 -2.853190619229406273e-03
-8.777491374342182365e-04 -3.215818168661420395e-03
-1.484266988824979290e-03 -3.379195639354169202e-03
-2.007412912443700542e-03 -3.320574602670712562e-03
-2.321567482165551484e-03 -3.059843038740813967e-03
-2.339271110378782041e-03 -2.655550116703350987e-03
-2.028347887530180648e-03 -2.193594105237178446e-03
-1.418562883722395990e-03 -1.770721155090543980e-03
-5.965387431382397198e-04 -1.475965505974983789e-03
3.101191702775852482e-04 -1.373551591290361491e-03
1.156495827441806484e-03 -1.490501719359123680e-03
1.807367022119898189e-03 -1.811301906554863266e-03
2.162425241703043802e-03 -2.280641733823072972e-03
2.174963344851758504e-03 -2.813714860857041179e-03
1.860485371336581106e-03 -3.312134587784281315e-03
1.293618968637952251e-03 -3.682454794717800618e-03
5.939166927706074784e-04 -3.853792247410927664e-03
-9.676501452487963010e-05 -3.791215338931936459e-03
-6.410278370725663866e-04 -3.502364931469084588e-03
-9.317711925923274690e-04 -3.036053524775642574e-03
-9.122225481228697598e-04 -2.473107010580586317e-03
-5.863732295349965377e-04 -1.911181281639416077e-03
-1.785278204051812291e-05 -1.446425953622456923e-03
6.825345142042624430e-04 -1.155463593632149967e-03
1.378239383505424102e-03 -1.081092310704215905e-03
1.933293310702086445e-03 -1.224413869151762431e-03
2.238532425891445049e-03 -1.544872279645690804e-03
2.232740618586198742e-03 -1.968189569587109645e-03
1.914694998183889482e-03 -2.400689807525819772e-03
1.343819717857499142e-03 -2.747292662571508646e-03
6.293117853220697635e-04 -2.929762943432925783e-03
-9.021368858894585757e-05 -2.901754309363917175e-03
-6.727148023435638047e-04 -2.657792831216954609e-03
-9.994377038506641053e-04 -2.234494230385842845e-03
-9.973029444728144510e-04 -1.703779948697158042e-03
-6.527288298492385770e-04 -1.159373032820562675e-03
-1.427650699088365248e-05 -6.991280960496475431e-04
8.163840222768574103e-04 -4.065392574331104514e-04
1.703478475407443253e-03 -3.349264580129697119e-04
2.502509129118575190e-03 -4.972943005288308922e-04
3.087212269352840148e-03 -8.637844044176656248e-04
3.372995929899679120e-03 -1.367205378326596856e-03
3.332429714677631345e-03 -1.915595919349218903e-03
2.999864863430399750e-03 -2.409445674129086397e-03
2.464322123136609543e-03 -2.760317364026425302e-03
1.852007507678263276e-03 -2.907349152026175547e-03
1.301780812420606477e-03 -2.828518376006624192e-03
9.382366833778626059e-04 -2.544540356901802032e-03
8.475102531968225529e-04 -2.114670962340425148e-03
1.060403169565640952e-03 -1.625214775025835001e-03
1.546039011328261600e-03 -1.172921790415388469e-03
2.217262261911963264e-03 -8.464230949624135941e-04
2.946769958573315033e-03 -7.092267992472483292e-04
3.590931210859600944e-03 -7.874994334736713352e-04
4.016792149732916102e-03 -1.064951143430382767e-03
4.127158599761739967e-03 -1.485797111152409398e-03
3.879010558825680618e-03 -1.965237572228565634e-03
3.291763006493929593e-03 -2.405474375118022909e-03
2.443808027245916465e-03 -2.714232944850963544e-03
1.457990069024948238e-03 -2.822283353374113041e-03
4.787595454121442015e-04 -2.696642831770954159e-03
-3.546764750790517857e-04 -2.346958707690167435e-03
-9.341319428553603466e-04 -1.823860825901302274e-03
-1.202278195487845296e-03 -1.209591869907750746e-03
-1.162795968741406208e-03 -6.026851045815320674e-04
-8.789349404145041338e-04 -9.958532994557792867e-05
-4.607685180985276389e-04 2.233129806106283217e-04
-4.357255898620559890e-05 3.238158135360301839e-04
2.385624932436125091e-04 2.015955251795177637e-04
2.788741868042000655e-04 -1.020720000648481728e-04
1.886039717212796910e-05 -5.124421240970699655e-04
-5.399761974789450431e-04 -9.357609193385043028e-04
-1.335808296612594473e-03 -1.277304798893593579e-03
-2.257660966054787690e-03 -1.459578326755702361e-03
-3.165979049784395545e-03 -1.437218814157651325e-03
-3.918698735520870745e-03 -1.205780495090427902e-03
-4.397892811863514384e-03 -8.027306727725907641e-04
-4.531948369377552903e-03 -3.004657012493583629e-04
-4.309079308506293809e-03 2.073333417554408704e-04
-3.779614338265175136e-03 6.234232285322679904e-04
-3.046624067068723785e-03 8.654439750870846718e-04
-2.246656454394264923e-03 8.815936271759345190e-04
-1.524220775373207439e-03 6.605625746542685695e-04
-1.004842151696916895e-03 2.338435452639818241e-04
-7.717778268508188998e-04 -3.300237633086815421e-04
-8.507917304437480691e-04 -9.381880821157013474e-04
-1.205857007321027531e-03 -1.490795758560105842e-03
-1.746586216427127363e-03 -1.899602127341394175e-03
-2.345967819039411397e-03 -2.104367448646536371e-03
-2.865035971638015856e-03 -2.083939674734561123e-03
-3.179788062215456977e-03 -1.859932542292277394e-03
-3.205239400191236404e-03 -1.492309556268827699e-03
-2.912047435807160398e-03 -1.067716872276473728e-03
-2.332546003709318454e-03 -6.827807537478224227e-04
-1.555036711973866673e-03 -4.255382721070738970e-04
-7.074097657455880213e-04 -3.585227859318669032e-04
6.681113352047674675e-05 -5.067116707492907123e-04
6.354686126952982864e-04 -8.526222664952537444e-04
9.027062829928010406e-04 -1.339487587117554543e-03
8.271171542985691905e-04 -1.881912490638714894e-03
4.296675058390008991e-04 -2.381993627655453003e-03
-2.101082047834388787e-04 -2.747850964341892396e-03
-9.689269507513917313e-04 -2.911061092284962168e-03
-1.702793082148711199e-03 -2.839689538050575290e-03
-2.273898328309468045e-03 -2.544451685248800936e-03
-2.576303337390324719e-03 -2.076832131069114139e-03
-2.555550080705660219e-03 -1.519514159923373176e-03
-2.218504444145978291e-03 -9.709264013138142052e-04
-1.631578704790068385e-03 -5.268270951352153550e-04
-9.076839834200492278e-04 -2.624069125163424037e-04
-1.843965427496179008e-04 -2.182928437831537297e-04
4.025150510003710179e-04 -3.930969128010603289e-04
7.451772747132793303e-04 -7.439142987430578859e-04
7.843629609224145923e-04 -1.194670480864379238e-03
5.209677645961447541e-04 -1.650731222907687434e-03
1.603074475117218477e-05 -2.017003897215680509e-03
-6.207110321505718373e-04 -2.216098232163443964e-03
-1.251570942175166470e-03 -2.203104079965384141e-03
-1.737037791153589559e-03 -1.974185211981590096e-03
-1.962330638794807392e-03 -1.567359984220638523e-03
-1.859353206578945143e-03 -1.055320067549132520e-03
-1.419886575207808662e-03 -5.316469771873655152e-04
-6.975158721156877236e-04 -9.303720001376447266e-05
2.020820142673775837e-04 1.790966007828821097e-04
1.140660499844395413e-03 2.341618147542233810e-04
1.973049918589694484e-03 6.211426252391715093e-05
2.574084940722884060e-03 -3.044676054533721138e-04
2.861727389368651578e-03 -7.963603713698016355e-04
2.812019960949386273e-03 -1.320598781118951289e-03
2.463053315025820304e-03 -1.777867003407389204e-03
1.907209102047734833e-03 -2.081091074633242919e-03
1.273160910587142758e-03 -2.171718215932617706e-03
7.010536345031673309e-04 -2.030606636832026687e-03
3.155723536682828855e-04 -1.681469748398955544e-03
2.020101251403148574e-04 -1.186228190158009673e-03
3.898746816848625441e-04 -6.331548311789626012e-04
8.471447636969563471e-04 -1.200618997937092421e-04
1.486268334525193361e-03 2.642826244258902413e-04
2.180769493487442687e-03 4.569878320669262719e-04
2.789319946391784558e-03 4.329328712501612306e-04
3.182715249616148087e-03 2.094674100015124149e-04
3.268643813849369736e-03 -1.569702045479730518e-04
3.009552450864707955e-03 -5.816754831391339822e-04
2.430217394922156316e-03 -9.678895498391908766e-04
1.613577165867297698e-03 -1.225327270000010644e-03
6.856046849098221393e-04 -1.287509467917692272e-03
-2.079297969190546528e-04 -1.124612674876676122e-03
-9.284188599283532163e-04 -7.493979935479118653e-04
-1.370010703880889837e-03 -2.150906277414654463e-04
-1.479003282153374451e-03 3.943946364411700075e-04
-1.263382156425051908e-03 9.800377125022659633e-04
-7.907103516014694260e-04 1.446163066876742734e-03
-1.747833499890043274e-04 1.718268393804363477e-03
4.464113015076865126e-04 1.756862866858005176e-03
9.372451021331893459e-04 1.564701018039891568e-03
1.190473206074793349e-03 1.186048352413119397e-03
1.147796799600897186e-03 6.981229367211635485e-04
8.110637768350785742e-04 1.963378745580584466e-04
2.419830019320752448e-04 -2.238575271398908148e-04
-4.495953925301687500e-04 -4.850970448587497248e-04
-1.126613930944616801e-03 -5.427449608519352951e-04
-1.650989197955387167e-03 -3.932977958343551479e-04
-1.910078103075473453e-03 -7.495025627753809649e-05
-1.838410296553811630e-03 3.397799178320403649e-04
-1.430562409227302241e-03 7.579688745925107496e-04
-7.427253608983589014e-04 1.084106438503296653e-03
1.173444906625501069e-04 1.238440078672734283e-03
1.010101216544592164e-03 1.172364431276607917e-03
1.789982105287373296e-03 8.779365560543201611e-04
2.332312320212770376e-03 3.897088482769112280e-04
2.556262267385520960e-03 -2.214742609687809691e-04
2.439525754636135812e-03 -8.615482952043665519e-04
2.021954095291322862e-03 -1.430701362593387541e-03
