2.287864215267063853e-03 4.047922836118173634e-04
2.084092837670202362e-03 4.460850288833345624e-04
1.742162621730192077e-03 2.528483235814077239e-04
1.312003972391147591e-03 -1.185452960582908497e-04
8.606655278996793064e-04 -5.779009757841234310e-04
4.597701792980108705e-04 -1.018834106527206473e-03
1.720667335611847934e-04 -1.339466574746725567e-03
3.962203168486068926e-05 -1.462254708199899837e-03
7.588879571770849614e-05 -1.349181580989090466e-03
2.631517072771053607e-04 -1.009424632263101335e-03
5.558369339341076576e-04 -4.980351657976175763e-04
8.890611100649475169e-04 9.413071986624492351e-05
1.190804643044680172e-03 6.573323466634572185e-04
1.395408797657647724e-03 1.083519569102700314e-03
1.455846072423473041e-03 1.286672721849719744e-03
1.352446230197883528e-03 1.219059949723921019e-03
1.096431880535527880e-03 8.803354721382771440e-04
7.276005709780746216e-04 3.177557968975106223e-04
3.065987838053653870e-04 -3.825294029950019486e-04
-9.674282734474580307e-05 -1.111467093819622958e-03
-4.167980665860337953e-04 -1.757350081091364931e-03
-6.047167755570921144e-04 -2.226499614531010553e-03
-6.377936865651946674e-04 -2.460474954967471241e-03
-5.238559603481053378e-04 -2.446562456070023109e-03
-2.998347944460135481e-04 -2.219570347319702649e-03
-2.478859605197859781e-05 -1.854602489879383269e-03
2.313032425195232127e-04 -1.452193023052291906e-03
4.008550734398891899e-04 -1.118630487388057012e-03
4.315770252023792917e-04 -9.452107773316026623e-04
2.965201937259134444e-04 -9.903606980673162162e-04
-6.392798490538476042e-07 -1.268029663956970294e-03
-4.260810289587400033e-04 -1.744559247570763279e-03
-9.219993343850999652e-04 -2.344633801639966261e-03
-1.417278918993507275e-03 -2.965194439207345829e-03
-1.840671981423325308e-03 -3.494689153063590056e-03
-2.133987757000747193e-03 -3.834019638603559932e-03
-2.262803941387168168e-03 -3.915222153938126455e-03
-2.222678796822047647e-03 -3.714346752886811369e-03
-2.039694784036594211e-03 -3.256095653951760014e-03
-1.765237798899962473e-03 -2.609339803553553574e-03
-1.466007331853277570e-03 -1.874357846159384420e-03
-1.211155491775102195e-03 -1.164207127288704319e-03
-1.058995939193739782e-03 -5.837456747770928059e-04
-1.045804527227061926e-03 -2.102673330783766045e-04
-1.178836571230984336e-03 -7.940548334096344738e-05
-1.434886322775466311e-03 -1.789621808364944998e-04
-1.764663785930266479e-03 -4.518181822149978000e-04
-2.102161408833710336e-03 -8.073595030034311226e-04
-2.377237216903236618e-03 -1.139243483679728284e-03
-2.529030772654008302e-03 -1.346127195294169855e-03
-2.517669515670895898e-03 -1.351420616050337357e-03
-2.332045655203720310e-03 -1.118312454702364948e-03
-1.992186794631554091e-03 -6.572126544576420600e-04
-1.545766199139382135e-03 -2.419277555860347827e-05
-1.059407446311734806e-03 6.892885236412807587e-04
-6.064231896904668162e-04 1.373435869051374374e-03
-2.533024269140474703e-04 1.920719563907211276e-03
-4.749726096756729486e-05 2.246131640907787948e-03
-8.813882433247551863e-06 2.303260794614643732e-03
-1.260300163073553798e-04 2.093141070742560866e-03
-3.593716006299645322e-04 1.664195463201441870e-03
-6.483723540961210553e-04 1.103279821271081719e-03
-9.236211512014596767e-04 5.195158459768135740e-04
-1.120166641027654265e-03 2.396576152144456844e-05
-1.190035560887506023e-03 -2.910127125123334203e-04
-1.111489945139491854e-03 -3.688329985031275470e-04
-8.932669331141330354e-04 -1.989481705012313044e-04
-5.729960023554618413e-04 1.816106911250783005e-04
-2.100920817670635997e-04 6.957050964019396207e-04
1.255298544314040849e-04 1.241141777593919669e-03
3.667807431979627883e-04 1.710445213651081309e-03
4.622384411134608777e-04 2.011594905669103310e-03
3.860690023738042845e-04 2.085790553216740773e-03
1.431452582394583672e-04 1.918872241600163555e-03
-2.316118176113049422e-04 1.544225566778102948e-03
-6.795503769673221688e-04 1.036615520238682708e-03
-1.129074237274494200e-03 4.981123146773587052e-04
-1.508863605159015825e-03 3.877156201315861209e-05
-1.761034340519709949e-03 -2.442735997677252142e-04
-1.851751930380342651e-03 -2.853481800016231373e-04
-1.777298274325208021e-03 -6.288579271325218240e-05
-1.564450183240697571e-03 3.962066267350850208e-04
-1.265105177457369638e-03 1.021303222139719477e-03
-9.461788847985039882e-04 1.711040996603711275e-03
-6.766929531609636823e-04 2.352080758413974300e-03
-5.145035283682291910e-04 2.840105854437629911e-03
-4.951874538194775627e-04 3.099094414855939252e-03
-6.251937399149137516e-04 3.095228254372039273e-03
-8.805591168169015805e-04 2.842817313286350074e-03
-1.211431791770854402e-03 2.401130258122411050e-03
-1.551546621276651003e-03 1.862743369107464249e-03
-1.830856262153689011e-03 1.335625174660910307e-03
-1.988924231907209135e-03 9.223594981794961192e-04
-1.986540546817480365e-03 7.004502543657194907e-04
-1.813356228492297474e-03 7.074451096956214154e-04
-1.490085939384985965e-03 9.337010747227359169e-04
-1.064855771456373577e-03 1.324166331336645288e-03
-6.043811896308730423e-04 1.788843479627337443e-03
-1.816385551791829247e-04 2.219953583853721650e-03
1.376427168490142790e-04 2.512549586806193686e-03
3.071171183451367305e-04 2.584672524491416976e-03
3.082983732459756120e-04 2.393228609911153548e-03
1.537754192199451459e-04 1.942573690950008102e-03
-1.154332831026686856e-04 1.284170794463997903e-03
-4.378801864741520668e-04 5.073753370068351037e-04
-7.435237882438778872e-04 -2.769186395758526948e-04
-9.671532150973523659e-04 -9.566870117204085084e-04
-1.060857042565401627e-03 -1.439387564741498229e-03
-1.003173135279979058e-03 -1.668885907923494359e-03
-8.031857914024805381e-04 -1.635503771986729924e-03
-4.987942481799185600e-04 -1.377300135821402441e-03
-1.494812847936851632e-04 -9.723551021418382241e-04
1.750469392282019308e-04 -5.235291895726953320e-04
4.081959356650296990e-04 -1.385943347334064879e-04
4.992641076641899777e-04 9.049213633340697990e-05
4.232454512997015387e-04 1.052386451514653563e-04
1.857922898151477369e-04 -1.081522924778698623e-04
-1.776075931015770560e-04 -5.161083251209387830e-04
-6.080900489873409176e-04 -1.044072488444550270e-03
-1.034293638838078722e-03 -1.590739988965298845e-03
-1.385605679310753739e-03 -2.047448382976865822e-03
-1.605274045988418653e-03 -2.319045166403133074e-03
-1.660908719691836294e-03 -2.342275115796318714e-03
-1.550390902796757505e-03 -2.098197570104858717e-03
-1.302076518561529105e-03 -1.616272672451349573e-03
-9.692605190952886720e-04 -9.693316941182098835e-04
-6.199542729982482825e-04 -2.603715358812776302e-04
-3.239148098707389555e-04 3.963392513089808965e-04
-1.393840365936091031e-04 8.962790111135853551e-04
-1.020499001808832830e-04 1.163850108847543302e-03
-2.183196807336081763e-04 1.166097218261833140e-03
-4.641780462596559772e-04 9.183825395097005087e-04
-7.898440162101707336e-04 4.809559284913484008e-04
-1.129342007776645189e-03 -5.291906343980561350e-05
-1.413170784831031812e-03 -5.750246356707851498e-04
-1.581666756626506042e-03 -9.830053516523202303e-04
-1.596525909357069360e-03 -1.199993228763373155e-03
-1.448296733203339581e-03 -1.189320082894920316e-03
-1.158418935025101650e-03 -9.615281046681635815e-04
-7.754151539158744052e-04 -5.723500173316075105e-04
-3.659498522217888143e-04 -1.120421454767914161e-04
-2.441453521615064189e-06 3.119069023549836265e-04
2.504333755733789213e-04 5.954129280207625828e-04
3.477942592383036864e-04 6.578638947471694351e-04
2.728937542935415449e-04 4.578104377118551605e-04
4.016264874462025219e-05 1.298160658415228180e-06
-3.076084958264598728e-04 -6.587472472594854559e-04
-7.074146689219065406e-04 -1.431977892028489345e-03
-1.087964161109470675e-03 -2.207146654064394767e-03
-1.383129236984811852e-03 -2.872579985136636434e-03
-1.544373018948320703e-03 -3.336737419833138516e-03
-1.549800858589569282e-03 -3.544978039178723478e-03
-1.408124709710818290e-03 -3.489371791545164709e-03
-1.156793252165125730e-03 -3.209709695428167569e-03
-8.546461575756452702e-04 -2.785532332658241517e-03
-5.704885761232771947e-04 -2.320695373067726674e-03
-3.697551660620574830e-04 -1.923402414466248486e-03
-3.017953623870087403e-04 -1.685491937623668059e-03
-3.901944588506363722e-04 -1.664904529079355884e-03
-6.279706181805156133e-04 -1.874652378024252398e-03
-9.785648854313947799e-04 -2.280379851702925981e-03
-1.382444422065011013e-03 -2.806975249842772954e-03
-1.768076183195748871e-03 -3.352978070819852101e-03
-2.065200399544460125e-03 -3.810048212717318927e-03
-2.217897253275289988e-03 -4.083803363995396757e-03
-2.194978609908430391e-03 -4.112070258222757201e-03
-1.995742316540667811e-03 -3.877083851524696593e-03
-1.650003679891364275e-03 -3.409313384088569297e-03
-1.212401250116376498e-03 -2.782178943922121190e-03
-7.520570220544006094e-04 -2.098646524957366224e-03
-3.395495982399666501e-04 -1.472227166402905775e-03
-3.366643855460800614e-05 -1.005965443245364181e-03
1.295580341059824649e-04 -7.733837033892028857e-04
1.434456676391636463e-04 -8.049788449097756374e-04
3.167273121534131897e-05 -1.082818064748275466e-03
-1.565211377941870454e-04 -1.544247744573095131e-03
-3.560002527736937745e-04 -2.094005566008559378e-03
-4.984394543287648657e-04 -2.622436475455851897e-03
-5.256568352244622884e-04 -3.026359169736715302e-03
-4.010404660795282390e-04 -3.228629802978754890e-03
-1.168975449944676618e-04 -3.192698246261246528e-03
3.036736888743202896e-04 -2.929402338746571813e-03
8.107518242217017033e-04 -2.494717200709340235e-03
1.336656529844010982e-03 -1.978891134098866109e-03
1.808400417276722011e-03 -1.489032240664756078e-03
2.161177735411818051e-03 -1.128451473404447737e-03
2.350342059884359680e-03 -9.766832837928382961e-04
2.359610364847629371e-03 -1.073977779316133375e-03
2.203944395261499094e-03 -1.413212438688075945e-03
1.926567018415147785e-03 -1.940767091662958400e-03
1.590680625524226082e-03 -2.566208949907083925e-03
1.267456645174348979e-03 -3.178966271080688796e-03
1.022570121787811596e-03 -3.668845613948105901e-03
9.038276579176269046e-04 -3.946519222246052186e-03
9.322288917893666428e-04 -3.960113789504496849e-03
1.098150506246946484e-03 -3.704768827431372327e-03
1.363370857748184362e-03 -3.223362568850490165e-03
1.668546534400023934e-03 -2.598274045175674209e-03
1.944719092029254795e-03 -1.935745396379662600e-03
2.126666511120890550e-03 -1.345807635943659141e-03
2.165564192599665413e-03 -9.215711363275724301e-04
2.038550798068389236e-03 -7.218003939324462142e-04
1.753380233997562775e-03 -7.600688219404775139e-04
1.347271617132046349e-03 -1.002541559172759333e-03
8.801679360195980434e-04 -1.374798867559215865e-03
4.236732612547351924e-04 -1.776399314594108480e-03
4.775719833154926010e-05 -2.100415055201515675e-03
-1.922612374119917530e-04 -2.254228919365781902e-03
-2.659902169749292543e-04 -2.177643184597353836e-03
-1.735598482405773836e-04 -1.854858300375309505e-03
5.452175057074816087e-05 -1.318040194412856180e-03
3.632223483514353301e-04 -6.417874334129073429e-04
6.834406930617135988e-04 7.046711884208398872e-05
9.450838996871850943e-04 7.055577218148732744e-04
1.090292785459374275e-03 1.161584934151164419e-03
1.084313804705016324e-03 1.366846700582939871e-03
9.219627706067961680e-04 1.293125655355921444e-03
6.284610466538794078e-04 9.608239317822635153e-04
2.544911325342342654e-04 4.349785929348295261e-04
-1.335863417752288776e-04 -1.870844341135897613e-04
-4.664956231432691746e-04 -7.941188629929142335e-04
-6.853657472715350783e-04 -1.281871691343613399e-03
-7.530787201134152026e-04 -1.572584840311937789e-03
-6.614907506333049005e-04 -1.629397009351618748e-03
-4.331529856520697987e-04 -1.462925479426191141e-03
-1.172001043542217455e-04 -1.128790028066386196e-03
2.198200204017377733e-04 -7.165577402530664631e-04
5.064438110736949441e-04 -3.322132450254820400e-04
6.797540600499423109e-04 -7.748592272605503602e-05
6.972604899202035833e-04 -2.996155477096853689e-05
5.449511792045666665e-04 -2.277578669906889664e-04
2.399912321686130563e-04 -6.616794594901527190e-04
-1.724424725471380298e-04 -1.276351300323998097e-03
-6.275923828631967171e-04 -1.980129462779196652e-03
-1.053223135282190448e-03 -2.661925098711040959e-03
-1.383107857648283512e-03 -3.211767601989669839e-03
-1.569348571080273272e-03 -3.541223599026855490e-03
-1.591202938825351989e-03 -3.599814143954479205e-03
-1.458751828274866980e-03 -3.384328460519446177e-03
-1.210719586962629834e-03 -2.939275671537948387e-03
-9.068664893468793026e-04 -2.348391933303718183e-03
-6.164007643762504669e-04 -1.718811959355161494e-03
-4.046113241761318266e-04 -1.160900829820453103e-03
-3.202590787978956558e-04 -7.675616720581417141e-04
-3.861207904605440215e-04 -5.969320963537189453e-04
-5.944820603816766734e-04 -6.617387907827179932e-04
-9.084383708245168370e-04 -9.273173021959390475e-04
-1.268762676014090944e-03 -1.318661823620877064e-03
-1.605043216797043433e-03 -1.735158757910061633e-03
-1.848985760893570628e-03 -2.070201948562052068e-03
-1.947363629010561434e-03 -2.231962452381507350e-03
-1.872164468917286023e-03 -2.161366740141125106e-03
-1.626012388016250237e-03 -1.843865724019906182e-03
-1.241837489771595218e-03 -1.312752954259162504e-03
-7.768529402077410575e-04 -6.433910363770852566e-04
-3.019764236631722223e-04 6.057230781306150022e-05
1.113056108065876198e-04 6.863992259580544309e-04
4.041492559067843930e-04 1.133242497480407580e-03
5.411448525875418207e-04 1.330947068992027228e-03
5.166527369077967592e-04 1.253118223953901978e-03
3.554908646067078161e-04 9.219859571908990822e-04
1.078519002712161989e-04 4.041465239789789965e-04
-1.605798914415660944e-04 -2.020124885924144686e-04
-3.814327672246748129e-04 -7.848245143136761129e-04
-4.969405913071859096e-04 -1.240292436553908952e-03
-4.712006396200181524e-04 -1.491512316036967606e-03
-2.972577911224787151e-04 -1.502902022515760928e-03
1.332277006199492943e-06 -1.286549545522269831e-03
3.747620749181058996e-04 -8.994891490188288048e-04
7.562513155688634602e-04 -4.324323513400524384e-04
1.074592269343633850e-03 7.900518005894393084e-06
1.267588209932150271e-03 3.194902382488823932e-04
1.293841455143951826e-03 4.248360709061628276e-04
1.140658819639390554e-03 2.861156952209642198e-04
8.265762478411342075e-04 -8.719486986546185273e-05
3.980220421398502489e-04 -6.396955048265660958e-04
-7.925321080444147040e-05 -1.280180487082448497e-03
-5.323620760412538970e-04 -1.898594356968894524e-03
-8.947795324563344007e-04 -2.386622118522866570e-03
-1.118606576253154206e-03 -2.658020902895139384e-03
-1.183283303859087449e-03 -2.664847352843436462e-03
-1.099109362709979696e-03 -2.406510211437740739e-03
-9.049131417471717540e-04 -1.929934180173082086e-03
-6.603190684791175906e-04 -1.320802233788827100e-03
-4.340850985955915049e-04 -6.875309686366988440e-04
-2.907262937562388920e-04 -1.410077548848817771e-04
-2.779644632145803103e-04 2.260807027623873769e-04
-4.173868490869415493e-04 3.564229155782011561e-04
-7.000885053033903535e-04 2.385182075802517706e-04
-1.088128555843557868e-03 -9.159164801244104072e-05
-1.521528763591500650e-03 -5.576108925031946634e-04
-1.929492424274674304e-03 -1.057906041083302943e-03
-2.243721427910234760e-03 -1.485213116931207323e-03
-2.411310929431715461e-03 -1.747391975781765116e-03
-2.404779896672308570e-03 -1.785285978065821429e-03
-2.227336956509319132e-03 -1.584294068738547386e-03
-1.912382001614061329e-03 -1.177453859407278161e-03
-1.517334372785548047e-03 -6.394429353985778709e-04
-1.112951673047772507e-03 -7.262671079074685008e-05
-7.701562167464784349e-04 4.122111972026432135e-04
-5.468572961546147061e-04 7.168114201022948891e-04
-4.772576672364001659e-04 7.740907834377938699e-04
-5.656618903312773082e-04 5.609721288939315204e-04
-7.859515564278610460e-04 1.029608122631900076e-04
-1.086819422123518801e-03 -5.304025234966925229e-04
-1.401764227568731442e-03 -1.238357605394186864e-03
-1.661946902184831699e-03 -1.907589447427206295e-03
-1.809467570411148153e-03 -2.433217378101790868e-03
-1.808543728718133058e-03 -2.738144324105295201e-03
-1.652468123777325881e-03 -2.787114100470403089e-03
-1.365024810796267203e-03 -2.592827344615909399e-03
-9.960921229663617735e-04 -2.212970988129069755e-03
-6.122629571039913581e-04 -1.738736945453701714e-03
-2.842572620640045023e-04 -1.277017176738900507e-03
-7.351005614730093951e-05 -9.296593180350741850e-04
-2.047547562799233688e-05 -7.737230107324288668e-04
-1.368634881713961908e-04 -8.464866475283718775e-04
-4.032822909607173580e-04 -1.138053558131632038e-03
-7.727368260425382948e-04 -1.592966256876343460e-03
-1.179325878004232418e-03 -2.120530038583403210e-03
-1.550496631875595416e-03 -2.611896260045145843e-03
-1.820542573931920299e-03 -2.960673732310351285e-03
-1.942795621648583070e-03 -3.083166550727156185e-03
-1.898210851289198857e-03 -2.934405338685946649e-03
-1.698725285496659188e-03 -2.516933329307419719e-03
-1.384761570326353830e-03 -1.880678577169787435e-03
-1.017355690603760111e-03 -1.113929540871615555e-03
-6.664053066105907717e-04 -3.271141152176881318e-04
-3.972692169993662916e-04 3.675566852672089739e-04
-2.582599164379139950e-04 8.767374713736909939e-04
-2.714012653174305680e-04 1.142992402311107181e-03
-4.282041213897928118e-04 1.155020355268237880e-03
-6.912616580389570721e-04 9.491389766794115865e-04
-1.001363126684010844e-03 6.017605032803372304e-04
-1.288778877294147890e-03 2.142977614906646988e-04
-1.486578596660483725e-03 -1.066283908179688038e-04
-1.543458721265386115e-03 -2.699200263215821658e-04
-1.433646935002111118e-03 -2.177347331877728907e-04
-1.162004179392865265e-03 6.314789778027215909e-05
-7.633530906751433186e-04 5.384866360710876404e-04
-2.961542409332585573e-04 1.132810273298814722e-03
1.682788284616897707e-04 1.743545480997628003e-03
5.589905364721882734e-04 2.260368602243639953e-03
8.185258460636887952e-04 2.586117882527935036e-03
9.135232289401631206e-04 2.655305079147030241e-03
8.407593995211605714e-04 2.446717884143471272e-03
6.275081032480814541e-04 1.987721525030589770e-03
3.261513786217895214e-04 1.349437828700342061e-03
4.069339856163005451e-06 6.337057265345272337e-04
-2.692722660614519292e-04 -4.571807923552757488e-05
-4.355877853286196011e-04 -5.841701351350133808e-04
-4.588758195848036971e-04 -9.053369240678852195e-04
-3.322573103178779212e-04 -9.751240089454350606e-04
-7.925188086056191798e-05 -8.075248689003253905e-04
2.507490372508642661e-04 -4.613915301105458067e-04
5.919538608342191088e-04 -2.873153872305064587e-05
8.747915215361333789e-04 3.832402876615470045e-04
1.039288092313918419e-03 6.728852434430681326e-04
1.046662219289401811e-03 7.638134812213767796e-04
8.869385766308518840e-04 6.197120327942434682e-04
5.811317422047244680e-04 2.515129564860063517e-04
1.775802906022943346e-04 -2.844613809667927932e-04
-2.568819938683186265e-04 -8.970285121648363842e-04
-6.492536740896094616e-04 -1.477359514073613243e-03
-9.338655804968151990e-04 -1.919616518972962552e-03
-1.064504693660525692e-03 -2.141104212659286025e-03
-1.022873922260257411e-03 -2.098115531414802143e-03
-8.217930824397005982e-04 -1.794465246821364424e-03
-5.025415206023269932e-04 -1.281088004879474100e-03
-1.268513171827897264e-04 -6.467678541831878552e-04
2.349279980362077775e-04 -1.744300411525220862e-06
5.172483853643053452e-04 5.427122395921538328e-04
6.718222825591453314e-04 8.949002291767346783e-04
6.767609356955750499e-04 9.995739230214018434e-04
5.406612904284418273e-04 8.479324073914699771e-04
3.008683024233331548e-04 4.788316811934856081e-04
1.624353757873464707e-05 -2.899790288440295103e-05
-2.441877487176116572e-04 -5.722441746478216682e-04
-4.145574275250950465e-04 -1.042910035314324139e-03
-4.449160051097223313e-04 -1.349038527278389240e-03
-3.110126552998968615e-04 -1.432334591189875651e-03
-1.923537713978938374e-05 -1.279341298016354461e-03
3.942313412061697504e-04 -9.240506094708654224e-04
8.698795621066489304e-04 -4.414524908664484008e-04
1.335764013150944661e-03 6.675603238915180830e-05
1.720748175362515550e-03 4.915938278436474953e-04
1.967610318538957209e-03 7.376689354150126185e-04
2.043535702342811049e-03 7.415440752405848268e-04
1.946015614462066022e-03 4.841094736152817954e-04
1.703042969019777711e-03 -5.388671792526823073e-06
1.367573307567302972e-03 -6.544370306705971476e-04
1.007304929255977387e-03 -1.360508886686741031e-03
6.917171374081860710e-04 -2.009985119958902777e-03
4.788236397647014676e-04 -2.499172121601664527e-03
4.041509227094777649e-04 -2.753449443408116041e-03
4.740289716624096397e-04 -2.740933980073650793e-03
6.644640414353767495e-04 -2.478085334503418551e-03
9.258051270316561667e-04 -2.026202213554234577e-03
1.192317693673723309e-03 -1.479483454009486660e-03
1.394848025024923071e-03 -9.469232135802547329e-04
1.474175389990923547e-03 -5.314758241262455482e-04
1.392518127119555691e-03 -3.104410687402238585e-04
1.141008558189102358e-03 -3.207877025876114657e-04
7.417143521038319651e-04 -5.521960524974052096e-04
2.438161703735733474e-04 -9.491369683002050467e-04
-2.853422996320790833e-04 -1.421591424830766096e-03
-7.726449457500318479e-04 -1.862377073352401973e-03
-1.152695855021215092e-03 -2.167795203355158372e-03
-1.379866346195559625e-03 -2.257681159072441948e-03
-1.436622009691011261e-03 -2.091052663759199876e-03
-1.336559068640170121e-03 -1.674382677776174028e-03
-1.121580365818430946e-03 -1.060918815002103452e-03
-8.537500373768832891e-04 -3.411657797314833636e-04
-6.033725376734247947e-04 3.736800470067299295e-04
-4.355555521210688211e-04 9.722205370031773708e-04
-3.978023252678253123e-04 1.363403790075017356e-03
-5.109829076643688985e-04 1.493252321631114137e-03
-7.653929281961619055e-04 1.354616196023810792e-03
-1.122644109680393572e-03 9.881155406894447362e-04
-1.523025501006245071e-03 4.741038644923780440e-04
-1.896937604509131570e-03 -8.281771926072189474e-05
-2.178229571732579525e-03 -5.737964953274055091e-04
-2.316908618566412836e-03 -9.064433478176863769e-04
-2.288809141107506044e-03 -1.022341902593791986e-03
-2.100384298117020064e-03 -9.080354243636791414e-04
-1.787706142660758007e-03 -5.974122873348737409e-04
-1.409856913410270293e-03 -1.650415095986090190e-04
-1.037956215224945539e-03 2.882746293260074152e-04
-7.418954199496222883e-04 6.549883549396996046e-04
-5.772851816686772530e-04 8.416359420515562035e-04
-5.750821917551896152e-04 7.870548643602575528e-04
-7.358547133933216085e-04 4.745277430115562309e-04
-1.029768936075316568e-03 -6.445879787035624885e-05
-1.402295909855590193e-03 -7.555653126350904848e-04
-1.784556660038511986e-03 -1.495061176046506369e-03
-2.106345921462957939e-03 -2.168861535814681045e-03
-2.309368824806614512e-03 -2.673548552546544093e-03
-2.358185614008981301e-03 -2.935409663246846702e-03
-2.246794478072889310e-03 -2.923900249630891589e-03
-1.999609451683811729e-03 -2.656992704456104075e-03
-1.666652492538426731e-03 -2.197408804847727180e-03
-1.313875146974930429e-03 -1.640456920854531939e-03
-1.010448071769850208e-03 -1.095783397706556837e-03
-8.154313326060020186e-04 -6.664978502430199230e-04
-7.663560245113382099e-04 -4.296273232129799516e-04
-8.718860719071285740e-04 -4.216005852470060787e-04
-1.109956542147169222e-03 -6.315093209742397417e-04
-1.431747718785946919e-03 -1.003418442920515647e-03
-1.770748900636074557e-03 -1.447282404927383546e-03
-2.055201707229422584e-03 -1.856393095945281686e-03
-2.221572155356820941e-03 -2.128046546934408111e-03
-2.226505217445909519e-03 -2.183504806295357478e-03
-2.055002025072041015e-03 -1.983461629940250735e-03
-1.723274122125323859e-03 -1.536071068850725866e-03
-1.275735987445719656e-03 -8.960056138674762308e-04
-7.767058257469800549e-04 -1.547087703465628355e-04
-2.983854524422868389e-04 5.763257569931811743e-04
9.260650296087809263e-05 1.186095382544768073e-03
3.476010378624131911e-04 1.584573547019072111e-03
4.448072287713702002e-04 1.719271055121633900e-03
3.931170064090953246e-04 1.584748401731039900e-03
2.300715848611307036e-04 1.223286910048725909e-03
1.438109084289970047e-05 7.165989075016490628e-04
-1.855791249067388214e-04 1.701520826263206278e-04
-3.051097618916074434e-04 -3.069202823719094060e-04
-2.958324731096885745e-04 -6.225177070513662975e-04
-1.352361849613723400e-04 -7.189608157641721835e-04
1.686906057504670249e-04 -5.837795706986557412e-04
5.786262985069699554e-04 -2.518630698334873652e-04
1.034667763811425965e-03 2.014300045880650092e-04
1.465395262667971554e-03 6.748879964599339802e-04
1.801161490775280783e-03 1.061013118584394664e-03
1.987093520839655365e-03 1.266823169556869017e-03
1.993349784707265475e-03 1.231937973501306917e-03
1.820692896851748089e-03 9.405138172306212003e-04
1.500324890188138843e-03 4.247536063774553453e-04
1.088016623853607038e-03 -2.406845423966060514e-04
6.536422822764958659e-04 -9.523340139568885893e-04
2.680987088229726820e-04 -1.597049712923807353e-03
-9.916676136887368764e-06 -2.073010352927235310e-03
-1.447699466449286739e-04 -2.308626405225147095e-03
-1.303447970255837808e-04 -2.275782329187599554e-03
9.129309754823055571e-06 -1.994912951351600957e-03
2.240249871397804484e-04 -1.530958321315583530e-03
4.490965172685908733e-04 -9.809666622302352749e-04
6.162316454555083391e-04 -4.556945233999250494e-04
6.677530114293755547e-04 -5.868790898524685676e-05
5.677425152293778116e-04 1.331968014744117166e-04
3.092363753072614567e-04 8.414781432455279570e-05
-8.407921703136329167e-05 -1.940835553421744325e-04
-5.620002123735952718e-04 -6.447276831096327657e-04
-1.056988893050071635e-03 -1.177114076628229091e-03
-1.496677113479003398e-03 -1.684246338161958425e-03
-1.817326244922484822e-03 -2.063495823960237105e-03
-1.975699344067128986e-03 -2.236483937590984499e-03
-1.957100626521604374e-03 -2.164376186939073569e-03
-1.778061888787858032e-03 -1.855679763052605095e-03
-1.483167919104920940e-03 -1.365055997511503520e-03
-1.136621503090665900e-03 -7.833608269807273679e-04
-8.101434911266531657e-04 -2.207881057476572409e-04
-5.694962090825652365e-04 2.137023984336741504e-04
-4.621781120451736412e-04 4.327857152834192842e-04
-5.086148733452510503e-04 3.871454058765748428e-04
-6.985092599011207427e-04 7.472544411758264872e-05
-9.930346910954456884e-04 -4.588879562427427032e-04
-1.332450397235496664e-03 -1.129025180837693425e-03
-1.647689192068551743e-03 -1.827812427447285306e-03
-1.873716495690729011e-03 -2.444366899737344858e-03
-1.962123854303975297e-03 -2.885488316448840511e-03
-1.890565310302464580e-03 -3.092934940537123319e-03
-1.667243103665482125e-03 -3.054020741925920178e-03
-1.329587071627169170e-03 -2.803536442271667775e-03
-9.373721564354425178e-04 -2.416641282177447395e-03
-5.615723209189437456e-04 -1.994083074213125455e-03
-2.710573376502661488e-04 -1.642557518843963888e-03
-1.196483181695124146e-04 -1.453938646023495438e-03
-1.359809488244249085e-04 -1.487326217871281532e-03
-3.180948484029564975e-04 -1.757322459390040946e-03
-6.337736954364538849e-04 -2.230770580562930171e-03
-1.026572994206933044e-03 -2.832584630844521122e-03
-1.426396494951635580e-03 -3.459577808960007626e-03
-1.762622034255902515e-03 -3.999680593789388568e-03
-1.977295772770292209e-03 -4.352917998941110804e-03
-2.035901677496179934e-03 -4.450180445474911928e-03
-1.933672896459219569e-03 -4.266238633748579978e-03
-1.696256320170610012e-03 -3.824540681358758014e-03
-1.374611168832370802e-03 -3.192883746116722751e-03
-1.035114364855905860e-03 -2.470778186426462672e-03
-7.467529998176710869e-04 -1.770893289963864281e-03
-5.678355557686247390e-04 -1.198092303707945722e-03
-5.347443142686620667e-04 -8.300191366058223396e-04
-6.548644117589687286e-04 -7.029036315289321785e-04
-9.050335624674870488e-04 -8.052626995755057630e-04
-1.235810435945787229e-03 -1.080678292167763788e-03
-1.580757117348488474e-03 -1.439113511878613392e-03
-1.868980770431906326e-03 -1.774610775368213678e-03
-2.038561516730644750e-03 -1.986007110139843997e-03
-2.048324693452231206e-03 -1.996730292685594457e-03
-1.885728050912944794e-03 -1.769913811226515345e-03
-1.569368972437668389e-03 -1.315955558960067630e-03
-1.145634395412068731e-03 -6.910767851162749392e-04
-6.801241345942500745e-04 1.285694254657225171e-05
-2.454669901931453169e-04 6.853350874284771339e-04
9.216880752052722826e-05 1.217811091407057338e-03
2.853227450795799191e-04 1.524024927742518784e-03
3.139344749944117299e-04 1.556195552711601765e-03
1.888427038881399325e-04 1.314019544501067102e-03
-5.056479150495382224e-05 8.447722798559881372e-04
-3.440978817893350404e-04 2.344906478687941616e-04
-6.224337319528064523e-04 -4.080970257142841695e-04
-8.204931301994680074e-04 -9.718567948573122398e-04
-8.899845952251809068e-04 -1.363917146551318904e-03
-8.087355734825686041e-04 -1.526815016529378937e-03
-5.850391525129823665e-04 -1.448883768161614597e-03
-2.561893801135707019e-04 -1.165927890331823220e-03
1.185203965037609871e-04 -7.538798749235131385e-04
4.690123244130729990e-04 -3.138428160353514827e-04
7.277293077254473217e-04 4.763570261834249552e-05
8.425111452515004953e-04 2.393099518204994201e-04
7.866020799348700989e-04 2.030613175623538404e-04
5.638923379399070433e-04 -7.458508312591658265e-05
2.083975789164734384e-04 -5.594445168625950199e-04
-2.219298107787311765e-04 -1.175738750419529207e-03
-6.558913309466570408e-04 -1.820104322948052755e-03
-1.022217016598599409e-03 -2.380897634783837348e-03
-1.262736558450871030e-03 -2.759146749414126756e-03
-1.343060472110696110e-03 -2.887186066450728953e-03
-1.258756639332318187e-03 -2.741446766169452348e-03
-1.035860562209844210e-03 -2.346980505608452922e-03
-7.256304437342795755e-04 -1.772857162503301909e-03
-3.945476193412117546e-04 -1.119303511335289960e-03
-1.114626551772809155e-04 -4.990117845913617659e-04
6.567275062482500966e-05 -1.614938374479507957e-05
1.009702682711702834e-04 2.529651280805075321e-04
-1.245277073925912630e-05 2.738713166690221346e-04
-2.510714682863640678e-04 6.002028298796990152e-05
-5.653599274242062040e-04 -3.302618901956542118e-04
-8.891734673707899026e-04 -8.053131906417960702e-04
-1.152330402875474322e-03 -1.257979766104101813e-03
-1.294010323045437574e-03 -1.586373976952509639e-03
-1.274430046665075674e-03 -1.713604119613307839e-03
-1.082583411232918621e-03 -1.602729065588792863e-03
-7.385752626127799333e-04 -1.264096310571706083e-03
-2.901025659043471273e-04 -7.536654571976269135e-04
1.962571310718928428e-04 -1.626276001709227119e-04
6.473072177573594137e-04 3.997190872703022986e-04
9.967292988765561173e-04 8.265984887082477011e-04
1.197268450473761188e-03 1.033985781474221341e-03
1.229307334552921620e-03 9.766059143945346639e-04
1.104213839390462675e-03 6.566696107748342705e-04
8.618363540184978324e-04 1.236884433441463871e-04
5.626285436332470555e-04 -5.346020715751005712e-04
2.759018335847799241e-04 -1.208500338920627179e-03
6.643631413830067105e-05 -1.786708199776607716e-03
-1.800922536475131185e-05 -2.176965446161450123e-03
4.408139438681873534e-05 -2.323053454599412204e-03
2.437786973539759388e-04 -2.214960239674822716e-03
5.433211206321015684e-04 -1.890294503391333220e-03
8.832410871662792901e-04 -1.426693352531048118e-03
1.193654570215214612e-03 -9.266734963091439927e-04
1.407575651329867963e-03 -4.978060515891752575e-04
1.473733007743687927e-03 -2.319797520365009941e-04
1.366458459207684113e-03 -1.876888898312888219e-04
1.090771042690302610e-03 -3.787082650138740795e-04
6.816888256058130542e-04 -7.713065111787848795e-04
1.978927773586880759e-04 -1.290530729752467024e-03
-2.890642659938064173e-04 -1.834375887690693372e-03
-7.079675240256255112e-04 -2.293157538262923477e-03
-1.001075405242909250e-03 -2.570419213047517998e-03
-1.134700493363021648e-03 -2.601413279056241559e-03
-1.105240607038861624e-03 -2.365651598368069802e-03
-9.395254363870292422e-04 -1.891143376006931831e-03
-6.894201821090070693e-04 -1.249509905276995720e-03
-4.217144828951085111e-04 -5.428918391222150620e-04
-2.052169401124691360e-04 1.148826299068000760e-04
-9.750384945553952371e-05 6.193146813891596547e-04
-1.338353087798842657e-04 8.944699135161238070e-04
-3.203404813874181131e-04 9.068024352172623578e-04
-6.327643719025873546e-04 6.709636202039247904e-04
-1.021014307571094020e-03 2.465086584622336232e-04
-1.418645045421394572e-03 -2.738629515927713115e-04
-1.755485218134053994e-03 -7.822945597197672810e-04
-1.971011980008702171e-03 -1.176570597275888082e-03
-2.025938059674665514e-03 -1.379778321941865218e-03
-1.909812995275384125e-03 -1.355102201445161289e-03
-1.643194220572987991e-03 -1.112943384113303583e-03
-1.273971159994163795e-03 -7.090117855420898776e-04
-8.685320470260893874e-04 -2.337496037830113550e-04
-4.994393004950694335e-04 2.049115139985084729e-04
-2.319401665460958488e-04 5.021931159219682672e-04
-1.118598343681647973e-04 5.766000869912410627e-04
-1.571626117040110905e-04 3.857210590784271569e-04
-3.547725359683669621e-04 -6.530014983767993067e-05
-6.632494367298946312e-04 -7.242352498368719417e-04
-1.020808409690830958e-03 -1.501105809643516484e-03
-1.357159697122464282e-03 -2.284625571056746358e-03
-1.606923490815282633e-03 -2.962650170345077719e-03
-1.722076949025371211e-03 -3.442775540773969790e-03
-1.681074996224811696e-03 -3.669198459578847018e-03
-1.492917334188631484e-03 -3.632660489656908132e-03
-1.195392062329866511e-03 -3.371605930614163162e-03
-8.478299794017012635e-04 -2.964347412139211636e-03
-5.197440262152243709e-04 -2.513734554714155359e-03
-2.775084195993609941e-04 -2.127239476126596869e-03
-1.716040930679463674e-04 -1.896239304392251940e-03
-2.268506253493279964e-04 -1.878426259919204096e-03
-4.374800312127607484e-04 -2.086681858237121948e-03
-7.679915311166471761e-04 -2.486525880042730376e-03
-1.159632179541492201e-03 -3.002625124906574752e-03
-1.541283193987084488e-03 -3.533129462130472648e-03
-1.842697641162834108e-03 -3.969118566122933033e-03
-2.007589751159403503e-03 -4.215473034413548363e-03
-2.004103879473107322e-03 -4.209211986056612259e-03
-1.830686776276784812e-03 -3.931817194726368488e-03
-1.516256521448522063e-03 -3.413200861912005224e-03
-1.114640589870811559e-03 -2.726555017646861701e-03
-6.943397229412436337e-04 -1.975045945121777207e-03
-3.255583298273175734e-04 -1.272860289904878973e-03
-6.695865494753814370e-05 -7.241784483505216575e-04
4.535285332984322418e-05 -4.040430537857291060e-04
4.522325979932468286e-06 -3.447316366860671798e-04
-1.659377311776040389e-04 -5.302007506955315475e-04
-4.168255527154315367e-04 -8.996412744240443217e-04
-6.828285334330015622e-04 -1.359460438616340566e-03
-8.951843447180090610e-04 -1.801411823572938737e-03
-9.950215909203074909e-04 -2.123431964523088411e-03
-9.448474565175945215e-04 -2.249231390984860780e-03
-7.360000756758404861e-04 -2.142925589474868175e-03
-3.906470014710409426e-04 -1.815932472686188071e-03
4.205641802102161146e-05 -1.324829224076012110e-03
4.949292134963261588e-04 -7.605751831774314360e-04
8.951582966461530191e-04 -2.311441988065605913e-04
1.177784057182445490e-03 1.591403519150718423e-04
1.297731560262968499e-03 3.296485805408025903e-04
1.238115596796236480e-03 2.390620007197829123e-04
1.013252586417862913e-03 -1.064003409546181471e-04
6.658136572093471817e-04 -6.537157790838895493e-04
2.586615509491230029e-04 -1.312624632520149621e-03
-1.370805064677205003e-04 -1.972230353576147257e-03
-4.554675343341174610e-04 -2.521502653443394564e-03
-6.481344362522508751e-04 -2.869814055413724870e-03
-6.933134420539014938e-04 -2.963633717284085665e-03
-5.997622282829496131e-04 -2.796229380131556776e-03
-4.048623912114085650e-04 -2.408551301320879801e-03
-1.672528505605715501e-04 -1.881140536693807564e-03
4.460146526466643620e-05 -1.318602059767598304e-03
1.657348052949130651e-04 -8.295894509478173246e-04
1.473694966855176435e-04 -5.060960311575979191e-04
-3.344167202581275859e-05 -4.059768004632381775e-04
-3.690533560960440823e-04 -5.420118965363109140e-04
-8.222557663905586886e-04 -8.795817439235599543e-04
-1.332906584844159451e-03 -1.343391559473910545e-03
-1.828919072778255024e-03 -1.831967565638222776e-03
-2.239533603740852599e-03 -2.237173973790510320e-03
-2.508366991971464326e-03 -2.465047537072090518e-03
-2.603775396092607945e-03 -2.453995581178742766e-03
-2.524574430578068775e-03 -2.186901440975595658e-03
-2.300038273879680996e-03 -1.694833892999407900e-03
-1.984181767626852499e-03 -1.051646252610494419e-03
-1.645410868756320933e-03 -3.604754335579204343e-04
-1.353502620698619156e-03 2.653150937091772622e-04
-1.166380251543999453e-03 7.231522477242206034e-04
-1.119186604280711502e-03 9.402623543119757862e-04
-1.217722767599945053e-03 8.870837805476302100e-04
-1.437491148755258704e-03 5.825532956100730724e-04
-1.728520039667898189e-03 9.027361804929488320e-05
-2.025051111268070213e-03 -4.937053262776055097e-04
-2.258249695512129160e-03 -1.059172729164434713e-03
-2.369524694651441860e-03 -1.502645094784678089e-03
-2.321929012224560693e-03 -1.746899889317058904e-03
-2.107474501907081674e-03 -1.755456691667851756e-03
-1.748968839255196422e-03 -1.539266524605366815e-03
-1.296018999468691530e-03 -1.154347290913646483e-03
-8.159507626629034990e-04 -6.908193458182871607e-04
-3.813566786268406074e-04 -2.554252310629149918e-04
-5.662385005889654030e-05 4.914718908516552999e-05
1.140132563614808118e-04 1.442124296114615390e-04
1.146377094785688919e-04 -9.482788563061313528e-06
-3.950929394749098586e-05 -4.037816085143670171e-04
-3.050470269174058806e-04 -9.841145027340240242e-04
-6.187595487609192767e-04 -1.659296342227837423e-03
-9.096125330833788360e-04 -2.318280964220824965e-03
-1.112207554054292285e-03 -2.850713303405866782e-03
-1.179127693714640719e-03 -3.167399332973746227e-03
-1.089839316701526981e-03 -3.216828560709599112e-03
-8.544679358426210923e-04 -2.994629921569370683e-03
-5.117375744654134541e-04 -2.544178369624951544e-03
-1.214689404845166367e-04 -1.948243294525144834e-03
2.469373639623858078e-04 -1.313264191734677148e-03
5.278456813455998254e-04 -7.492330411857264609e-04
6.720248335068991496e-04 -3.489926847079103875e-04
6.561824110891556093e-04 -1.708690497176563496e-04
4.875818669532775654e-04 -2.279218270313349785e-04
2.028616931499527807e-04 -4.858431160478719583e-04
-1.387258968606561865e-04 -8.698942924736793522e-04
-4.663822362996681409e-04 -1.279558364639054495e-03
-7.110449431424367391e-04 -1.608122754095566397e-03
-8.183754040426702899e-04 -1.763472686881133872e-03
-7.589953160944144708e-04 -1.686145233737165045e-03
-5.340365132566616668e-04 -1.361212091790079109e-03
-1.749546752691586294e-04 -8.217273839307400254e-04
2.623574637515583771e-04 -1.430738868971898211e-04
7.080435396135758251e-04 5.707352229967433072e-04
1.091362397450588084e-03 1.206218176731222325e-03
1.353898871602812574e-03 1.661433592535113343e-03
1.460409039256331445e-03 1.864869278654069339e-03
1.405251265860272322e-03 1.788643505768214986e-03
1.213190924309123439e-03 1.453526657609059344e-03
9.344326001204495509e-04 9.248381324750043660e-04
6.348270551219495654e-04 2.999991594773475183e-04
3.831141655943650888e-04 -3.098999194073138270e-04
2.376244203896948166e-04 -8.010280865810993477e-04
2.349640611376819892e-04 -1.096277498724739560e-03
3.828331597210828888e-04 -1.159581757396273109e-03
6.583430148190136735e-04 -1.002383796205379542e-03
1.012157461903014826e-03 -6.810367652805074650e-04
1.377679303634459299e-03 -2.856396602254414503e-04
1.683547018169082856e-03 7.756740698270487254e-05
1.867079228921657025e-03 3.069028336086294549e-04
1.886123979907033520e-03 3.251057501962329463e-04
1.727070834615281004e-03 9.458657871627630838e-05
1.407509234184601762e-03 -3.748353402678115519e-04
9.730290833692310445e-04 -1.027185644419544323e-03
4.887674929943972360e-04 -1.770356000910494826e-03
2.729924170817457727e-05 -2.493007153666190658e-03
-3.448402782458811545e-04 -3.085164679441534767e-03
-5.794529395623185123e-04 -3.458617659630795933e-03
-6.554740444845680129e-04 -3.563266267875649443e-03
-5.826079997775517223e-04 -3.396329632929815344e-03
-3.991223953018459085e-04 -3.002675390418717977e-03
-1.642258263149986241e-04 -2.466211501917696912e-03
5.351947523652810911e-05 -1.893971289510043478e-03
1.895483380983125797e-04 -1.395904177648347533e-03
1.958710937380436085e-04 -1.064195796903561787e-03
5.049071149140446114e-05 -9.560283357305577635e-04
-2.381313891529260708e-04 -1.083038854913125244e-03
-6.324127554449168569e-04 -1.409463426775290143e-03
-1.072542902836166835e-03 -1.859308912609817632e-03
-1.487631468679353900e-03 -2.331183657877411528e-03
-1.809004414758327850e-03 -2.717967280267339237e-03
-1.983133376253552824e-03 -2.927582837098964552e-03
-1.981751562043125060e-03 -2.900925613235991879e-03
-1.807241114963062736e-03 -2.623541159743006217e-03
-1.492270932210845811e-03 -2.128829093561367472e-03
-1.093751367487826639e-03 -1.492154363914871204e-03
-6.822471262124209148e-04 -8.169702424571440762e-04
-3.288485333328010655e-04 -2.155710144160792379e-04
-9.198160818571889455e-05 2.118894121436514996e-04
-6.648113426049417733e-06 3.961468370216491468e-04
-7.812594278348774113e-05 3.117987951378825779e-04
-2.813151415972326092e-04 -1.795389433649420725e-05
-5.658455363346876410e-04 -5.256927259552744312e-04
-8.659708605992190358e-04 -1.112464651354648244e-03
-1.113367996378803772e-03 -1.666363949212160828e-03
-1.250410089406385917e-03 -2.083498924572765604e-03
-1.241392946129188900e-03 -2.287379699132391711e-03
-1.079582179863504670e-03 -2.243063889990841442e-03
-7.887405540141673469e-04 -1.963390945780412507e-03
-4.188409019913496342e-04 -1.506135074246240909e-03
-3.677183532404800035e-05 -9.626271571373511702e-04
2.862074534487229257e-04 -4.400120126244291049e-04
4.878903500995142046e-04 -4.051283367063397180e-05
5.268835990670901141e-04 1.583586581600179583e-04
3.904789286084850127e-04 1.188871533667841453e-04
9.714393251567058621e-05 -1.493339597694451001e-04
-3.068417412461484171e-04 -5.908959889189970656e-04
-7.559714100956908345e-04 -1.114800707377535012e-03
-1.177696527493007168e-03 -1.611490379444055314e-03
-1.505910201405927804e-03 -1.973463983832724443e-03
-1.693182206810819445e-03 -2.115580804948468709e-03
-1.719435661352005772e-03 -1.991209900142069684e-03
-1.595429736719679607e-03 -1.601168587515825522e-03
-1.360396500120585831e-03 -9.937565079969038102e-04
-1.074286959195872287e-03 -2.558758824685920417e-04
-8.061020233435356019e-04 5.030855187186021550e-04
-6.205251454952481456e-04 1.171563621993193527e-03
-5.653945597725207502e-04 1.656482310066151060e-03
-6.623934793073123174e-04 1.900369726486270724e-03
-9.027265875843173189e-04 1.891696671484580181e-03
-1.248606173684992365e-03 1.666491471776684538e-03
-1.640270282499350181e-03 1.300938166117610734e-03
-2.007206768962872638e-03 8.963725336933845052e-04
-2.281459709807336176e-03 5.595300512028973140e-04
-2.410499246147597072e-03 3.817987125018231995e-04
-2.367217484345835593e-03 4.214175821695394578e-04
-2.155156146458447018e-03 6.920033975876321505e-04
-1.807973430833442752e-03 1.159588256451501553e-03
-1.383247299475915846e-03 1.748738531177635846e-03
-9.517838412810132685e-04 2.356604068320971267e-03
-5.844496282225353136e-04 2.872243382220905986e-03
-3.390151185458157614e-04 3.197569638456890587e-03
-2.494935516208283792e-04 3.265953315079242036e-03
-3.199869362880660350e-04 3.054959071968736846e-03
-5.241971995137257537e-04 2.590802979627640848e-03
-8.106879476094982877e-04 1.943681991480452047e-03
-1.112893681341607481e-03 1.214853962100296680e-03
-1.361974803305682994e-03 5.179067609229250904e-04
-1.500078467425181201e-03 -4.224628711835482289e-05
-1.491489150555508954e-03 -3.886782828401275612e-04
-1.329553182431372337e-03 -4.864232642120017115e-04
-1.038062532619714578e-03 -3.484801581802692005e-04
-6.668332274746419097e-04 -3.272277927449118457e-05
-2.823140096129334769e-04 3.696853181422196221e-04
4.499708986756745157e-05 7.521638221384236659e-04
2.539451162617378625e-04 1.013478924632749221e-03
3.043821068730746945e-04 1.077452688419711438e-03
1.848914042699780240e-04 9.078748422465887993e-04
-8.489383013839493005e-05 5.157829535050892323e-04
-4.578214487015473460e-04 -4.227657730254550305e-05
-8.679373033084103375e-04 -6.746848199010993183e-04
-1.242743892622679694e-03 -1.271913375773578870e-03
-1.516686102920109230e-03 -1.727167990197702200e-03
-1.643317480168358892e-03 -1.956605421161153411e-03
-1.603850474132703999e-03 -1.915294991007834499e-03
-1.410478753124582612e-03 -1.605899916526203064e-03
-1.103849362766905120e-03 -1.078430011740002430e-03
-7.451698087948928828e-04 -4.211060975965764670e-04
-4.044504320000896639e-04 2.559422806440219615e-04
-1.471134933220477484e-04 8.410687412311358691e-04
-2.150880363734780122e-05 1.241741394499725403e-03
-4.970314632801698610e-05 1.401519135995501694e-03
-2.232898558374459387e-04 1.310171252673986066e-03
-5.050133165045626957e-04 1.005037450947359823e-03
-8.359010327142782316e-04 5.633841811153931893e-04
-1.146551990365396673e-03 8.721781274263252799e-05
-1.370441961321950666e-03 -3.165569677065986198e-04
-1.456723434081211993e-03 -5.568645566678734858e-04
-1.380092522672428422e-03 -5.761359711994183848e-04
-1.145849612977280912e-03 -3.615796488453475697e-04
-7.891897026528135739e-04 5.209674317578866058e-05
-3.688502490246476848e-04 5.890353019794487312e-04
4.368785832232975922e-05 1.146450107372148745e-03
3.774090010028914458e-04 1.614032350376822878e-03
5.748879820272894021e-04 1.894864673342564008e-03
6.028542503299868811e-04 1.923883242511421465e-03
4.582025634345786714e-04 1.680388438244118619e-03
1.683192893375473013e-04 1.192230056129874038e-03
-2.143306842057720251e-04 5.308675874932839182e-04
-6.223254393650783523e-04 -2.017676337002498484e-04
-9.861942511463694591e-04 -8.921306894079791480e-04
-1.247664182322825565e-03 -1.436081983160850117e-03
-1.370733677362890018e-03 -1.758098764737675134e-03
-1.348474363303637288e-03 -1.825054018943508653e-03
-1.204272293119084498e-03 -1.651966364895095414e-03
-9.872739367390512277e-04 -1.298644822051544081e-03
-7.629007231699651585e-04 -8.578759783471199196e-04
-6.002308422166395194e-04 -4.374018825463227202e-04
-5.586412855848215449e-04 -1.391117864598617835e-04
-6.762442059414247196e-04 -3.939725306446959646e-05
-9.623128669674789254e-04 -1.743984745882249266e-04
-1.395137880843452067e-03 -5.329419127953706394e-04
-1.925726936064147635e-03 -1.058511284125270230e-03
-2.486655335865781743e-03 -1.659881596259196301e-03
-3.004399768008092497e-03 -2.228403672487177384e-03
-3.412828386510656075e-03 -2.658665385903925295e-03
-3.665301339106897226e-03 -2.868614523504176873e-03
-3.743098775495931185e-03 -2.815328286463108197e-03
-3.658588346318670734e-03 -2.503437001533047844e-03
-3.452539670890078863e-03 -1.984598961560355389e-03
-3.186100741644498288e-03 -1.348116401224851201e-03
-2.928961069403435580e-03 -7.044588975537910934e-04
-2.745947377092863330e-03 -1.648025869639192266e-04
-2.684593334877863162e-03 1.795525973529109830e-04
-2.766039243545168058e-03 2.740026660736209242e-04
-2.980985884418435421e-03 1.105238190836442926e-04
-3.291468592595998399e-03 -2.712383423458325981e-04
-3.638114414731964501e-03 -7.918694343398039815e-04
-3.951505880560936788e-03 -1.347570203624359753e-03
-4.165496257204733509e-03 -1.830101398661485978e-03
-4.229950625220694344e-03 -2.147505046228778691e-03
-4.120494902342695075e-03 -2.241672166410857425e-03
-3.843420666229198715e-03 -2.099425831990105098e-03
-3.434810199667339033e-03 -1.755018195466286936e-03
-2.954040070090606721e-03 -1.283567779311340935e-03
-2.472885648051906596e-03 -7.866807144470875333e-04
-2.062281791030242620e-03 -3.729814930146910148e-04
-1.779238780621461395e-03 -1.372445409321568308e-04
-1.656383457313642671e-03 -1.420846101214646388e-04
-1.696098857653640648e-03 -4.056811008721857882e-04
-1.870365544913559722e-03 -8.978703488018559362e-04
-2.126328967883920392e-03 -1.545356675616749295e-03
-2.396533837316379163e-03 -2.245067359948289386e-03
-2.611883781404449999e-03 -2.883135351230532283e-03
-2.714869552607912517e-03 -3.355928346990011586e-03
-2.670559300537647153e-03 -3.589155455527730677e-03
-2.473269298703369926e-03 -3.551446416608605456e-03
-2.147652540405508431e-03 -3.259844384357012820e-03
-1.744000688025276399e-03 -2.776183547389889702e-03
-1.328651595335363176e-03 -2.195047649939366533e-03
-9.713223326014527219e-04 -1.625598235043214292e-03
-7.317706499385765589e-04 -1.170720606471851999e-03
-6.483157123484009719e-04 -9.074416457160617167e-04
-7.303975035797023859e-04 -8.723309216626374228e-04
-9.565900589910481585e-04 -1.054650985907260420e-03
-1.278451344116999545e-03 -1.398553435736688347e-03
-1.629487604446753059e-03 -1.813902506975770225e-03
-1.937541590055642674e-03 -2.193672374769437949e-03
-2.138265569629567344e-03 -2.434617731780811326e-03
-2.187134283655203792e-03 -2.457295665840044524e-03
-2.067728914915192666e-03 -2.221638102316622794e-03
-1.794728542189776357e-03 -1.735115192426838968e-03
-1.411046843900820103e-03 -1.051931790250561693e-03
-9.796594606688506339e-04 -2.633961789682512942e-04
-5.716717077697718767e-04 5.187288230503570192e-04
-2.528871242523945398e-04 1.182753704731522417e-03
-7.142010174828947178e-05 1.637595822820677631e-03
-4.869704601006229466e-05 1.829443964290919508e-03
-1.755478561369192437e-04 1.751411073732724597e-03
-4.141246699159012706e-04 1.444358988629527172e-03
-7.052805253260460878e-04 9.887493229795538303e-04
-9.800059389294046505e-04 4.890723158324233747e-04
-1.172752324672832235e-03 5.380910046100218728e-05
-1.234113310394919409e-03 -2.252732810237528891e-04
-1.140456131554971539e-03 -2.905704309609758677e-04
-8.986724728732152934e-04 -1.295276748508394308e-04
-5.451421099683603517e-04 2.230949130674877903e-04
-1.390985276535983476e-04 6.920055135667752466e-04
2.483541298641441788e-04 1.175922382076763925e-03
5.474996322085393281e-04 1.567114302987709235e-03
7.030392016880931223e-04 1.772231316658575209e-03
6.844301195956613683e-04 1.730471538193581200e-03
4.915801719042909657e-04 1.425633010202008444e-03
1.548230929397654263e-04 8.897563619708148772e-04
-2.708180251445405648e-04 1.976555661361500895e-04
-7.159919657658572831e-04 -5.466410406277158723e-04
-1.110043380056168188e-03 -1.228985662741225761e-03
-1.394234644376983467e-03 -1.746139662251123149e-03
-1.532664378444360039e-03 -2.024767023191370498e-03
-1.518818653174132090e-03 -2.034808342674378386e-03
-1.376518881000430346e-03 -1.794713971306173810e-03
-1.155092278538978915e-03 -1.367555034409803465e-03
-9.196855351205446109e-04 -8.487567593429209967e-04
-7.385626089847171540e-04 -3.477830964759495713e-04
-6.697991401606465459e-04 3.275493847441305478e-05
-7.499005812574670304e-04 2.166089178555891375e-04
-9.865070950350527095e-04 1.683260469092209746e-04
-1.356574476472567278e-03 -1.001257659951750121e-04
-1.810383338130163453e-03 -5.317918145754288017e-04
-2.280624906815853503e-03 -1.035757331323803893e-03
-2.694850038926352095e-03 -1.504672165048946816e-03
-2.988930581952172968e-03 -1.835446597006623517e-03
-3.118989707757447664e-03 -1.949189710613900232e-03
-3.069546785903818839e-03 -1.806604052859778903e-03
-2.856338063611973260e-03 -1.415909832332600763e-03
-2.523281383595638375e-03 -8.317858645874623121e-04
-2.134160765746097570e-03 -1.455151838338689498e-04
-1.760605215231664245e-03 5.318113267370021269e-04
-1.468636559727224799e-03 1.089865120501598041e-03
-1.306330866341870066e-03 1.439540594106618505e-03
-1.294925996968608085e-03 1.529442517652463644e-03
-1.425054295909265224e-03 1.355287789973811351e-03
-1.658808040726927804e-03 9.604492364795641675e-04
-1.937240072221175016e-03 4.275447727975335106e-04
-2.191872237948318258e-03 -1.373309746764584272e-04
-2.358024932940245687e-03 -6.247442357680220697e-04
-2.387435887968501064e-03 -9.426151218649898335e-04
-2.257770792099405253e-03 -1.033549135644794368e-03
-1.977216887530881644e-03 -8.855285804799086164e-04
-1.583281899653340725e-03 -5.339443872008746168e-04
-1.136018237555344026e-03 -5.459024107511918134e-05
-7.069484940766660765e-04 4.510463088383743937e-04
