2.550559916050975512e-03 1.067074224138044166e-03
2.506615998090597382e-03 8.275613318989972047e-04
2.070212307383463395e-03 5.466391814744278469e-04
1.316791239838008276e-03 2.931512564063421889e-04
3.818711579686955688e-04 1.278100416280666734e-04
-5.643477354788813388e-04 9.159725395864904297e-05
-1.348961488355454900e-03 1.979704328575186039e-04
-1.828875838883040929e-03 4.303507704497494882e-04
-1.917704465130354481e-03 7.453654235808359913e-04
-1.601964010774213111e-03 1.081226371690665461e-03
-9.435036196417429140e-04 1.369653803784374969e-03
-6.771219312716540142e-05 1.549079512820192208e-03
8.602615169838611795e-04 1.576622227560114595e-03
1.666772212978852395e-03 1.436558375512624573e-03
2.202505107173867872e-03 1.143674623894186003e-03
2.370652059477356202e-03 7.408571834269079247e-04
2.145103812812894448e-03 2.913638667673538497e-04
1.575216782265811098e-03 -1.327683131398850751e-04
7.762558807831544195e-04 -4.639952640266241640e-04
-9.267207623103832382e-05 -6.517143723893097790e-04
-8.590104999914530831e-04 -6.715413937553132940e-04
-1.369709818687434673e-03 -5.296670983516561879e-04
-1.520502022714890263e-03 -2.614754989665746005e-04
-1.275942987349393829e-03 7.530934421770320308e-05
-6.764205189147532403e-04 4.116464365824830515e-04
1.692059608072989194e-04 6.802813720603034927e-04
1.103947435464981437e-03 8.284484548196291908e-04
1.952163988786926934e-03 8.277672674665241667e-04
2.552604621248180921e-03 6.794624113003942768e-04
2.788757673896195138e-03 4.139222775873343022e-04
2.610769787606458548e-03 8.468605228152666445e-05
2.044786935964708341e-03 -2.419955713328658404e-04
1.187951724785981256e-03 -5.000413071624644143e-04
1.900060620552340490e-04 -6.364139221699220824e-04
-7.750165999352430935e-04 -6.215411418940262368e-04
-1.541649945380489575e-03 -4.552993616293014205e-04
-1.984184396708086467e-03 -1.674165161548626501e-04
-2.040284792208562053e-03 1.877928921929755799e-04
-1.722567991997330352e-03 5.413741537281140711e-04
-1.115952832225879272e-03 8.224866500393623837e-04
-3.612894939352104305e-04 9.715601058119216179e-04
3.716261020856283714e-04 9.513696405996037225e-04
9.165368261950016492e-04 7.539393314894639363e-04
1.142550113658103968e-03 4.019725195445639524e-04
9.792717510000762370e-04 -5.545804554203936096e-05
4.304814664869611746e-04 -5.521418780760817052e-04
-4.262461939558524890e-04 -1.017135712782608285e-03
-1.453910727542834236e-03 -1.387994130970342677e-03
-2.481729985716924977e-03 -1.622323614613648554e-03
-3.337210187794468520e-03 -1.705476832623009642e-03
-3.878574596447644397e-03 -1.652936265549650226e-03
-4.021415136459430967e-03 -1.506943196011075814e-03
-3.754524155161757977e-03 -1.328018986263340782e-03
-3.141911122486071468e-03 -1.182993841825540288e-03
-2.310623725838109165e-03 -1.131820502558287915e-03
-1.426679552975370279e-03 -1.215681027141685740e-03
-6.636647157575541450e-04 -1.448650306267707921e-03
-1.699432904140019650e-04 -1.814506473511898546e-03
-4.068356631464634457e-05 -2.269303569370837662e-03
-2.999941307174807184e-04 -2.749230300408314186e-03
-8.965476468319024186e-04 -3.182277215803416652e-03
-1.713515509940616733e-03 -3.501512690223941397e-03
-2.590926209693081381e-03 -3.657462383185411132e-03
-3.356207449154918060e-03 -3.627255196448599811e-03
-3.857122355201044080e-03 -3.418809341419019009e-03
-3.990856823749713497e-03 -3.069269454760419763e-03
-3.723743927410632509e-03 -2.637992403473283457e-03
-3.097884324500787753e-03 -2.195409815306143507e-03
-2.223403056278863178e-03 -1.809874373157939389e-03
-1.257803207999399001e-03 -1.534977001949344418e-03
-3.763206460282554969e-04 -1.399731271812992665e-03
2.611112892273836483e-04 -1.403476867239657980e-03
5.400354857355753671e-04 -1.516458998538582591e-03
4.130724141324063244e-04 -1.685964701096211767e-03
-9.113941473845674907e-05 -1.846843839718171221e-03
-8.733561312052389933e-04 -1.934411689880630517e-03
-1.782469926365212254e-03 -1.897278486260695410e-03
-2.644032223945657310e-03 -1.707664772277780801e-03
-3.293160671736811845e-03 -1.367237245753209329e-03
-3.605603070158820353e-03 -9.073480576927014062e-04
-3.521081251489633929e-03 -3.836206491372243775e-04
-3.054500351562678198e-03 1.341034955240634052e-04
-2.292906977885989569e-03 5.745632265755201131e-04
-1.378778411887503046e-03 8.782060775665202377e-04
-4.828133001538649927e-04 1.008167393113808350e-03
2.286177467388291612e-04 9.570264043895499850e-04
6.251920533647356993e-04 7.480634349744258189e-04
6.375128300166676108e-04 4.307819526868529440e-04
2.704285094009171390e-04 7.154337655151520470e-05
-3.977341265962924333e-04 -2.589138547018894967e-04
-1.229882814165352174e-03 -4.987112376629991876e-04
-2.056037105571259776e-03 -6.063219263290067166e-04
-2.705473811003175980e-03 -5.681478370489799002e-04
-3.039056589515853717e-03 -4.007552058542622193e-04
-2.975629843784298543e-03 -1.473541599393185292e-04
-2.507479849501634793e-03 1.308012972640813212e-04
-1.701934904096605089e-03 3.664538877446697502e-04
-6.887995840606315947e-04 4.995332373377481174e-04
3.640006448858313249e-04 4.889867475386794598e-04
1.281956821937200054e-03 3.209998281103029674e-04
1.916729132614062355e-03 1.203831565407310639e-05
2.173918626409798976e-03 -3.938729795093324484e-04
2.030605622627169871e-03 -8.331294419438828010e-04
1.539340684028104060e-03 -1.234280899169307296e-03
8.178397019247492282e-04 -1.531306197692837651e-03
2.634178766176310804e-05 -1.675920366126057654e-03
-6.630753488217444418e-04 -1.646588209603041131e-03
-1.099405318689488775e-03 -1.452540016755591266e-03
-1.181610170719282066e-03 -1.132029533415645746e-03
-8.780269626837741270e-04 -7.451627627318073519e-04
-2.326036352994183872e-04 -3.626524819919274187e-04
6.432214966701468774e-04 -5.262330633762303447e-05
1.591463252162060756e-03 1.320401241450569084e-04
2.437393851572548960e-03 1.634133449115374300e-04
3.022566975559191991e-03 4.348835023794319493e-05
3.234809955085691906e-03 -1.965634339867268943e-04
3.029505464913564722e-03 -5.026722535461263831e-04
2.438132355820791207e-03 -8.084958592771195138e-04
1.562446629477580191e-03 -1.048367911785049508e-03
5.554014208675240628e-04 -1.170107026293946062e-03
-4.075853835708292006e-04 -1.145251060067744523e-03
-1.161580722281772534e-03 -9.747691169063554774e-04
-1.583070380983072787e-03 -6.891606484066186214e-04
-1.613027043798116776e-03 -3.429147529514294402e-04
-1.267751783774631472e-03 -4.371881903252440929e-06
-6.354436510575332646e-04 2.570978263474082200e-04
1.408456652031787383e-04 3.841756320510998808e-04
8.906373701286287052e-04 3.424598864459245124e-04
1.448631421818257978e-03 1.270592276201209982e-04
1.686312398456159267e-03 -2.363365848908612976e-04
1.536564942353963337e-03 -6.961141079655358815e-04
1.006632604611442001e-03 -1.184244797695051818e-03
1.769617681281616646e-04 -1.628850500943646419e-03
-8.138543002514498194e-04 -1.967454039181932429e-03
-1.795183525119260250e-03 -2.158414356397211648e-03
-2.596573937025235639e-03 -2.188390245083147046e-03
-3.079984118721612422e-03 -2.074429247553488155e-03
-3.165922648989295731e-03 -1.860296462253785595e-03
-2.848546214391645473e-03 -1.607748873701484848e-03
-2.196855567425511253e-03 -1.384417898782020579e-03
-1.341759717941162777e-03 -1.250604874689416161e-03
-4.514534846207821864e-04 -1.247499631674108423e-03
3.002345993765333492e-04 -1.389062191520732802e-03
7.665367989568338050e-04 -1.659113145087924134e-03
8.552991157013459765e-04 -2.014190888593933582e-03
5.461825889897049726e-04 -2.391640601103842481e-03
-1.057369169689412539e-04 -2.721407650047779399e-03
-9.806450256038320296e-04 -2.939304922728821524e-03
-1.916913028380314715e-03 -2.999242623986919480e-03
-2.741923052936559059e-03 -2.882103658903782673e-03
-3.304951826296809170e-03 -2.599581082575097915e-03
-3.505881424184424319e-03 -2.192246360114177318e-03
-3.314296201644495801e-03 -1.722208030574975740e-03
-2.775346208100301030e-03 -1.261743263631514038e-03
-2.001263961956533180e-03 -8.800460942815803694e-04
-1.150138840861383762e-03 -6.305917277915387394e-04
-3.959669745781564405e-04 -5.414989312084464651e-04
1.043526035764299857e-04 -6.107043921996818019e-04
2.408256246530988444e-04 -8.068515723703125267e-04
-2.867167016655058735e-05 -1.075714535565702864e-03
-6.702413109334899154e-04 -1.350929357342240712e-03
-1.580174175553634075e-03 -1.566990445973412589e-03
-2.604351244685297606e-03 -1.672040837401296163e-03
-3.567167623292401626e-03 -1.638025394595691176e-03
-4.304508931423442139e-03 -1.466276295409680089e-03
-4.694542794722948373e-03 -1.187466419973227071e-03
-4.680502145050685452e-03 -8.559341570357201830e-04
-4.281153495294785435e-03 -5.394504872479469800e-04
-3.586975104677239592e-03 -3.063638773193315835e-04
-2.742775436293989032e-03 -2.125568318448257986e-04
-1.920049238333499265e-03 -2.906855299252065258e-04
-1.284310968696385138e-03 -5.437436245504162274e-04
-9.635954384484279878e-04 -9.441743707065261212e-04
-1.024093645784371516e-03 -1.438706348515953175e-03
-1.457539868114483828e-03 -1.958005704230237568e-03
-2.182740160684702811e-03 -2.429326960459222452e-03
-3.060953929944314200e-03 -2.789777523701306508e-03
-3.922216342188381867e-03 -2.997695410361019778e-03
-4.597616798897854670e-03 -3.039997336602765637e-03
-4.951419989542720640e-03 -2.934117464976462690e-03
-4.906944870733571940e-03 -2.724181260440690280e-03
-4.461297892849850830e-03 -2.472150150109798938e-03
-3.686166306496259197e-03 -2.245624397598547720e-03
-2.714516007581530607e-03 -2.104623624002138066e-03
-1.715706525373229515e-03 -2.089857086086817015e-03
-8.637282667062341594e-04 -2.214712670977170283e-03
-3.045689225532203018e-04 -2.462488178194753314e-03
-1.288805874821411131e-04 -2.789394382167010439e-03
-3.551154992821289099e-04 -3.132764829577098543e-03
-9.263164203463314719e-04 -3.422919599991687371e-03
-1.721162786258961623e-03 -3.596436430307511142e-03
-2.577175203941840537e-03 -3.608314152983562069e-03
-3.321679554663369612e-03 -3.440721275969166673e-03
-3.804663532259012701e-03 -3.106667460925991407e-03
-3.927300967761213069e-03 -2.647895536021486682e-03
-3.660740485623607300e-03 -2.127384734894314632e-03
-3.051599432687495533e-03 -1.617875109634519734e-03
-2.213122356295547846e-03 -1.188575568794306668e-03
-1.303678682529251171e-03 -8.925613199805667230e-04
-4.966724699253647658e-04 -7.572356790249461711e-04
5.243590380902217983e-05 -7.796509971433907569e-04
2.357485524916718041e-04 -9.275636583327474295e-04
1.357705444574898446e-05 -1.146012813179958989e-03
-5.777968410712206945e-04 -1.368167207457745638e-03
-1.432722066199211899e-03 -1.528377071025771670e-03
-2.395897329540651842e-03 -1.574951471614570529e-03
-3.291481739888325701e-03 -1.480234715713221304e-03
-3.956092250619061557e-03 -1.246068210383034260e-03
-4.269447313980563770e-03 -9.035995101004676636e-04
-4.176861715198288208e-03 -5.074722342406064266e-04
-3.699340268878475654e-03 -1.254961294444283809e-04
-2.929365759131225076e-03 1.742459900171118656e-04
-2.013184604795823125e-03 3.364106865516017426e-04
-1.122949451262064647e-03 3.290576626469033359e-04
-4.239973772349463644e-04 1.499398115164527531e-04
-4.346231755239689243e-05 -1.727788482257250151e-04
-4.616655428474206527e-05 -5.855219491872026664e-04
-4.223568141676228935e-04 -1.019079351224330427e-03
-1.089606806806695145e-03 -1.401324169782002492e-03
-1.908524762799697089e-03 -1.670470821894546850e-03
-2.709289721483927431e-03 -1.786374249862990402e-03
-3.323989057297794831e-03 -1.737741188302772358e-03
-3.618630427201898273e-03 -1.543897982044410439e-03
-3.518762152054617093e-03 -1.250789550978218109e-03
-3.023845527278565259e-03 -9.219755927825890821e-04
-2.207651691567808806e-03 -6.263363756263724694e-04
-1.204601318666549117e-03 -4.248223776373960103e-04
-1.846266062398816635e-04 -3.587618566233685691e-04
6.786920294040465259e-04 -4.419441341457506015e-04
1.240688862098289665e-03 -6.579800395157831818e-04
1.412717093617315255e-03 -9.634402101705262511e-04
1.178669343763544134e-03 -1.296176286401735239e-03
5.977926686820220648e-04 -1.587246963261140613e-03
-2.067293988592522726e-04 -1.774186572717408733e-03
-1.071261341774715084e-03 -1.813098024264827961e-03
-1.822816552307086023e-03 -1.687273077818824719e-03
-2.311883420998814189e-03 -1.410699255914602511e-03
-2.440759803094921538e-03 -1.025779962515074905e-03
-2.182030567521413278e-03 -5.956893966694758527e-04
-1.583690359661256734e-03 -1.927992867973150719e-04
-7.599434107288429840e-04 1.146419162488777291e-04
1.305748369648733844e-04 2.750657261813112741e-04
9.150270576193434389e-04 2.630087671047482258e-04
1.439326199345824673e-03 8.363118976535558260e-05
1.597566114945093724e-03 -2.285186747399788791e-04
1.352352456784023174e-03 -6.162520589989264799e-04
7.421780242910954156e-04 -1.010715941052555463e-03
-1.255606926599135134e-04 -1.344514313878218768e-03
-1.094590637782525680e-03 -1.564486387196362127e-03
-1.989048260353997680e-03 -1.641720016983943273e-03
-2.646486612945257461e-03 -1.576903776962193960e-03
-2.948360706281432340e-03 -1.400005391578493545e-03
-2.842225366966185610e-03 -1.164340223945655459e-03
-2.351448430881696115e-03 -9.361573630923096523e-04
-1.570605258195860183e-03 -7.817211261397377393e-04
-6.474308070414888129e-04 -7.543414860079466220e-04
2.452503117415630362e-04 -8.838179618012620723e-04
9.422989331434481960e-04 -1.170305719812469785e-03
1.317535025268064871e-03 -1.583776248964994301e-03
1.307588829434664767e-03 -2.069186288971088580e-03
9.238147752417960124e-04 -2.556388117090478522e-03
2.500146559117490770e-04 -2.972916439608568658e-03
-5.735956996365729459e-04 -3.257242037588407250e-03
-1.377136542482291018e-03 -3.369993274136713277e-03
-1.993461476616487787e-03 -3.301030516566659176e-03
-2.290062269550982924e-03 -3.071042791147538063e-03
-2.194434175067886718e-03 -2.727372053040341693e-03
-1.708092457521126267e-03 -2.334862116437165513e-03
-9.065793235174675032e-04 -1.963469855410377319e-03
7.454703406419198124e-05 -1.674987713088770935e-03
1.065095353146273786e-03 -1.511393138647980231e-03
1.892196876367892387e-03 -1.487030808548215222e-03
2.412789447271454068e-03 -1.586106040579510559e-03
2.540485375209255471e-03 -1.765960408712734459e-03
2.261740946579674384e-03 -1.965503974082376780e-03
1.638270178662733743e-03 -2.117200460134565504e-03
7.952489418015031312e-04 -2.160327423793958774e-03
-1.024549445442021625e-04 -2.052990795096439405e-03
-8.815237875903468318e-04 -1.780608087315325039e-03
-1.392988514843469892e-03 -1.359242617978555570e-03
-1.540374055157227697e-03 -8.331456706590951869e-04
-1.297864095003879248e-03 -2.669600740574800432e-04
-7.150484982605992586e-04 2.659504603357199415e-04
9.264180992295316342e-05 6.968480879079897187e-04
9.659967697256609210e-04 9.741276498152370801e-04
1.732403220063235627e-03 1.072625787994016186e-03
2.238777499754319045e-03 9.979789904391851534e-04
2.380812559860992581e-03 7.852133802902692104e-04
2.122995053860284205e-03 4.918398117816486208e-04
1.505595366187477890e-03 1.867666667333630660e-04
6.373001520827355519e-04 -6.286702656189979439e-05
-3.251243174100272842e-04 -2.044435215330508027e-04
-1.206293651749735770e-03 -2.097891033573796686e-04
-1.845218997675400659e-03 -8.039096845500223569e-05
-2.125626880160874990e-03 1.530756560002002539e-04
-1.997848517647672108e-03 4.368150857887046021e-04
-1.488137326475172471e-03 7.044176073442926303e-04
-6.936528284135844808e-04 8.898071974054662684e-04
2.359378064639537241e-04 9.401696731299802800e-04
1.126756508291155067e-03 8.264032583866728118e-04
1.813552168282558203e-03 5.491020233531469872e-04
2.170863680801659278e-03 1.389280803404143567e-04
2.136610388104130155e-03 -3.487092466257512863e-04
1.723646934057508975e-03 -8.436709560229356530e-04
1.017099273052209140e-03 -1.273916562646970401e-03
1.579916211956540104e-04 -1.578724067292589135e-03
-6.837294424305447819e-04 -1.719807779313644929e-03
-1.341659363069708233e-03 -1.688237048284722125e-03
-1.684734509462114220e-03 -1.505852794578432796e-03
-1.642337404985660899e-03 -1.220919120632247027e-03
-1.217947509036908151e-03 -8.988372738667963066e-04
-4.887457842367357291e-04 -6.096824805268112211e-04
4.087587832586260408e-04 -4.149240205126973353e-04
1.304365354289774639e-03 -3.558418344279845776e-04
2.026231542199050713e-03 -4.458300349492789636e-04
2.433274016789757979e-03 -6.680401232764191909e-04
2.441788343929295491e-03 -9.788041911970670785e-04
2.041250589295672685e-03 -1.316182684283810330e-03
1.296310588660952619e-03 -1.612009917189238372e-03
3.346002986263090667e-04 -1.805147411410116262e-03
-6.773345678491155247e-04 -1.853425819791811816e-03
-1.565423704727937279e-03 -1.742004112031266330e-03
-2.180841202279303753e-03 -1.486552880170127679e-03
-2.427953197832673042e-03 -1.130648694834060670e-03
-2.282156904113492001e-03 -7.378628608788705134e-04
-1.794238604079044248e-03 -3.800330956286515887e-04
-1.080431481494173928e-03 -1.239302376454926545e-04
-3.000624028815872778e-04 -1.883703554592141335e-05
3.749728056200777020e-04 -8.738457838049814696e-05
7.931184868914284251e-04 -3.213764534788657399e-04
8.522139569473790796e-04 -6.833877832592856992e-04
5.191850977884166028e-04 -1.113834433793175387e-03
-1.633630099667933693e-04 -1.542173618071146545e-03
-1.084907487004447809e-03 -1.900116575782311891e-03
-2.087659695424261969e-03 -2.134354711888880075e-03
-2.996203048453504464e-03 -2.216394262702268796e-03
-3.650509529106131003e-03 -2.147643449460888074e-03
-3.936087244337378027e-03 -1.958796241432218897e-03
-3.805553581381634388e-03 -1.703637853165820143e-03
-3.287550958418040438e-03 -1.448454254680731860e-03
-2.481317618700208498e-03 -1.259061070599670762e-03
-1.537940910759457661e-03 -1.187918478083452647e-03
-6.318410218130302881e-04 -1.263782595130813089e-03
7.211803707403582030e-05 -1.485863428500235756e-03
4.496663440214077566e-04 -1.823605735385093810e-03
4.404423904482586676e-04 -2.222143858424802370e-03
5.917459119529080123e-05 -2.612406475285519118e-03
-6.073811800424550565e-04 -2.923965831689065431e-03
-1.417161529295397990e-03 -3.098205244587723915e-03
-2.200000066576418556e-03 -3.099317036072462162e-03
-2.790158269777881506e-03 -2.921052261368191783e-03
-3.058016002596432824e-03 -2.587946215260351901e-03
-2.934914352402480300e-03 -2.150787877386725697e-03
-2.426440363539557159e-03 -1.677189576029335712e-03
-1.611632130303381795e-03 -1.239039231655442814e-03
-6.282491552884971169e-04 -8.992062376556448884e-04
3.531079652023411944e-04 -7.000118654871020744e-04
1.161132299232081003e-03 -6.556395799291338646e-04
1.656118342501997943e-03 -7.499133985981685244e-04
1.756327585152127509e-03 -9.398549967456922265e-04
1.453420813571741198e-03 -1.164335348142627640e-03
8.140352658345976697e-04 -1.356171621607577893e-03
-3.279283063450005907e-05 -1.455367498503766857e-03
-9.199807591683010696e-04 -1.420978537472285469e-03
-1.673918832468111739e-03 -1.239344676925146008e-03
-2.147192948990183335e-03 -9.271201651566995418e-04
-2.246319358282725630e-03 -5.285169114001861488e-04
-1.949245938300843547e-03 -1.072738705652754275e-04
-1.309312415984176118e-03 2.651350407029378752e-04
-4.449261460484027573e-04 5.228282459240868969e-04
4.830851450736101485e-04 6.178604114828446748e-04
1.302148925747852225e-03 5.292488081421748824e-04
1.860836966983022778e-03 2.669744203786570238e-04
2.057734312377269750e-03 -1.298001432589174892e-04
1.860816031358473056e-03 -5.999606433545047295e-04
1.313657592825675895e-03 -1.071754069228022469e-03
5.272984449308718144e-04 -1.476047979214990206e-03
-3.407042993231049264e-04 -1.759032920725336034e-03
-1.116068861753678407e-03 -1.891971263147336707e-03
-1.640789376386519310e-03 -1.876156043470694843e-03
-1.803096722024400463e-03 -1.742151186511388308e-03
-1.558706872361023243e-03 -1.543467887550931377e-03
-9.393326141330508080e-04 -1.345885904836759562e-03
-4.684497317435879372e-05 -1.214453406232991577e-03
9.658132568396140746e-04 -1.200638601059116507e-03
1.923352071486400701e-03 -1.332077390030707038e-03
2.661063050756545638e-03 -1.606869180071556977e-03
3.055723277035526236e-03 -1.993511061488689035e-03
3.048629355708695754e-03 -2.436491989487761089e-03
2.656407208749791277e-03 -2.866495774645746574e-03
1.967558243713329793e-03 -3.213287645230754244e-03
1.125403260571433868e-03 -3.418849341314187697e-03
3.006606690638821081e-04 -3.448278702474382416e-03
-3.411422484049493956e-04 -3.296390938357060194e-03
-6.712485657148566272e-04 -2.988770641574586828e-03
-6.222567259035855728e-04 -2.577072504728330007e-03
-2.010515620962797286e-04 -2.129456059000507662e-03
5.123711678928860808e-04 -1.717959657997687392e-03
1.379967505916479455e-03 -1.405197197742016294e-03
2.231745761135353352e-03 -1.232888209229208521e-03
2.897964385893939902e-03 -1.214383919523292013e-03
3.241331452469790007e-03 -1.332594542732394062e-03
3.183108560136125014e-03 -1.543699803698564453e-03
2.718174992313132123e-03 -1.785929237340938688e-03
1.916197003546703855e-03 -1.991738575517568773e-03
9.086767895197042514e-04 -2.101065418728799081e-03
-1.356717935395198704e-04 -2.073143275216752547e-03
-1.042564255796510873e-03 -1.894626662152196304e-03
-1.664818711495900374e-03 -1.582479474117306963e-03
-1.909881700646863653e-03 -1.181071668191638422e-03
-1.757001851463153245e-03 -7.540273679411345874e-04
-1.260806944419526907e-03 -3.723627642845351248e-04
-5.406144473703027205e-04 -1.011562418859258180e-04
2.424932410726867533e-04 1.272728626646076056e-05
9.164812710958716857e-04 -5.046627850252376462e-05
1.331222041480063269e-03 -2.795474332927123636e-04
1.387174685539884324e-03 -6.343438540863811492e-04
1.054449167197826385e-03 -1.053088341268754993e-03
3.786412155609413660e-04 -1.463841276185825525e-03
-5.276699726118104592e-04 -1.797792172371117693e-03
-1.506153722046960509e-03 -2.001930104012169392e-03
-2.382670650455883526e-03 -2.048693167016508998e-03
-3.000256794431071031e-03 -1.940779859893843095e-03
-3.248902595985622959e-03 -1.710221843802643259e-03
-3.086486003715998693e-03 -1.411904325789529969e-03
-2.546892861358131775e-03 -1.112771498801214121e-03
-1.733782889320793774e-03 -8.787710654050741310e-04
-8.011766828784677632e-04 -7.620193253550670625e-04
7.546624165777771759e-05 -7.906257425708293572e-04
7.322085350498473439e-04 -9.631113915241831932e-04
1.047401159377627953e-03 -1.248484707943693693e-03
9.644364079980109663e-04 -1.591965412554507357e-03
5.021868977125272049e-04 -1.925276431734556596e-03
-2.488389679398849601e-04 -2.179556976456197611e-03
-1.143890396247380665e-03 -2.298451876263504865e-03
-2.011616806018699626e-03 -2.248897213103564878e-03
-2.686719810358147945e-03 -2.027556948793563917e-03
-3.041426823872926330e-03 -1.661687277129238628e-03
-3.009822375396711651e-03 -1.204259168165174986e-03
-2.600426468465041364e-03 -7.242554743496374065e-04
-1.894635752825227053e-03 -2.939714652553281548e-04
-1.031321213868588178e-03 2.428594744819235866e-05
-1.804984159465117905e-04 1.895919047941593220e-04
4.889435229846977957e-04 1.897433439966686366e-04
8.413420668350558504e-04 4.316564674613311342e-05
8.001097045641863102e-04 -2.049643386205074187e-04
3.624326474590156433e-04 -4.916346625428314864e-04
-3.999680484196041583e-04 -7.482561517747315493e-04
-1.354162562458865841e-03 -9.139320116271298184e-04
-2.330908515032371377e-03 -9.472188478639840961e-04
-3.156409916930638399e-03 -8.341457353950511733e-04
-3.684932322247853973e-03 -5.909679517728082124e-04
-3.826105660298089860e-03 -2.611305278867318740e-04
-3.561752110035364127e-03 9.298528764474753056e-05
-2.949059669973730542e-03 4.019701182846696858e-04
-2.109507199910323587e-03 6.026929829118031056e-04
-1.205644143961473892e-03 6.504837064892199762e-04
-4.101271318608342483e-04 5.278798736679617392e-04
1.271190668971908851e-04 2.482758810884889565e-04
3.073945694175880643e-04 -1.462245379994276426e-04
1.019736159761648175e-04 -5.923546276333931885e-04
-4.424418012170126726e-04 -1.017210802686287392e-03
-1.212597251016912705e-03 -1.351586909062992958e-03
-2.050209290034105559e-03 -1.542602862640628323e-03
-2.782060251082467579e-03 -1.563247824761531020e-03
-3.252963638464331092e-03 -1.417042287121057700e-03
-3.355354833507981447e-03 -1.136947385347537431e-03
-3.049899881461003159e-03 -7.787384810538219501e-04
-2.373215016644472826e-03 -4.101074126726425269e-04
-1.431229426239376268e-03 -9.756553616891783590e-05
-3.794415808140716982e-04 1.063651391296332452e-04
6.061993266533088681e-04 1.732413471740735372e-04
1.362280474860087017e-03 1.041535615846690167e-04
1.768542290207479693e-03 -7.048919542865142007e-05
1.770335044968244023e-03 -2.968051547289707673e-04
1.388669939169856829e-03 -5.078087087362841796e-04
7.159678931507101537e-04 -6.363366925290895627e-04
-1.016832585752124659e-04 -6.280803258856529261e-04
-8.923986417826348244e-04 -4.522494457545317014e-04
-1.491212079465576053e-03 -1.078424566367396260e-04
-1.771439873898877828e-03 3.756738895138036854e-04
-1.668751808047202068e-03 9.434134617865456767e-04
-1.193390449346809446e-03 1.524903275790509983e-03
-4.282249750575962402e-04 2.046849333355990706e-03
4.869910338149555421e-04 2.446430545955897984e-03
1.382175140691947269e-03 2.682615665101265468e-03
2.089253815656348136e-03 2.743372350670320037e-03
2.474155525357684890e-03 2.647414926540609705e-03
2.462396685359112720e-03 2.440170809831889668e-03
2.053410440212526458e-03 2.184739386747193944e-03
1.320899131710665756e-03 1.949564156566005154e-03
3.991372129102607486e-04 1.795159985557658218e-03
-5.421887198279606726e-04 1.762414755963468815e-03
-1.329845810546224395e-03 1.864685001955268453e-03
-1.819600026554753615e-03 2.085185069323353298e-03
-1.923284920110716716e-03 2.380165278149075012e-03
-1.625275066636681660e-03 2.687276643764210070e-03
-9.852507646768145048e-04 2.937535846409510855e-03
-1.267355269575041609e-04 3.068620686928502997e-03
7.864190934583895802e-04 3.036972709074334167e-03
1.581145575320765367e-03 2.826408081867256335e-03
2.107976122796347863e-03 2.451597755674838480e-03
2.269347101214079336e-03 1.955748376200623379e-03
2.038032550330918374e-03 1.402912691563514870e-03
1.462217207493276281e-03 8.663744578380693732e-04
6.562503236924614389e-04 4.152957348379531692e-04
-2.211661014427077662e-04 1.021433438853547229e-04
-9.972208288979470762e-04 -4.673610634578116100e-05
-1.517937431259880473e-03 -3.561892468592533362e-05
-1.677575617256310461e-03 1.018576470204338234e-04
-1.438916741604656744e-03 3.094739561760049607e-04
-8.405859436489387503e-04 5.194314428454202678e-04
9.982451153200044489e-06 6.654908803440560353e-04
9.566114292999093214e-04 6.957523687279376168e-04
1.823687282408797137e-03 5.826535487853676601e-04
2.449162991740391586e-03 3.282909494662276072e-04
2.715016412076610899e-03 -3.594332091705717451e-05
2.569402076634484493e-03 -4.553392751307788625e-04
2.036307639102391889e-03 -8.623262482947552637e-04
1.210891242857961569e-03 -1.189425102431670381e-03
2.413865590142234298e-04 -1.382237187534087353e-03
-6.989953884904785003e-04 -1.410003593339455210e-03
-1.444845567509052062e-03 -1.271727109909916078e-03
-1.869810279109344322e-03 -9.966884874306461070e-04
-1.910401483095826520e-03 -6.392492484889632839e-04
-1.577857525791056311e-03 -2.689146959591705364e-04
-9.558113050393070602e-04 4.247186928659039008e-05
-1.842111262534414193e-04 2.339893097284973921e-04
5.674566417888580972e-04 2.668523089938467166e-04
1.132567530145037367e-03 1.314645101145978882e-04
1.379240619927349148e-03 -1.510159303517732716e-04
1.235658502187080270e-03 -5.328874330148214910e-04
7.040242079435167152e-04 -9.490892858147002148e-04
-1.394948838233172565e-04 -1.329615499943872028e-03
-1.158832888456481176e-03 -1.612804660317522249e-03
-2.183444989864993888e-03 -1.756987910059403706e-03
-3.040274795596487056e-03 -1.748289625170522214e-03
-3.586223440966161951e-03 -1.603105310021060541e-03
-3.734978920648806665e-03 -1.364790593629887057e-03
-3.473131266696243610e-03 -1.095192831019762810e-03
-2.862526921846888107e-03 -8.626348466456734178e-04
-2.028420112273704619e-03 -7.286335213734205802e-04
-1.135667166673525819e-03 -7.358766492932261724e-04
-3.574726474572401200e-04 -8.997441184686910849e-04
1.573946077366599784e-04 -1.204988939778181209e-03
3.127087654418510450e-04 -1.608216976083814021e-03
8.289742274097781916e-05 -2.045706398771592570e-03
-4.822710144326489146e-04 -2.445096800005195671e-03
-1.267306525416955765e-03 -2.738744912552520082e-03
-2.113096950619006327e-03 -2.876227745277058247e-03
-2.847297659122600619e-03 -2.833634455492663358e-03
-3.317251105284154452e-03 -2.617895097825203091e-03
-3.419196595030308226e-03 -2.265332716372405082e-03
-3.118232743307658775e-03 -1.834717523218953438e-03
-2.455245827700903907e-03 -1.396141379995379395e-03
-1.539485072155699543e-03 -1.017820658676112794e-03
-5.281836244866519462e-04 -7.533262199628858137e-04
4.029229130491347819e-04 -6.316567254647719939e-04
1.092604559885132238e-03 -6.520314506673765371e-04
1.424427414955017641e-03 -7.843835277610896467e-04
1.348596106388673128e-03 -9.754537214214126662e-04
8.912166361428751522e-04 -1.159323122797930542e-03
1.492290212073873719e-04 -1.270381551221354917e-03
-7.280285442597592529e-04 -1.256266285062664035e-03
-1.567132212195226394e-03 -1.088310497964745712e-03
-2.203401075425065296e-03 -7.675116067814728498e-04
-2.512027388883376032e-03 -3.248775921347559956e-04
-2.431616688379754834e-03 1.839262144385137401e-04
-1.975684171948184978e-03 6.886278755100225853e-04
-1.229934879782731277e-03 1.117204965778727721e-03
-3.358475751398822917e-04 1.409121721919750483e-03
5.363239293656341545e-04 1.526449545806879762e-03
1.220014030028847632e-03 1.460772653999859198e-03
1.584120106795490479e-03 1.234577328171148182e-03
1.558065833502083296e-03 8.968662040700809985e-04
1.145400743344503550e-03 5.138308387869308137e-04
4.233544894283736149e-04 1.563497238903169013e-04
-4.715760804855961873e-04 -1.133217855997979912e-04
-1.369283927317405374e-03 -2.531518664786324042e-04
-2.098100325618940543e-03 -2.490305104872113330e-04
-2.517171514331974051e-03 -1.171136061091500270e-04
-2.543037250292060243e-03 9.962404879950768183e-05
-2.165381908547723243e-03 3.399657925579949972e-04
-1.448977776975280502e-03 5.365265744017989717e-04
-5.214534316216152491e-04 6.290261224222819247e-04
4.507971426228416650e-04 5.762371316869029786e-04
1.294004602772594282e-03 3.643342525226293382e-04
1.859772295760307075e-03 1.005106474146876677e-05
2.052984920923673143e-03 -4.419645123179301435e-04
1.849597654087412838e-03 -9.271070489489037806e-04
1.300942557411129867e-03 -1.372586941256967842e-03
5.237427668148789562e-04 -1.710801089040917726e-03
-3.222683200948167669e-04 -1.891778203804456594e-03
-1.064878395205426549e-03 -1.892349839165840750e-03
-1.552290334035058301e-03 -1.720316551091848750e-03
-1.682143946455235458e-03 -1.412824466853994506e-03
-1.421163674790877933e-03 -1.029261983805503707e-03
-8.117056890783784723e-04 -6.400221676018977117e-04
3.604132614461110374e-05 -3.132575562552522000e-04
9.647305628178600399e-04 -1.021325878278912932e-04
1.799497088032534983e-03 -3.498308373142070948e-05
2.380955546347199390e-03 -1.102402981217024021e-04
2.595311036505809545e-03 -2.970735398899139912e-04
2.395884293031251642e-03 -5.416214065638860157e-04
1.811976937149474207e-03 -7.776224947733419287e-04
9.433985370831613881e-04 -9.394226010729473612e-04
-5.830913248083453046e-05 -9.748847757900661656e-04
-1.018397685573562209e-03 -8.557465039762263137e-04
-1.771789763000457480e-03 -5.834514396101983091e-04
-2.194087957460036549e-03 -1.893400899555919932e-04
-2.224849019937503135e-03 2.708476081248973395e-04
-1.878722600149549185e-03 7.271271002773347682e-04
-1.242352097513282775e-03 1.108167788581884868e-03
-4.576314143843257455e-04 1.354500919223022154e-03
3.055049865594033518e-04 1.429542272451774908e-03
8.815994766267626348e-04 1.326347281715167543e-03
1.141332016578154107e-03 1.068822575978806838e-03
1.016322591013593159e-03 7.071658958148544210e-04
5.123725569373205682e-04 3.083974848355452146e-04
-2.913683778549358908e-04 -5.622616471648376590e-05
-1.257157366970628864e-03 -3.245365586905324742e-04
-2.214546899982894161e-03 -4.549974649283207309e-04
-2.992508825722852567e-03 -4.342895295979577481e-04
-3.451714664462015615e-03 -2.795064651706958571e-04
-3.510862358698078195e-03 -3.455530727338595879e-05
-3.162065778385519596e-03 2.385484730572799738e-04
-2.472393006178038363e-03 4.718328849598201510e-04
-1.571260833644901262e-03 6.046570612038246499e-04
-6.260697174585824927e-04 5.956080190163070501e-04
1.893110912595638747e-04 4.307433098964543426e-04
7.272457502677752688e-04 1.266085575610460031e-04
8.940349010723967500e-04 -2.725511344877621267e-04
6.673804151249643213e-04 -7.028666776018252516e-04
1.003117326557575236e-04 -1.092686011475423741e-03
-6.891624951277230005e-04 -1.375944952058955582e-03
-1.540710757684708634e-03 -1.504541007252180491e-03
-2.282345923058318876e-03 -1.457370412073472933e-03
-2.763289649608670611e-03 -1.244318700518690698e-03
-2.882804574594794583e-03 -9.044489220211877770e-04
-2.609528801621770113e-03 -4.987285893732513065e-04
-1.987646077747812125e-03 -9.866894442600370818e-05
-1.128718260842569024e-03 2.269773229166361446e-04
-1.907221563692540196e-04 4.249474300851502828e-04
6.517436021235889282e-04 4.672256938731880597e-04
1.240443133621981896e-03 3.559874402603801190e-04
1.463435561206968610e-03 1.228026893836676450e-04
1.276288008827864209e-03 -1.777398294006662298e-04
7.105522377688537963e-04 -4.787708829378136267e-04
-1.321017730362381319e-04 -7.141975393484864109e-04
-1.098987368599598814e-03 -8.315959426919100703e-04
-2.015125046126512755e-03 -8.024887290661364197e-04
-2.716154791764970565e-03 -6.280514718973477170e-04
-3.079210904259861194e-03 -3.391588226053005484e-04
-3.045919727119410485e-03 9.246189478316093040e-06
-2.633172659479716959e-03 3.484000754819330530e-04
-1.929641762755547260e-03 6.086486734820692034e-04
-1.078704892447619702e-03 7.326140019556017262e-04
-2.510204177577374934e-04 6.861067201631832315e-04
3.880489272546682258e-04 4.647177779136986431e-04
7.099886681811212654e-04 9.483917482176718820e-05
6.476816411550238156e-04 -3.710831331889017184e-04
2.083001477503959240e-04 -8.641706082249943919e-04
-5.279042203083295689e-04 -1.311792714097121705e-03
-1.422687537554656991e-03 -1.650913622865621006e-03
-2.305923394268031938e-03 -1.839586857936589652e-03
-3.007793709115072142e-03 -1.864431194290646233e-03
-3.390966185566294568e-03 -1.742682700050768828e-03
-3.376665569778719046e-03 -1.518445218412883910e-03
-2.959700960865997016e-03 -1.253860303818136318e-03
-2.209601451170926413e-03 -1.016879596597621612e-03
-1.257641622486636987e-03 -8.679657031575823464e-04
-2.722090900563377486e-04 -8.482500789955100488e-04
5.728272637077041476e-04 -9.713998507567819319e-04
1.130765221148049247e-03 -1.220742315452136122e-03
1.309558372365695732e-03 -1.552199163977640043e-03
1.088948681075950151e-03 -1.902481016824380351e-03
5.240057815902240956e-04 -2.200995204824752940e-03
-2.655899802125047458e-04 -2.383214820303454756e-03
-1.118484710603964011e-03 -2.402978457796763664e-03
-1.862458890614245108e-03 -2.241390619682115740e-03
-2.347266836564776415e-03 -1.910634594384712703e-03
-2.473284399462521727e-03 -1.451971229199656033e-03
-2.210535978789776243e-03 -9.282963323578415559e-04
-1.604494364017791099e-03 -4.126582993738128952e-04
-7.675523278009219446e-04 2.509880709281378779e-05
1.422211595590416986e-04 3.310476175139716554e-04
9.510186588119048587e-04 4.768489895046525715e-04
1.502257370010714023e-03 4.645627429226281083e-04
1.686325222152640054e-03 3.256982832087183832e-04
1.461475637404393863e-03 1.146965408030156788e-04
8.619115490110171307e-04 -1.019110352572016116e-04
-8.476149306185353643e-06 -2.586024615974505587e-04
-9.955352374383297145e-04 -3.037330419254382057e-04
-1.923771438038312121e-03 -2.097246938295946892e-04
-2.629291061724173262e-03 2.136125146432171079e-05
-2.990536354864830465e-03 3.579303295076133166e-04
-2.951001077693189961e-03 7.446260553625780971e-04
-2.529632490278022582e-03 1.112677443024377233e-03
-1.816957431214006897e-03 1.392866338850739551e-03
-9.576730069376508973e-04 1.528660168102057276e-03
-1.230047604438607844e-04 1.487022496559262195e-03
5.219280781455697214e-04 1.264851573321861119e-03
8.495561606813146170e-04 8.898229751545180810e-04
7.941547933079471516e-04 4.154703441326180503e-04
3.643868135332277262e-04 -8.857222815737526779e-05
-3.582834572247637316e-04 -5.493276434802609994e-04
-1.235006069268347866e-03 -9.038274166390306268e-04
-2.095872451640307978e-03 -1.110539963768069922e-03
-2.772167956419810831e-03 -1.156722665242898747e-03
-3.128441336598266655e-03 -1.060316855037851235e-03
-3.088316210988025900e-03 -8.660381560026671286e-04
-2.649153544660405764e-03 -6.364134071627548534e-04
-1.882784299807917618e-03 -4.394717742532565407e-04
-9.221681369715993299e-04 -3.354304639774242491e-04
6.350188000264149046e-05 -3.649049896045718873e-04
9.005415909307512004e-04 -5.408842756130695243e-04
1.443362120246890036e-03 -8.459968597910120505e-04
1.601737830245830848e-03 -1.235591221009061606e-03
1.357600336516841559e-03 -1.646050778989224719e-03
7.681859448258739021e-04 -2.006771157251824918e-03
-4.505278840350582562e-05 -2.253531960483408109e-03
-9.196659060364876549e-04 -2.340729374172961438e-03
-1.683153799780651378e-03 -2.250149830389593791e-03
-2.185779715034493094e-03 -1.994618366561369018e-03
-2.329030606702310081e-03 -1.615824417352562745e-03
-2.084334808340396975e-03 -1.176729084245148023e-03
-1.498490811030928288e-03 -7.499828781626906261e-04
-6.847787138089580497e-04 -4.045374950304928951e-04
1.985621007479629243e-04 -1.929765571843740282e-04
9.784123532629079769e-04 -1.419538430440293354e-04
1.499711417496525775e-03 -2.475391510296067517e-04
1.655014849081713150e-03 -4.763429496721074334e-04
1.405069968455185513e-03 -7.721971909597032026e-04
7.865083428333607659e-04 -1.067118181562567861e-03
-9.480748853604010172e-05 -1.294467336584965511e-03
-1.083530089587697587e-03 -1.401810427256072397e-03
-2.003934425282671242e-03 -1.361034240237676439e-03
-2.692882470760410863e-03 -1.173800328204263697e-03
-3.030410814621280029e-03 -8.713000480981905604e-04
-2.962156842289129580e-03 -5.083557548475948519e-04
-2.509384153464807189e-03 -1.529851455932089432e-04
-1.764715522369565606e-03 1.265936748200411407e-04
-8.743873639456775388e-04 2.750527165731632417e-04
-1.039097193460711104e-05 2.606568807432860886e-04
6.622203096144484852e-04 8.154624359059002223e-05
1.016664629101122130e-03 -2.335992847905523848e-04
9.884710353057718588e-04 -6.306475330632034092e-04
5.876720789568482418e-04 -1.039900141174538925e-03
-1.031589309630575159e-04 -1.388915320732863126e-03
-9.446533407592646063e-04 -1.615849659290136738e-03
-1.767191884809477410e-03 -1.680803055640286026e-03
-2.403219553753405385e-03 -1.573028811307761394e-03
-2.719207838588426525e-03 -1.312653467584177754e-03
-2.641207422814194697e-03 -9.465899382268088118e-04
-2.169147240515768068e-03 -5.394260871375493142e-04
-1.377166047816031497e-03 -1.610211463605183387e-04
-3.999068852761601613e-04 1.268355862540755056e-04
5.926376736009081499e-04 2.821731862546414133e-04
1.426973977127968599e-03 2.907671595868797790e-04
1.958626608058213793e-03 1.687444956224330370e-04
2.099178549874007593e-03 -4.062740095379458252e-05
1.832719255448615617e-03 -2.753580433842994779e-04
1.218592588619401597e-03 -4.667600551254899848e-04
3.799298534301627354e-04 -5.528017779104779043e-04
-5.198562298939997427e-04 -4.902511534844067494e-04
-1.308162096496055587e-03 -2.633033020609348547e-04
-1.835978753773063760e-03 1.129510306974059039e-04
-2.006162391876433783e-03 5.948829661149219235e-04
-1.791836457576697662e-03 1.118073290303276887e-03
-1.241441179066967880e-03 1.608994799281959504e-03
-4.694759505794597783e-04 1.998428725627654327e-03
3.653099193040506036e-04 2.234086419307064909e-03
1.090145035284218735e-03 2.290057569419812374e-03
1.551154430149578618e-03 2.171306438768350229e-03
1.642730715864849401e-03 1.912374266173713817e-03
1.327790882453576491e-03 1.570541892058336872e-03
6.450769748497428829e-04 1.214754323849967206e-03
-2.978883752805595083e-04 9.124100181540199545e-04
-1.344864674967973309e-03 7.165204307231785906e-04
-2.320182798488269922e-03 6.556736156850609398e-04
-3.061721854674603546e-03 7.287029730907109999e-04
-3.451336314215818456e-03 9.050695798432815617e-04
-3.436978393438088787e-03 1.130882982437937580e-03
-3.042332623535016177e-03 1.339416079056803596e-03
-2.362143355667521184e-03 1.464117224585049582e-03
-1.544124054312111900e-03 1.451648358833459301e-03
-7.608768596445737980e-04 1.272471623014988836e-03
-1.771412533463673396e-04 9.269698637022422485e-04
8.142610142352767373e-05 4.459310603914634738e-04
-4.797067413194909188e-05 -1.147068139058948387e-04
-5.534317245332006415e-04 -6.838675919015094716e-04
-1.350708022471016094e-03 -1.188221856071457801e-03
-2.299281847624868105e-03 -1.565517242395194839e-03
-3.229132325896870697e-03 -1.775841467057252040e-03
-3.973113286731739385e-03 -1.808696098528836827e-03
-4.398807407215682419e-03 -1.684551322384813133e-03
-4.433819261785182375e-03 -1.450595758183182522e-03
-4.079711814657435882e-03 -1.171493178611852535e-03
-3.411940928483716585e-03 -9.169019301361834833e-04
-2.565793523309089878e-03 -7.481242662569329190e-04
-1.710985159727997692e-03 -7.064159317232157837e-04
-1.019720278597174628e-03 -8.051702994359661658e-04
-6.342565152509089220e-04 -1.027456017506652971e-03
-6.401089675628366185e-04 -1.329371744046991318e-03
-1.049963123216391412e-03 -1.648578440787622917e-03
-1.801338381820987138e-03 -1.916387776883949831e-03
-2.768441485338278638e-03 -2.071110413743563854e-03
-3.785963472761030239e-03 -2.070128092564427549e-03
-4.680313494903516787e-03 -1.898393976657563155e-03
-5.302375888623226882e-03 -1.571741111118132687e-03
-5.555589658250982901e-03 -1.134361313530715893e-03
-5.414036280255590979e-03 -6.509203192109487253e-04
-4.927114585633556205e-03 -1.947906533741455013e-04
-4.209921966407735236e-03 1.653808251573658490e-04
-3.421168289806343025e-03 3.782377772904529402e-04
-2.732810147653997983e-03 4.190421094307704387e-04
-2.297161356463840471e-03 2.940069706389770478e-04
-2.217713987784535653e-03 3.882201413608145401e-05
-2.529202016076880638e-03 -2.883436900021437875e-04
-3.190689827541282921e-03 -6.180314969668144944e-04
-4.093001646312406996e-03 -8.827538608453672220e-04
-5.079092380988492819e-03 -1.029813433612842763e-03
-5.973509669768769202e-03 -1.031253428414813595e-03
-6.615375032537775153e-03 -8.890568925590719472e-04
-6.888645018694876040e-03 -6.346137511469802451e-04
-6.743927341499410602e-03 -3.225614691361608716e-04
-6.207724895095549297e-03 -2.017208067832848865e-05
-5.377359799106100693e-03 2.056969689416616098e-04
-4.402539841603710785e-03 3.016083081711786558e-04
-3.457057821757988404e-03 2.380341059823814316e-04
-2.705981641412440186e-03 1.533319365755274593e-05
-2.274545911730094846e-03 -3.359261856735336858e-04
-2.224632749231129653e-03 -7.603693038244641739e-04
-2.543291482308368198e-03 -1.187930496627688428e-03
-3.145466479139709219e-03 -1.546775599130235674e-03
-3.890411116439078301e-03 -1.776593509439544508e-03
-4.608673674064090765e-03 -1.839748459696253276e-03
-5.134538539292266349e-03 -1.728188634259528872e-03
-5.337772695295391751e-03 -1.464809081073910465e-03
-5.148658715116704102e-03 -1.099015546939078941e-03
-4.571566537192929894e-03 -6.973324052258627909e-04
-3.684486522061321094e-03 -3.308346217940824879e-04
-2.624604796471333764e-03 -6.178334910574207785e-05
-1.562645307368456301e-03 6.800625781373640950e-05
-6.708307662032122858e-04 4.486618007420561504e-05
-9.052380433828728645e-05 -1.144071953453491266e-04
9.432883041147512027e-05 -3.660516081502059168e-04
-1.270759859893554142e-04 -6.479827655257969048e-04
-6.904738224498129396e-04 -8.919377944967775938e-04
-1.468775591957467491e-03 -1.036809280859385309e-03
-2.296158851728680172e-03 -1.040634993790810628e-03
-2.999446630800057818e-03 -8.889627130518979944e-04
-3.430834065296494567e-03 -5.979959210597144293e-04
-3.495768917236949814e-03 -2.119145494134688258e-04
-3.170710582905138415e-03 2.051316630532066306e-04
-2.507409525786984637e-03 5.808502682037774891e-04
-1.622902166960292231e-03 8.482225088142643062e-04
-6.771217140011526192e-04 9.579759635994194566e-04
1.576290942743572600e-04 8.877579578020737419e-04
7.295559791394060599e-04 6.462776719494689459e-04
9.363691625793417461e-04 2.716360720308441386e-04
7.448998100471936404e-04 -1.758383329223452292e-04
1.976154670937481719e-04 -6.248913518447110583e-04
-5.952058199893258067e-04 -1.006644414442494978e-03
-1.476166868654740479e-03 -1.267380372412627455e-03
-2.270395534335777586e-03 -1.378398205982408944e-03
-2.818532928748738835e-03 -1.341077622614673340e-03
-3.006822763455690301e-03 -1.186202905690291777e-03
-2.788606776768369142e-03 -9.676835083969456339e-04
-2.193157391074576201e-03 -7.518707351960993894e-04
-1.320175369372099568e-03 -6.045043263543608105e-04
-3.209935358494562727e-04 -5.777718362415550958e-04
6.299561435507681530e-04 -6.999423490408615903e-04
1.368012104471569030e-03 -9.695483794621080923e-04
1.769269049532437143e-03 -1.355228143677677599e-03
1.773817307757542122e-03 -1.801267947215981708e-03
1.396840412730609342e-03 -2.237804322297406567e-03
7.254753763717483855e-04 -2.593762302955332152e-03
-9.796340110854944805e-05 -2.810087088009026023e-03
-9.032131181548495522e-04 -2.850769559600996577e-03
-1.524581482830943959e-03 -2.709582396445692556e-03
-1.832590941074974285e-03 -2.411254025707600807e-03
-1.758749475542479082e-03 -2.006859002335312659e-03
-1.308751109117124983e-03 -1.564296628099952000e-03
-5.616005977379689203e-04 -1.155657808219463616e-03
3.451773075408145976e-04 -8.438675774748899449e-04
1.241447972296638507e-03 -6.711261962589513356e-04
1.956593916306266934e-03 -6.513296045993898376e-04
2.351778116891983621e-03 -7.678951777547872275e-04
2.346236054703588689e-03 -9.773941646133276623e-04
1.932618613500120376e-03 -1.218291968917204534e-03
1.178480195380927562e-03 -1.423129875923148657e-03
2.136288529033042926e-04 -1.531830068353315279e-03
-7.942687527126868772e-04 -1.503593127704669873e-03
-1.671211900532629290e-03 -1.325123890739255024e-03
-2.269555318693671202e-03 -1.013617064398450191e-03
-2.495679481519631239e-03 -6.139267913976535632e-04
-2.327408625933114362e-03 -1.904465022053582310e-04
-1.817885120824076208e-03 1.847717967682260191e-04
-1.085173519001421524e-03 4.454161266666168848e-04
-2.895697816887554373e-04 5.432993547543538398e-04
3.970807958349445617e-04 4.573888811907273529e-04
8.242403296381708815e-04 1.977734972856682021e-04
8.914815442274321745e-04 -1.961833224361789955e-04
5.677771214839092990e-04 -6.631553953869122461e-04
-1.023830517767744357e-04 -1.131249743830241728e-03
-1.007210076797465659e-03 -1.531333613105810652e-03
-1.988617725241294786e-03 -1.809775754197716661e-03
-2.872034197774998507e-03 -1.938197444883877794e-03
-3.499381426104519483e-03 -1.918396064296445285e-03
-3.758978616401446003e-03 -1.781519006733648216e-03
-3.606708026281043016e-03 -1.581655119477018943e-03
-3.074434265252505745e-03 -1.385068408405102855e-03
-2.264080733649990931e-03 -1.257124179175701708e-03
-1.328481503426641366e-03 -1.249394704605265652e-03
-4.426300528621593747e-04 -1.389397158343403174e-03
2.292361525020160731e-04 -1.674917463647623925e-03
5.644883936085905250e-04 -2.074004464280165914e-03
5.050610329651651111e-04 -2.530644120220150103e-03
6.816779825891280085e-05 -2.975046812854547848e-03
-6.572419640706039790e-04 -3.336606155165451008e-03
-1.527608696656753296e-03 -3.557080499434768939e-03
-2.372219703457646798e-03 -3.601504598923967009e-03
-3.025791932211142378e-03 -3.464766902238013667e-03
-3.360004519461285821e-03 -3.172606788634398794e-03
-3.308004682742846873e-03 -2.776840781341175391e-03
-2.877241741553898148e-03 -2.345717804331428919e-03
-2.148194833891984949e-03 -1.951224339269462017e-03
-1.259231695606380852e-03 -1.655736535449567164e-03
-3.804628295468763174e-04 -1.500538802337656862e-03
3.184598898957348954e-04 -1.498373985577599460e-03
7.005034314786075071e-04 -1.631426048080358328e-03
6.872825955641023721e-04 -1.855107003872079243e-03
2.740276103815860245e-04 -2.106920587505890265e-03
-4.693463884238428287e-04 -2.318713906543340853e-03
-1.411274133828173925e-03 -2.429987063965165402e-03
-2.383215779732763325e-03 -2.399730817822995181e-03
-3.211306550221017762e-03 -2.214541615342763281e-03
-3.748994111642995480e-03 -1.891468961036781070e-03
-3.904490893026116641e-03 -1.475048496842486061e-03
-3.657850711571122588e-03 -1.029076358327870710e-03
-3.064443754688073347e-03 -6.246775977343580182e-04
-2.244179261092509384e-03 -3.269248348041411002e-04
-1.358523572897723988e-03 -1.825395320947748251e-04
-5.796717338222535324e-04 -2.110050029450369043e-04
-5.771601736735817653e-05 -4.007758927912636856e-04
1.079665557774220526e-04 -7.113054294896304589e-04
-1.123147626834709260e-04 -1.080511642486730413e-03
-6.728309199647644363e-04 -1.436275279956983255e-03
-1.461025616409083409e-03 -1.709799987899304373e-03
-2.318808936225781690e-03 -1.848313703538373258e-03
-3.072521131714154273e-03 -1.824715694292498250e-03
-3.565892955484306018e-03 -1.642352485450613870e-03
-3.689760505668644372e-03 -1.334028496246280737e-03
-3.402905994365016014e-03 -9.554488853256853931e-04
-2.740075035310409780e-03 -5.743461933421533695e-04
-1.805648073806762110e-03 -2.573592590061041891e-04
-7.541589654184626193e-04 -5.715787396027042708e-05
2.386566419231630218e-04 -2.259245812908879970e-06
1.008807933617876171e-03 -9.147154687610384218e-05
1.434759367135341303e-03 -2.940224018331512919e-04
1.460097414247475559e-03 -5.553523046863596433e-04
1.103869251985119563e-03 -8.074787835079886688e-04
4.566432476398988335e-04 -9.819700565254680952e-04
-3.369556676303885837e-04 -1.023071131208502793e-03
-1.105922193898455520e-03 -8.984946955015577202e-04
-1.685512014223337473e-03 -6.058295922627602139e-04
-1.948662531180008059e-03 -1.733478332127139044e-04
-1.830239186820766320e-03 3.449497484918091078e-04
-1.339512918276145829e-03 8.791194905082813822e-04
-5.585036387960915600e-04 1.356049021542006907e-03
3.734981658650617510e-04 1.712811021971687771e-03
1.286301495626121418e-03 1.908078965307510259e-03
2.011082982471813947e-03 1.929454475829116928e-03
2.412441728836727060e-03 1.795330149476110672e-03
2.414168799842978264e-03 1.550946215763871492e-03
2.013848449936327285e-03 1.259398386874315250e-03
1.283521909423707055e-03 9.893095741933034294e-04
3.562827195168549255e-04 8.015089813661056047e-04
-5.986643107015671757e-04 7.372489742262271694e-04
-1.407764654415462943e-03 8.101977026767576227e-04
-1.925689207214216232e-03 1.003729091809658913e-03
-2.062562246988725902e-03 1.274027198189045095e-03
-1.800693914670363233e-03 1.558419303262094597e-03
-1.197656007710566628e-03 1.787360305870898912e-03
-3.751253426821283578e-04 1.897797810057558470e-03
5.043867564715721289e-04 1.845384069562318839e-03
1.268507283167339718e-03 1.613217538439657784e-03
1.767807551439400365e-03 1.215452234291944248e-03
1.904227051959999761e-03 6.950833916715647414e-04
1.649730544127697186e-03 1.163192958479549485e-04
1.051664057831029576e-03 -4.470267704529374501e-04
2.237949830965705461e-04 -9.249377357165547604e-04
-6.752669231157428040e-04 -1.263861348810431514e-03
-1.472180424578568717e-03 -1.436259389820665391e-03
-2.011811937401626442e-03 -1.445241324061613585e-03
-2.186762777896603550e-03 -1.323416735365816636e-03
-1.957889520752912563e-03 -1.126195033315438273e-03
-1.361927065484947949e-03 -9.208115775163109272e-04
-5.047653555588084255e-04 -7.731675835593963949e-04
4.583534677111820608e-04 -7.349839712693956740e-04
