5.267034381627535861e-04 2.708762549387835981e-04
6.593001486414795838e-05 6.868121072765662888e-04
-4.122613915463318990e-04 7.550364562400534944e-04
-8.430882422128184624e-04 4.470301840770473951e-04
-1.172096817776108408e-03 -1.906398983107879946e-04
-1.364962651411578487e-03 -1.044822903470385683e-03
-1.413470514876773599e-03 -1.956981623381096307e-03
-1.336553154680197994e-03 -2.753077570806132437e-03
-1.176203457475941258e-03 -3.276487673319221361e-03
-9.890450315146429201e-04 -3.417720768539710997e-03
-8.351675990594536764e-04 -3.135305792890004210e-03
-7.663505830040317221e-04 -2.463893004403709588e-03
-8.159129815502811755e-04 -1.508028672033860868e-03
-9.921183871595905777e-04 -4.227743826146655379e-04
-1.276389422353711419e-03 6.151687718548446088e-04
-1.626673695999158184e-03 1.440374615863800837e-03
-1.985326354362809860e-03 1.929425072617935557e-03
-2.290017410741282660e-03 2.023656299404227518e-03
-2.485597554005339414e-03 1.739624947832030038e-03
-2.534672889528133410e-03 1.165327160392419905e-03
-2.424881836885138271e-03 4.429005407911336401e-04
-2.171490315731312067e-03 -2.589015869471340912e-04
-1.814806500840549343e-03 -7.772383123894156332e-04
-1.412896223556473971e-03 -9.865400053363534809e-04
-1.030968996898365669e-03 -8.227487881949837722e-04
-7.294343233845973625e-04 -2.958407673770199059e-04
-5.528792006397712259e-04 5.117493119746872226e-04
-5.220430422492045985e-04 1.460509099278939913e-03
-6.302987021194388171e-04 2.380127399257085836e-03
-8.452953970668452546e-04 3.101697177187254066e-03
-1.115442517627594993e-03 3.489745468330938093e-03
-1.379997493834391560e-03 3.468023459367937551e-03
-1.580839408764594337e-03 3.034169319153148976e-03
-1.673691973182126619e-03 2.260461155952249446e-03
-1.636665061178555099e-03 1.280509356190670479e-03
-1.474493290012621454e-03 2.643982821539864799e-04
-1.217666631496827764e-03 -6.130268921711028596e-04
-9.166170575245301657e-04 -1.204735454718205111e-03
-6.320631475385007133e-04 -1.418793273296049210e-03
-4.233437401658283290e-04 -1.235199241064643266e-03
-3.369539971886185417e-04 -7.091016610539800690e-04
-3.974602937286557435e-04 4.020091362783593039e-05
-6.025211858726263860e-04 8.523785550282117485e-04
-9.229653977041368590e-04 1.556918625653930157e-03
-1.307921265651231348e-03 2.005851774858408675e-03
-1.694036406318961442e-03 2.102148676299243034e-03
-2.017052414677272636e-03 1.818402156375900939e-03
-2.223553690381150760e-03 1.202250445006266622e-03
-2.280676482316145934e-03 3.675096271077269339e-04
-2.181950254358810265e-03 -5.273086899724699871e-04
-1.948175436523545950e-03 -1.309027721609245815e-03
-1.623180894018750415e-03 -1.822696303451491317e-03
-1.265273105841919566e-03 -1.961108786308544353e-03
-9.360036438035968355e-04 -1.685358949036946767e-03
-6.883878601166473332e-04 -1.032528777709647337e-03
-5.568099336246272761e-04 -1.090474242368382331e-04
-5.505283425612203822e-04 9.290323287952495903e-04
-6.520123219469747128e-04 1.905116742654565549e-03
-8.204233925733160062e-04 2.655018342432528822e-03
-9.995801338161570699e-04 3.057541938809165815e-03
-1.128893780783267204e-03 3.056931014883574119e-03
-1.155198052642087596e-03 2.672937103578995870e-03
-1.043225795706371074e-03 1.996617879257399537e-03
-7.827400130080891570e-04 1.172671258634799688e-03
-3.909594166961489624e-04 3.716613537225580983e-04
9.019103589353387701e-05 -2.425949574304253620e-04
6.014947362791773274e-04 -5.442970517617173182e-04
1.077130241369020401e-03 -4.696575477800969504e-04
1.456617993064342458e-03 -2.907845995365923412e-05
1.695776073583841678e-03 6.948019279305447850e-04
1.774621554237945350e-03 1.562822357878092998e-03
1.700731833981023594e-03 2.405795287594201127e-03
1.507439164488011277e-03 3.056766294214844585e-03
1.247208738820959140e-03 3.382922403704965303e-03
9.814613375924013949e-04 3.311100218113925339e-03
7.687732310611193956e-04 2.842054901419595325e-03
6.536916615251923447e-04 2.050777716342295533e-03
6.582858914305305103e-04 1.072790303538945830e-03
7.780339143153868799e-04 7.899835718653213344e-05
9.828219997634213972e-04 -7.561468408506253139e-04
1.222864218142347874e-03 -1.287163560880730988e-03
1.438415758750121939e-03 -1.424587744780277110e-03
1.571434025160624477e-03 -1.151445288283978576e-03
1.576971486007856284e-03 -5.260417000839815501e-04
1.432134088029483280e-03 3.294476062883167165e-04
1.140899170044807568e-03 1.252415592187835006e-03
7.338700629594304943e-04 2.070843544309303088e-03
2.630026544299722633e-04 2.636022040147969602e-03
-2.077091491685561283e-04 2.850772191329314052e-03
-6.138369926194334626e-04 2.687820472736803749e-03
-9.022248416322556147e-04 2.194846846419616984e-03
-1.040592961335614968e-03 1.485251290936908828e-03
-1.023230494055382515e-03 7.163901358656519711e-04
-8.717077620920368232e-04 5.940834133408875832e-05
-6.304814040586148105e-04 -3.336127049914593655e-04
-3.582312414194243613e-04 -3.589620425908635580e-04
-1.165744495460084226e-04 1.849953136686820383e-05
4.170253884044146549e-05 7.580810104772179106e-04
8.266454305115773261e-05 1.750333205693675384e-03
-2.396490234873849788e-06 2.837126064858447316e-03
-1.954353611084708587e-04 3.840943974113699300e-03
-4.552623403441385117e-04 4.597866427164018499e-03
-7.255979186251877711e-04 4.988003362716037295e-03
-9.460413273116927277e-04 4.957635745014881551e-03
-1.063867429926121204e-03 4.528881535570108453e-03
-1.044408609606676044e-03 3.795068029517837359e-03
-8.780454993149839314e-04 2.902696708820410535e-03
-5.824721928486898195e-04 2.023424068530519596e-03
-1.997962761414304915e-04 1.321370760146780687e-03
2.109879040617733241e-04 9.219541240748046866e-04
5.847380864034179603e-04 8.881486267187984479e-04
8.620918909748349771e-04 1.208669988909283127e-03
1.000334772555031091e-03 1.800318731368264966e-03
9.811593082155619077e-04 2.524035481566887056e-03
8.138546990223945784e-04 3.211621842831486467e-03
5.333295170840757823e-04 3.698059022104681869e-03
1.933477053470087639e-04 3.853294605815336428e-03
-1.437373390598727443e-04 3.607466979286199152e-03
-4.188044066174493978e-04 2.964778198696486726e-03
-5.871029497358020918e-04 2.003374649895472547e-03
-6.266008027736057803e-04 8.612437430588060347e-04
-5.419638884556895672e-04 -2.892174290474382355e-04
-3.634194648801374484e-04 -1.273160496228006129e-03
-1.407247805322324919e-04 -1.945734064831405397e-03
6.660889458908023260e-05 -2.218891204963963082e-03
2.009767265690747700e-04 -2.077492654071384955e-03
2.180074073558725461e-04 -1.581667809914485013e-03
9.540155264544660733e-05 -8.549962148975068102e-04
-1.624029388313214623e-04 -6.075553616816467290e-05
-5.246327124064177399e-04 6.292600637666383211e-04
-9.395823989485163705e-04 1.067442353012875702e-03
-1.344006630296932722e-03 1.158397512384608729e-03
-1.674731786137118776e-03 8.769930936228236430e-04
-1.880297606358213164e-03 2.730080831053758109e-04
-1.930432278678688787e-03 -5.384903898353416091e-04
-1.821573803842459986e-03 -1.399215371980004185e-03
-1.577397837652279268e-03 -2.137986684252653376e-03
-1.244256283301244451e-03 -2.603563640651583577e-03
-8.823929403467123530e-04 -2.693755770803438372e-03
-5.546004127138291859e-04 -2.375287051091131991e-03
-3.144651996856715273e-04 -1.690639151806809602e-03
-1.964240574969553866e-04 -7.505642784858129746e-04
-2.095099416241931987e-04 2.863284106354860368e-04
-3.359654884063482147e-04 1.243060904688743883e-03
-5.349787816026773009e-04 1.957278180995310549e-03
-7.508249571840468466e-04 2.311508708653405800e-03
-9.238619588477572659e-04 2.254974618260405413e-03
-1.002287643867259565e-03 1.812831318129347509e-03
-9.524209288654945493e-04 1.081095121957574481e-03
-7.655491001566420116e-04 2.082258399609311379e-04
-4.600338188248374611e-04 -6.331435730242006461e-04
-7.826651074793855687e-05 -1.278974464656959607e-03
3.209603318344919219e-04 -1.604881666302417813e-03
6.732306464749156227e-04 -1.549604542851419848e-03
9.203986077944952948e-04 -1.126448851373977123e-03
1.021353756096248346e-03 -4.205380103450852801e-04
9.596249400811362670e-04 4.275987618361902238e-04
7.463878119315183780e-04 1.248985115074261517e-03
4.183095004687733664e-04 1.878588143733897877e-03
3.064007124945063946e-05 2.186996206113440630e-03
-3.531413175049814119e-04 2.105373395703499708e-03
-6.731670778821672012e-04 1.638952612121945956e-03
-8.842704702044215572e-04 8.664992412653197470e-04
-9.642293391557119108e-04 -7.416586183951683173e-05
-9.176106104336831121e-04 -1.011855161344099412e-03
-7.744962965430611090e-04 -1.774062273965772672e-03
-5.843421296575790087e-04 -2.219310937587019254e-03
-4.061424694520649652e-04 -2.263688859235275623e-03
-2.967751310591211196e-04 -1.896549753123166456e-03
-2.997446743974133566e-04 -1.182416210206834080e-03
-4.364671713538719085e-04 -2.487271533194302504e-04
-7.017578539843104691e-04 7.382478639347838821e-04
-1.064386605995261414e-03 1.604766539999307514e-03
-1.472605851128700166e-03 2.202307874606046142e-03
-1.863612885310062407e-03 2.435415316103671252e-03
-2.175162569763711921e-03 2.279422354434515723e-03
-2.357137872745868664e-03 1.784711489329312770e-03
-2.380892407424319880e-03 1.066709146990014231e-03
-2.244599607255134965e-03 2.835216137600808563e-04
-1.973597835563876014e-03 -3.945414285425176502e-04
-1.615666604249126189e-03 -8.177721155405298648e-04
-1.232127103374787208e-03 -8.859731727869927988e-04
-8.864491065176854966e-04 -5.679826219779243214e-04
-6.325167319159638851e-04 9.189622922973149886e-05
-5.047684785992887294e-04 9.817902403454746053e-04
-5.120705259347701219e-04 1.942994745142600588e-03
-6.364740164237639788e-04 2.799639195187606996e-03
-8.370811156717303768e-04 3.391672811137974586e-03
-1.058276463339033729e-03 3.604932645145156843e-03
-1.240753585741509370e-03 3.392607159804161832e-03
-1.333236565608492130e-03 2.784035892205167628e-03
-1.302665939194190027e-03 1.879181849687362087e-03
-1.140909170927111287e-03 8.298242303794189402e-04
-8.667148393313082143e-04 -1.889685004242026975e-04
-5.225310605102941649e-04 -1.011686927780105051e-03
-1.667820555798382612e-04 -1.513336082800420274e-03
1.369420728125283365e-04 -1.632644037793443224e-03
3.317413769726175986e-04 -1.383138407564304256e-03
3.780672871392115478e-04 -8.500041311736379395e-04
2.611729482392650481e-04 -1.733294785910621328e-04
-6.057067120141218335e-06 4.790742883543291442e-04
-3.854340891679262264e-04 9.441190529853425587e-04
-8.205112544062771913e-04 1.094993569405528422e-03
-1.247017682983243099e-03 8.658353604873072346e-04
-1.604710719622817142e-03 2.648346943093361858e-04
-1.848409131828021666e-03 -6.267244135294932532e-04
-1.956126710074582772e-03 -1.669317408696361065e-03
-1.932775965285573770e-03 -2.691125739975289317e-03
-1.808751322127633097e-03 -3.520173880506163346e-03
-1.633671375969080689e-03 -4.016580143152940520e-03
-1.466476759876633382e-03 -4.098821161103769102e-03
-1.363770339817759261e-03 -3.759041314343170709e-03
-1.368619092175028199e-03 -3.064510512862759096e-03
-1.501949072103899276e-03 -2.144954368312319143e-03
-1.758173001645143684e-03 -1.168153762702070237e-03
-2.105887404718715435e-03 -3.084300324145707560e-04
-2.493514971876910173e-03 2.860228063265915759e-04
-2.858830043434438910e-03 5.207808768396588080e-04
-3.140568368529527907e-03 3.725835863990951957e-04
-3.289926151686763285e-03 -1.068052811894922276e-04
-3.279772854303432926e-03 -8.009872468520025639e-04
-3.109833574379396257e-03 -1.551588848102023951e-03
-2.806858380800408316e-03 -2.188886583296308520e-03
-2.419743538816940525e-03 -2.564583742385836886e-03
-2.010523777126842649e-03 -2.580518358582022543e-03
-1.642935021719195768e-03 -2.207852320542949554e-03
-1.370705668184276195e-03 -1.493094741276354250e-03
-1.227784649176677685e-03 -5.498065945447672739e-04
-1.222346777972954960e-03 4.624538074279628541e-04
-1.335699783892525198e-03 1.367967362722410365e-03
-1.526288748499059168e-03 2.007830905487623194e-03
-1.738028212722398909e-03 2.269835683625997386e-03
-1.911372895012325044e-03 2.109593768967482023e-03
-1.995019881178487168e-03 1.558913731863424343e-03
-1.956016374947834157e-03 7.198392351925208448e-04
-1.786350038620729795e-03 -2.545230825328932147e-04
-1.504766147449478888e-03 -1.188760624656524066e-03
-1.153460844737580048e-03 -1.918058014565207810e-03
-7.902713584941392644e-04 -2.319024458587241790e-03
-4.778381953772651626e-04 -2.332617967734545647e-03
-2.717893228456461953e-04 -1.974836860665892500e-03
-2.101832369781488725e-04 -1.333166231804620416e-03
-3.062111074831300617e-04 -5.494651145168423642e-04
-5.455426555364504149e-04 2.074519633289498028e-04
-8.888226059392630076e-04 7.743337299832451712e-04
-1.278850699371296765e-03 1.024940278509549850e-03
-1.651092755341311471e-03 8.944527745206772018e-04
-1.945540780999057470e-03 3.922105506910461906e-04
-2.117685769658324280e-03 -3.996472593125206113e-04
-2.146535725257220362e-03 -1.341387986567621742e-03
-2.038171543429787794e-03 -2.261868285806968581e-03
-1.824178582836740760e-03 -2.990742059902752256e-03
-1.555262032392286950e-03 -3.390599146658419567e-03
-1.291265826013128330e-03 -3.382951538976971487e-03
-1.089495274224983436e-03 -2.963146779225358553e-03
-9.935639291742816119e-04 -2.201382721773864626e-03
-1.024884816194697110e-03 -1.229627573976071813e-03
-1.178424094910497395e-03 -2.169161179774474132e-04
-1.423526597139902891e-03 6.623076992221647603e-04
-1.709660713164646477e-03 1.260816467978262152e-03
-1.975996957765241077e-03 1.486025945020701209e-03
-2.163006960069597043e-03 1.317040769966507444e-03
-2.223885388966245595e-03 8.081038743648121187e-04
-2.133629242485666697e-03 7.780919553462280853e-05
-1.894050975790546008e-03 -7.138667159578488460e-04
-1.533770420554464789e-03 -1.396352172286518829e-03
-1.103179854481907678e-03 -1.821244735653627933e-03
-6.653271743481958822e-04 -1.890836736293710803e-03
-2.844339572220857268e-04 -1.576989787709448228e-03
-1.421214722383001578e-05 -9.267748752484377458e-04
1.118194338596377587e-04 -5.380208321587146058e-05
8.619665298632351366e-05 8.831245329959709232e-04
-7.154855324863039360e-05 1.709989502965074621e-03
-3.190337642173169579e-04 2.270510971673671101e-03
-5.994626605755031933e-04 2.455810234146851324e-03
-8.527449016188135781e-04 2.225185944652732090e-03
-1.027184531894078474e-03 1.614055473059779373e-03
-1.089515778720070299e-03 7.275538664895714238e-04
-1.031379520022180502e-03 -2.790051367991889771e-04
-8.710093229555789006e-04 -1.229115463026950140e-03
-6.498047801117496410e-04 -1.958034309572882076e-03
-4.244397549338735864e-04 -2.343478389114456335e-03
-2.560003956330087101e-04 -2.328260834043085863e-03
-1.982119145646863562e-04 -1.930595379633220270e-03
-2.869872971455859640e-04 -1.240129934397323158e-03
-5.332823079331392140e-04 -4.004737852981915861e-04
-9.206165256630123280e-04 4.184602157758241306e-04
-1.407737946602214633e-03 1.053049291534755450e-03
-1.935935953321177598e-03 1.377307430177716289e-03
-2.439628271403329607e-03 1.327039742746733168e-03
-2.858228346055316331e-03 9.122224568954022308e-04
-3.147057603960347859e-03 2.152576734912978358e-04
-3.285248168303728754e-03 -6.245714870237010791e-04
-3.279151486829503474e-03 -1.437504687758412759e-03
-3.160619075847071607e-03 -2.055568124903343549e-03
-2.980492042649499768e-03 -2.344587414930836625e-03
-2.798542443575254869e-03 -2.229884150860688211e-03
-2.671780251712598149e-03 -1.710784622121139026e-03
-2.643347789535032723e-03 -8.611857423996482561e-04
-2.734110654688110681e-03 1.839383763260977794e-04
-2.938541865019590922e-03 1.253545088115506434e-03
-3.225681232337706573e-03 2.172323809658053585e-03
-3.544989140698268700e-03 2.793280121769531072e-03
-3.835985293375305909e-03 3.024947193430586705e-03
-4.039844498155400511e-03 2.848085942159757529e-03
-4.110749333114618702e-03 2.318725670934936294e-03
-4.024844139846962647e-03 1.556983164730496236e-03
-3.785087777798887276e-03 7.237906611118552361e-04
-3.421078084255819475e-03 -1.004817618153693894e-05
-2.983872103914555606e-03 -4.966035960833397808e-04
-2.536772802499245513e-03 -6.391561597150420722e-04
-2.143816002383659453e-03 -4.107505657539411818e-04
-1.858126280747387019e-03 1.405524475308495697e-04
-1.712335213186746193e-03 9.007246805328704984e-04
-1.712864948521691452e-03 1.711408120755389178e-03
-1.839148572339952643e-03 2.400044271625581885e-03
-2.047924581185008117e-03 2.812787627381387913e-03
-2.281782945686459257e-03 2.843966417247024113e-03
-2.480336443647786996e-03 2.456505515583661588e-03
-2.591895360420936895e-03 1.689435942092635872e-03
-2.583430035814963683e-03 6.510589594223629940e-04
-2.446931687116415260e-03 -5.009523130737960923e-04
-2.200965633713309732e-03 -1.588758698761586364e-03
-1.887123001701565637e-03 -2.447351768522950961e-03
-1.562044556951709424e-03 -2.955108124887993737e-03
-1.286530337873372648e-03 -3.056130428320062362e-03
-1.113802162953100774e-03 -2.770159469566550910e-03
-1.079148003715893304e-03 -2.188194495636112957e-03
-1.192916877737992343e-03 -1.454664333359891384e-03
-1.438199557712851410e-03 -7.395374326951004162e-04
-1.773643935817064343e-03 -2.056627764776091088e-04
-2.140882214027173790e-03 2.246483576068747032e-05
-2.475174225150605749e-03 -1.174069560867896204e-04
-2.717262401480861379e-03 -6.132753802158535245e-04
-2.824204442515799475e-03 -1.381023787281230111e-03
-2.777142999598688350e-03 -2.280313029000777432e-03
-2.584551071946094951e-03 -3.141213396173986750e-03
-2.280347597571780096e-03 -3.796531718528856764e-03
-1.917247924346601393e-03 -4.113707811644350988e-03
-1.556614810366699960e-03 -4.020234048410036530e-03
-1.256736770667169455e-03 -3.517776405266454746e-03
-1.061756780218585557e-03 -2.682313086406118777e-03
-9.933494888858338673e-04 -1.650253053252170431e-03
-1.046722885339609714e-03 -5.931504609399263894e-04
-1.191699719026397724e-03 3.142103424248808650e-04
-1.378670413484928180e-03 9.263297160929130896e-04
-1.548285184258437006e-03 1.153964490811657754e-03
-1.643043600642673466e-03 9.804629287468477443e-04
-1.618579262649289668e-03 4.643827477377267168e-04
-1.452493899853777659e-03 -2.720914619648036174e-04
-1.149058333089390815e-03 -1.066727331353859451e-03
-7.388796906263013844e-04 -1.748346042109148214e-03
-2.735869839473276739e-04 -2.169548856457400969e-03
1.834697635118026247e-04 -2.234865829470091513e-03
5.687567506921273981e-04 -1.918992383003211184e-03
8.301561667156914619e-04 -1.271658279062510243e-03
9.364423045595230040e-04 -4.082067505567220670e-04
8.828491917995389283e-04 5.123305970816759538e-04
6.916839683163461712e-04 1.317507818252111346e-03
4.078770610669288149e-04 1.854349551940996307e-03
9.031744505384292328e-05 2.018612706901311716e-03
-1.993822460677925081e-04 1.774875284076572572e-03
-4.085610401966131215e-04 1.163638232478001302e-03
-5.034140172409185335e-04 2.940841973630059958e-04
-4.752515269216853145e-04 -6.761479252577278463e-04
-3.419310039702995289e-04 -1.570355619437851548e-03
-1.441949668606412951e-04 -2.225779861785922784e-03
6.238508292971168840e-05 -2.523989400621140782e-03
2.183257098155502035e-04 -2.412901033144516927e-03
2.719335085764904643e-04 -1.916277700912592374e-03
1.895664173095891816e-04 -1.128916315540613377e-03
-3.749910457407029749e-05 -1.984456147380849551e-04
-3.909063799268400977e-04 7.028118209713584037e-04
-8.281830421418352912e-04 1.410579733478021722e-03
-1.290282031647426667e-03 1.799767436909442513e-03
-1.712282586155956321e-03 1.808110200102823559e-03
-2.035235885215970226e-03 1.447834672508027838e-03
-2.216922431368434539e-03 8.031426029621807974e-04
-2.239493253238760209e-03 1.399325808122540331e-05
-2.112555872641340600e-03 -7.507388592372442153e-04
-1.871127218797053165e-03 -1.325640783265509852e-03
-1.568846194096650470e-03 -1.580532495923015271e-03
-1.267734589777326981e-03 -1.445606297396885651e-03
-1.026446859326479418e-03 -9.251621110819331379e-04
-8.892335211589002305e-04 -9.732527205790462727e-05
-8.777059580023647200e-04 9.002129070540674420e-04
-9.869581547673018582e-04 1.895745107849265438e-03
-1.186774303749690580e-03 2.715563886949059601e-03
-1.427686717957272252e-03 3.216394110448445552e-03
-1.650728721719473425e-03 3.312112916760333314e-03
-1.799026297085418559e-03 2.989708650540971995e-03
-1.829023051124866860e-03 2.311466318018662487e-03
-1.719201779161596199e-03 1.402973467608187048e-03
-1.474639597663872630e-03 4.292235948043538352e-04
-1.126522586632697090e-03 -4.366538402019598270e-04
-7.267006243856314598e-04 -1.046113375178513247e-03
-3.383027400818754637e-04 -1.303167492519193005e-03
-2.417988260085604784e-05 -1.182319300628313294e-03
1.646458554683533212e-04 -7.330621709406415611e-04
1.983468220679557694e-04 -7.010023471580535464e-05
7.370410305147150152e-05 6.488505915959296572e-04
-1.854487487250033330e-04 1.253467971695224580e-03
-5.328322405756929494e-04 1.593666434712372963e-03
-9.085028742035780678e-04 1.568647249355058140e-03
-1.250146806637552482e-03 1.146640848996388368e-03
-1.504747746169542242e-03 3.715894182207066243e-04
-1.638422514457562760e-03 -6.445102448294015920e-04
-1.642566445065382370e-03 -1.742168219936605488e-03
-1.535151265620856697e-03 -2.743988056979422205e-03
-1.356937594242296546e-03 -3.487689511897805808e-03
-1.163328456323091224e-03 -3.856326764257729349e-03
-1.013416623432090947e-03 -3.799991227812450287e-03
-9.583105764382712256e-04 -3.344899053823440199e-03
-1.030960794913077672e-03 -2.588150586901885597e-03
-1.239424045020403025e-03 -1.679160303322583701e-03
-1.564852262203871285e-03 -7.912777105253028260e-04
-1.964597816354506782e-03 -8.897480770272904634e-05
-2.379857769250891698e-03 3.031871367704574907e-04
-2.746419593612349323e-03 3.239378905405812178e-04
-3.006482543509976599e-03 -1.339681522127258648e-05
-3.119323905092627382e-03 -6.237998401244081604e-04
-3.068796656920229522e-03 -1.367118432678202360e-03
-2.866243587927809824e-03 -2.075126461792221703e-03
-2.548279341725674316e-03 -2.583957287916858331e-03
-2.169862066279888528e-03 -2.765753200755706465e-03
-1.793966584527270907e-03 -2.553524708044642173e-03
-1.479812700799776771e-03 -1.954498116235335852e-03
-1.271873988398735441e-03 -1.049409444479167943e-03
-1.191742836757653592e-03 2.213601527726524471e-05
-1.234385116214916766e-03 1.087480224136215491e-03
-1.369485315699884567e-03 1.973029816296143803e-03
-1.547618039689303664e-03 2.536605130933154012e-03
-1.710066978196691286e-03 2.693906360595092666e-03
-1.800421092305089319e-03 2.434094554537747680e-03
-1.775740778570518430e-03 1.821544405448360026e-03
-1.615168109738603346e-03 9.834421463149490422e-04
-1.324339544205755878e-03 8.558018029178869092e-05
-9.347549849101073442e-04 -6.990668777607765300e-04
-4.982129937334321777e-04 -1.223035145711823821e-03
-7.735721822197560342e-05 -1.392145497545551214e-03
2.658834732295232376e-04 -1.183104175025213433e-03
4.817786619562314547e-04 -6.476038300301158873e-04
5.420345483396235391e-04 9.784312360862194597e-05
4.450411271079490272e-04 8.944036944262656174e-04
2.161370437026090036e-04 1.571484324581631916e-03
-9.715745898893414533e-05 1.979552658271720861e-03
-4.340380363866923048e-04 2.018993023423248760e-03
-7.317623247411128573e-04 1.659518191196848735e-03
-9.373007547376800827e-04 9.464480502992759364e-04
-1.017092108987260879e-03 -7.347151126493531043e-06
-9.630641970401530947e-04 -1.042326263591095235e-03
-7.937885850414370861e-04 -1.982037644523050243e-03
-5.505608209795914525e-04 -2.666135827428528070e-03
-2.891592732506138548e-04 -2.980411659000316207e-03
-6.885439785794144523e-05 -2.878156959177668485e-03
5.923907300229278895e-05 -2.388823850488671231e-03
6.225043290822415611e-05 -1.612342897683892613e-03
-6.783889731982767780e-05 -7.001778747112242032e-04
-3.123284112358985331e-04 1.732955444089546168e-04
-6.290350318819411084e-04 8.436697520978026724e-04
-9.600280822583372176e-04 1.187422082134097310e-03
-1.242404707861943878e-03 1.145020465464137134e-03
-1.420070619331921958e-03 7.318504787655686749e-04
-1.454299099873787669e-03 3.490388142029306369e-05
-1.331070955968552318e-03 -8.041339072502622825e-04
-1.063806051321406149e-03 -1.616183442001093915e-03
-6.909681305729685908e-04 -2.237276331710889941e-03
-2.689938287874831186e-04 -2.540097850010310243e-03
1.381194723425079041e-04 -2.458581206602719355e-03
4.706012688401690013e-04 -2.000883515887671299e-03
6.838465262322325922e-04 -1.248274078447269685e-03
7.564429551442000254e-04 -3.401340836513281262e-04
6.937771359594613763e-04 5.521021405243583787e-04
5.265476318018021042e-04 1.257138923846237884e-03
3.044780610605118520e-04 1.636055891608654937e-03
8.643216961389470860e-05 1.608491053030937368e-03
-7.118582613953696511e-05 1.167816286939863486e-03
-1.255379636087021640e-04 3.824334181036031198e-04
-5.585259522948799252e-05 -6.170549149489796626e-04
1.323014420578764484e-04 -1.662372757122618141e-03
4.077843796024204176e-04 -2.579156603900134744e-03
7.195601776578250310e-04 -3.219624587449804003e-03
1.006207411707765384e-03 -3.490150751103285494e-03
1.207469648958450423e-03 -3.368532426017483913e-03
1.275660982417924864e-03 -2.907691872012290943e-03
1.184768378077109222e-03 -2.225123345109323789e-03
9.355270296451019280e-04 -1.480096809499866850e-03
5.555056566784800139e-04 -8.429482475429557996e-04
9.418163879018654372e-05 -4.622848983768519486e-04
-3.860673270356580235e-04 -4.363281842987712725e-04
-8.213568248880429370e-04 -7.938330183095297556e-04
-1.157926080691770200e-03 -1.488208144242852667e-03
-1.361812855279323064e-03 -2.405961591146735159e-03
-1.424751777741448426e-03 -3.387881636285543924e-03
-1.365190788058828764e-03 -4.258950676847942339e-03
-1.224245168838037842e-03 -4.861334065702942360e-03
-1.057367312150500355e-03 -5.084201820478384884e-03
-9.233213148813674588e-04 -4.884738870606782427e-03
-8.725612074976090435e-04 -4.296366001645186838e-03
-9.372237009867799562e-04 -3.422613291799844835e-03
-1.124639690808420427e-03 -2.417802404931075795e-03
-1.415601498172038182e-03 -1.458189637331326312e-03
-1.767721248062881093e-03 -7.090257219810778503e-04
-2.123250493400951743e-03 -2.937596479256842329e-04
-2.419884911133958396e-03 -2.712062537137108122e-04
-2.602510882963347122e-03 -6.249883093544569140e-04
-2.633670488045298901e-03 -1.267238914453302535e-03
-2.500762143100041055e-03 -2.055849451310527362e-03
-2.218610363718460064e-03 -2.821983327329110128e-03
-1.826913263272735314e-03 -3.402631985163102283e-03
-1.383044741368334284e-03 -3.672035239233543708e-03
-9.515664651765094436e-04 -3.566003685120535706e-03
-5.924264506124806611e-04 -3.094525893022586314e-03
-3.500686574455095287e-04 -2.340262614929583453e-03
-2.455047287059790350e-04 -1.443203959242655250e-03
-2.728376896088669217e-04 -5.743870948051279287e-04
-4.008843370729073523e-04 9.635485742331018760e-05
-5.795777690756787493e-04 4.325100086402383637e-04
-7.499267390782037371e-04 3.567915115343187754e-04
-8.556355658562314354e-04 -1.340771805176390555e-04
-8.541746131060510335e-04 -9.684977837136793692e-04
-7.251962974012152001e-04 -2.013221948021801187e-03
-4.746953271020948892e-04 -3.098168223549923467e-03
-1.341190177890267971e-04 -4.048141111723588606e-03
2.454088078242186704e-04 -4.715456901869484289e-03
6.026600292103013665e-04 -5.007310764876734058e-03
8.778598113673161465e-04 -4.902716480711426066e-03
1.024041159765438566e-03 -4.455825372552446421e-03
1.016044643180092754e-03 -3.785010448085615164e-03
8.554554820230107813e-04 -3.049797020261896252e-03
5.705376701869829250e-04 -2.420021951667322268e-03
2.111705516265701321e-04 -2.043074576815978420e-03
-1.602617114445573218e-04 -2.015434826104515065e-03
-4.803120190227097228e-04 -2.363909439181678847e-03
-6.960871181440064781e-04 -3.040129625886919471e-03
-7.748502447941086994e-04 -3.929361046299769712e-03
-7.098022012221663624e-04 -4.871965313712671095e-03
-5.209570269270828030e-04 -5.693454865337691830e-03
-2.509569763183506423e-04 -6.237453940468130897e-03
4.337070680668892830e-05 -6.395326005844224199e-03
3.021070174301506111e-04 -6.126856867172091915e-03
4.738751332384173818e-04 -5.468073892790861583e-03
5.258042895711917278e-04 -4.524715191180478033e-03
4.499302292870971994e-04 -3.452577668538583944e-03
2.648151694125084948e-04 -2.428455681376302105e-03
1.207724854460911503e-05 -1.617162372735283073e-03
-2.515147594522128055e-04 -1.140866523231076884e-03
-4.648841025301653912e-04 -1.056538502764021916e-03
-5.743708148729547488e-04 -1.345762823348542686e-03
-5.441147375332823326e-04 -1.918832773728439481e-03
-3.631255522408491907e-04 -2.632338197620783145e-03
-4.769453331083622861e-05 -3.316902791025136930e-03
3.613164875375530615e-04 -3.809806062120018981e-03
8.058045225255421745e-04 -3.986301043991918001e-03
1.220995107553073111e-03 -3.783686879438062384e-03
1.547261183257872281e-03 -3.213568532160452837e-03
1.740963917806955322e-03 -2.359974168012244234e-03
1.782273625373146514e-03 -1.363680424616801065e-03
1.678500832663789352e-03 -3.957094208856996127e-04
1.462317553559475906e-03 3.749860673652304771e-04
1.185215899513097351e-03 8.135301303695383242e-04
9.074521272358021876e-04 8.447608683028241285e-04
6.863885381216592273e-04 4.676383312507751116e-04
5.654475742718429246e-04 -2.443111298281723954e-04
5.657749036783746516e-04 -1.156606104333284760e-03
6.821935789636663890e-04 -2.098908949234814473e-03
8.842170116628231269e-04 -2.896870208476144508e-03
1.121928771196410235e-03 -3.404700280037582620e-03
1.335613865329541780e-03 -3.532312927671965412e-03
1.467314090632033073e-03 -3.261913432230646205e-03
1.472114170398065511e-03 -2.650902983778478071e-03
1.327015048720548828e-03 -1.820561874495870303e-03
1.035706448746789680e-03 -9.326665147851540298e-04
6.283262552317016737e-04 -1.584793534737027800e-04
1.562425746686339810e-04 3.540060897823940015e-04
-3.171640478630959070e-04 5.083538756424734774e-04
-7.279840169083110022e-04 2.781440971947688606e-04
-1.023364779513407730e-03 -2.878996299831280449e-04
-1.171017327838393476e-03 -1.075088288041734213e-03
-1.164854393119277038e-03 -1.924515047194179677e-03
-1.025703644905328130e-03 -2.663254046200528094e-03
-7.969710632790209630e-04 -3.137289727536300005e-03
-5.360848508882961683e-04 -3.240937020761290848e-03
-3.033479210398604088e-04 -2.937175249774172901e-03
-1.503161259422179739e-04 -2.265037470596168931e-03
-1.099074281248741108e-04 -1.332646583391387980e-03
-1.901176032675765820e-04 -2.972061491443189654e-04
-3.725333120978848410e-04 6.642770292248679782e-04
-6.159232063942519410e-04 1.388007338929341970e-03
-8.642244764082500060e-04 1.753913465327534924e-03
-1.057408279142983817e-03 1.707895593587801814e-03
-1.143160748279366907e-03 1.271607030612542134e-03
-1.087160383267407604e-03 5.379303784798465790e-04
-8.799971504458556273e-04 -3.469836660167263968e-04
-5.394135422358773812e-04 -1.211703449333786931e-03
-1.074328833443636091e-04 -1.892220824053806975e-03
3.570922767600757833e-04 -2.263172587416023736e-03
7.891120096642511867e-04 -2.261661093827790035e-03
1.129189423274675787e-03 -1.899159537372389298e-03
1.334264795836235390e-03 -1.259245682456257721e-03
1.385346433545252406e-03 -4.815934086648031645e-04
1.290682637891277587e-03 2.647442812059899427e-04
1.083823958366093116e-03 8.136973730047075779e-04
8.169512659019495526e-04 1.034051788332829378e-03
5.507401957301290198e-04 8.547896939475046075e-04
3.426867745189485746e-04 2.790890072980559827e-04
2.361087225308535712e-04 -6.156801283205760216e-04
2.519071778287369778e-04 -1.691973821636927160e-03
3.846490247350162640e-04 -2.777466902956347850e-03
6.037100103000693149e-04 -3.697025269893679938e-03
8.592587497581029386e-04 -4.305218288123476011e-03
1.091943431144239834e-03 -4.513229078055530467e-03
1.244440476205279939e-03 -4.305080940638169977e-03
1.272670653709078673e-03 -3.740120583774417685e-03
1.154550121781169197e-03 -2.941300222225198303e-03
8.946097865958601561e-04 -2.071488393431780012e-03
5.235979372133367721e-04 -1.302304499788287584e-03
9.313039540642268970e-05 -7.813858060465800684e-04
-3.336102373249114853e-04 -6.042903363325303513e-04
-6.933766338120512336e-04 -7.963591582921785827e-04
-9.343934055102686440e-04 -1.307973603538010185e-03
-1.025754541564374107e-03 -2.024104542287800262e-03
-9.629120040328839570e-04 -2.786342545034800958e-03
-7.682249455454578718e-04 -3.423232452116159626e-03
-4.864730344241507205e-04 -3.783161458919616013e-03
-1.761894663532715820e-04 -3.763564500135612237e-03
1.015408504439608119e-04 -3.330906438311338411e-03
2.946942394983069501e-04 -2.527645620179037270e-03
3.701325812200701327e-04 -1.464847326719625337e-03
3.197796925676735821e-04 -3.018319533324325451e-04
1.619828262450308037e-04 7.833028921769268895e-04
-6.219439089221724356e-05 1.626719465115237769e-03
-2.970400513408235623e-04 2.109195214495674167e-03
-4.830884067783898961e-04 2.178062746124184712e-03
-5.687695210723107356e-04 1.856593360095096451e-03
-5.205988983074474625e-04 1.239059443296093663e-03
-3.299674288474188600e-04 4.724212223507411675e-04
-1.523511959757462703e-05 -2.718856250231796185e-04
3.812790267224755707e-04 -8.307124424204532977e-04
8.008522672559672574e-04 -1.080301504850226168e-03
1.179038978633810582e-03 -9.598388324982538942e-04
1.457465305287911940e-03 -4.829952817733780199e-04
1.594514169708132314e-03 2.647281993401983096e-04
1.572886351001238393e-03 1.142345255071817956e-03
1.402613642038571216e-03 1.980318729861692360e-03
1.118959841164381521e-03 2.612978174619166958e-03
7.756117784801243829e-04 2.910273370102371606e-03
4.344527646680994499e-04 2.802841216941810362e-03
1.538562597427566665e-04 2.295628178881933650e-03
-2.228398131421738867e-05 1.467476454065955302e-03
-7.271220035296084312e-05 4.567390889584114436e-04
-2.616301398592271732e-06 -5.643657507035272766e-04
1.576344616775492472e-04 -1.421818993271002380e-03
3.585740984456091537e-04 -1.972225416079587644e-03
5.413867589983667981e-04 -2.129472130340542054e-03
6.494612872009650987e-04 -1.880584868960085343e-03
6.395556553092253795e-04 -1.287790254810902658e-03
4.904466478046840949e-04 -4.764025612512504549e-04
2.074158915828973196e-04 3.891641432140624654e-04
-1.782884195745189793e-04 1.136710980682045314e-03
-6.149232437772599556e-04 1.618963433999914088e-03
-1.039630416799541216e-03 1.741479747378031628e-03
-1.389958318894228464e-03 1.480474646306524644e-03
-1.615352990009805059e-03 8.871860172562038302e-04
-1.686450925273479725e-03 7.796222881406025210e-05
-1.600420744414055322e-03 -7.880466236169996570e-04
-1.381347559359737565e-03 -1.539361472315291636e-03
-1.075590840005548375e-03 -2.025031724561956493e-03
-7.429965710737111055e-04 -2.143645383236070928e-03
-4.456277127732315851e-04 -1.862987326904414539e-03
-2.361451797553644526e-04 -1.226611221890745642e-03
-1.480360947258921051e-04 -3.460679161293055877e-04
-1.895347199051816830e-04 6.197510813734980915e-04
-3.423807503165885759e-04 1.494256476564041498e-03
-5.656422942443576013e-04 2.116189718619412765e-03
-8.038706538708861871e-04 2.369794505432285588e-03
-9.980328496581702524e-04 2.206428423736668011e-03
-1.097141224593645159e-03 1.653531342572904256e-03
-1.068367097889742290e-03 8.092596163569703432e-04
-9.037123081034816215e-04 -1.761924681102529085e-04
-6.219642322189645675e-04 -1.129043828470881672e-03
-2.655531062464861879e-04 -1.884761879439318232e-03
1.071038521489450974e-04 -2.319065607867210922e-03
4.323316798555480430e-04 -2.371229053129736593e-03
6.529773582209496543e-04 -2.055277586726435551e-03
7.290167223306675843e-04 -1.456963521705167486e-03
6.449858198878288991e-04 -7.171017526541345914e-04
4.128335906165552655e-04 -4.430254022525382390e-06
6.965807546328338438e-05 5.168549566411161176e-04
-3.292444690038183333e-04 7.187312548291172401e-04
-7.207023664800838413e-04 5.341451021766282451e-04
-1.045411333084163112e-03 -2.973627641253092681e-05
-1.258878302651151269e-03 -8.923397505848009326e-04
-1.339500215442590396e-03 -1.914426488822162540e-03
-1.292255666937718560e-03 -2.923979093954205254e-03
-1.147319215276324704e-03 -3.748345874917589481e-03
-9.538705202347876489e-04 -4.246566661149577156e-03
-7.702811757216128721e-04 -4.335768810422991129e-03
-6.525486859459050850e-04 -4.006643111741105788e-03
-6.431794503526264096e-04 -3.325074970425944375e-03
-7.626377912244446155e-04 -2.419625621688416359e-03
-1.004991939156986772e-03 -1.457235337345578856e-03
-1.338592535598728990e-03 -6.117487973528259754e-04
-1.711665332241196161e-03 -3.122003730647387142e-05
-2.061768129711202564e-03 1.898164175388886502e-04
-2.327329109980229294e-03 2.786389439398263661e-05
-2.459088368560550467e-03 -4.655376678425362895e-04
-2.429281448315517237e-03 -1.174079881601984088e-03
-2.236829718470270331e-03 -1.939265378018729729e-03
-1.907556823901004200e-03 -2.591010667573552355e-03
-1.489390368339276773e-03 -2.980464474866737021e-03
-1.043455650011287407e-03 -3.008813642681398490e-03
-6.327443346403894804e-04 -2.646608186613390486e-03
-3.104985335695779327e-04 -1.939932233185924677e-03
-1.105031736713157952e-04 -1.002238566103647813e-03
-4.111681411639767254e-05 6.620230661217977892e-06
-8.416186492825469215e-05 9.102056136873564428e-04
-1.988738681596649441e-04 1.548517217995304222e-03
-3.301506926550896721e-04 1.807983036390910670e-03
-4.195278180006439968e-04 1.642744056786402639e-03
-4.167896177265551123e-04 1.083208305296879141e-03
-2.900063786563522464e-04 2.302578418272576300e-04
-3.208534906434942161e-05 -7.637932020994284707e-04
3.374152249032932893e-04 -1.723884980872841029e-03
7.755624255531109101e-04 -2.485114240092356225e-03
1.223803874577940971e-03 -2.923628007405406747e-03
1.618740981287722976e-03 -2.979666342857098353e-03
1.903886313764348521e-03 -2.668399977725516986e-03
2.040183069902298460e-03 -2.076521042961043586e-03
2.013297289520285180e-03 -1.345243964443098390e-03
1.836302945967427814e-03 -6.429480068133471525e-04
1.547250948237084787e-03 -1.326553318681661636e-04
1.202080356402496827e-03 5.948294245745455039e-05
8.642105310545908402e-04 -1.312892261577849190e-04
5.927798065954760498e-04 -6.954568664037604799e-04
4.317509841811407231e-04 -1.550458150897306153e-03
4.019383557753401911e-04 -2.555789818792392545e-03
4.974565302438493323e-04 -3.539145331357862641e-03
6.872530621395930329e-04 -4.328646626521120803e-03
9.214235276952341793e-04 -4.785074716613428591e-03
1.141101694086151886e-03 -4.828002605412468062e-03
1.290040414314316255e-03 -4.450886537942312475e-03
1.325679125025969358e-03 -3.722260343279946808e-03
1.227591862587292491e-03 -2.772807138638356834e-03
1.001706827316635549e-03 -1.770754957286407730e-03
6.794903797598157583e-04 -8.902518155287763441e-04
3.122430044091138875e-04 -2.787030489327969873e-04
-3.841849202195147172e-05 -2.924822136810391673e-05
-3.120948326537040804e-04 -1.635799038668208673e-04
-4.609732291671648921e-04 -6.283468669599130436e-04
-4.588801161063626403e-04 -1.305810812459212017e-03
-3.063032800459441823e-04 -2.036725916439574915e-03
-3.043062187453864521e-05 -2.651095364961223583e-03
3.198051355481995009e-04 -3.000967147769180356e-03
6.827423751090612881e-04 -2.989045210506307768e-03
9.953663806694368604e-04 -2.587684836713165584e-03
1.204898899059354128e-03 -1.844662719105150377e-03
1.278416251311464795e-03 -8.746175698002905605e-04
1.208685114976068304e-03 1.622282356093521704e-04
1.015121897042646666e-03 1.090045717069867233e-03
7.397051571729613929e-04 1.750406189877238422e-03
4.386260708990593672e-04 2.032073783526833818e-03
1.712686413410648102e-04 1.891946097659402519e-03
-1.138343475331701510e-05 1.363179483051609950e-03
-7.670838575231961158e-05 5.489598012713661117e-04
-1.688143210372547096e-05 -3.969046006794255859e-04
1.494427594265522528e-04 -1.298897696702574350e-03
3.805249059463290543e-04 -1.992749795954138793e-03
6.193749086184060018e-04 -2.356198939405195879e-03
8.045441980628039239e-04 -2.331744494836561227e-03
8.818344735988885817e-04 -1.937095399551616625e-03
8.147056610924391330e-04 -1.261346657520709316e-03
5.914106354824663495e-04 -4.476208251201358726e-04
2.275023214758290619e-04 3.345256257916958201e-04
-2.367667798117116670e-04 9.216933174643207952e-04
-7.436672065539571457e-04 1.188044841777366207e-03
-1.228478150036273631e-03 1.069565276663241981e-03
-1.631260221151435534e-03 5.765737075624289328e-04
-1.907696619702171914e-03 -2.078932575501941807e-04
-2.036960927751412572e-03 -1.143528660981869491e-03
-2.025133161582436375e-03 -2.059115392402124066e-03
-1.903528892384009821e-03 -2.784813563867085968e-03
-1.722269454238369805e-03 -3.184264912404432841e-03
-1.540322025658571624e-03 -3.180436678606888157e-03
-1.413906104563692704e-03 -2.770310832847636996e-03
-1.385471217242657772e-03 -2.025634703631207668e-03
-1.475341344009932542e-03 -1.079586408614113249e-03
-1.677615316267125258e-03 -1.018736010556684987e-04
-1.961105222819092483e-03 7.330276567918041306e-04
-2.275139454754355074e-03 1.278489818917539957e-03
-2.559134256910278443e-03 1.443041770959033751e-03
-2.754122250893079656e-03 1.207209076231424271e-03
-2.814053888251293652e-03 6.267104299081390851e-04
-2.714728862075006886e-03 -1.785821716166502177e-04
-2.458661516476578091e-03 -1.047816424304349060e-03
-2.074952669826460490e-03 -1.810065531578878379e-03
-1.614184489465428319e-03 -2.317102706510622279e-03
-1.139296266350942966e-03 -2.471827116666136179e-03
-7.141588825656553256e-04 -2.246948512197643154e-03
-3.920005773043247748e-04 -1.690383718552398301e-03
-2.058640494479134758e-04 -9.163359585967994873e-04
-1.628898846753436616e-04 -8.374074988108339739e-05
-2.434967218781653722e-04 6.338438370295123615e-04
-4.056016591620223910e-04 1.081202805214327147e-03
-5.930705915487510761e-04 1.151043199321026946e-03
-7.467880121334302939e-04 8.045830380229988029e-04
-8.162407843420072277e-04 7.924698470871543998e-05
-7.694142539228317115e-04 -9.179951601807925755e-04
-5.991200352163470605e-04 -2.030394372217877216e-03
-3.245520780818399089e-04 -3.080560220163546230e-03
1.222711436532335368e-05 -3.903464843452833771e-03
3.542064972863774174e-04 -4.377076370120198956e-03
6.402530537494065341e-04 -4.444834765955659947e-03
8.167932378335947350e-04 -4.125728327453515205e-03
8.481341400736605238e-04 -3.510077117302456279e-03
7.234652213560914015e-04 -2.741835912541460991e-03
4.592084406539650976e-04 -1.990781226856182338e-03
9.626389675284680774e-05 -1.419861496092752941e-03
-3.073366814375564607e-04 -1.153904153297271445e-03
-6.869877955506013215e-04 -1.255614971514946131e-03
-9.832912649255975881e-04 -1.713422690925445364e-03
-1.152841226897045575e-03 -2.443477335027358175e-03
-1.175982478998515660e-03 -3.305428773797903369e-03
-1.060084545855431368e-03 -4.129000827143388362e-03
-8.377225386028843519e-04 -4.746329994605895559e-03
-5.601195969898249607e-04 -5.023944244566966311e-03
-2.871020009383729314e-04 -4.888323328371965010e-03
-7.547723563757640936e-05 -4.340195334342585552e-03
3.195737497828550228e-05 -3.454854967046041159e-03
1.468864844754111127e-05 -2.368433917363119579e-03
-1.215266390747698306e-04 -1.252711949377354611e-03
-3.457212999091439118e-04 -2.832257172807280989e-04
-6.076228029858137371e-04 3.932996821969809292e-04
-8.472847708565534085e-04 6.860438939388954598e-04
-1.006618484416704372e-03 5.765938013940106414e-04
-1.040636551980321208e-03 1.217452801662936282e-04
-9.262738498817249186e-04 -5.579119314097789667e-04
-6.671081564181174147e-04 -1.301451077041984247e-03
-2.930780121336445140e-04 -1.938652658991122432e-03
1.447584762134576230e-04 -2.322746445137375410e-03
5.834420159517837191e-04 -2.358641519139483000e-03
9.595732836458544402e-04 -2.021290656632862906e-03
1.220857994209401109e-03 -1.360705116847808586e-03
1.335561044051788125e-03 -4.926655248635519128e-04
1.298090455872199156e-03 4.231150774709315290e-04
1.129664113987519135e-03 1.213241924792009567e-03
8.739425956440305746e-04 1.723573578397460081e-03
5.884636017211809181e-04 1.848601509027935751e-03
3.335072509247119206e-04 1.551705560576245591e-03
1.605065420915114749e-04 8.724424063629765457e-04
1.022018299623331326e-04 -8.052228469464429604e-05
1.664062790206478600e-04 -1.149510394587817787e-03
3.345638662766055316e-04 -2.157163343104593484e-03
5.653723947925875853e-04 -2.939468533825849612e-03
8.027832720123356715e-04 -3.376240394501041180e-03
9.868593872492661609e-04 -3.413298346793961109e-03
1.065429556373776159e-03 -3.072156005878784804e-03
1.004325576155422556e-03 -2.445400061414175312e-03
7.942549418815928906e-04 -1.678646098981530872e-03
4.529982719758126144e-04 -9.424992728820453733e-04
2.250503970488307390e-05 -3.998391854698546757e-04
-4.385732209170300480e-04 -1.746323707531231666e-04
-8.655093981314780725e-04 -3.281849710391180654e-04
-1.199285933882847377e-03 -8.473375932999392159e-04
-1.397318069572286992e-03 -1.646841092887377494e-03
-1.441095388157672763e-03 -2.585464800876428968e-03
-1.339304703856907149e-03 -3.492786413130360111e-03
-1.125852008105273933e-03 -4.201588193752921717e-03
-8.531658605454932841e-04 -4.579720665557611425e-03
-5.820567421883930583e-04 -4.555393921612714558e-03
-3.700575896926420723e-04 -4.131099387583533900e-03
-2.604567769378781294e-04 -3.383516092818767904e-03
-2.741019918673036869e-04 -2.449408067376779644e-03
-4.055269194697007015e-04 -1.500171195204301738e-03
-6.241321690287414230e-04 -7.098366097561417763e-04
-8.801929685471836630e-04 -2.225765772982902721e-04
-1.114550483853484798e-03 -1.258531249114986685e-04
-1.270144651934860007e-03 -4.342815448353772381e-04
-1.303196509122782950e-03 -1.087252600751223430e-03
-1.191913374958034847e-03 -1.960752864497684444e-03
-9.410585035732625583e-04 -2.891135297009566219e-03
-5.815092567661749642e-04 -3.706330796452609461e-03
-1.648763646808853686e-04 -4.258584105007729229e-03
2.458081152600462738e-04 -4.452510576274382181e-03
5.875819711735556349e-04 -4.263158112073768199e-03
8.090579246965217894e-04 -3.740652979131786626e-03
8.797741868314710263e-04 -3.000550555397538555e-03
7.956292853461212518e-04 -2.201720943941853827e-03
5.793805497655581636e-04 -1.515961806658332059e-03
2.761192368113888208e-04 -1.095099234808907546e-03
-5.541493553556334651e-05 -1.041814878698032586e-03
-3.540309150632032402e-04 -1.389733460006467363e-03
-5.676724153727521127e-04 -2.096552505782741868e-03
-6.631985734370566708e-04 -3.051527465794424791e-03
-6.325085678533497874e-04 -4.095907736076295595e-03
-4.938538036679835513e-04 -5.052467084760384197e-03
-2.880943466096009078e-04 -5.758549855248544687e-03
-7.061527738622569743e-05 -6.096388216352017358e-03
9.955813763243081356e-05 -6.014961824748852638e-03
1.713760622190851294e-04 -5.539271910387067073e-03
1.119009807244499563e-04 -4.765283931371800362e-03
-8.696412225320574417e-05 -3.841505443111432362e-03
-4.064411849093913539e-04 -2.940694956218400241e-03
-8.039325559774368728e-04 -2.227064381107222556e-03
-1.220599409114250669e-03 -1.825188790210681769e-03
-1.592039488566681640e-03 -1.796511699254612314e-03
-1.860053336913866998e-03 -2.127893674039369083e-03
-1.983281300325196936e-03 -2.734369600502530896e-03
-1.944706399212611575e-03 -3.475587572850716983e-03
-1.754610386242560702e-03 -4.182809833477362654e-03
-1.448429883385171863e-03 -4.691354464353351787e-03
-1.079923617015348530e-03 -4.872324699494719885e-03
-7.109478730215747048e-04 -4.657606278249604680e-03
-3.997776117426271808e-04 -4.053386956543426900e-03
-1.901840671918149719e-04 -3.139624945118707836e-03
-1.033344859406915050e-04 -2.055553188299678261e-03
-1.340435511118031426e-04 -9.739502778909601456e-04
-2.520805391689801456e-04 -6.903581160154232538e-05
-4.082776323718434420e-04 5.159445066155838536e-04
-5.442745008171278676e-04 6.953193045115169287e-04
-6.040446158838878128e-04 4.567526574021842783e-04
-5.450103948386405845e-04 -1.368080408357538139e-04
-3.466313663467808417e-04 -9.593575885576826083e-04
-1.482757326647251260e-05 -1.845910176303816033e-03
4.186110995146866869e-04 -2.623864448508311277e-03
9.015294080703893089e-04 -3.145714700638917085e-03
1.370793968697503647e-03 -3.316913742375522927e-03
1.763796382412240096e-03 -3.113613210065765448e-03
2.029904024557282333e-03 -2.586926030471140177e-03
2.139699139744883315e-03 -1.852909851402998473e-03
2.090264323956858832e-03 -1.070175833640024231e-03
1.905519464289338796e-03 -4.093719051235604738e-04
1.631550405126362202e-03 -2.032947969909633737e-05
1.327816063923632989e-03 -3.106213623818836894e-06
1.055899309303870177e-03 -3.884206407623873748e-04
8.679302526243321990e-04 -1.131196959091286536e-03
7.968709707525271696e-04 -2.118456362132507473e-03
8.504966546800394114e-04 -3.190075012829421668e-03
1.010206825172066131e-03 -4.168492347512774837e-03
1.234884405203815491e-03 -4.891758200508833018e-03
1.469063523021846588e-03 -5.243674235615770202e-03
1.653850118080364175e-03 -5.175334199881913289e-03
1.738517366122715232e-03 -4.713994600838382516e-03
1.690569481931942543e-03 -3.957604490643433851e-03
1.502356994690225199e-03 -3.056036345019760413e-03
1.192979415520468555e-03 -2.182575955662322247e-03
8.051037966254897963e-04 -1.501071557253188561e-03
3.972909868289208925e-04 -1.134962285976701731e-03
3.327292164304447792e-05 -1.144048239103697068e-03
-2.297972867609913723e-04 -1.513396596269753159e-03
-3.519049416256472438e-04 -2.156478421596860155e-03
-3.175495012798994036e-04 -2.931934433598211778e-03
-1.385442338463672854e-04 -3.670785827517313547e-03
1.482876493890007827e-04 -4.208927134512467465e-03
4.880831975524824520e-04 -4.418736833250871444e-03
8.182571889415035790e-04 -4.233807556251455509e-03
1.080215570355990990e-03 -3.662099811584828245e-03
1.230250740186461609e-03 -2.785014699545260847e-03
1.247560931803505437e-03 -1.742547286300286753e-03
1.137881970527561404e-03 -7.073183365881659419e-04
9.320518848787975527e-04 1.476111494357530175e-04
6.797895502928931553e-04 6.810597197660563529e-04
4.398757014714876120e-04 8.100698375888620503e-04
2.686064342254180018e-04 5.252969680486524896e-04
2.087166398902900186e-04 -1.074637869685592453e-04
2.808817516996298114e-04 -9.598976398227573046e-04
4.794176623754021344e-04 -1.865544084362547560e-03
7.730032308404907911e-04 -2.651308744710814506e-03
1.110298032474082899e-03 -3.170147490147477622e-03
1.429400095805686459e-03 -3.328737217269806328e-03
1.669360004241745785e-03 -3.104898795739651721e-03
1.781576914090052558e-03 -2.551479765768184700e-03
1.738922876163371840e-03 -1.785969788432267271e-03
1.540870491317736669e-03 -9.678248499724586770e-04
1.213654214977618814e-03 -2.678049323710208433e-04
8.054344753898908102e-04 1.648567807949229743e-04
3.773783685360438496e-04 2.312237514309485164e-04
-7.657801385004036135e-06 -9.809582641653099427e-05
-2.967064704859611051e-04 -7.768805202789806803e-04
-4.563418812294256131e-04 -1.691568592877582813e-03
-4.785888366846989062e-04 -2.682317952869163816e-03
-3.819779505347364575e-04 -3.572876458468334914e-03
-2.075582082010666240e-04 -4.203616387551738394e-03
-1.063320928817957853e-05 -4.461486233176053737e-03
1.502023953770547683e-04 -4.301214975392399047e-03
2.246384714326269717e-04 -3.753758499114023817e-03
1.806335863124502268e-04 -2.920391674980353340e-03
1.090639691315618484e-05 -1.953565767317540659e-03
-2.653049215103756085e-04 -1.028154950882565919e-03
-6.055573290648326229e-04 -3.085336240722738339e-04
-9.519718525298038287e-04 8.228628258232862161e-05
-1.241992287569685001e-03 8.562070770263478618e-05
-1.420101616529170167e-03 -2.821587003249369490e-04
-1.448281185637617088e-03 -9.331559257854829623e-04
-1.313234122502877996e-03 -1.725061500781439276e-03
-1.029005521121356074e-03 -2.488591060607047226e-03
-6.345018850956775109e-04 -3.060043310030390387e-03
-1.863764740260447951e-04 -3.312799375959745926e-03
2.513770053041448752e-04 -3.181785895247979390e-03
6.191582874640842987e-04 -2.676256807144005399e-03
8.726081360457819307e-04 -1.878461356870731423e-03
