-3.215436048031158379e-03 1.330949994415654529e-03
-2.700950829917675520e-03 1.172288838668587331e-03
-1.902410173604627414e-03 8.595308781810044292e-04
-9.675295809142789869e-04 4.388859945427751440e-04
-6.959902501874667274e-05 -2.081943570164448694e-05
6.253700277860057936e-04 -4.411586834506104303e-04
9.901199249039590016e-04 -7.489802101930468888e-04
9.602835254678414745e-04 -8.903235524835833442e-04
5.466108670996365580e-04 -8.407373781121055744e-04
-1.670304837753235983e-04 -6.100420663345957869e-04
-1.039503941487479773e-03 -2.406304624727686092e-04
-1.899101537850369972e-03 2.003765363264408263e-04
-2.576036663371717231e-03 6.336397562623886188e-04
-2.934580535058128881e-03 9.824139858153908139e-04
-2.898758338311619148e-03 1.186863922731771223e-03
-2.466740232102682378e-03 1.215178952601987661e-03
-1.711202728225876511e-03 1.069387743932740265e-03
-7.655921503374269127e-04 7.847768256456721069e-04
2.011089416929537311e-04 4.230279199940315048e-04
1.016334700200661155e-03 6.037762966577353650e-05
1.536558477786228484e-03 -2.269550055718336148e-04
1.674408391576646385e-03 -3.773109508471638677e-04
1.415142418013127677e-03 -3.553480027596876744e-04
8.193644454094763888e-04 -1.587847662124596123e-04
1.146814875159710557e-05 1.811453411621707942e-04
-8.440019408017720298e-04 6.056153207438449981e-04
-1.573594943888251404e-03 1.039378427192200107e-03
-2.027886432721316256e-03 1.405076715007760792e-03
-2.109862566094426219e-03 1.637972178211402358e-03
-1.793379801250887147e-03 1.698307648369431740e-03
-1.128203455588053326e-03 1.578952740282570056e-03
-2.306695585311567325e-04 1.306882350353298985e-03
7.382633356101560556e-04 9.382026794433587398e-04
1.603417838384071144e-03 5.476614369357527294e-04
2.208501092775251758e-03 2.146233972967430794e-04
2.445640570235399925e-03 8.161944454401315156e-06
2.275760426368364162e-03 -2.591517843208881837e-05
1.735940807859012811e-03 1.263462840762309084e-04
9.323671957324963181e-04 4.444676249963306616e-04
2.020519974573468285e-05 8.774509084392600111e-04
-8.257884551710805571e-04 1.353442056053465962e-03
-1.444354312138089805e-03 1.793311750396369732e-03
-1.718253349104413661e-03 2.125581748526903739e-03
-1.596446209679764933e-03 2.299870297727389049e-03
-1.103729663010216949e-03 2.296311470356531600e-03
-3.360063243917127862e-04 2.129166245682365989e-03
5.579160140077222716e-04 1.843943709622930527e-03
1.404548342007045768e-03 1.508580478029277437e-03
2.038622433354998070e-03 1.200352446706913446e-03
2.334439649738181011e-03 9.910018698001902410e-04
2.229729337942675752e-03 9.329012741798613012e-04
1.737498011837623193e-03 1.048879707095734352e-03
9.436246203529800348e-04 1.327643481663831528e-03
-9.343708360058417157e-06 1.725664337451885463e-03
-9.491281302843293695e-04 2.175183411239575183e-03
-1.706287380888421188e-03 2.596821428556923481e-03
-2.146253956191189471e-03 2.914413198538528746e-03
-2.194771974095028905e-03 3.069262868948019994e-03
-1.851920486274808136e-03 3.031125310269490621e-03
-1.192066881806241180e-03 2.803837980508652565e-03
-3.497588382353505236e-04 2.424539683055432823e-03
5.057742513810338948e-04 1.956626247104212464e-03
1.202682524459710526e-03 1.477778473308084470e-03
1.599048932968865841e-03 1.065330094343808556e-03
1.609770752050634175e-03 7.817463206258770236e-04
1.222679609504542277e-03 6.629615480491682193e-04
5.008482860908264030e-04 7.117822490992203053e-04
-4.293516718666331457e-04 8.976008309234228665e-04
-1.402179265135761362e-03 1.162470281518081933e-03
-2.243908296397253282e-03 1.432384241734728459e-03
-2.805723048475695230e-03 1.631620873960048287e-03
-2.991895671102826147e-03 1.697428196058144287e-03
-2.777908863619868267e-03 1.592263347393967771e-03
-2.215091198239028253e-03 1.311261008237974519e-03
-1.420886319507672600e-03 8.835094386731329619e-04
-5.565977660581118399e-04 3.668853711346606642e-04
2.031769212815185289e-04 -1.625808700264986585e-04
7.036350918341108263e-04 -6.248023313422668146e-04
8.391151434949070155e-04 -9.505306351500941893e-04
5.731427671854761804e-04 -1.094233886042317435e-03
-5.461896204220976873e-05 -1.042523191925920096e-03
-9.358320657289570478e-04 -8.165360250605488814e-04
-1.913946090751444474e-03 -4.678282285768825132e-04
-2.813786416455236594e-03 -6.855471959131290908e-05
-3.474666566165631690e-03 3.022006756466324193e-04
-3.780755529741828755e-03 5.733577346710688055e-04
-3.682950901384304809e-03 6.952081502404863951e-04
-3.208116966159160061e-03 6.486902008064890021e-04
-2.453939324266890716e-03 4.488164368616608807e-04
-1.570371303078002241e-03 1.416092310574305186e-04
-7.311865054250589989e-04 -2.048705803280076899e-04
-1.010254690342899525e-04 -5.136972965727005591e-04
1.958223109931485611e-04 -7.139551149217501259e-04
9.898841323672949791e-05 -7.544904423716025871e-04
-3.765166509927630849e-04 -6.139305365748747544e-04
-1.143128220483385221e-03 -3.050643192391354168e-04
-2.057300614217886375e-03 1.272510128165794409e-04
-2.946690754037611937e-03 6.142677107477916140e-04
-3.642805067377854859e-03 1.076067169451640649e-03
-4.012927726117282087e-03 1.436418676337039829e-03
-3.985284064798311210e-03 1.636968590846110466e-03
-3.562673674689647609e-03 1.648077371029209705e-03
-2.821990814968932532e-03 1.474255901501884914e-03
-1.899722083180811587e-03 1.153174609152463363e-03
-9.661666388056320545e-04 7.484352602511369244e-04
-1.932597235781543035e-04 3.374756372869322139e-04
2.779086426556852830e-04 -3.102045817146570350e-06
3.637303555172259444e-04 -2.120013599520046907e-04
5.382870665888691078e-05 -2.547620552210139167e-04
-5.870603258860582988e-04 -1.301698445668268136e-04
-1.431429870072135555e-03 1.296646453825484936e-04
-2.313228619921451484e-03 4.655682995191342925e-04
-3.059383033746318394e-03 8.027182892912266155e-04
-3.522644809871037543e-03 1.065038303517474314e-03
-3.609542271571935385e-03 1.189846016357261078e-03
-3.298141557670337953e-03 1.139971883952839785e-03
-2.642253384678157173e-03 9.110483476212703335e-04
-1.761288128965179207e-03 5.325834132124261829e-04
-8.176798687728197186e-04 6.260998447734539860e-05
1.384592021293901132e-05 -4.230808131607702131e-04
5.793418195880078482e-04 -8.450881704724390320e-04
7.747832403237546288e-04 -1.135257011216944233e-03
5.657696166517316681e-04 -1.249430794247619004e-03
-5.949005089494899604e-06 -1.175689530834743510e-03
-8.303566128060131581e-04 -9.365149092155392822e-04
-1.749975035212196842e-03 -5.844736051673865389e-04
-2.589648523303693731e-03 -1.922365570933135719e-04
-3.189670119521974267e-03 1.611761712229160706e-04
-3.435978042404736962e-03 4.053213649882721811e-04
-3.281705213412330555e-03 4.916050519338118450e-04
-2.756002559270029611e-03 4.023909518528165927e-04
-1.958466706377753452e-03 1.542240117141046273e-04
-1.040228690218352554e-03 -2.054368321630881426e-04
-1.752860598836303643e-04 -6.073529640347823631e-04
4.724919774009208456e-04 -9.737725897714019901e-04
7.804376137017050505e-04 -1.233312041734926142e-03
6.903509605132535174e-04 -1.334628723488667876e-03
2.195535126567013141e-04 -1.256291378780283489e-03
-5.423653340396884358e-04 -1.010973613026283028e-03
-1.450493352942665076e-03 -6.431719531495615552e-04
-2.332023912561436915e-03 -2.208765730011301096e-04
-3.018974086031531515e-03 1.772312790557986216e-04
-3.379996826008442330e-03 4.766332464638557958e-04
-3.345262926299996230e-03 6.210681253012284965e-04
-2.919700687367945881e-03 5.831985167411966485e-04
-2.182085741361698868e-03 3.698304034618655079e-04
-1.270152834267332820e-03 2.069697464680505562e-05
-3.545480615038794575e-04 -3.989641100676558604e-04
3.934470643872929174e-04 -8.106365004615544633e-04
8.343092415088136909e-04 -1.137241916765167459e-03
8.866520487421460962e-04 -1.317564944681287207e-03
5.425958930077357835e-04 -1.317658791330380760e-03
-1.307801385263536280e-04 -1.137077045661208548e-03
-1.004178546375695657e-03 -8.087566223589820512e-04
-1.910602481769653645e-03 -3.925796654225266469e-04
-2.677009837604673280e-03 3.616054393613038270e-05
-3.157107510197453004e-03 4.011995155942965109e-04
-3.259075145316167686e-03 6.399070243996362803e-04
-2.962968001648942119e-03 7.152868794551097385e-04
-2.324503162271585391e-03 6.230937710029597378e-04
-1.464512008842684242e-03 3.927153559873575086e-04
-5.460562606924286404e-04 8.164912234015333831e-05
2.564590543856794507e-04 -2.353828182040707570e-04
7.903268755297206041e-04 -4.806217868174239094e-04
9.534768060078090829e-04 -5.880779904784115292e-04
7.138310517707095217e-04 -5.161500576991653747e-04
1.154116978493856423e-04 -2.556682298446865970e-04
-7.299580987294798391e-04 1.681636492794917528e-04
-1.663788647791365066e-03 7.002977668045307948e-04
-2.510893110029841294e-03 1.265989322017389016e-03
-3.112517848815909462e-03 1.784643590810103785e-03
-3.356361287131069335e-03 2.184745868274904322e-03
-3.197798014370350356e-03 2.417052753861962701e-03
-2.668290318538269791e-03 2.463553190307591571e-03
-1.869395555149908506e-03 2.340509326711714272e-03
-9.535052742113039447e-04 2.095008710998791726e-03
-9.496425939679821113e-05 1.795688069521743976e-03
5.429610867933895406e-04 1.519392340773588652e-03
8.390099878716715531e-04 1.336301882220300961e-03
7.368938670801916842e-04 1.296350334536175170e-03
2.559534508663548376e-04 1.419510719893510384e-03
-5.125114994250076425e-04 1.691794294876619587e-03
-1.422544705133268594e-03 2.067724209657827508e-03
-2.301191543474814805e-03 2.478819097656229185e-03
-2.981275211664439692e-03 2.846482719937154168e-03
-3.333083959598359246e-03 3.096860491006360027e-03
-3.288968612408132638e-03 3.174850359060740236e-03
-2.856192098531887529e-03 3.054614797815746394e-03
-2.115597242578772050e-03 2.744602342448233465e-03
-1.206344336389682638e-03 2.286125771855153106e-03
-2.996074695488692074e-04 1.745762999336272032e-03
4.337910417074716720e-04 1.203015267128812547e-03
8.556812027336272580e-04 7.355542464385028765e-04
8.866663145834308493e-04 4.048454004546642518e-04
5.211197975546638141e-04 2.448632079063745200e-04
-1.717806071067105650e-04 2.560281122392239327e-04
-1.061176195336511119e-03 4.055061945416755511e-04
-1.979322682725005809e-03 6.338077601378935052e-04
-2.753362194772734917e-03 8.664284071522980208e-04
-3.238055626236850670e-03 1.028321565790954028e-03
-3.343277491860908307e-03 1.058455736261551322e-03
-3.051067319005639801e-03 9.216941419868879878e-04
-2.419009263202860291e-03 6.157421341587072158e-04
-1.569300460276329455e-03 1.718422623881931625e-04
-6.655784807596489992e-04 -3.509185067133652539e-04
1.181039292368446340e-04 -8.766146490049290694e-04
6.302816741024909551e-04 -1.326719363804742917e-03
7.708079861232946563e-04 -1.634878802174625102e-03
5.098720029744169095e-04 -1.759426085919810895e-03
-1.062987227664353562e-04 -1.691264896757633477e-03
-9.641317374182101696e-04 -1.455628164303158362e-03
-1.904154466914875169e-03 -1.107376155190226748e-03
-2.751131186342432346e-03 -7.207206853757973462e-04
-3.347187301595323967e-03 -3.753168085778849821e-04
-3.581650411556465581e-03 -1.413505058958991131e-04
-3.411959203787533722e-03 -6.644052457073685875e-05
-2.871682354693646817e-03 -1.668287073978330691e-04
-2.064130054874140779e-03 -4.245210227476615798e-04
-1.142768508156231672e-03 -7.909147948494897043e-04
-2.821463228719666219e-04 -1.196219639655476908e-03
3.551619454695593026e-04 -1.562882828341261281e-03
6.493358793686636234e-04 -1.820471917584313374e-03
5.459849026138606162e-04 -1.919192033630804425e-03
6.642633357325893051e-05 -1.839474328556303922e-03
-6.963798377341250253e-04 -1.595816730748661570e-03
-1.595469092614947362e-03 -1.234147141635208011e-03
-2.457743040418329354e-03 -8.232064540227979196e-04
-3.116794663187483216e-03 -4.415818262522470949e-04
-3.444472042835034636e-03 -1.628450339163352387e-04
-3.375203221988229679e-03 -4.161036809470790212e-05
-2.918475322271141432e-03 -1.031533523522182912e-04
-2.157103773939941273e-03 -3.385582518303378126e-04
-1.231617922469169148e-03 -7.063163407439477246e-04
-3.137180246673404839e-04 -1.140076149070555663e-03
4.261720020223378619e-04 -1.561082542960517787e-03
8.511136440908853573e-04 -1.892954024329610886e-03
8.835272360176137096e-04 -2.076005174756715733e-03
5.198319272335420130e-04 -2.078407517331699612e-03
-1.689187136976076295e-04 -1.902080819126060387e-03
-1.050524804263887639e-03 -1.582204539003333969e-03
-1.956697311340792420e-03 -1.180446779681882784e-03
-2.714939438519704904e-03 -7.731971026773413374e-04
-3.181215635675078372e-03 -4.370348835739120514e-04
-3.267222766693346145e-03 -2.341876393351476071e-04
-2.957100154369933336e-03 -2.007350249622032656e-04
-2.310414934312139158e-03 -3.397937175242784005e-04
-1.450857849366159712e-03 -6.209746539327558670e-04
-5.427903519820780585e-04 -9.862156760589554840e-04
2.399156324962470506e-04 -1.360884569858330801e-03
7.468443486558055955e-04 -1.668048594025715002e-03
8.795661335456038572e-04 -1.843206149105768542e-03
6.103275429639703608e-04 -1.846688014574605387e-03
-1.263820521535678927e-05 -1.671376256111246385e-03
-8.741869367939383156e-04 -1.344274933637403403e-03
-1.814007976416816183e-03 -9.216302774789749070e-04
-2.656921379320072336e-03 -4.785187615823225846e-04
-3.245992731101374380e-03 -9.486846853986295475e-05
-3.472196868473252825e-03 1.594457828794621336e-04
-3.295015160396039429e-03 2.376176303348532951e-04
-2.750067327893615608e-03 1.245761860366593251e-04
-1.942333314220166460e-03 -1.603308771155036866e-04
-1.026248850356093270e-03 -5.671414975058869205e-04
-1.764436247531984796e-04 -1.024846181592105332e-03
4.453372631163503986e-04 -1.454902626252408977e-03
7.208652352729614902e-04 -1.786136043536871391e-03
5.978136480465682211e-04 -1.968201705494845855e-03
9.965852682148300390e-05 -1.981059529408729387e-03
-6.787793078309586545e-04 -1.838666749024719937e-03
-1.589305757382714328e-03 -1.586190501307594520e-03
-2.458434943042054829e-03 -1.291269943257354006e-03
-3.120262912060902012e-03 -1.030984890433152106e-03
-3.447908528771804516e-03 -8.770016135641471632e-04
-3.377567795365537043e-03 -8.817123825997832259e-04
-2.920626266179297305e-03 -1.067998093536837905e-03
-2.161535113049634776e-03 -1.424558182227820755e-03
-1.241851839329573921e-03 -1.907698571942351325e-03
-3.334663581027177623e-04 -2.449245971858531219e-03
3.939189291421853287e-04 -2.969096936796236132e-03
8.048982204517977305e-04 -3.390032492228282728e-03
8.239814596944213063e-04 -3.652000140695049225e-03
4.498733710823783066e-04 -3.723165929564899949e-03
-2.442904895392836563e-04 -3.605650718512947231e-03
-1.124794668391055318e-03 -3.334870856089224879e-03
-2.022658820430000073e-03 -2.972613587140118894e-03
-2.765623772282779867e-03 -2.595162661130718130e-03
-3.210753013558846538e-03 -2.278725619981514586e-03
-3.271477779009245197e-03 -2.084924060191802649e-03
-2.933966042638828757e-03 -2.049095310441025226e-03
-2.259717116096203893e-03 -2.173620829646807223e-03
-1.373891505784581666e-03 -2.427544063315219616e-03
-4.415865358068295655e-04 -2.752548778202668165e-03
3.634493757447164377e-04 -3.074163663434357780e-03
8.917392107419914657e-04 -3.316068527494353893e-03
1.046402207216045200e-03 -3.414789375902144153e-03
8.015173556145806059e-04 -3.331995380926228850e-03
2.070480383524696787e-04 -3.062064214841941304e-03
-6.206051887121748862e-04 -2.633477444339595453e-03
-1.520635686022714546e-03 -2.103775192100155230e-03
-2.318275278633958637e-03 -1.549018160755616814e-03
-2.857888929338978437e-03 -1.049744759313813672e-03
-3.032454345065846955e-03 -6.760746785949740822e-04
-2.803845588348613006e-03 -4.747721476162060838e-04
-2.210080630113495353e-03 -4.607115716754837942e-04
-1.358160653667288015e-03 -6.143554267496031257e-04
-4.038565817742972657e-04 -8.857167891043702139e-04
4.777306382360739035e-04 -1.204052000797668732e-03
1.125262829493540399e-03 -1.491444955318550801e-03
1.421645838278046831e-03 -1.677708586017669264e-03
1.316129273226960238e-03 -1.713780696566797332e-03
8.338418317748551431e-04 -1.581077278733231985e-03
7.095824947128779193e-05 -1.295032691392485145e-03
-8.235857209163840401e-04 -9.021574367775852393e-04
-1.676367074440346687e-03 -4.711723079633724220e-04
-2.322383693343168815e-03 -7.989995684603711130e-05
-2.636365074938073864e-03 1.996010454782545058e-04
-2.556556339218296007e-03 3.148411002834156352e-04
-2.096471318855154010e-03 2.430250973445866134e-04
-1.342388425896859144e-03 -4.423746530333896691e-06
-4.370623664600210715e-04 -3.838039717337457675e-04
4.472654049533884976e-04 -8.271786756318660200e-04
1.141448416448665251e-03 -1.255004545540753082e-03
1.511441102706493136e-03 -1.590962268958532981e-03
1.483669798599942646e-03 -1.776186434642544523e-03
1.058965713422326243e-03 -1.780206309134740915e-03
3.124221390498703845e-04 -1.606530970847414724e-03
-6.207971834573627716e-04 -1.291825442670931946e-03
-1.571012049320044679e-03 -8.988369657849739919e-04
-2.366104632646815094e-03 -5.044129559893977596e-04
-2.864050493119981843e-03 -1.848806477941665125e-04
-2.979743592722017276e-03 -1.557126329980993741e-06
-2.701037667321717732e-03 1.086707540264790061e-05
-2.090968143404662617e-03 -1.491275013562674660e-04
-1.275735327421265945e-03 -4.496539409406562281e-04
-4.207254189286602566e-04 -8.315350821416671659e-04
3.008893461592463802e-04 -1.219610214430379147e-03
7.410251740839475347e-04 -1.537088213141131086e-03
8.048104305887671030e-04 -1.720225687970131524e-03
4.686327351536186125e-04 -1.730546709124366990e-03
-2.153085794767682117e-04 -1.562285698547402710e-03
-1.128807691518390844e-03 -1.243639113413690274e-03
-2.109959856592312066e-03 -8.315835211931768296e-04
-2.983748775323115214e-03 -4.012357605800213303e-04
-3.595123410210423337e-03 -3.176448013946604407e-05
-3.838302392048269750e-03 2.084843196852109119e-04
-3.676758271315020386e-03 2.748357988498179678e-04
-3.150098356747137521e-03 1.546798455086177779e-04
-2.366539581394146337e-03 -1.301766570427222809e-04
-1.482402054095990343e-03 -5.276424007919831936e-04
-6.725034202785076017e-04 -9.651758586699700623e-04
-9.705867701490520152e-05 -1.363459410636601353e-03
1.286484546218834117e-04 -1.651325549288200356e-03
-4.391862745891273075e-05 -1.779111081299984427e-03
-5.873757339998511399e-04 -1.727913608563538513e-03
-1.403622162133548543e-03 -1.513001030774611955e-03
-2.342436524015376054e-03 -1.180732347272935977e-03
-3.229942334936425352e-03 -7.995769985711539095e-04
-3.901552962719268859e-03 -4.469377283916649160e-04
-4.233157517454528423e-03 -1.942768254628682604e-04
-4.164642398597312792e-03 -9.336709518789729385e-05
-3.711294413640974735e-03 -1.662761563987491271e-04
-2.960925829177946025e-03 -4.009859685784448492e-04
-2.057265002390760295e-03 -7.534826419019645047e-04
-1.172756626703594894e-03 -1.155926457526608442e-03
-4.759208384239096284e-04 -1.529360503759643816e-03
-9.945079597477096342e-05 -1.798556454184157063e-03
-1.150886992059532883e-04 -1.906190664859291851e-03
-5.200369690428834589e-04 -1.823669746100121773e-03
-1.237477463762298377e-03 -1.556558199900002788e-03
-2.131100695845490091e-03 -1.143581655640805387e-03
-3.030894715797408014e-03 -6.493944317820180955e-04
-3.765311756986282603e-03 -1.524796156918329271e-04
-4.193723422269828374e-03 2.695296500441004845e-04
-4.233020705973069599e-03 5.543316984955367222e-04
-3.873323772043988332e-03 6.665028474156832212e-04
-3.179828217651984538e-03 6.039273491542424986e-04
-2.280439199296675074e-03 3.978984100906069171e-04
-1.341535462740175641e-03 1.068765552903345995e-04
-5.364526692989751624e-04 -1.949070966274486327e-04
-1.265393616523566647e-05 -4.318386116389013999e-04
1.361959131322180386e-04 -5.415693849089421672e-04
-1.120355772730998942e-04 -4.871445329544053359e-04
-7.037642438338916149e-04 -2.643085557372548168e-04
-1.519847397812718916e-03 9.740141897825952810e-05
-2.398161201412601223e-03 5.399880378854867748e-04
-3.164322852632861678e-03 9.877480939197967342e-04
-3.664740998698995562e-03 1.361418155707012911e-03
-3.795736874246658649e-03 1.593037944217528656e-03
-3.523222339414377145e-03 1.638721039726802678e-03
-2.889208483881273472e-03 1.486917446445627572e-03
-2.003911458621357618e-03 1.160604718560021790e-03
-1.024948880286700439e-03 7.129926416721284839e-04
-1.275643800444101542e-04 2.175536043655411692e-04
5.284832204336157527e-04 -2.457356045919182144e-04
8.290979138547353681e-04 -6.053382427300947827e-04
7.273787801686342185e-04 -8.114622228768841481e-04
2.524307527463781359e-04 -8.452102540240818192e-04
-4.962130254705208890e-04 -7.218484024370431943e-04
-1.367499823634430074e-03 -4.875802578282556975e-04
-2.187515575158297844e-03 -2.104439161760413815e-04
-2.792465709437788081e-03 3.293806471189148714e-05
-3.059733332603982794e-03 1.722402969904059458e-04
-2.931133677488785387e-03 1.571233037121707622e-04
-2.423961279545004850e-03 -3.286937751661089466e-05
-1.627737615115597107e-03 -3.840865915964223037e-04
-6.872744951351075901e-04 -8.510240596189785119e-04
2.247402341979873579e-04 -1.364637238504257718e-03
9.404438791895362859e-04 -1.845143892024814084e-03
1.328594805047037496e-03 -2.216896736023035806e-03
1.319442161676376811e-03 -2.422513766319139492e-03
9.179600018121886369e-04 -2.433593728213260914e-03
2.029395608276973956e-04 -2.255990022019169292e-03
-6.878889589984615860e-04 -1.928645709361137420e-03
-1.583888847567757174e-03 -1.516210247315868563e-03
-2.313775776867852720e-03 -1.096834651979192513e-03
-2.737996722922975308e-03 -7.474535041944329770e-04
-2.775099937476816717e-03 -5.293370804928487728e-04
-2.417104662943183636e-03 -4.766450457252976135e-04
-1.730961878210455140e-03 -5.901443428910936855e-04
-8.458306650123995291e-04 -8.372757572586085302e-04
7.141970215869205846e-05 -1.158551233688166109e-03
8.478425756061516282e-04 -1.479065039549434801e-03
1.337191446375404248e-03 -1.722933386301282038e-03
1.447635360053711523e-03 -1.827922621150886856e-03
1.159164173949739233e-03 -1.757490583217505981e-03
5.273879970127623180e-04 -1.507955821036298470e-03
-3.269885513798698835e-04 -1.109432179150180407e-03
-1.241024268705333018e-03 -6.203470266100087269e-04
-2.040403544101402483e-03 -1.165766302610548970e-04
-2.572459305658592217e-03 3.227481203257685349e-04
-2.735104033253621565e-03 6.300812794870843010e-04
-2.496190688895671105e-03 7.621392718649368150e-04
-1.899637137090584354e-03 7.080170969435877273e-04
-1.057153523650531269e-03 4.912067583712518637e-04
-1.271377568424596747e-04 1.651348572831973336e-04
7.152663286836237130e-04 -1.969375689725536168e-04
1.311280339429113460e-03 -5.157432254437963742e-04
1.548504329428249029e-03 -7.209498508493230977e-04
1.382150217268573317e-03 -7.643895864525970720e-04
8.434767177204837525e-04 -6.290760441830552238e-04
3.383007718926766584e-05 -3.323065932822116472e-04
-8.945798955248990833e-04 7.773258411771958665e-05
-1.767527736854388343e-03 5.312109757231934896e-04
-2.421781472058061064e-03 9.499926551526933615e-04
-2.736022619974483056e-03 1.262539481010843592e-03
-2.653822408156362132e-03 1.417552492013041728e-03
-2.194323738281208063e-03 1.393764613150519100e-03
-1.448606294104460689e-03 1.204026836816458543e-03
-5.624229746293376610e-04 8.929109318235403268e-04
2.914236362666510925e-04 5.282798649181349310e-04
9.458343491764491457e-04 1.884199865106959406e-04
1.271094164291139677e-03 -5.282979730980357988e-05
1.199481800596701201e-03 -1.401365110591117112e-04
7.381477072429308648e-04 -4.725681393412189350e-05
-3.217859717747446544e-05 2.178595196721347946e-04
-9.724081204936798305e-04 6.144151026232011611e-04
-1.911358466511913455e-03 1.076308055525593234e-03
-2.678094546816226201e-03 1.524448757472121998e-03
-3.134222033641551226e-03 1.881523086725474204e-03
-3.200020625858376010e-03 2.086412303558091586e-03
-2.869470502570168474e-03 2.105545048146002275e-03
-2.211328128651811244e-03 1.939037887258606221e-03
-1.356048740629988434e-03 1.620467473016117595e-03
-4.710323846293647341e-04 1.210322951685555886e-03
2.711189704125763471e-04 7.843835943999958454e-04
7.253225318105613328e-04 4.192271999878063610e-04
8.015181591652525712e-04 1.776176999016454601e-04
4.817464316032300624e-04 9.654273679454098561e-05
-1.764323509664991567e-04 1.801695811684487494e-04
-1.050825522253355168e-03 3.990557830889600440e-04
-1.977740180234654858e-03 6.957659269968775786e-04
-2.782980023731142921e-03 9.958321312030006013e-04
-3.314837651664433518e-03 1.221983285367970844e-03
-3.472835151838168846e-03 1.308948165235586597e-03
-3.226770660070864619e-03 1.216027871490483678e-03
-2.622463825658974575e-03 9.350543105563324364e-04
-1.773111335540427649e-03 4.922239798621077600e-04
-8.378881035126144530e-04 -5.654496642860078063e-05
8.155378136175724796e-06 -6.358588304805133477e-04
6.072009647522446860e-04 -1.164763761841844034e-03
8.485083985399586182e-04 -1.571702206047880489e-03
6.893484622243531944e-04 -1.807685420271733711e-03
1.630612144626160040e-04 -1.855195073148952628e-03
-6.272855396226448494e-04 -1.731135656749928061e-03
-1.528436084581828291e-03 -1.483285684830901608e-03
-2.365984733400227063e-03 -1.180926216465662997e-03
-2.977413528130478087e-03 -9.014272028176306380e-04
-3.242874247838486903e-03 -7.153369157035208321e-04
-3.107886522963420640e-03 -6.728024947986322021e-04
-2.593654590243154624e-03 -7.938969014261033474e-04
-1.793049618884470266e-03 -1.064687143658608805e-03
-8.530187191882603612e-04 -1.439790728595721336e-03
5.324818298339285827e-05 -1.850937886559408767e-03
7.591230788455967209e-04 -2.219918990204335606e-03
1.136104285482485501e-03 -2.473465283024532842e-03
1.118163384198383754e-03 -2.557243959440186863e-03
7.142640330245291196e-04 -2.446315300265332685e-03
6.681435106974348108e-06 -2.150068403910636045e-03
-8.645603694662479634e-04 -1.710696472659871143e-03
-1.728187838679578429e-03 -1.195494957444806668e-03
-2.414097567913267659e-03 -6.844347708842446086e-04
-2.785558846288132499e-03 -2.553569267604399685e-04
-2.765102717532066500e-03 3.041499905494314104e-05
-2.349196435166137943e-03 1.393275146534249821e-04
-1.608925492667527199e-03 7.159153624112721270e-05
-6.765546061079237257e-04 -1.392095320428491235e-04
2.794875041345548780e-04 -4.328170316533591329e-04
1.086463119197452875e-03 -7.340253199613193955e-04
1.599989132307585689e-03 -9.672148448053100034e-04
1.731325203387667089e-03 -1.070933400046513752e-03
1.464120321254535739e-03 -1.009760493414247999e-03
8.574476364747588616e-04 -7.812048549601632906e-04
3.455363968105386037e-05 -4.163262765938027777e-04
-8.405473005678772017e-04 2.603792654898136002e-05
-1.594200478839220923e-03 4.703496255853727897e-04
-2.076065589357675711e-03 8.386523554943200228e-04
-2.187657665378535225e-03 1.065354136611392465e-03
-1.901068932728124669e-03 1.109709580475813423e-03
-1.264325537896209949e-03 9.636350672834082410e-04
-3.923637648971084989e-04 6.533736926605464941e-04
5.546668309724173867e-04 2.346904199430842580e-04
1.401666506943991973e-03 -2.174978775205283637e-04
1.991685932068641869e-03 -6.230997362552016675e-04
2.215598337169498097e-03 -9.117934264347769650e-04
2.032726221908569102e-03 -1.036114936198724319e-03
1.478517965616954824e-03 -9.802175696770338686e-04
6.578212795502213529e-04 -7.626502759743414945e-04
-2.749727653431446091e-04 -4.326339047701736884e-04
-1.145155606296828412e-03 -6.054532500141175276e-05
-1.790763335574056944e-03 2.755843145232639291e-04
-2.093215178440513500e-03 5.049966727157734550e-04
-1.999727428302125725e-03 5.777289419259153125e-04
-1.533259526619033895e-03 4.741692959453436230e-04
-7.881099954001102642e-04 2.088342884721206753e-04
8.800277612343077082e-05 -1.723476458727355245e-04
9.219808777263434080e-04 -6.007321190760173645e-04
1.548198073978205268e-03 -9.979868630966960783e-04
1.839940725419899042e-03 -1.290983719821867798e-03
1.733484246609097923e-03 -1.425732583748934475e-03
1.240245075559543711e-03 -1.377715800408111160e-03
4.447056639037032721e-04 -1.156662160179144829e-03
-5.114963639205950038e-04 -8.048517586678257014e-04
-1.456303898565133479e-03 -3.892675378250320126e-04
-2.219739960630586449e-03 1.092561710169418854e-05
-2.666018607856539442e-03 3.192085382695207768e-04
-2.719187895361422670e-03 4.760396516198863999e-04
-2.377450308532148317e-03 4.499823917081763412e-04
-1.713450020446147205e-03 2.435261827815369076e-04
-8.604734052734069015e-04 -1.074964977661420004e-04
1.282375778567765474e-05 -5.407824939580464091e-04
7.343769725135026885e-04 -9.794152963733511810e-04
1.161310308613229623e-03 -1.346459918412678961e-03
1.206998715280569725e-03 -1.579530451240377092e-03
8.574718500818279045e-04 -1.642571288482065498e-03
1.740539171758702678e-04 -1.532621171578742603e-03
-7.182599342362520076e-04 -1.280279827254172768e-03
-1.654489283991357213e-03 -9.437901915467444098e-04
-2.460930626254242103e-03 -5.978590946498443413e-04
-2.988075586864750131e-03 -3.193365606687608013e-04
-3.138950939995343876e-03 -1.724695148946794833e-04
-2.887513102108444502e-03 -1.965267979744829679e-04
-2.283613140184522286e-03 -3.981436600215226785e-04
-1.443591352639879465e-03 -7.498404804233010663e-04
-5.282814996095466786e-04 -1.195001643288229548e-03
2.874114486974591823e-04 -1.658377607085591158e-03
8.476008256132372843e-04 -2.060127638260919082e-03
1.044910792086759053e-03 -2.330750209963075061e-03
8.407884319267544277e-04 -2.424079547271482029e-03
2.727897946849875809e-04 -2.325892208893530488e-03
-5.525397607760804825e-04 -2.056497953634707672e-03
-1.479843148446868513e-03 -1.666827435813054330e-03
-2.334366795517251077e-03 -1.228760040553739802e-03
-2.955043994790871719e-03 -8.215252470691733130e-04
-3.224982189979926257e-03 -5.167536976123823615e-04
-3.093581691576962125e-03 -3.650088865262578934e-04
-2.586098194692971163e-03 -3.863488699241066082e-04
-1.798839301484893901e-03 -5.667031063078277735e-04
-8.809056244267808675e-04 -8.607473911652970162e-04
-5.934782845915236721e-06 -1.200728641053168746e-03
6.608006293598205679e-04 -1.509564089306989453e-03
9.937104485386850060e-04 -1.715729553750917555e-03
9.306890812656183187e-04 -1.767112060490481484e-03
4.848945609863006354e-04 -1.641197540688517451e-03
-2.577269322940397168e-04 -1.349657716969148314e-03
-1.154703476058292592e-03 -9.364605550229169106e-04
-2.034008347433106934e-03 -4.698550848034653907e-04
-2.726633081800349488e-03 -2.974167509725751408e-05
-3.098595113998820361e-03 3.071869056937255116e-04
-3.076319341223005682e-03 4.817257726044933621e-04
-2.660587588870604904e-03 4.631608858016785391e-04
-1.926414700174729384e-03 2.549161911051928109e-04
-1.008874747497118772e-03 -1.062200267021501171e-04
-7.756098977240179736e-05 -5.571396619816907161e-04
6.954849824615365068e-04 -1.020394026273383631e-03
1.168303244311311292e-03 -1.418838498661375387e-03
1.255846268325652194e-03 -1.690169703179057780e-03
9.460311037810682213e-04 -1.798603602470441988e-03
3.019744647976993447e-04 -1.741485070329650388e-03
-5.500116714138382533e-04 -1.549580068662493280e-03
-1.444390067818272956e-03 -1.280998717060116785e-03
-2.207794073963258163e-03 -1.009904573379044384e-03
-2.691903279632618974e-03 -8.121536336490113280e-04
-2.801572667600022142e-03 -7.505886426596138430e-04
-2.512887807807291651e-03 -8.627800044504592642e-04
-1.877726356755331141e-03 -1.153541502011291593e-03
-1.013961378822165332e-03 -1.593644972458208974e-03
-8.316086151889375087e-05 -2.124984316041109416e-03
7.399945600514717817e-04 -2.671218001114250128e-03
1.300785435550163259e-03 -3.151881704691771122e-03
1.493756682231659350e-03 -3.497305239323143800e-03
1.282701525055771454e-03 -3.661514933227626948e-03
7.075417852804792140e-04 -3.630683231919051672e-03
-1.231990122111460456e-04 -3.425529584993415328e-03
-1.052905329312989885e-03 -3.097221281989055199e-03
-1.906479361038125814e-03 -2.717553024998119182e-03
-2.523444927473859553e-03 -2.365266615762376401e-03
-2.788278005496644309e-03 -2.111102117152568580e-03
-2.652221648806561173e-03 -2.004411017401254262e-03
-2.142455641656307655e-03 -2.063865068433555928e-03
-1.356885777802994053e-03 -2.274017871779343732e-03
-4.455407162567133570e-04 -2.588367051748574448e-03
4.178996838079117749e-04 -2.938333057907166913e-03
1.069051983977904697e-03 -3.246449538846525769e-03
1.384012631075552929e-03 -3.441262122248893787e-03
1.302871229204833215e-03 -3.471108482529805701e-03
8.411000808603417587e-04 -3.314164179768233805e-03
8.666237149038591610e-05 -2.982845871608472057e-03
-8.166140984891544522e-04 -2.521732169868189013e-03
-1.696249816057608792e-03 -1.999390147299782376e-03
-2.383760535148007897e-03 -1.495649741347583519e-03
-2.746556761679320134e-03 -1.086730534988996407e-03
-2.713055609431042764e-03 -8.310324651052567119e-04
-2.286249933408113135e-03 -7.582768972238933822e-04
-1.543165011077727482e-03 -8.640508550125271378e-04
-6.203050274294751726e-04 -1.110784881188531291e-03
3.121556509687201672e-04 -1.434977538551046681e-03
1.082550269586985596e-03 -1.759297473652722890e-03
1.550174431024452758e-03 -2.007271155150067848e-03
1.631873322964509784e-03 -2.117775664940682936e-03
1.317728180841037889e-03 -2.056593822714933295e-03
6.728730778487903956e-04 -1.822846219434834597e-03
-1.749004129517939580e-04 -1.449085746912542796e-03
-1.059402030735484557e-03 -9.950409169813395887e-04
-1.807570288491209317e-03 -5.361972549406688118e-04
-2.272297727796235983e-03 -1.493836340987520243e-04
-2.360337598244124490e-03 1.019023549196213223e-04
-2.050006990464155621e-03 1.796463485180861295e-04
-1.395333446158390084e-03 7.864035909947676359e-05
-5.158589832165520186e-04 -1.724146187024461208e-04
4.259686113162633827e-04 -5.162401292291836190e-04
1.255536704847747464e-03 -8.777406154036307331e-04
1.819120244615859711e-03 -1.178158662310480661e-03
2.012987020549225885e-03 -1.349947652073595853e-03
1.803044411405539151e-03 -1.349547930789156240e-03
1.231307284437571214e-03 -1.165649052736897904e-03
4.079621733028338296e-04 -8.213748063788597767e-04
-5.094699348516185588e-04 -3.699776539722582488e-04
-1.345927351714379643e-03 1.151428379003550733e-04
-1.941917654165924156e-03 5.542094045883315390e-04
-2.183675937152071162e-03 8.760199665261770349e-04
-2.024662387391315196e-03 1.031256295972334674e-03
-1.494329917693054764e-03 1.001632580181563946e-03
-6.925027370987980185e-04 8.031560401487317438e-04
2.295688678124953210e-04 4.828870043119260738e-04
1.097889380600093221e-03 1.098171634709174758e-04
1.748702790739697444e-03 -2.384011023130241111e-04
2.059534454655486020e-03 -4.903555845561552613e-04
1.972411314674238358e-03 -5.945779604781438465e-04
1.504863039779526191e-03 -5.294501167627803200e-04
7.466206887192829156e-04 -3.074324684721551184e-04
-1.573621073740043568e-04 2.719062983603300759e-05
-1.034350610710127287e-03 4.066252771333842518e-04
-1.716537287374425656e-03 7.523712735363836989e-04
-2.072823954262080492e-03 9.900927542849881271e-04
-2.033659975227298817e-03 1.063742449554181541e-03
-1.604233175636696858e-03 9.462660243287255267e-04
-8.635150919989050509e-04 6.448592844093311693e-04
5.065968353298722754e-05 1.997813225779037369e-04
9.676559459995865992e-04 -3.230540254253045219e-04
1.716308175622530780e-03 -8.443086526529659536e-04
2.157289161579619644e-03 -1.285960432805489419e-03
2.209448816470494653e-03 -1.585766644413461567e-03
1.865136999485554744e-03 -1.708717287604210201e-03
1.191610325466176644e-03 -1.653315886258241310e-03
3.182580718630324259e-04 -1.451505452173345711e-03
-5.879327084612003982e-04 -1.162260831482455617e-03
-1.354026272637918679e-03 -8.600677835591014498e-04
-1.833908283583912191e-03 -6.204769887825927095e-04
-1.935971797202938084e-03 -5.054746887713337019e-04
-1.640476790084976697e-03 -5.514461159330585416e-04
-1.003296110147219779e-03 -7.620166857988541374e-04
-1.453383671540613414e-04 -1.107131964672711851e-03
7.703496215305542707e-04 -1.528555517461978232e-03
1.569465169676158896e-03 -1.950747680768838725e-03
2.099469066161579762e-03 -2.295068484965424958e-03
2.258489412611629134e-03 -2.494617628332880706e-03
2.014636769820829683e-03 -2.506902990321434321e-03
1.412073123612898580e-03 -2.321939539285532757e-03
5.626852465788718472e-04 -1.964244755543828862e-03
-3.750615277629783858e-04 -1.488351122969283581e-03
-1.226086244442196231e-03 -9.686823673450784076e-04
-1.831800134497569080e-03 -4.857060071395769354e-04
-2.080092202430431324e-03 -1.109787987719937190e-04
-1.926516654154723091e-03 1.060894353485928622e-04
-1.402671883676404919e-03 1.472538999622165874e-04
-6.101856121923762873e-04 2.853402673609931831e-05
2.985541666078327561e-04 -2.031862344717337522e-04
1.149273435788640118e-03 -4.794064807092451256e-04
1.778824096991076876e-03 -7.233483943463778860e-04
2.066082827138978738e-03 -8.648525080719449143e-04
1.954886377584710323e-03 -8.540062198549680343e-04
1.464660896526094255e-03 -6.709167505607974581e-04
6.867330260729002673e-04 -3.297731412159552724e-04
-2.329784320913396551e-04 1.235768204896418561e-04
-1.121612832968125160e-03 6.200804545785483729e-04
-1.812124414033768017e-03 1.080368021913863906e-03
-2.174942960754421353e-03 1.429637387034222475e-03
-2.142543339115560077e-03 1.611719305159642519e-03
-1.722271254983101518e-03 1.599661163690885551e-03
-9.949959029803261829e-04 1.400825008279481341e-03
-9.984342780547938187e-05 1.055533136523352511e-03
7.920996252181481886e-04 6.295151300272617233e-04
1.510135349694995523e-03 2.015828936247187741e-04
1.916232489010200740e-03 -1.511369654216456870e-04
1.931123303497643768e-03 -3.676222394677075567e-04
1.549279472011273143e-03 -4.143010552851412141e-04
8.399327531440330813e-04 -2.911822432027694110e-04
-6.605179140180440908e-05 -3.161540601478600226e-05
-1.000963840400627023e-03 3.042679614976040751e-04
-1.792003338953069734e-03 6.411847260103534446e-04
-2.293990784066089490e-03 9.031942220551667476e-04
-2.416838992989235255e-03 1.028306762350379320e-03
-2.142585093607416325e-03 9.804357962063922540e-04
-1.528758231290545597e-03 7.564263040840942063e-04
-6.974457151938270004e-04 3.868247188442650052e-04
1.878717848281624106e-04 -6.975882489493093175e-05
9.533294894533191760e-04 -5.376312102839306793e-04
1.447660307616101131e-03 -9.382628831967651083e-04
1.570903662498939618e-03 -1.205103859028541996e-03
1.293404760794046636e-03 -1.296164116146678036e-03
6.615060032862183758e-04 -1.201975668084041089e-03
-2.111482403609081840e-04 -9.474270601076367846e-04
-1.165048532049444124e-03 -5.871202404666776061e-04
-2.024941661537253516e-03 -1.951253347985744293e-04
-2.632934844172808014e-03 1.489311613016061197e-04
-2.878316534693932480e-03 3.748155463391861534e-04
-2.718449176429107387e-03 4.348481434896425257e-04
-2.186779514041403433e-03 3.127900073098978774e-04
-1.386451045171407980e-03 2.677782718504937050e-05
-4.707289886589908936e-04 -3.742435549986179331e-04
3.860552461093201548e-04 -8.199107831321683550e-04
1.021538349195733313e-03 -1.231871607632448748e-03
1.316083324650880624e-03 -1.538707864188749910e-03
1.215437953577880271e-03 -1.689522965758460341e-03
7.410035845535510243e-04 -1.663618481053054550e-03
-1.422974748523380024e-05 -1.474425413966234900e-03
-9.033119341635288246e-04 -1.166944173947089642e-03
-1.753187019713020513e-03 -8.091769376053753850e-04
-2.397498701793247290e-03 -4.791743623158084488e-04
-2.708135135286201048e-03 -2.501498677416966058e-04
-2.619539620249185068e-03 -1.764814743048081364e-04
-2.141183355163053977e-03 -2.832539839979356707e-04
-1.355837724130062047e-03 -5.613247819539269375e-04
-4.039721478164187739e-04 -9.688515145549593619e-04
5.427696842279333385e-04 -1.438997196482903534e-03
1.313994668576376739e-03 -1.892359344812038872e-03
1.772748499042920041e-03 -2.251775784237386533e-03
1.841374297308188491e-03 -2.456710013528370234e-03
1.516146993638470015e-03 -2.474498579504617359e-03
8.679136498379650105e-04 -2.306336709906868943e-03
2.861914527302103473e-05 -1.986874178513199467e-03
-8.337312037187625527e-04 -1.577502651920656505e-03
-1.546931295902909467e-03 -1.154609743247397456e-03
-1.967223634410973556e-03 -7.950275643502268319e-04
-2.006556397018652380e-03 -5.614342232384383468e-04
-1.649287245522468174e-03 -4.904748845445854391e-04
-9.551713171089258082e-04 -5.858531879704020505e-04
-4.806799884154172998e-05 -8.177018003013321453e-04
9.074948278676216867e-04 -1.128351132403266396e-03
1.737461357237278644e-03 -1.443403054165614489e-03
2.291196749621017287e-03 -1.686011214744493952e-03
2.470005398074996954e-03 -1.791661542079888520e-03
2.245818278850113692e-03 -1.720650735849183453e-03
1.666510118439045850e-03 -1.465895296376101224e-03
8.468383206752404160e-04 -1.054586741826899106e-03
-5.328207260421363896e-05 -5.433731660052824267e-04
-8.590550593271380989e-04 -7.972765911144291890e-06
-1.413900080190898679e-03 4.708207382722525715e-04
-1.609102006981732742e-03 8.220976025869909795e-04
-1.404401013727953236e-03 9.979305711648089796e-04
-8.356241732293323348e-04 9.821388938153568192e-04
-7.914282511889891500e-06 7.930649739804019813e-04
9.241615657130275874e-04 4.798440789510492526e-04
1.785857183299730715e-03 1.128788920833720833e-04
2.415309078407660171e-03 -2.296729587255376447e-04
2.694155312408387515e-03 -4.768362907822620519e-04
2.569914541158957455e-03 -5.783495952418964917e-04
2.065888415087605446e-03 -5.142259795948799211e-04
1.276712751775732537e-03 -2.985321798612454794e-04
3.504002359204819411e-04 2.333029573665815291e-05
-5.397245907108227025e-04 3.833263061826053882e-04
-1.227883060900766994e-03 7.038208793723034571e-04
-1.587270057663473823e-03 9.124744587195157469e-04
-1.554099549164362831e-03 9.561749644779781246e-04
-1.139713830072986572e-03 8.113637586088804157e-04
-4.284626622500836072e-04 4.887949287728415903e-04
4.382469028703868440e-04 3.182087748094234890e-05
1.288710712950191925e-03 -4.914775592062415720e-04
1.953431690369276334e-03 -1.000833253072917674e-03
2.297214419013164557e-03 -1.418639638331122520e-03
2.244773944685940405e-03 -1.684298326454503492e-03
1.795010239152025752e-03 -1.765357671645353867e-03
1.021245407921382705e-03 -1.663339506637976153e-03
5.737829549970899695e-05 -1.413156474206016082e-03
-9.274224214247815852e-04 -1.076235555059872886e-03
-1.760695217296165491e-03 -7.286547597338448659e-04
-2.299278235159059845e-03 -4.465437402395258009e-04
-2.456346264890730755e-03 -2.915164248144859081e-04
-2.217773266167318361e-03 -2.988966970921202396e-04
-1.644723064206695144e-03 -4.709680694434744026e-04
-8.619788557450257368e-04 -7.765257770004300574e-04
-3.422268990343048465e-05 -1.156815253696237252e-03
6.652422278355164288e-04 -1.536730761159619965e-03
1.087402655672271151e-03 -1.839151099167201601e-03
1.135846790582690060e-03 -1.999694474201843368e-03
7.851138315382339295e-04 -1.979094353263613059e-03
8.560549781632558787e-05 -1.770847790680644528e-03
-8.458721458724255838e-04 -1.402682309120624644e-03
-1.848147089816798601e-03 -9.315576337278673414e-04
-2.746128099169750127e-03 -4.331427765879001818e-04
-3.383895346210888562e-03 1.224479835122563656e-05
-3.654169644918127229e-03 3.345811548453270180e-04
-3.518580565302498273e-03 4.871352937345819361e-04
-3.014895944107013996e-03 4.550700272329539207e-04
-2.249844220471792708e-03 2.580210705295452457e-04
-1.378888998211353191e-03 -5.382901154132502708e-05
-5.767856447561076766e-04 -4.094342311010641449e-04
-4.494840473522662000e-06 -7.304889004523638799e-04
2.212825149629411587e-04 -9.463732185547133087e-04
5.018119021318791922e-05 -1.007609122707742643e-03
-4.923209646650762022e-04 -8.952777451459849409e-04
-1.309763446847030978e-03 -6.246153509515243746e-04
-2.253010051396458872e-03 -2.421078861114018968e-04
-3.148534702125632516e-03 1.833636835551482745e-04
-3.831328788085361023e-03 5.736476036508083133e-04
-4.176197415588951689e-03 8.562262420148249262e-04
-4.121517081149344945e-03 9.780750636816958922e-04
-3.680954907002131557e-03 9.158468159263427654e-04
-2.940929348863139878e-03 6.804477908783549247e-04
-2.044292370355624278e-03 3.151348413764497487e-04
-1.163322115651252951e-03 -1.125114369869784569e-04
-4.671391021810538616e-04 -5.232225411744681389e-04
-8.971479230773706653e-05 -8.408994265888822608e-04
-1.045293032189992949e-04 -1.006883082277491761e-03
-5.106762394173117690e-04 -9.909406463152700163e-04
-1.233045447094255169e-03 -7.968906636950529856e-04
-2.136549123415073474e-03 -4.618054709418298320e-04
-3.051697780269375937e-03 -4.894418715195514508e-05
-3.806683555236257954e-03 3.642437721861261192e-04
-4.259896284974621153e-03 7.007720936007724288e-04
-4.326715980350773726e-03 8.986531105820400695e-04
-3.995509363410556375e-03 9.225640587608614773e-04
-3.329802612231961938e-03 7.704369506755879421e-04
-2.456220170524416914e-03 4.737271261618637925e-04
-1.540474670991040301e-03 9.131319259361798577e-05
-7.559553835632696825e-04 -3.018125398014385639e-04
-2.508638663829315836e-04 -6.289172375311875320e-04
-1.201204572353407711e-04 -8.262380160621095142e-04
-3.873618777887649807e-04 -8.552391733128185663e-04
-1.000439542304942591e-03 -7.100898729305598787e-04
-1.841271866437393196e-03 -4.189408024382092199e-04
-2.748185925190614436e-03 -3.875252012165377900e-05
-3.546518845240926102e-03 3.553505829605524890e-04
-4.081685186580778432e-03 6.841898316183628011e-04
-4.248449494344372357e-03 8.794381754720157884e-04
-4.010861638471996740e-03 8.965039893409133299e-04
-3.409080430660296583e-03 7.229565525482294693e-04
-2.551793509161532931e-03 3.809003911932788223e-04
-1.595668530684902662e-03 -7.714950726892547605e-05
-7.157259858520663865e-04 -5.781100609109335840e-04
-7.224263872075546190e-05 -1.042026963327212855e-03
2.195486862487216594e-04 -1.397034158864840026e-03
1.112268206587467643e-04 -1.592745885842548198e-03
-3.697030569010354047e-04 -1.609548882976658078e-03
-1.125072499435970843e-03 -1.462039412182394166e-03
-2.004693042137592560e-03 -1.195959104805393658e-03
-2.834848582470991633e-03 -8.792152285192990011e-04
-3.451240998067581223e-03 -5.886915826801848283e-04
-3.730149965810886439e-03 -3.953536561206330655e-04
-3.611906148508467907e-03 -3.504749243796835079e-04
-3.112232414080089594e-03 -4.755990250496027437e-04
-2.319304942416166269e-03 -7.581452039446140174e-04
-1.377090005891050536e-03 -1.153495790080619242e-03
-4.581109343183607059e-04 -1.593176845463848421e-03
2.691987429825331429e-04 -1.997588972972179182e-03
6.723747305177921966e-04 -2.290883106625068652e-03
6.799978602852958017e-04 -2.415169240835678653e-03
2.952183896976058684e-04 -2.341371547935617529e-03
-4.048322671630407571e-04 -2.074677425780594407e-03
-1.283631377280489106e-03 -1.653550634026033223e-03
-2.171094382002124092e-03 -1.142496196457258454e-03
-2.895754186427277211e-03 -6.199466761897321539e-04
-3.317198282359471243e-03 -1.635620408037348657e-04
-3.352623051677341981e-03 1.642760028231973887e-04
-2.992478512420437050e-03 3.280320885776365648e-04
-2.302242382842591313e-03 3.254615970944420116e-04
-1.409988579911875504e-03 1.877161419015471971e-04
-4.821049348908010767e-04 -2.690423007738625930e-05
3.082412410129005062e-04 -2.443629354505006735e-04
8.139179596175396669e-04 -3.892953577149875738e-04
9.417095594551048478e-04 -3.996787234935215939e-04
6.699840522549887351e-04 -2.389784836723648966e-04
5.280103401517034431e-05 9.653581129378369617e-05
-7.903180422378427040e-04 5.766973471117930149e-04
-1.697020577508284939e-03 1.142785314463420042e-03
-2.492869769058277552e-03 1.718299312639067801e-03
-3.024386226205223391e-03 2.223130787869871585e-03
-3.188128086992874852e-03 2.588453541241102392e-03
-2.950303275520517465e-03 2.769518283222876902e-03
-2.353199837186793243e-03 2.753931957384349576e-03
-1.507215831666692445e-03 2.563856311261196712e-03
-5.699966801274920000e-04 2.251710468689623653e-03
2.833710148276269002e-04 1.890191339708296048e-03
8.934666139099048865e-04 1.558500821764651108e-03
1.146675829258845614e-03 1.327386208167343883e-03
9.966583411481146244e-04 1.245824089459533074e-03
4.730788540716229264e-04 1.331865931591801749e-03
-3.240504785459386505e-04 1.569374633817224515e-03
-1.243343870438104459e-03 1.911265200025540284e-03
-2.110738276500326131e-03 2.288630604731257522e-03
-2.762477865947288863e-03 2.624019248237703834e-03
-3.076140311381665455e-03 2.846344038383561738e-03
-2.993829380825242803e-03 2.904593937270463951e-03
-2.533141526068156957e-03 2.777745364713153642e-03
-1.783829113087543466e-03 2.478990407982881779e-03
-8.907914482234321552e-04 2.053475237172072698e-03
-2.661397415503635212e-05 1.569971641148169578e-03
6.411444532331076872e-04 1.108054230359729365e-03
9.817214262984668652e-04 7.432077438217459106e-04
9.259614693758828809e-04 5.326816409408155224e-04
4.794682739631076634e-04 5.047683763531919405e-04
-2.783927128226279914e-04 6.535341512641267610e-04
-1.209453511274825952e-03 9.399992038841589693e-04
-2.142833192305024139e-03 1.299544257806524742e-03
-2.907218937347343449e-03 1.654141667657796485e-03
-3.363227409207194055e-03 1.927097064853230219e-03
-3.429720029976342406e-03 2.057512644772952967e-03
-3.099090468383896430e-03 2.011736522112570272e-03
-2.438630654033185907e-03 1.789633816552982240e-03
-1.577717703147495923e-03 1.424496239286649878e-03
-6.832491112119487521e-04 9.766121292066104378e-04
7.202107685730938305e-05 5.217197975333993714e-04
5.422481570109501971e-04 1.365361588968209755e-04
6.361591741954387459e-04 -1.158935868309559497e-04
3.343728614721762447e-04 -1.982458347002665844e-04
-3.069032362591561994e-04 -1.060814957038273268e-04
-1.166498975368600094e-03 1.312385747826706707e-04
-2.081219211943656673e-03 4.560624631566379591e-04
-2.876749363937857774e-03 7.933399824501072718e-04
-3.400676515566108948e-03 1.064838680999641036e-03
-3.551372816552777339e-03 1.203992296992726935e-03
-3.297271178878422981e-03 1.168570264272601918e-03
-2.682882351692035018e-03 9.487686561613481364e-04
-1.820412969533813895e-03 5.691892245067331924e-04
-8.685707183922050309e-04 8.432989692127185752e-05
-2.568973807254553571e-06 -4.315618777976292994e-04
6.189903357240165473e-04 -8.983547807037862033e-04
8.840858119327403911e-04 -1.244996569610963381e-03
7.484239085250887248e-04 -1.422745446419630211e-03
2.437612210944414739e-04 -1.414169372711493889e-03
-5.281730318525410580e-04 -1.236214675858809909e-03
-1.415002400268390321e-03 -9.367686709628025030e-04
-2.242615960380433485e-03 -5.853731861963274883e-04
-2.848192566284811836e-03 -2.598534382484356904e-04
-3.111082300980699388e-03 -3.139993615561482206e-05
-2.975696717116171029e-03 4.906638152349374060e-05
-2.462072786742206150e-03 -3.934087594033286710e-05
-1.662109726574208289e-03 -2.834315870438938604e-04
-7.221910396512385213e-04 -6.383887097499852791e-04
1.845175756813683884e-04 -1.036247767095684839e-03
8.908486159839835127e-04 -1.398801759050570092e-03
1.267283809289435504e-03 -1.652488060001412826e-03
1.246481810656262408e-03 -1.742437599894281278e-03
8.360372848349134460e-04 -1.643024361018563875e-03
1.170545187038089709e-04 -1.362915126411628694e-03
-7.711951600084582161e-04 -9.436601405681221662e-04
-1.657627742364557255e-03 -4.520877433292128491e-04
-2.371723155540851093e-03 3.206141155629485236e-05
-2.775794337698306649e-03 4.309242280725669727e-04
-2.791039344753882059e-03 6.829343796671735181e-04
-2.412444195752593522e-03 7.541467229206864475e-04
-1.709715216793230609e-03 6.443290893675281518e-04
-8.140649655330363128e-04 3.866746889004055165e-04
1.066454767903143083e-04 4.119649273635496282e-05
8.797002544794784752e-04 -3.169386657248441275e-04
1.360237587445390977e-03 -6.119205409119642634e-04
1.458679602864621123e-03 -7.818965555090945851e-04
1.157688814286640970e-03 -7.908931066599518989e-04
5.154403467345144031e-04 -6.357950136008916602e-04
-3.454095180902107872e-04 -3.470578357690339575e-04
-1.260969165793446051e-03 1.698439731468260412e-05
-2.057169507024945217e-03 3.811397019270196663e-04
