-6.619385747850728809e-04 2.645472872308392027e-03
-3.838634131228493189e-04 2.455614164945552069e-03
-8.510691287160376990e-05 2.027490487684247434e-03
1.983176249400775979e-04 1.481754340988767011e-03
4.308412629464838722e-04 9.571453299065358581e-04
5.838446545910868767e-04 5.836241362910533480e-04
6.408888029443267440e-04 4.572791784286794892e-04
6.006842774929856046e-04 6.217681738685766277e-04
4.772391535517016975e-04 1.059816619467970292e-03
2.971592122888884729e-04 1.696387934540815332e-03
9.461218701942798780e-05 2.412926890163982589e-03
-9.509083501236652866e-05 3.069978093072639556e-03
-2.420828818689370234e-04 3.533892372382394301e-03
-3.274524161889524367e-04 3.702556845209067308e-03
-3.466380991536156808e-04 3.525266407647473493e-03
-3.100681144343660493e-04 3.012961026815172243e-03
-2.409275717253984885e-04 2.236875046952409123e-03
-1.704818940822900252e-04 1.315836893282254071e-03
-1.318473793283780752e-04 3.946050414515133581e-04
-1.533945666788718524e-04 -3.826776766907556172e-04
-2.530398451687714358e-04 -8.989056124931242260e-04
-4.345126611951868889e-04 -1.085325494506977082e-03
-6.863115369708007191e-04 -9.337296190309722112e-04
-9.835527656627330358e-04 -4.972377961745640855e-04
-1.292367584087772284e-03 1.204617901433632115e-04
-1.576020644623434084e-03 7.853591309874395502e-04
-1.801596168272451455e-03 1.359008424225323581e-03
-1.945990050977389283e-03 1.725140333791150109e-03
-2.000076868394546747e-03 1.811952433151074607e-03
-1.970265451816654960e-03 1.605850996635917053e-03
-1.877150269114308051e-03 1.154038975137059667e-03
-1.751514853291250397e-03 5.554600497847158713e-04
-1.628444071089538278e-03 -5.818342641785811779e-05
-1.540659341294471196e-03 -5.477381635036110202e-04
-1.512337312660792538e-03 -7.934321622192140296e-04
-1.554580248383546437e-03 -7.181388495830175450e-04
-1.663392910706872193e-03 -3.026537368870452563e-04
-1.820545484673132593e-03 4.099254175361425993e-04
-1.997155065458362279e-03 1.321562394500603709e-03
-2.159303071287511921e-03 2.297015276149969552e-03
-2.274620173429749495e-03 3.188600685637547373e-03
-2.318586961558423247e-03 3.863320913387552173e-03
-2.279352274201653684e-03 4.227237672512844900e-03
-2.160151765902131558e-03 4.242496769854493636e-03
-1.978863787525699143e-03 3.933798261565561380e-03
-1.764782040743285811e-03 3.383103549292253327e-03
-1.553212044684663300e-03 2.713596322039813196e-03
-1.378911252177325922e-03 2.065946865725112620e-03
-1.269612399433171909e-03 1.571384137617309364e-03
-1.240854675205496117e-03 1.326681658649337455e-03
-1.293100367171537684e-03 1.375797852595489652e-03
-1.411682550612290612e-03 1.701648250920289587e-03
-1.569593960161602990e-03 2.229565280184507732e-03
-1.732589819318328551e-03 2.841785124077347673e-03
-1.865639842351396417e-03 3.400210128305241730e-03
-1.939509715430988608e-03 3.773125403786499899e-03
-1.936228377323841133e-03 3.860797004403743876e-03
-1.852408911443818255e-03 3.615088650783444303e-03
-1.699797793633620480e-03 3.049364828746986555e-03
-1.502952531921471603e-03 2.236786110986824921e-03
-1.294491846852850042e-03 1.297299677499570139e-03
-1.108822367276395904e-03 3.757681758201098388e-04
-9.755342615630445673e-04 -3.846419789609297011e-04
-9.137207074370802973e-04 -8.687936910804949960e-04
-9.283008495433256197e-04 -1.010666302484633386e-03
-1.009046112726202059e-03 -8.052212881181617689e-04
-1.132497331902562396e-03 -3.088152977142097745e-04
-1.266412137886210008e-03 3.719043327050154972e-04
-1.375902187143175767e-03 1.100508133813395302e-03
-1.430099048249973458e-03 1.736805753163269501e-03
-1.408086650745062887e-03 2.163447681960949717e-03
-1.302976310913355135e-03 2.308068464504029350e-03
-1.123351344433290346e-03 2.156779847250779245e-03
-8.918056958402755538e-04 1.756463441525012072e-03
-6.408506525707165311e-04 1.205436403048472252e-03
-4.069614713224969363e-04 6.342681024038151431e-04
-2.238873780300014329e-04 1.803932821313528317e-04
-1.164873610776696335e-04 -3.865588415914505624e-05
-9.625418974687662129e-05 5.168703013808443290e-05
-1.593691087594900733e-04 4.680502014759305770e-04
-2.876502669275494799e-04 1.165096778046715176e-03
-4.522098950586847955e-04 2.043226920998849651e-03
-6.191223340485856128e-04 2.966571014935337133e-03
-7.560243748705191722e-04 3.787887376256075540e-03
-8.383931119519686314e-04 4.375669569479542081e-03
-8.543080249373524422e-04 4.638348776831721816e-03
-8.067916448626479345e-04 4.541025056874449344e-03
-7.132824378308424149e-04 4.111573963014355203e-03
-6.023374292010765787e-04 3.434984399839767066e-03
-5.081875356051877022e-04 2.637009302066783967e-03
-4.641760289926139286e-04 1.860231332494317403e-03
-4.963228726330315855e-04 1.237078804828500248e-03
-6.182346699068828454e-04 8.649012325724085484e-04
-8.283260257735259972e-04 7.878206796705308507e-04
-1.109881305131039855e-03 9.887889781034259369e-04
-1.433948751157999076e-03 1.393345454647343037e-03
-1.764523346503246498e-03 1.884351589167423003e-03
-2.065042057369410877e-03 2.324898088204766129e-03
-2.304967140166768163e-03 2.585030296552682898e-03
-2.465216971963400498e-03 2.567213160404309240e-03
-2.541422453044677506e-03 2.225694362899019278e-03
-2.544399003225227517e-03 1.576078832385096684e-03
-2.497751484316457476e-03 6.932809426992715121e-04
-2.433072154059344808e-03 -3.017785168473723512e-04
-2.383647222657474512e-03 -1.264231831187638457e-03
-2.377869536589575627e-03 -2.051922520447333961e-03
-2.433610013485427298e-03 -2.551632156611178745e-03
-2.554618292077428902e-03 -2.699925554703048840e-03
-2.729638138364709390e-03 -2.494680710384889789e-03
-2.934408339430093302e-03 -1.995131007090166810e-03
-3.136172596438618117e-03 -1.310419479945224572e-03
-3.299845929306971255e-03 -5.788370631618706052e-04
-3.394670487561360014e-03 5.832246075118240752e-05
-3.400100029996666259e-03 4.833419824770833918e-04
-3.309797442493176388e-03 6.240671261839273072e-04
-3.132986046038279890e-03 4.671437122009342371e-04
-2.892895635320197421e-03 6.001083883837602870e-05
-2.622593488808605891e-03 -4.987145503059092766e-04
-2.358985019896857674e-03 -1.078625473222990681e-03
-2.136114703061336734e-03 -1.542996705880149292e-03
-1.979029920181995042e-03 -1.775498721438894222e-03
-1.899363440880243821e-03 -1.703075686554297646e-03
-1.893464623583027313e-03 -1.310635175069469003e-03
-1.943426757840683704e-03 -6.447475902802092453e-04
-2.020809658960552070e-03 1.943653477195095443e-04
-2.092346497520640274e-03 1.071055406298185644e-03
-2.126548483951866669e-03 1.839253127676126944e-03
-2.099951486057640825e-03 2.369535182778258545e-03
-2.001817010323638998e-03 2.573142773859804847e-03
-1.836393263297023039e-03 2.418414855929230077e-03
-1.622304691429746117e-03 1.936533361864929779e-03
-1.389182879750185118e-03 1.215498341464839229e-03
-1.172174881247801080e-03 3.834764407279128771e-04
-1.005367867180849114e-03 -4.153248609570296375e-04
-9.153751172898249439e-04 -1.047692712696706580e-03
-9.162987245922933534e-04 -1.416241588289291137e-03
-1.007024543109101555e-03 -1.477350729371654757e-03
-1.171364042430551736e-03 -1.248822133122071219e-03
-1.381019332980948193e-03 -8.058236697612678216e-04
-1.600813648477127224e-03 -2.659021255495638988e-04
-1.795201124753860846e-03 2.340778480677684244e-04
-1.934827898358682657e-03 5.646829339293474304e-04
-2.001907114741512984e-03 6.292634990937068153e-04
-1.993395147407505275e-03 3.830883170114183795e-04
-1.921372646487547273e-03 -1.573816359714574117e-04
-1.810563165080971955e-03 -9.168557888033444228e-04
-1.693463900331397412e-03 -1.774783959445013068e-03
-1.604014954521018610e-03 -2.587580929068071522e-03
-1.571009883968089863e-03 -3.215312015317037253e-03
-1.612498794696859286e-03 -3.547798972595619937e-03
-1.732246665140713560e-03 -3.525212670684864207e-03
-1.918919660271986441e-03 -3.149260100408964209e-03
-2.148154845775818948e-03 -2.482851218006380638e-03
-2.387121954815091870e-03 -1.638309330692604062e-03
-2.600713277917933615e-03 -7.563547606003913609e-04
-2.758188811321790959e-03 2.016462194335600679e-05
-2.839016958111028645e-03 5.728307811657953278e-04
-2.836802732831373956e-03 8.294838368951693757e-04
-2.760556869281612785e-03 7.772021730330097447e-04
-2.633062101549572820e-03 4.639925934230865884e-04
-2.486642051671245253e-03 -1.111180598939865826e-05
-2.357129685826749900e-03 -5.176520582187380546e-04
-2.277173115079551315e-03 -9.193107283599032120e-04
-2.270142025839927587e-03 -1.100584640633932776e-03
-2.345784405903559959e-03 -9.894919945675761941e-04
-2.498451977523199162e-03 -5.719943720237220895e-04
-2.708226605194093833e-03 1.046160354790971747e-04
-2.944731001395944035e-03 9.400227405652275157e-04
-3.172899262276164620e-03 1.799327547145075645e-03
-3.359612239597868991e-03 2.538150609233942243e-03
-3.479939586343296001e-03 3.029645955568106928e-03
-3.521805354036720327e-03 3.188324815754648919e-03
-3.488193090255669801e-03 2.986180320163879520e-03
-3.396472945662973482e-03 2.458061614599958266e-03
-3.274979080076544698e-03 1.695277899296059520e-03
-3.157487287138094172e-03 8.286385986485745366e-04
-3.076641341010808318e-03 4.133334822744314310e-06
-3.057576491588706157e-03 -6.441536494885605462e-04
-3.112951863206086991e-03 -1.018778864090373170e-03
-3.240337187712212345e-03 -1.076656331315698021e-03
-3.422453787400064635e-03 -8.364183216345485441e-04
-3.630229405107033430e-03 -3.740451949533203473e-04
-3.828093685737064215e-03 1.923880997215623220e-04
-3.980516742826903202e-03 7.259398611067507815e-04
-4.058557664420229735e-03 1.097584680182393021e-03
-4.045187654618772818e-03 1.211459729804996834e-03
-3.938384212466227406e-03 1.023774210991193999e-03
-3.751414467547991433e-03 5.517831796142961187e-04
-3.510257650321373709e-03 -1.288897970110145647e-04
-3.248657903623916425e-03 -8.980882637936546831e-04
-3.001746697170851446e-03 -1.613508522776869580e-03
-2.799444146851376436e-03 -2.137405357073007221e-03
-2.660889493399049531e-03 -2.362566976276657578e-03
-2.590955178876158498e-03 -2.232643631712861142e-03
-2.579503487055478765e-03 -1.752980315634329340e-03
-2.603524463673477941e-03 -9.898988471781968584e-04
-2.631747309592178969e-03 -5.855870412415433861e-05
-2.630848156432963238e-03 8.983142942720016150e-04
-2.572074008239533770e-03 1.736815821761759394e-03
-2.437023127302863530e-03 2.338385353804363527e-03
-2.221481361922672364e-03 2.631457573389720493e-03
-1.936581726767462987e-03 2.604161611736796438e-03
-1.607061276890672189e-03 2.305683366215420180e-03
-1.266938945730488285e-03 1.836053698660172285e-03
-9.534264071756159802e-04 1.326317212580848792e-03
-7.002186817968372593e-04 9.128574887917076212e-04
-5.314288164220318895e-04 7.107603455951440330e-04
-4.573093173482528011e-04 7.912776083311258771e-04
-4.725651687426304232e-04 1.167675827399007778e-03
-5.575731618219683782e-04 1.792164713859404051e-03
-6.822726477314567306e-04 2.564499775374558428e-03
-8.119877463907868671e-04 3.350640454790672351e-03
-9.140761402203756696e-04 4.007938144854429618e-03
-9.641439803211783888e-04 4.412088962490260877e-03
-9.506496124203978396e-04 4.480748915529580642e-03
-8.770250097081119453e-04 4.189338005042575648e-03
-7.609149201136922820e-04 3.576035807355498405e-03
-6.306804852121948579e-04 2.735014686239350522e-03
-5.198328725938210042e-04 1.799181072643498379e-03
-4.604550590798170157e-04 9.156791499632774452e-04
-4.768620348152521784e-04 2.187792953900909686e-04
-5.807050506908670220e-04 -1.947331440693672155e-04
-7.684525734159093537e-04 -2.830280368185196429e-04
-1.021730992296938836e-03 -6.627196226133562525e-05
-1.310466915916907787e-03 3.780715690049787740e-04
-1.598242538043624346e-03 9.307726210597802759e-04
-1.848856455883719947e-03 1.454235245015722457e-03
-2.032853871198487747e-03 1.819317794234185997e-03
-2.132795585079878039e-03 1.930477014745728397e-03
-2.146273583668841314e-03 1.744459028311812166e-03
-2.086107150926784764e-03 1.278984420894333429e-03
-1.977686626635893983e-03 6.097717305538546614e-04
-1.853971201882559762e-03 -1.435455786104977531e-04
-1.749090443105850642e-03 -8.399477107168288811e-04
-1.691762683475894671e-03 -1.343739592329942951e-03
-1.699777184584855836e-03 -1.550386217753549735e-03
-1.776584684517673769e-03 -1.406576768468332031e-03
-1.910640918639238371e-03 -9.207116459061582582e-04
-2.077625670852760106e-03 -1.618169880357874738e-04
-2.245114733405150290e-03 7.529202662753031522e-04
-2.378817061796397511e-03 1.679651457630196645e-03
-2.449192487874124122e-03 2.474345592467592538e-03
-2.437192831408975004e-03 3.019253830613128145e-03
-2.338034856708280824e-03 3.244367859340262315e-03
-2.162285885646605000e-03 3.139829481218218282e-03
-1.934051493937565761e-03 2.756962211673682443e-03
-1.686603306401589925e-03 2.197749661173090379e-03
-1.456269642514287921e-03 1.594772175224151971e-03
-1.275740893832806415e-03 1.085418635965290299e-03
-1.168052710942496866e-03 7.852726696314195950e-04
-1.142382243581488909e-03 7.657268272758855927e-04
-1.192449976316820731e-03 1.040075410942546599e-03
-1.297827001255479973e-03 1.560728578812946733e-03
-1.427898154679178248e-03 2.228081730452795284e-03
-1.547729335821686290e-03 2.909364283733748956e-03
-1.624727564066322585e-03 3.463899300354210571e-03
-1.634832984939195433e-03 3.769988405947653255e-03
-1.567071338066533710e-03 3.748325567450084585e-03
-1.425606431507157965e-03 3.377497479954710228e-03
-1.228906068052727828e-03 2.698623832009576073e-03
-1.006181962472059606e-03 1.808244528546826399e-03
-7.917809082047471509e-04 8.407842726418511721e-04
-6.185929218897514431e-04 -5.610320775906348090e-05
-5.117286771098879380e-04 -7.486619511012438440e-04
-4.836678265453691651e-04 -1.141515115556511906e-03
-5.318013696793270125e-04 -1.194885709814410505e-03
-6.388377905785443166e-04 -9.313162365199689329e-04
-7.760001785816362380e-04 -4.306346031901727746e-04
-9.084127367741188629e-04 1.858618511610207356e-04
-1.001660135820073641e-03 7.789923920756411033e-04
-1.028280637878096386e-03 1.218567911780802379e-03
-9.729658971364412053e-04 1.408453426808794302e-03
-8.354845574604339870e-04 1.305062320883861428e-03
-6.307770065913411968e-04 9.257730812762003571e-04
-3.862035137067376320e-04 3.456704206159106610e-04
-1.364662558784014929e-04 -3.167734133138912071e-04
8.283448016977942602e-05 -9.223639353654546243e-04
2.417916571941694081e-04 -1.337899493058084628e-03
3.216848637296850833e-04 -1.461869406814135302e-03
3.183387628878935776e-04 -1.244258252253917230e-03
2.427146096249841139e-04 -6.966928821843264069e-04
1.186273536721783639e-04 1.090047878240889539e-04
-2.197445837502810936e-05 1.053602727162093831e-03
-1.452670693508668225e-04 1.992179741059823921e-03
-2.221579532407222043e-04 2.780689824745119672e-03
-2.339842148975633009e-04 3.302360853788311595e-03
-1.762188529342582281e-04 3.488949931603140420e-03
-5.947810417720767471e-05 3.332851025688412724e-03
9.236565275623468568e-05 2.887781557526344391e-03
2.466124703418304817e-04 2.257935719060273107e-03
3.678700305248774525e-04 1.577674343814147121e-03
4.247366345692877351e-04 9.856109963050886050e-04
3.957685237824716692e-04 5.980126209887116039e-04
2.736027027189761218e-04 4.865601406659138435e-04
6.645486824687773944e-05 6.646858094966400041e-04
-2.032917203873218462e-04 1.085076911904409112e-03
-5.031405714000283238e-04 1.648817803398775796e-03
-7.964139825483039416e-04 2.224435387893984595e-03
-1.048942548797191475e-03 2.673234847781704240e-03
-1.235249288842347939e-03 2.876118451844739566e-03
-1.343061858126493903e-03 2.756796669667198156e-03
-1.375303410822493891e-03 2.296981404331112451e-03
-1.349190551796938765e-03 1.540667188457847756e-03
-1.292615056696874622e-03 5.866707390152722280e-04
-1.238500818141034104e-03 -4.291785389676262288e-04
-1.218211243299164963e-03 -1.358845480037552261e-03
-1.255262313424500373e-03 -2.069217048515140187e-03
-1.360538571773655878e-03 -2.466434968208971752e-03
-1.529924394350265114e-03 -2.512845491843814470e-03
-1.744805006031375800e-03 -2.233375599973956918e-03
-1.975347609032181585e-03 -1.710145540949061741e-03
-2.185945797095550057e-03 -1.066353135737693573e-03
-2.341800010317781136e-03 -4.424942949634855845e-04
-2.415390850466077668e-03 3.056738001057770007e-05
-2.391621480117851750e-03 2.565753539162853730e-04
-2.270656390592597999e-03 1.921660829430744087e-04
-2.067919052382162070e-03 -1.449973999363004477e-04
-1.811248020326791794e-03 -6.797821878652665064e-04
-1.535748305420127097e-03 -1.294153650482139000e-03
-1.277310504722105724e-03 -1.849988023513001985e-03
-1.066021753176934345e-03 -2.215798411337390958e-03
-9.207123460228320948e-04 -2.292299577496107604e-03
-8.456661212821268286e-04 -2.031954602136104310e-03
-8.301122743940524389e-04 -1.448784304732039785e-03
-8.505889824896037746e-04 -6.165628093046142877e-04
-8.757249680521732868e-04 3.442791372182586892e-04
-8.725270335362713108e-04 1.288583742771582351e-03
-8.129763787288522923e-04 2.073096792830814421e-03
-6.796781234959198368e-04 2.582776833238622366e-03
-4.694879187982668386e-04 2.751820277187736613e-03
-1.944228781078012646e-04 2.575438848653060359e-03
1.203212311028760011e-04 2.110174955656916266e-03
4.408759622626484383e-04 1.462708783518971989e-03
7.308801238986597192e-04 7.692875954998122309e-04
9.581665554312074166e-04 1.696807607132937504e-04
1.100691725603129226e-03 -2.194023245137154306e-04
1.150586643744909258e-03 -3.263956738201356962e-04
1.115562525187602672e-03 -1.382808276975250588e-04
1.017404822175506244e-03 2.972223220664583360e-04
8.878398781096356451e-04 8.810855565434945426e-04
7.625552826866822693e-04 1.482227392083089977e-03
6.745039161745504126e-04 1.962934348362372315e-03
6.477566381356846849e-04 2.205619714366143305e-03
6.930640890666770653e-04 2.135835911642350142e-03
8.059639371674452452e-04 1.737164401627739555e-03
9.677874784756026810e-04 1.055144003328495729e-03
1.149370118846607287e-03 1.894735176855810417e-04
1.316757972887797013e-03 -7.240552009788390727e-04
1.437824660928465042e-03 -1.538492567488517360e-03
1.488540032955435258e-03 -2.122832380170083626e-03
1.457698678732976616e-03 -2.386164749203388211e-03
1.349208190498202677e-03 -2.294323498544094918e-03
1.181499883517441417e-03 -1.875889969722331239e-03
9.841703341917165410e-04 -1.216428288163402295e-03
7.924872220109981579e-04 -4.420529186790864867e-04
6.407980507411780097e-04 3.045536994041583368e-04
5.560886878000857042e-04 8.911292858226657187e-04
5.529109211677312764e-04 1.220715618543123226e-03
6.306396987531335922e-04 1.249729844363182876e-03
7.735803228169821875e-04 9.958078669354117254e-04
9.539069376474169828e-04 5.339440210070703872e-04
1.136878151529886532e-03 -1.832995772695092070e-05
1.287344955203268641e-03 -5.239057862247240710e-04
1.376321824811174883e-03 -8.528350340354232725e-04
1.386380330982787176e-03 -9.077602190860207783e-04
1.314847922295657662e-03 -6.432057434426084654e-04
1.174210476727800215e-03 -7.505579088030122324e-05
9.896468773133455105e-04 7.215958099247459824e-04
7.941669009142476214e-04 1.625836815720989748e-03
6.222772794857461430e-04 2.493052902029095890e-03
5.033790871195576409e-04 3.181600024126241075e-03
4.561500284549930293e-04 3.578999548466934438e-03
4.849782669405268702e-04 3.622711234522917392e-03
5.791255119993309487e-04 3.311563354567556745e-03
7.147797483972088105e-04 2.705685532097835185e-03
8.596101316171436343e-04 1.914963960994535462e-03
9.789619328066058099e-04 1.078208963468052072e-03
1.042517950313228466e-03 3.369804283846330670e-04
1.030163596113535442e-03 -1.909748834306112218e-04
9.359428833567442433e-04 -4.336498004803570564e-04
7.693533988372806571e-04 -3.779235383197881125e-04
5.537316819665793598e-04 -7.145073275020852061e-05
3.220308930516353600e-04 3.870511277541825767e-04
1.107859800086309046e-04 8.672607254313221235e-04
-4.659564966776746919e-05 1.232755966451412914e-03
-1.259525315030435386e-04 1.367712833680872694e-03
-1.167432502070216496e-04 1.199724428431749382e-03
-2.385316765774381145e-05 7.143987096444870399e-04
1.335032852007624873e-04 -4.104989719159546444e-05
3.255720410424672688e-04 -9.659153500474099195e-04
5.178184188158995718e-04 -1.924303993935294350e-03
6.775610172954756255e-04 -2.770179606425608732e-03
7.802206126075589537e-04 -3.374423077306854587e-03
8.139977840511706739e-04 -3.648796655675327991e-03
7.820913774715941872e-04 -3.562286375718886136e-03
7.020365323336220193e-04 -3.146736783670145074e-03
6.022873963642704680e-04 -2.490716664653268644e-03
5.166922836685324764e-04 -1.722779768162560274e-03
4.779089097917979209e-04 -9.872892690450151346e-04
5.110087782193555722e-04 -4.173794190447494782e-04
6.284847093836842900e-04 -1.101667153767438203e-04
8.276105620516414473e-04 -1.088940211135492817e-04
1.090657538637697030e-03 -3.953756884774387980e-04
1.387931232280630511e-03 -8.941589495671095535e-04
1.683060011333432134e-03 -1.487596427030778243e-03
1.939539460803701293e-03 -2.038957050717007946e-03
2.127300060889023361e-03 -2.419179489541133793e-03
2.228061069898125413e-03 -2.532181873875531501e-03
2.238463477162339586e-03 -2.333914811191236879e-03
2.170395329529988676e-03 -1.841529716516317368e-03
2.048454062821006977e-03 -1.130906861112927157e-03
1.905032077270256679e-03 -3.229927323092773189e-04
1.773961175434615950e-03 4.384832418198829481e-04
1.683923609681956760e-03 1.013708301401212682e-03
1.652880887775131855e-03 1.292859410503848731e-03
1.684577959912808998e-03 1.216622786719427987e-03
1.767786601178364825e-03 7.872814798892224623e-04
1.878432274864201904e-03 6.827531034347630607e-05
1.984201893565194601e-03 -8.276830679927445287e-04
2.050759249769385818e-03 -1.759688628359683867e-03
2.048389597283945679e-03 -2.584935472077343373e-03
1.957812743366461883e-03 -3.185250227763832681e-03
1.774060606478187379e-03 -3.488855181760312438e-03
1.507680855265315124e-03 -3.483254642551974166e-03
1.183033757989550034e-03 -3.216820870702252061e-03
8.339990784329558583e-04 -2.788797249601158296e-03
4.978997377660464947e-04 -2.329630792535842577e-03
2.087863030120264162e-04 -1.975378073060264292e-03
-8.652724154238307982e-06 -1.841051311246857947e-03
-1.434082960053738374e-04 -1.997972026139430667e-03
-1.998847853889282626e-04 -2.459440344463883436e-03
-1.967283218562214614e-04 -3.177452520551605174e-03
-1.629770677658432519e-04 -4.051105833964524332e-03
-1.322675724811320111e-04 -4.945115208237478403e-03
-1.361988100346578118e-04 -5.714949032108317291e-03
-1.981143437713891163e-04 -6.233835730594175506e-03
-3.284832349338741861e-04 -6.416535470185487887e-03
-5.227569297177557788e-04 -6.235380708732132446e-03
-7.621098086124961524e-04 -5.725549890945890764e-03
-1.016924207418414255e-03 -4.978574046653551181e-03
-1.252360064095573355e-03 -4.125301068669235717e-03
-1.434953568718528531e-03 -3.311535753416197485e-03
-1.538993348654083253e-03 -2.670957834396720833e-03
-1.551463980045627872e-03 -2.300433141102501810e-03
-1.474617201708757017e-03 -2.242377602969133216e-03
-1.325679874014353693e-03 -2.477496399520132727e-03
-1.133749490923036682e-03 -2.929254455061469468e-03
-9.344603098959320710e-04 -3.479212034076728608e-03
-7.634251199627128080e-04 -3.990301264184037411e-03
-6.496894336522555501e-04 -4.333615667724229938e-03
-6.104325888060739384e-04 -4.413619942327652243e-03
-6.479143059899812682e-04 -4.186987179273003214e-03
-7.492403069001833020e-04 -3.671478660518798232e-03
-8.889870896714127018e-04 -2.943168601745746894e-03
-1.034184900650698827e-03 -2.122525316008276944e-03
-1.150711823204371214e-03 -1.351972876093512736e-03
-1.209885230221690840e-03 -7.691733318641944938e-04
-1.194000119681552395e-03 -4.810828245320475371e-04
-1.099764006366106030e-03 -5.436914730372471860e-04
-9.389771481848991578e-04 -9.512837920356248360e-04
-7.363293373114497987e-04 -1.637256767638972481e-03
-5.247313163093483574e-04 -2.486347267667003876e-03
-3.390665031744636388e-04 -3.355962954612062669e-03
-2.095485543968735628e-04 -4.102589758049258149e-03
-1.559455726988519903e-04 -4.608290067036500612e-03
-1.837682027068702302e-04 -4.802290632472337381e-03
-2.831473854952205752e-04 -4.673590573500812848e-03
-4.306184635177999508e-04 -4.272221489458834232e-03
-5.934780395702050080e-04 -3.698941255514108864e-03
-7.358927476256299505e-04 -3.085333535953826024e-03
-8.256072128037148742e-04 -2.568101558836373595e-03
-8.399848303826912103e-04 -2.262443291080988138e-03
-7.702410832372311947e-04 -2.239567856659898434e-03
-6.230710433594991490e-04 -2.512627212454480573e-03
-4.193657160965001251e-04 -3.033741585280935651e-03
-1.902626438495640115e-04 -3.702694133570259317e-03
2.871958848275289180e-05 -4.385657993145162734e-03
2.043510925403609763e-04 -4.940416275322583733e-03
3.119012128482457095e-04 -5.243303060726177064e-03
3.397141605261894213e-04 -5.212764456463384391e-03
2.912845091209935173e-04 -4.825075733122299697e-03
1.844416527232039691e-04 -4.119232861206120755e-03
4.780060960259308495e-05 -3.190083740574341676e-03
-8.484513463624386337e-05 -2.170988460812713506e-03
-1.811228876092039965e-04 -1.209277980531949176e-03
-2.164180712239296002e-04 -4.391418788840576425e-04
-1.787449034489002402e-04 4.293929189601178656e-05
-7.122322758504529743e-05 1.955847499256395481e-04
8.831261784471175708e-05 3.945482726019000283e-05
2.705040101200752666e-04 -3.475506404926151263e-04
4.398583600811991809e-04 -8.459070287112063899e-04
5.613237236941281353e-04 -1.317916010976210531e-03
6.068072708397458190e-04 -1.634533509816229893e-03
5.604073367510438962e-04 -1.700477092803952175e-03
4.213718232026433959e-04 -1.472843113900687648e-03
2.042256074663637141e-04 -9.696951247065207363e-04
-6.395506558838050454e-05 -2.669865923883645801e-04
-3.486038573963452835e-04 5.156073674339956220e-04
-6.141025916348215883e-04 1.237271530193607407e-03
-8.303780248331866110e-04 1.762771551785401007e-03
-9.784095613295639565e-04 1.988253622075409136e-03
-1.053607398019357298e-03 1.861233251242269075e-03
-1.066424594207438740e-03 1.390980799386437681e-03
-1.040091045845040153e-03 6.473267597746377782e-04
-1.005903001226731656e-03 -2.519001776652598341e-04
-9.969652508965874075e-04 -1.162439230920092430e-03
-1.041576656919871368e-03 -1.940101779814810880e-03
-1.157517635488743060e-03 -2.467214272038634366e-03
-1.348327683999519210e-03 -2.674013019011869594e-03
-1.602284338679013697e-03 -2.550960621529191515e-03
-1.894283404822431514e-03 -2.149672890721103687e-03
-2.190270792529355748e-03 -1.572301351522650088e-03
-2.453392868531571302e-03 -9.514014693523916355e-04
-2.650706429091337617e-03 -4.241169263541995013e-04
-2.759182896977750970e-03 -1.055847772579352438e-04
-2.769874321248527640e-03 -6.661172869288170019e-05
-2.689456054564770462e-03 -3.198606194717080239e-04
-2.538856865550285884e-03 -8.171720722689530987e-04
-2.349237840262743179e-03 -1.458534925213610198e-03
-2.156082496696006944e-03 -2.111010288126670062e-03
-1.992517215687495281e-03 -2.634026203303488876e-03
-1.883125864117414158e-03 -2.906250459889295895e-03
-1.839427967248132966e-03 -2.848947182671494795e-03
-1.857873901103300604e-03 -2.441385625369135292e-03
-1.920733153913545092e-03 -1.725371715926791224e-03
-1.999703154902285254e-03 -7.980299823180192573e-04
-2.061550361474177515e-03 2.058138981594699504e-04
-2.074709912222001164e-03 1.138332325850728056e-03
-2.015588189039075641e-03 1.865819563476935582e-03
-1.873368570523357979e-03 2.293124620577109349e-03
-1.652403928126611144e-03 2.380787677381447469e-03
-1.371736376112755659e-03 2.151655960825136181e-03
-1.061828885016717801e-03 1.685746434060479519e-03
-7.591215484912931539e-04 1.104346997755845366e-03
-4.994375287781725433e-04 5.463839743170657241e-04
-3.114819506249773447e-04 1.415459898108162914e-04
-2.116599664501352530e-04 -1.473382335494938765e-05
-2.011911166228407574e-04 1.203101315443205668e-04
-2.660631078102250252e-04 5.284634616694850427e-04
-3.798313642770579160e-04 1.133897445046540449e-03
-5.087327592292155420e-04 1.817577017966167958e-03
-6.181446341193018229e-04 2.439981316060798114e-03
-6.791663611398651192e-04 2.867829916129777633e-03
-6.740783738382353715e-04 2.999746469129916954e-03
-5.996470058960211118e-04 2.785989844883356853e-03
-4.676521901808329291e-04 2.238503700247348148e-03
-3.025416274935866889e-04 1.429366332241926735e-03
-1.366596820120146198e-04 4.779171191803001351e-04
-3.958861061947849778e-06 -4.710216739017516921e-04
6.661069714012930309e-05 -1.273724030559604493e-03
5.677716755527075334e-05 -1.813928145181348955e-03
-3.739131509221908919e-05 -2.024021128995875593e-03
-2.045377182117134873e-04 -1.897049276885320705e-03
-4.199646441198698473e-04 -1.487298809388580209e-03
-6.501163120099564532e-04 -8.993546663247730224e-04
-8.587499188719862177e-04 -2.677247452023240023e-04
-1.013631907723060426e-03 2.690987518139362515e-04
-1.092494649122918889e-03 5.952183174488371881e-04
-1.087128408398157662e-03 6.395094242731213206e-04
-1.004835870631279240e-03 3.891932732755930442e-04
-8.669751871120232219e-04 -1.077682633950471491e-04
-7.048680309231786104e-04 -7.519081526561311422e-04
-5.538472585479930176e-04 -1.411367560842713810e-03
-4.465701976575954524e-04 -1.947261187235558482e-03
-4.068618571545095947e-04 -2.240482102954769079e-03
-4.452513722908267709e-04 -2.214858411121276884e-03
-5.570438958783108935e-04 -1.852262372825488716e-03
-7.232896856714893198e-04 -1.196794295788477201e-03
-9.144632245489742661e-04 -3.472304679941541931e-04
-1.096151742150540745e-03 5.608545518735933268e-04
-1.235671739132655073e-03 1.379926439501493862e-03
-1.308356231568889166e-03 1.977607662850842073e-03
-1.302317820159619791e-03 2.260957710295761949e-03
-1.220781556287474194e-03 2.193338980419943986e-03
-1.081542168256095912e-03 1.800693114844858144e-03
-9.136452064135030821e-04 1.166056077316401929e-03
-7.519177861518938589e-04 4.133651417773680681e-04
-6.303822260644907725e-04 -3.163640639223186867e-04
-5.757978802108476395e-04 -8.919704865109621180e-04
-6.025527893159292542e-04 -1.217084748360932906e-03
-7.098719433751997290e-04 -1.248345593436241217e-03
-8.818711701768125293e-04 -1.003446433388737076e-03
-1.090447740425933704e-03 -5.574914149417306260e-04
-1.300462471644048528e-03 -2.835699284745198242e-05
-1.476234925160120484e-03 4.461602924022491394e-04
-1.588125266191296346e-03 7.350711057534953805e-04
-1.617960504858768174e-03 7.397207449041267972e-04
-1.562282170827520439e-03 4.132668694804473002e-04
-1.432805415917463767e-03 -2.295985064642285401e-04
-1.254007811643711567e-03 -1.114542911179779681e-03
-1.058309625782163184e-03 -2.120764907695566522e-03
-8.797632266457939155e-04 -3.102970106077201310e-03
-7.474512462395830822e-04 -3.918011613232178468e-03
-6.798479481619718132e-04 -4.451171144123007226e-03
-6.812155803765110535e-04 -4.637123911339626967e-03
-7.407219192916158785e-04 -4.471635270731134405e-03
-8.344496403356771886e-04 -4.011789805684179075e-03
-9.299200770675764829e-04 -3.364722399193139594e-03
-9.922770634698239740e-04 -2.666995343681435003e-03
-9.909612313526859791e-04 -2.058533975068704142e-03
-9.056111939854311933e-04 -1.656060799067596160e-03
-7.300734069727082744e-04 -1.531060015809733617e-03
-4.737596948676059210e-04 -1.696443370580300123e-03
-1.600928161362253580e-04 -2.104437498975551216e-03
1.776689702852777631e-04 -2.656085097534548450e-03
5.024418417310590494e-04 -3.220550336118566115e-03
7.800276658533498650e-04 -3.660559898998256775e-03
9.852611070955341263e-04 -3.859146900588798779e-03
1.106434262981064115e-03 -3.742616124893668149e-03
1.147166830372649575e-03 -3.295362797362207975e-03
1.125373625511005664e-03 -2.563718420618598531e-03
1.069531079326501832e-03 -1.648074364341104185e-03
1.012955978375847197e-03 -6.847535911777796573e-04
9.871862255626628717e-04 1.789572775317269712e-04
1.015723335849492157e-03 8.119072149078518808e-04
1.109327522723260523e-03 1.123198069780003989e-03
1.263761628611193228e-03 1.078769520231565547e-03
1.460415650894370150e-03 7.073255649581425188e-04
1.669697237011117698e-03 9.449225036645310383e-05
1.856548782373593611e-03 -6.336778984359386262e-04
1.987048059587717946e-03 -1.334724960364368782e-03
2.034843095487676515e-03 -1.876772903222531349e-03
1.986202361180355869e-03 -2.163382102037809344e-03
1.842722552666191220e-03 -2.151560258217998910e-03
1.621178920123473970e-03 -1.859527504915578239e-03
1.350543460545371426e-03 -1.362774630729332451e-03
1.066731964183694056e-03 -7.791729721132796983e-04
8.060703910535288452e-04 -2.459701771970750246e-04
5.987129800629695242e-04 1.069554062717297405e-04
4.632530728173064427e-04 1.824988781445229316e-04
4.035412996531486393e-04 -6.443855289599460801e-05
4.083074235080309507e-04 -6.175505611132729462e-04
4.536509887825057922e-04 -1.401360737912128902e-03
5.079225468007706303e-04 -2.294688864201526336e-03
5.380645307137303310e-04 -3.152818193954019452e-03
5.162045909564562211e-04 -3.834184750550973832e-03
4.252467420381980862e-04 -4.226551793297755009e-03
2.623960384557415476e-04 -4.267728209813852203e-03
3.994463093980860058e-05 -3.956920573464322091e-03
-2.168333938404177054e-04 -3.354579733161540921e-03
-4.742825461703894293e-04 -2.570778646224249585e-03
-6.965926315043734262e-04 -1.744326703733186344e-03
-8.524737600035949643e-04 -1.016576512197079176e-03
-9.210162326434139521e-04 -5.048806830151247958e-04
-8.956254563479771388e-04 -2.807191948669489866e-04
-7.852856882351604180e-04 -3.566305234495397141e-04
-6.129113258747227689e-04 -6.844100240249874996e-04
-4.110951416743794154e-04 -1.164903141987022085e-03
-2.160550978790528622e-04 -1.667523354156417266e-03
-6.092196145820289680e-05 -2.055781503867937406e-03
3.036567985776299347e-05 -2.213973507595649697e-03
4.740781590709212132e-05 -2.069953163643508710e-03
-4.887008981387650809e-06 -1.609657703491368689e-03
-1.074378913903839859e-04 -8.806154437919929117e-04
-2.308133772540817477e-04 1.624837496933900999e-05
-3.410100278070514099e-04 9.449749043931622572e-04
-4.060887990121473312e-04 1.759644757634258594e-03
-4.024083732692428669e-04 2.331429269261461532e-03
-3.192713954992440180e-04 2.572511632963332337e-03
-1.611005401934905920e-04 2.452359644043528453e-03
5.327045751955952020e-05 2.003277015189852770e-03
2.940587946854715442e-04 1.314187204978837370e-03
5.260935519247516082e-04 5.138287420183098881e-04
7.154232003825664130e-04 -2.534571053816400557e-04
8.357181774030914001e-04 -8.547658374627126274e-04
8.732550305055512916e-04 -1.193383585169939531e-03
8.295365532711290735e-04 -1.226578200042658523e-03
7.210494447934480324e-04 -9.730715822209601859e-04
5.762025807222301201e-04 -5.087935248661147689e-04
4.300223776336650717e-04 4.826179652653757584e-05
3.176059617645165980e-04 5.611907010213291330e-04
2.675676569352360493e-04 9.009423389504793997e-04
2.967153139358370915e-04 9.716009630822117259e-04
4.069600734576134119e-04 7.293806985298867786e-04
5.850403735077792803e-04 1.917161631536309918e-04
8.051083703808466696e-04 -5.652916420552032669e-04
1.033685241290304476e-03 -1.420608601162458859e-03
1.236043645989003863e-03 -2.230595864462626195e-03
1.382805858790623656e-03 -2.855719725363871017e-03
1.455505876818014195e-03 -3.186597376375750225e-03
1.450060779357209171e-03 -3.164456109415840490e-03
1.377493379996854329e-03 -2.792138563981340360e-03
1.261769520105587763e-03 -2.133573711172895900e-03
1.135160391199900240e-03 -1.301814007834914020e-03
1.032009460430431159e-03 -4.379007391352256456e-04
9.820861496927836293e-04 3.154471205310705340e-04
1.004787185409575971e-03 8.403481687324939990e-04
1.105286616426071674e-03 1.065469720858660835e-03
1.273367143632104332e-03 9.788386171172766548e-04
1.485158298812712082e-03 6.293426786461030382e-04
1.707457105146655170e-03 1.166567468642169044e-04
1.903818227247249927e-03 -4.284798437397581298e-04
2.041265780184646061e-03 -8.698798656711502660e-04
2.096361317756944599e-03 -1.092548089148792992e-03
2.059484331991879181e-03 -1.025280116520443626e-03
1.936519780874119533e-03 -6.549215948947112237e-04
1.747637665327826271e-03 -2.956933239191966711e-05
1.523399641424913117e-03 7.499089555874429184e-04
1.298933006932900380e-03 1.548445934633256062e-03
1.107277526841888085e-03 2.221933746016421969e-03
9.731663660032722043e-04 2.644217729552022448e-03
9.084193841254781070e-04 2.730821333447364802e-03
9.098209370612841311e-04 2.454914601424545029e-03
9.598830929280527564e-04 1.852504027012873752e-03
1.030348057718132948e-03 1.015859142305138192e-03
1.087764213885361424e-03 7.641524690563854597e-05
1.100076845899368091e-03 -8.196188282092048156e-04
1.042981827467640964e-03 -1.538340689698058667e-03
9.048347794887946684e-04 -1.982808559234487244e-03
6.891811002993945227e-04 -2.110617674098706938e-03
4.144221590724765560e-04 -1.941088848282858121e-03
1.106746818198315149e-04 -1.550727331028846053e-03
-1.855885627676856281e-04 -1.057831929337287209e-03
-4.381087488206356398e-04 -5.991891597125125011e-04
-6.173843478556196446e-04 -3.032858987384162968e-04
-7.059553657482577158e-04 -2.651328096094510492e-04
-7.014340086704087037e-04 -5.274849638451874125e-04
-6.167135202572761321e-04 -1.072033479422069115e-03
-4.773205824490608690e-04 -1.822252309505306700e-03
-3.164167284714565790e-04 -2.657375401712290617e-03
-1.683984507221629847e-04 -3.434869589843130185e-03
-6.231005141890200508e-05 -4.017157279237677618e-03
-1.631780393572773540e-05 -4.297535338921130640e-03
-3.429219058626790766e-05 -4.220385574158976548e-03
-1.051450702506674358e-04 -3.791849609990907092e-03
-2.050462619902285177e-04 -3.078943121526842193e-03
-3.020980226584525272e-04 -2.197270070725264052e-03
-3.625795869806198437e-04 -1.289653234405231316e-03
-3.575756746538563853e-04 -4.997147128840667262e-04
-2.687292493799133073e-04 5.460593101078484689e-05
-9.202389287821390691e-05 3.025984053440565567e-04
1.611262834966640124e-04 2.333319057744023470e-04
4.656918050692884260e-04 -1.031478442839485737e-04
7.874108592774250364e-04 -6.061809238656675619e-04
1.088916896855767272e-03 -1.144432142612887560e-03
1.336457237169646215e-03 -1.581610778442076645e-03
1.505937066308046454e-03 -1.803081482852849065e-03
1.587150592028115830e-03 -1.738309068186881870e-03
1.585403814774027313e-03 -1.374870186350526415e-03
1.520226594923313477e-03 -7.613635495374946466e-04
1.421422163454680873e-03 1.345315672999548590e-06
1.323205758658218103e-03 7.788972159219250541e-04
1.257545294975217966e-03 1.428682838141973922e-03
1.247967397437842836e-03 1.826780811880931044e-03
1.305003216725539317e-03 1.891490323390447896e-03
1.424137013441870245e-03 1.598999997824351827e-03
1.586645603335020424e-03 9.882207314001745235e-04
1.763168407562674652e-03 1.538590403563468503e-04
1.919329955017254731e-03 -7.709686320909413509e-04
2.022347307024102182e-03 -1.639302349520699743e-03
2.047367697161058073e-03 -2.317450083577492995e-03
1.982332097552970754e-03 -2.709528145649784444e-03
1.830438916327785338e-03 -2.774802742901611580e-03
1.609735971184180327e-03 -2.534568633725363916e-03
1.349912433764286195e-03 -2.067282430397875473e-03
1.086892711936692651e-03 -1.492892177890190212e-03
8.562507471514965111e-04 -9.493502289945425759e-04
6.866869561704167608e-04 -5.657757365778797679e-04
5.947985801913961267e-04 -4.373661311471231227e-04
5.821296697929067079e-04 -6.068239037647874413e-04
6.350556601131111291e-04 -1.055829014626647865e-03
7.275211736411237940e-04 -1.708182429980252721e-03
8.261099016339548901e-04 -2.444033422942562019e-03
8.964843738901526887e-04 -3.122501444715241378e-03
9.099746395710351559e-04 -3.608410642127028896e-03
8.490673581112290463e-04 -3.798073143097751431e-03
7.107557764425968296e-04 -3.639234233160558440e-03
5.071169933875353721e-04 -3.141395098398187119e-03
2.630088785886948118e-04 -2.374548195274147743e-03
1.132531228565674297e-05 -1.456551999637019151e-03
-2.132885278035017589e-04 -5.315208456016758728e-04
-3.810670195776338551e-04 2.566950915571122958e-04
-4.728414255668332328e-04 7.909365469494047170e-04
-4.837568094764069194e-04 1.002084340795837821e-03
-4.242803089426776166e-04 8.813087277225768864e-04
-3.183054075827380230e-04 4.809198396913806715e-04
-1.987068784406140231e-04 -9.632181504534615714e-05
-1.011841145216079482e-04 -7.173915141435548279e-04
-5.755510932032870943e-05 -1.244842878017254732e-03
-8.976787832976805765e-05 -1.563397190067226505e-03
-2.057607749749925806e-04 -1.602230584834524619e-03
-3.979535604694875417e-04 -1.348727366953432786e-03
-6.446534556793446493e-04 -8.510864814177847900e-04
-9.141090082024891155e-04 -2.092818774465662695e-04
-1.170443891260337411e-03 4.439141542398506064e-04
-1.380347510563429726e-03 9.682508571706859198e-04
-1.519256737234498354e-03 1.242864056730901435e-03
-1.575860144074768066e-03 1.189592667917419456e-03
-1.554074409395288193e-03 7.883219018520901079e-04
-1.472121833444157068e-03 8.143543802402474809e-05
-1.358887463259403740e-03 -8.334813062375666208e-04
-1.248250059914456653e-03 -1.821321957556402754e-03
-1.172465337917127579e-03 -2.734194468744271383e-03
-1.155859731878334379e-03 -3.438546710390843596e-03
-1.210034299031641919e-03 -3.839566322327793348e-03
-1.331492336376541297e-03 -3.898255248860223003e-03
-1.502145055849464679e-03 -3.637966367307465115e-03
-1.692604231578674102e-03 -3.139184447231676764e-03
-1.867642466496181614e-03 -2.523558575876778520e-03
-1.992790710443254499e-03 -1.930226851194613222e-03
-2.040826731599286285e-03 -1.488931551827136698e-03
-1.996928248432366503e-03 -1.295028285599175103e-03
-1.861516554590857738e-03 -1.391131284434740179e-03
-1.650252991552182864e-03 -1.758877534942618684e-03
-1.391188938205005022e-03 -2.322373325200155405e-03
-1.119608202912630510e-03 -2.962671478083394976e-03
-8.715369100594162928e-04 -3.540535586111483168e-03
-6.771475391453521831e-04 -3.923175196136692924e-03
-5.553030277129232571e-04 -4.009880967911612359e-03
-5.102701352155294794e-04 -3.751694389220160304e-03
-5.312196622332734106e-04 -3.161373789825712086e-03
-5.946026617503446902e-04 -2.311753713041007473e-03
-6.689466387980351003e-04 -1.322790624836181830e-03
-7.211571902218949243e-04 -3.397286761337615793e-04
-7.231253812330332327e-04 4.935004807546810885e-04
-6.573832959323561934e-04 1.060628023563982454e-03
-5.207305206470473494e-04 1.294179998731486304e-03
-3.251386772430647863e-04 1.187410170128361774e-03
-9.575680002827790128e-05 7.947935967700102715e-04
1.336102357897827621e-04 2.210054222662294994e-04
3.266988945155232800e-04 -3.995121273261051506e-04
4.514903574978896108e-04 -9.285115667750162708e-04
4.861539831006092397e-04 -1.250503437954310001e-03
4.231077754662493058e-04 -1.294882636395497302e-03
2.704285044865509702e-04 -1.049422573291888513e-03
5.034512605079545923e-05 -5.625796870810301003e-04
-2.048994602585991142e-04 6.582719608439998368e-05
-4.590359290052864341e-04 7.037938030435512277e-04
-6.784737573252485948e-04 1.212525531001537550e-03
-8.384576331677516536e-04 1.473232374310068501e-03
-9.275132482840643504e-04 1.410237577746513557e-03
-9.493452696055192097e-04 1.006009498962102088e-03
-9.218332949612639046e-04 3.052534094723761580e-04
-8.733216166599756152e-04 -5.927301862249819125e-04
-8.369114980729990471e-04 -1.551993544854261744e-03
-8.438432572576864445e-04 -2.424817962333174204e-03
-9.172279985580330868e-04 -3.078828602364752295e-03
-1.067322620439478112e-03 -3.421234000548160903e-03
-1.289249288497918387e-03 -3.415620109787879596e-03
-1.563597308112919197e-03 -3.088137404991981270e-03
-1.859799040748351395e-03 -2.521926379951213142e-03
-2.141645674897079375e-03 -1.840851760547976062e-03
-2.373902869797268281e-03 -1.185637678421416936e-03
-2.528777352056251621e-03 -6.869321502556812852e-04
-2.591012994520203346e-03 -4.404076818714038229e-04
-2.560653544351282340e-03 -4.886162217151903547e-04
-2.452950060019561552e-03 -8.130346580143481099e-04
-2.295430841683442341e-03 -1.337804371419999087e-03
-2.122688045091944246e-03 -1.944451016667605916e-03
-1.969866699681581141e-03 -2.494788638428260298e-03
-1.866086784673968470e-03 -2.857659760911717122e-03
-1.829040962954958703e-03 -2.934434275625046745e-03
-1.861787276509374589e-03 -2.678422852486156067e-03
-1.952339878108660422e-03 -2.104511153896659187e-03
-2.076130561703410597e-03 -1.287171502424069944e-03
-2.200869902106542073e-03 -3.472084914002444974e-04
-2.292882228010281222e-03 5.702721774698127485e-04
-2.323709494036020617e-03 1.322520404729962858e-03
-2.275728228363553193e-03 1.795396306397888716e-03
-2.145710745380624736e-03 1.924270142716627855e-03
-1.945651332157987377e-03 1.705627346533990230e-03
-1.700696403769635804e-03 1.197196490084499656e-03
-1.444566530994905156e-03 5.065889354680200860e-04
-1.213333803812843142e-03 -2.293883477231929788e-04
-1.038730114140765061e-03 -8.708221104241561927e-04
-9.422514921479251300e-04 -1.301239741095958297e-03
-9.311736453072155242e-04 -1.449585707579079293e-03
-9.972327222652842792e-04 -1.303468037143573057e-03
-1.118221419625371532e-03 -9.111714676274379737e-04
-1.262199259785877145e-03 -3.720639135688432473e-04
-1.393521556421537097e-03 1.827765835935942938e-04
-1.479547835592215539e-03 6.160329449291239608e-04
-1.496762379921419851e-03 8.108797962287938622e-04
-1.435151366576590225e-03 6.938950860489977168e-04
-1.300011600933153721e-03 2.497954997280921619e-04
-1.110852500717277383e-03 -4.748142528020139665e-04
-8.976035807377291372e-04 -1.379408528579939737e-03
-6.948499448249943799e-04 -2.327736081708332329e-03
-5.351915925575810931e-04 -3.172818413302008929e-03
-4.429880391593054179e-04 -3.784036920708509170e-03
-4.296764916677533693e-04 -4.071197754882523168e-03
-4.915535088217345711e-04 -4.001033725861517787e-03
-6.104431624250711242e-04 -3.603032391768567176e-03
-7.571275894652454040e-04 -2.963497998225703318e-03
-8.968920640969109837e-04 -2.208980087055629777e-03
-9.961355322568603201e-04 -1.482212092799152590e-03
-1.028794965927625621e-03 -9.151184395464740089e-04
-9.813663303922474240e-04 -6.040006089836047996e-04
-8.555699348139225941e-04 -5.915969185678383348e-04
-6.681532927065461733e-04 -8.594061266840142491e-04
-4.478660188306591975e-04 -1.331718594140002569e-03
-2.301762071539078104e-04 -1.890579217953230204e-03
-5.072488591494761371e-05 -2.398834048228576377e-03
6.124632769903261232e-05 -2.726879832740371646e-03
8.825448398624632929e-05 -2.778032940684962808e-03
2.771146285562847830e-05 -2.507694304252122610e-03
-1.077519394101330219e-04 -1.932660971854795098e-03
-2.928305058918849696e-04 -1.128800357124222454e-03
-4.944710754928490761e-04 -2.175070858986126346e-04
-6.782435166021087789e-04 6.565128270850715923e-04
-8.149454758481004769e-04 1.351942290695894297e-03
-8.861863546743074631e-04 1.756998937498260730e-03
-8.878898636676543169e-04 1.810090376814206667e-03
-8.310493950749854673e-04 1.511080170121362025e-03
-7.395915217013082936e-04 9.210410572927288765e-04
-6.457514435577875770e-04 1.505490508025940225e-04
-5.838362362566019677e-04 -6.612612674138290464e-04
-5.835578993656955881e-04 -1.372913760275684117e-03
-6.642005039025408860e-04 -1.867118506852505138e-03
-8.307286343329732797e-04 -2.072593085294254477e-03
-1.072577549476428239e-03 -1.977054267733675298e-03
-1.365358446938955356e-03 -1.628931666015477923e-03
-1.675160857618500062e-03 -1.127492885329608356e-03
-1.964642895062088633e-03 -6.032662645881499809e-04
-2.199761886931537926e-03 -1.924863194605068353e-04
-2.355876904256961214e-03 -1.042024426739702504e-05
-2.422073826869174974e-03 -1.286466224346362233e-04
-2.402900285211442052e-03 -5.606095229119263234e-04
-2.317188304703600432e-03 -1.258204075619313075e-03
-2.194193811663226312e-03 -2.120060209887592115e-03
-2.067789898732241404e-03 -3.009975189947999841e-03
-1.969818762909520630e-03 -3.782022511329714148e-03
-1.923865902259407675e-03 -4.307598735995588415e-03
-1.940639515482202792e-03 -4.499300635905058993e-03
-2.015833384427651032e-03 -4.327122536903892959e-03
-2.130880482303562466e-03 -3.823914985230110475e-03
-2.256456273089423037e-03 -3.079076155525621930e-03
-2.358068954356763378e-03 -2.221672457152962243e-03
-2.402677592495309090e-03 -1.396183308271164514e-03
-2.365083348868218631e-03 -7.354586185608340959e-04
-2.232880955502210794e-03 -3.360022885473539379e-04
-2.009029371626135096e-03 -2.402516799989049771e-04
-1.711550672606346754e-03 -4.291955783739221601e-04
-1.370409416852654341e-03 -8.267131233488491174e-04
-1.022158099855169930e-03 -1.314794775580596913e-03
-7.033568279926727222e-04 -1.756744309156225980e-03
-4.440070577056695134e-04 -2.023948529050847642e-03
-2.622363325064250641e-04 -2.021125231809000299e-03
-1.612339938404703621e-04 -1.705247875842458901e-03
-1.290116832878854757e-04 -1.094543014233599447e-03
-1.410277263861779901e-04 -2.658370589766444192e-04
-1.651724055841987911e-04 6.592636641521926535e-04
-1.681643539243727172e-04 1.536759364273358177e-03
-1.221414898113912435e-04 2.226985243407423026e-03
-1.019364666994738338e-05 2.620632813708923502e-03
1.702147819698333073e-04 2.659146139925317679e-03
4.065833850748283812e-04 2.345637364244960825e-03
6.736027957194048966e-04 1.744258100265545265e-03
9.378496357161067486e-04 9.681460871341091966e-04
1.164060473704655110e-03 1.582265924514487119e-04
1.321796086540633899e-03 -5.431234658758388395e-04
1.391232585755997802e-03 -1.018570974736230641e-03
1.366980462451449808e-03 -1.197476450134751791e-03
1.259205195900816839e-03 -1.068612900850721527e-03
1.091833303884982235e-03 -6.815615012429375799e-04
8.981790626736951529e-04 -1.365376069760941937e-04
7.148152148687020877e-04 4.354072476560733431e-04
5.748433394967990663e-04 8.980384467496040904e-04
5.018331671416501613e-04 1.136568433357833686e-03
5.055734177701674652e-04 1.080200948054424372e-03
5.804337085025118581e-04 7.163007653433470841e-04
7.066427132660981500e-04 9.348723773297301816e-05
8.542357158397573258e-04 -6.869511277545364315e-04
9.889195432948949625e-04 -1.489710415160311070e-03
1.078740238652535575e-03 -2.170673944818932426e-03
1.100287351213220972e-03 -2.603901708033358985e-03
1.043257044669973358e-03 -2.705303228940581818e-03
9.125076434638538245e-04 -2.448515394490928272e-03
7.272168384095302083e-04 -1.869979667624961737e-03
5.172995098186425247e-04 -1.062255165457944234e-03
3.177648385277155271e-04 -1.568287117412585645e-04
1.620825379419930045e-04 7.003310869038506525e-04
7.581649561354812010e-05 1.375857469363169720e-03
7.173414842572668022e-05 1.773591656560102002e-03
1.473210008886562355e-04 1.852067676606359908e-03
2.851746522322621950e-04 1.631582408175637298e-03
4.562076912738595837e-04 1.189530949443202285e-03
6.250570624663028983e-04 6.449104763351499840e-04
7.566797212332257135e-04 1.349473007915126359e-04
8.228897148431235393e-04 -2.117066159414834545e-04
8.076027990947758474e-04 -3.001123257505323993e-04
7.097992562244298011e-04 -8.773857454818980578e-05
5.436474163413460231e-04 4.068450124257241580e-04
3.357677359289319425e-04 1.106938034923518523e-03
1.201583864839207781e-04 1.891793728935071061e-03
-6.825433156203831011e-05 2.619161564521012026e-03
-2.002175864605306214e-04 3.152027479612748775e-03
-2.576543262341838831e-04 3.384493348086434379e-03
-2.370239057006340625e-04 3.261897161683674842e-03
-1.499050099687155050e-04 2.791362835552170345e-03
-2.069173690295236388e-05 2.040777693589473744e-03
1.181587496480363577e-04 1.126384019727138131e-03
2.324241382013600063e-04 1.913242218776980584e-04
2.927642596522830095e-04 -6.208105168977689050e-04
2.804548530190364508e-04 -1.192434492771261975e-03
1.911174649036663520e-04 -1.453432492223393716e-03
3.573427300551209793e-05 -1.393589725431113166e-03
-1.612494201738844828e-04 -1.063652822721155092e-03
-3.663807909232401762e-04 -5.648415047620937305e-04
-5.433743889902200317e-04 -2.881771114671832779e-05
-6.598416630146115153e-04 4.080743411118280435e-04
