-1.643454481182419352e-03 2.720108465144933691e-04
-1.529030090799411191e-03 3.928119422796733052e-04
-1.335723476755786574e-03 5.393282958315753252e-04
-1.081344862606288841e-03 6.916452590545896922e-04
-7.963594518681229532e-04 8.254717905921866994e-04
-5.184787614008711226e-04 9.166425248324105600e-04
-2.858466662280236773e-04 9.456725687809659515e-04
-1.301028591529958668e-04 9.015023569241814973e-04
-7.063059308412008392e-05 7.837214712831639968e-04
-1.110724440875171222e-04 6.028466081155472653e-04
-2.387696308182706971e-04 3.785956798953581288e-04
-4.272281995787967227e-04 1.364779663040440794e-04
-6.411436634532834654e-04 -9.666225213358732777e-05
-8.430326881958584428e-04 -2.973141190017439175e-04
-1.000217565888315884e-03 -4.493069756219544375e-04
-1.090843819482715821e-03 -5.464077073052261632e-04
-1.107795686884919346e-03 -5.930281451710439156e-04
-1.059773494419974978e-03 -6.029199778783668690e-04
-9.693354191043245839e-04 -5.961155291996936495e-04
-8.682818707850789618e-04 -5.947044716546931020e-04
-7.912646645646850396e-04 -6.182562757103640151e-04
-7.688398642017597439e-04 -6.797643507238718390e-04
-8.212888899589358520e-04 -7.828879143105566419e-04
-9.543871743458501571e-04 -9.210205784945090651e-04
-1.157930826313086255e-03 -1.078367273553609449e-03
-1.407309265253899391e-03 -1.232829251883668610e-03
-1.667834550543016324e-03 -1.360152869547084833e-03
-1.901015469230242809e-03 -1.438556815840736454e-03
-2.071595334172109983e-03 -1.452960130217509837e-03
-2.154026796943623798e-03 -1.398007235915710734e-03
-2.137162395978406924e-03 -1.279312381657674762e-03
-2.026276107891796224e-03 -1.112681533742256902e-03
-1.842035155834626349e-03 -9.214513831089263078e-04
-1.616617358971849088e-03 -7.324404989471031439e-04
-1.387708348021633948e-03 -5.712695119917397032e-04
-1.191512993381080776e-03 -4.579259882395803147e-04
-1.056100686351066397e-03 -4.034028840771167147e-04
-9.963396276357981002e-04 -4.080360234172104123e-04
-1.011373250183290841e-03 -4.618444336691262630e-04
-1.085109549652699124e-03 -5.467985125427891674e-04
-1.189622770449483063e-03 -6.405765993006758315e-04
-1.290814796218927316e-03 -7.210895738131930946e-04
-1.355255274040700160e-03 -7.709087798952940149e-04
-1.356896072425108242e-03 -7.807521670401486487e-04
-1.282379445420397121e-03 -7.513633251671288007e-04
-1.133925748041580538e-03 -6.934239748937737592e-04
-9.292452620726683469e-04 -6.255145144351710856e-04
-6.984827816123472715e-04 -5.705085503538050162e-04
-4.787662525604398909e-04 -5.510856022696402874e-04
-3.073854061703939480e-04 -5.852148549722309499e-04
-2.148868645757018455e-04 -6.824699555356473525e-04
-2.193892659950644718e-04 -8.418790309207162042e-04
-3.231922961544554294e-04 -1.051724801369453193e-03
-5.123205735389973559e-04 -1.291341630623937722e-03
-7.590890621749340475e-04 -1.534579240413226110e-03
-1.027205993924943002e-03 -1.754288001763274537e-03
-1.278450198576323339e-03 -1.926987787331150810e-03
-1.479662944411189087e-03 -2.036847843623287597e-03
-1.608736049420092734e-03 -2.078235551250381605e-03
-1.658469150271380931e-03 -2.056362595068838336e-03
-1.637573396186239438e-03 -1.985916726096999697e-03
-1.568639877682306318e-03 -1.887947878187136354e-03
-1.483466344391277123e-03 -1.785606862971593186e-03
-1.416636280211641848e-03 -1.699550849083715422e-03
-1.398575411535002682e-03 -1.643891469623897251e-03
-1.449409549284514818e-03 -1.623457057369750468e-03
-1.574795599968243417e-03 -1.632889973764680216e-03
-1.764523426906109468e-03 -1.657750751375035043e-03
-1.994160858488685552e-03 -1.677418978914771474e-03
-2.229437022808290324e-03 -1.669238855059108993e-03
-2.432539632820022567e-03 -1.613119921311293196e-03
-2.569138252064276894e-03 -1.495715651485249754e-03
-2.614806808315529429e-03 -1.313380998187441834e-03
-2.559630993524079218e-03 -1.073339864435141067e-03
-2.410128447436103889e-03 -7.928312900032387887e-04
-2.188116998584251679e-03 -4.963849786568929343e-04
-1.926742697227114753e-03 -2.117303640683125597e-04
-1.664415807058365702e-03 3.489821617225837436e-05
-1.437797790150099637e-03 2.231834127283409321e-04
-1.275160887358873238e-03 3.420484887826746694e-04
-1.191370379446244797e-03 3.912648356547930844e-04
-1.185431574956978540e-03 3.810497548751758806e-04
-1.241057351803543599e-03 3.297404460440662901e-04
-1.330139756241368069e-03 2.599932046634079955e-04
-1.418459110445066673e-03 1.942346820106206646e-04
-1.472540451815735046e-03 1.502321130664203562e-04
-1.466350134487796929e-03 1.376251964558568427e-04
-1.386556147230784148e-03 1.560784385825647754e-04
-1.235348314832622257e-03 1.954041105297341704e-04
-1.030277420285150448e-03 2.376309992333951507e-04
-8.011377523356390425e-04 2.606239067528967547e-04
-5.844785559768148628e-04 2.425635069891979127e-04
-4.167800969993416143e-04 1.664316695496669907e-04
-3.275842641062204135e-04 2.364488790303103977e-05
-3.338796541908443786e-04 -1.838614978884319602e-04
-4.368049843995351405e-04 -4.435032936654492567e-04
-6.212971181876034057e-04 -7.339074448029529393e-04
-8.587537981498316771e-04 -1.028421560609019125e-03
-1.112211628554893566e-03 -1.299620438276563724e-03
-1.343064758881390821e-03 -1.523968268568667633e-03
-1.518059016520142447e-03 -1.685765437936176132e-03
-1.615244941341457529e-03 -1.779643736779150517e-03
-1.627770978291643829e-03 -1.811147813992449330e-03
-1.564807516147104314e-03 -1.795302018626376622e-03
-1.449435984757879194e-03 -1.753441956488031254e-03
-1.313911919051554767e-03 -1.708917207368370423e-03
-1.193207948427493174e-03 -1.682483794236252746e-03
-1.118067964610647801e-03 -1.688262038939432027e-03
-1.108895675455386001e-03 -1.731026619753744944e-03
-1.171641969534938186e-03 -1.805341610894642184e-03
-1.296476080719532152e-03 -1.896702174843706680e-03
-1.459497321889503037e-03 -1.984462916211830567e-03
-1.627167196415325954e-03 -2.045992995325149940e-03
-1.762625270124887171e-03 -2.061264337995030553e-03
-1.832694109287269285e-03 -2.016995961475782830e-03
-1.814246693499437825e-03 -1.909560372995331053e-03
-1.698729002120159034e-03 -1.746091510639335466e-03
-1.493978394393029926e-03 -1.543573594092772280e-03
-1.222989111951563969e-03 -1.326072191746251010e-03
-9.198530598657561142e-04 -1.120620480232443128e-03
-6.236377794618188936e-04 -9.525284862355657117e-04
-3.713531753613388874e-04 -8.409928049437899412e-04
-1.913303448644507166e-04 -7.958281012244425084e-04
-9.825727097039491705e-05 -8.159302401791750266e-04
-9.080207423165930110e-05 -8.897541788440474064e-04
-1.522644488725474125e-04 -9.977096134641226521e-04
-2.541226314564320825e-04 -1.116015760366905439e-03
-3.617953117136729277e-04 -1.221281985927398809e-03
-4.415190371639331982e-04 -1.294945259075638367e-03
-4.670311812765321098e-04 -1.326724240167003951e-03
-4.247862740555100785e-04 -1.316437741812085879e-03
-3.167122671311820015e-04 -1.273846678441862071e-03
-1.599803119779756491e-04 -1.216554464137989443e-03
1.617158432384577710e-05 -1.166369920517396682e-03
1.759614448454412496e-04 -1.144829194654076697e-03
2.838874385470623539e-04 -1.168733556862591120e-03
3.115600991708826657e-04 -1.246557856126935104e-03
2.432465756050083408e-04 -1.376420229795846358e-03
7.907335692925804771e-05 -1.546008462884851300e-03
-1.647239986008419655e-04 -1.734488054040500115e-03
-4.585576221359629798e-04 -1.916041686780005967e-03
-7.647358228217862944e-04 -2.064380501086648945e-03
-1.044217599796048827e-03 -2.157382887678551981e-03
-1.263602971373138997e-03 -2.180991470368372469e-03
-1.401044715300055459e-03 -2.131638269724064200e-03
-1.449971570130303413e-03 -2.016745401804556984e-03
-1.419927341042411190e-03 -1.853211574682701174e-03
-1.334376221085035227e-03 -1.664174422695329078e-03
-1.225898630478672096e-03 -1.474663491833416631e-03
-1.129695322407720101e-03 -1.306967003639104884e-03
-1.076636989714555492e-03 -1.176587975805324987e-03
-1.087181661635705423e-03 -1.089551974197348026e-03
-1.167316723534371145e-03 -1.041571206603554827e-03
-1.307297781415242858e-03 -1.019216650655552746e-03
-1.483425680560529177e-03 -1.002868316336597400e-03
-1.662526330267798027e-03 -9.708758642418946873e-04
-1.808284803120685253e-03 -9.041316405760957148e-04
-1.888232668179036077e-03 -7.901793541058431836e-04
-1.880062460747670755e-03 -6.260690558749450099e-04
-1.776069297301730238e-03 -4.194062471990009497e-04
-1.584873065410894680e-03 -1.873849357018494651e-04
-1.330088464801522027e-03 4.602347261232187344e-05
-1.046187178383898436e-03 2.542037654358421427e-04
-7.723273809506439212e-04 4.125800511040928105e-04
-5.453101381890545140e-04 5.029703218367685431e-04
-3.929872500156506216e-04 5.167952621478438119e-04
-3.293595168655823321e-04 4.565395749375184388e-04
-3.522844619516969644e-04 3.351933563248737013e-04
-4.442188038116528940e-04 1.737817985037220419e-04
-5.758469195067296301e-04 -2.548315198154499752e-06
-7.119008489044266908e-04 -1.691453960281050521e-04
-8.180633681290226580e-04 -3.063018080312926807e-04
-8.676416742359064141e-04 -4.026968272198465175e-04
-8.467438696085571002e-04 -4.571880956815259356e-04
-7.569752299808269261e-04 -4.786200550848779788e-04
-6.151422283088782590e-04 -4.836946341873879962e-04
-4.500202564540210825e-04 -4.933174799134910611e-04
-2.967983633126819410e-04 -5.281225520408639861e-04
-1.902555435400308148e-04 -6.040341036325090791e-04
-1.579645929203349754e-04 -7.287183497967314547e-04
-2.148155422702685471e-04 -8.996087476416528891e-04
-3.599019221405010387e-04 -1.103890648653379439e-03
-5.763666710040072716e-04 -1.320459600782852893e-03
-8.342448873363050637e-04 -1.523493122073809073e-03
-1.095773779801657464e-03 -1.686969261593998168e-03
-1.322173402253803455e-03 -1.789284768046864316e-03
-1.480623440039207251e-03 -1.817105408341413049e-03
-1.550124134536828456e-03 -1.767724791271707042e-03
-1.525140435136899085e-03 -1.649488761723284010e-03
-1.416347707232203015e-03 -1.480206926143429061e-03
-1.248345433265760172e-03 -1.283852175481818136e-03
-1.054778557448214898e-03 -1.086171409379580507e-03
-8.717959301934225837e-04 -9.100350436887007797e-04
-7.310889892040561963e-04 -7.714006450241313231e-04
-6.538320056322865451e-04 -6.766481761532485264e-04
-6.466731520517479898e-04 -6.217832067379254913e-04
-7.005359275655644643e-04 -5.936495216369764736e-04
-7.924569287799392188e-04 -5.729110756111271182e-04
-8.901096403277974434e-04 -5.382274554939994607e-04
-9.581539892518126274e-04 -4.708205174972188460e-04
-9.652044473817267137e-04 -3.585555661515196931e-04
-8.900911996879755459e-04 -1.987524063596133954e-04
-7.262217449547359038e-04 8.175835606882321527e-07
-4.832091278096803345e-04 2.229481475487288169e-04
-1.854498947301357037e-04 4.438462579495053620e-04
1.320880349059534665e-04 6.372814180424545612e-04
4.300793481668524314e-04 7.792582736338526765e-04
6.718899207643026436e-04 8.523340832056591071e-04
8.301345335640807803e-04 8.487682210409589357e-04
8.915107863367737785e-04 7.719103157615201218e-04
8.590020430716378223e-04 6.355653527666464513e-04
7.510395855565034622e-04 4.614553250147901929e-04
5.977889164999852008e-04 2.752556548058323520e-04
4.352685372060072656e-04 1.019527628818051881e-04
2.984186701726495813e-04 -3.860390550025784686e-05
2.144348659205453375e-04 -1.351203730367521710e-04
1.976298686434400562e-04 -1.866083376955402049e-04
2.467963133366919064e-04 -2.021452636301554495e-04
3.455678827226207677e-04 -1.987002051860196829e-04
4.657074264074845087e-04 -1.974480697149571119e-04
5.726950297937465897e-04 -2.192815791569529898e-04
6.325523297187683313e-04 -2.803821760044738804e-04
6.186042196381167507e-04 -3.886997559772567600e-04
5.168900188663982367e-04 -5.420185533545325649e-04
3.291911497081644305e-04 -7.279854398925275725e-04
7.309311512356932790e-05 -9.261043491930961730e-04
-2.209392334273095929e-04 -1.111327071997617565e-03
-5.149287519393540985e-04 -1.258567029912923199e-03
-7.701884520520177729e-04 -1.347286352916607670e-03
-9.542802984122268455e-04 -1.365291074417418656e-03
-1.046821167330984868e-03 -1.311017491127706037e-03
-1.043044324102397830e-03 -1.193876684598210117e-03
-9.544488404235169053e-04 -1.032590142167387568e-03
-8.064196845674246163e-04 -8.518280990837491301e-04
-6.332736016555585512e-04 -6.777819899277823463e-04
-4.716720087068428297e-04 -5.335027398638372310e-04
-3.536499469403468158e-04 -4.348796475731719468e-04
-3.005814103520845749e-04 -3.880121983433385230e-04
-3.192226424105485045e-04 -3.884625032040485339e-04
-4.005801364798834826e-04 -4.225193186996516821e-04
-5.218138870364322484e-04 -4.702233251498216457e-04
-6.508104737509830349e-04 -5.095697318219443795e-04
-7.525539046719758847e-04 -5.210815056244004831e-04
-7.960807582758431655e-04 -4.918767621900520986e-04
-7.606947115243501995e-04 -4.184503114964976565e-04
-6.402551459459286838e-04 -3.076337339930631880e-04
-4.447187681111473660e-04 -1.755443821474804607e-04
-1.986331063853482648e-04 -4.471581269602199830e-05
6.314208912644770385e-05 6.005202456824695976e-05
3.016843968538450134e-04 1.163404987177285869e-04
4.810544381864818560e-04 1.083795958599198094e-04
5.748115676992541926e-04 3.012677557023721265e-05
5.707728676943810706e-04 -1.134273633453421594e-04
4.731203882048896719e-04 -3.069773193643106574e-04
3.014625174549274934e-04 -5.275139507377370890e-04
8.703082057414193197e-05 -7.483409630318719205e-04
-1.332652812798491631e-04 -9.437441062579180959e-04
-3.237994127206062205e-04 -1.093438151648161221e-03
-4.568872714870307237e-04 -1.185959752862630195e-03
-5.178848889131431026e-04 -1.220374606462086044e-03
-5.077641139431386284e-04 -1.205986964107905093e-03
-4.426822700417022303e-04 -1.160117979130065660e-03
-3.506332509392766166e-04 -1.104384933372614579e-03
-2.658209803580318417e-04 -1.060196871100758595e-03
-2.218283041187386873e-04 -1.044329898906180918e-03
-2.448831636780143860e-04 -1.065429437644187065e-03
-3.485059814216161602e-04 -1.122110080958942623e-03
-5.305609491793412610e-04 -1.203019896751456779e-03
-7.732788083675060358e-04 -1.288862561652603543e-03
-1.046255911964513730e-03 -1.355998389956859524e-03
-1.311870432274010560e-03 -1.380944643762290055e-03
-1.532098311452596753e-03 -1.344923460107800856e-03
-1.675445731415006051e-03 -1.237594919678686352e-03
-1.722691859362741277e-03 -1.059265296513323650e-03
-1.670359788593796550e-03 -8.211475308129321735e-04
-1.531262524291066756e-03 -5.436181546665448151e-04
-1.332023373244610454e-03 -2.527927871601147068e-04
-1.108041599376519701e-03 2.394061293645212700e-05
-8.968565225151794735e-04 2.625952943528379641e-04
-7.311650732033704320e-04 4.465923121856846885e-04
-6.328120522327603924e-04 5.693533041958811396e-04
-6.088868492878575945e-04 6.350005857386588955e-04
-6.506603042647921345e-04 6.570441063685799254e-04
-7.355565286296399021e-04 6.553157373909640005e-04
-8.317789015121225798e-04 6.517426905846212485e-04
-9.047061276808772857e-04 6.657708818484688040e-04
-9.238385148112617223e-04 7.103143005795778051e-04
-8.689700796496207169e-04 7.890055975707107542e-04
-7.344085322042986225e-04 8.952752862828664004e-04
-5.304348900099676179e-04 1.013439121112501414e-03
-2.817174367447584276e-04 1.121591267930037873e-03
-2.297193208659561742e-05 1.195757174829801010e-03
2.073178997496485595e-04 1.214519703759619432e-03
3.739374059999452733e-04 1.163240646174692160e-03
4.514088837940977324e-04 1.037074573138138753e-03
4.286702003810414314e-04 8.421989356416719440e-04
3.110815498294125753e-04 5.950204993535022652e-04
1.193822776641119209e-04 3.194999545600206523e-04
-1.142042161168991225e-04 4.309163610041540798e-05
-3.519809085071088457e-04 -2.079434870247814091e-04
-5.577672017069071732e-04 -4.129754747821629077e-04
-7.035487272208196079e-04 -5.603653522473939653e-04
-7.745327252603189001e-04 -6.491232091309348312e-04
-7.716578574873786574e-04 -6.885625125550682516e-04
-7.110903024222352004e-04 -6.960277345874763466e-04
-6.208094506549963372e-04 -6.931365776576899236e-04
-5.349382359541137713e-04 -7.012584529503653255e-04
-4.869006265043849548e-04 -7.370943647757488733e-04
-5.027111030978627989e-04 -8.092028352583097509e-04
-5.956759694806550891e-04 -9.161358862732633251e-04
-7.635188031566367143e-04 -1.046542614742593117e-03
-9.884829241253926917e-04 -1.181223622696886584e-03
-1.240399435679534652e-03 -1.296748402344556021e-03
-1.482147043446660831e-03 -1.369950047160382791e-03
-1.676475985320836394e-03 -1.382443776902040873e-03
-1.792908969846970704e-03 -1.324309555211896933e-03
-1.813416175217320240e-03 -1.196235757421399174e-03
-1.735792136212357690e-03 -1.009710783765906594e-03
-1.574096078124622745e-03 -7.852178452701155664e-04
-1.356071852908575072e-03 -5.487651646149711718e-04
-1.118034116559472532e-03 -3.273981722195068423e-04
-8.981857723465653046e-04 -1.445324407443352387e-04
-7.296274434083576104e-04 -1.597971877900279279e-05
-6.343768631657416539e-04 5.259186043097538238e-05
-6.195237938824067238e-04 6.629364711182336549e-05
-6.762408339184029088e-04 3.963867350179403067e-05
-7.818290062663443753e-04 -6.579039809869884113e-06
-9.044018769944062305e-04 -4.954827705912882049e-05
-1.009312046619297238e-03 -6.903249222278787798e-05
-1.066093853734212827e-03 -5.141398582668790535e-05
-1.054598516541181263e-03 7.580130917105205608e-06
-9.691511949180180510e-04 1.019894704035487708e-04
-8.199345572291627960e-04 2.167390557983242397e-04
-6.313293456289580975e-04 3.305530339931527254e-04
-4.375195545591548194e-04 4.201096854950940639e-04
-2.761888714875989021e-04 4.646473015325734311e-04
-1.814976727391861091e-04 4.501435555499690546e-04
-1.776674248992690945e-04 3.722703092656542761e-04
-2.743857347228506843e-04 2.375563781834106269e-04
-4.649019946191323212e-04 6.252900765174521493e-05
-7.271755539690654335e-04 -1.290133369630434661e-04
-1.027861766260714524e-03 -3.100910635407411599e-04
-1.328385259414773586e-03 -4.552329416954381753e-04
-1.591955811332694754e-03 -5.448881063157776788e-04
-1.790204852050443322e-03 -5.687360640863772885e-04
-1.908193414612002151e-03 -5.272784067212793252e-04
-1.946851511784660968e-03 -4.314205838272525606e-04
-1.922395869239153449e-03 -3.001317169973503028e-04
-1.862845481187719787e-03 -1.566331868693635596e-04
-1.802304155241661338e-03 -2.384393977160765557e-05
-1.774101991210321003e-03 8.005031579054548143e-05
-1.804103542365638338e-03 1.450619439235819696e-04
-1.905458380370634143e-03 1.712427832044895962e-04
-2.075796000418441735e-03 1.685537909540366932e-04
-2.297403315889691086e-03 1.547896927366149361e-04
-2.540357219102355648e-03 1.519553722728346880e-04
-2.768023977660817418e-03 1.817855014987019766e-04
-2.943887790404968105e-03 2.612626172040017811e-04
-3.038417775186025901e-03 3.989904679096440278e-04
-3.034673951057029022e-03 5.931186457329329538e-04
-2.931590095069377261e-03 8.312217057721833606e-04
-2.744309800364679378e-03 1.092166582313665703e-03
-2.501508655534874590e-03 1.349626064533661872e-03
-2.240204849866212107e-03 1.576584586241672409e-03
-1.999034903458330511e-03 1.749994590614238447e-03
-1.811260824952876276e-03 1.854712845541937796e-03
-1.698824997399459719e-03 1.885981781283003903e-03
-1.668570034359027855e-03 1.849995517174950329e-03
-1.711330438549169691e-03 1.762451763939298704e-03
-1.804058854935620656e-03 1.645370807466932025e-03
-1.914575059164452808e-03 1.522789377786470380e-03
-2.008029372578437870e-03 1.416148582488904869e-03
-2.053847946804634398e-03 1.340251256818872144e-03
-2.031836702990380723e-03 1.300554461215042710e-03
-1.936280796882935366e-03 1.292308242014153985e-03
-1.777256981332005735e-03 1.301700415449458942e-03
-1.578905082279006547e-03 1.308785606820818447e-03
-1.374981829336842636e-03 1.291637353453625736e-03
-1.202536197737854012e-03 1.230929063844751281e-03
-1.094902503783335606e-03 1.114067167656866524e-03
-1.075338103578840718e-03 9.380835330275030326e-04
-1.152511910659925667e-03 7.107283376424680102e-04
-1.318700880594732457e-03 4.495447509815392339e-04
-1.551040172394374658e-03 1.790886222710774570e-04
-1.815595696019660886e-03 -7.319241836332648519e-05
-2.073494417236838340e-03 -2.816519475634933316e-04
-2.287959076319848011e-03 -4.268324742978914709e-04
-2.430923466547812301e-03 -4.987275583803860071e-04
-2.487984381202623663e-03 -4.983100651611274343e-04
-2.460761621028152626e-03 -4.370453355301794334e-04
-2.366228352179359628e-03 -3.344881411976585186e-04
-2.233147664112780390e-03 -2.144235079692779317e-04
-2.096298797157221654e-03 -1.002854703248409556e-04
-1.989594506680078447e-03 -1.072273474212343545e-05
-1.939400269860284704e-03 4.384942461846017773e-05
-1.959326919987957293e-03 6.306027753818330855e-05
-2.047488240750749283e-03 5.641872299973461305e-05
-2.186747121571781024e-03 4.120913991767503925e-05
-2.347906694789402091e-03 3.885352093028080693e-05
-2.495243871568578881e-03 7.043718205795534396e-05
-2.593337745097874705e-03 1.522548893651729743e-04
-2.613898721261899948e-03 2.922313300955864997e-04
-2.541302698112667992e-03 4.879050112218424775e-04
-2.375778471378929644e-03 7.263690897459129962e-04
-2.133639652242537432e-03 9.861922818928954126e-04
-1.844510872998822481e-03 1.240967982196603502e-03
-1.546066203129025773e-03 1.463831056067832958e-03
-1.277267948056467215e-03 1.632097902435833631e-03
-1.071377334132719199e-03 1.731161145197215737e-03
-9.500513638837447929e-04 1.756910314607420826e-03
-9.196342662435706044e-04 1.716227641988980930e-03
-9.703364524232824598e-04 1.625471053849869953e-03
-1.078447395818763789e-03 1.507235926823302565e-03
-1.211154854813702121e-03 1.386011340849134434e-03
-1.333050024044139196e-03 1.283554105064102502e-03
-1.413079832529522562e-03 1.214855475071687212e-03
-1.430623966842296119e-03 1.185461495126769078e-03
-1.379541096321310707e-03 1.190649907744959716e-03
-1.269414585364799994e-03 1.216613464485974926e-03
-1.123759612981642874e-03 1.243418140550594858e-03
-9.755303865120678545e-04 1.249167438162064603e-03
-8.607787930741532013e-04 1.214574557747219018e-03
-8.116672762872795873e-04 1.127066183072351685e-03
-8.501623801980747472e-04 9.836297612641916287e-04
-9.836078221007182876e-04 7.918537866356839148e-04
-1.203021267657239553e-03 5.689527315812940899e-04
-1.484444315795514866e-03 3.389501269239749912e-04
-1.793097981516304004e-03 1.285425678363443143e-04
-2.089565464054921485e-03 -3.758203694444948702e-05
-2.336840636337905730e-03 -1.410943037615399300e-04
-2.506917062758854103e-03 -1.732252544221324461e-04
-2.585679421099066656e-03 -1.362201507961328711e-04
-2.575180482931279866e-03 -4.277363414411352791e-05
-2.492881465955013032e-03 8.644390263067087596e-05
-2.368007958954940293e-03 2.266990847962921862e-04
-2.235718992175061114e-03 3.538070923033186164e-04
-2.130199938420847695e-03 4.485710075082217311e-04
-2.077992585712310977e-03 5.002122925875391452e-04
-2.092829575873408898e-03 5.081483140139883559e-04
-2.172954222190536314e-03 4.817872501585117578e-04
-2.301434721646491467e-03 4.383873883657116491e-04
-2.449413366326336997e-03 3.993953882597967974e-04
-2.581674193453735618e-03 3.859669347285954802e-04
-2.663472123789515159e-03 4.145286144121712590e-04
-2.667326441848790440e-03 4.932323823965238663e-04
-2.578486979628167707e-03 6.199850464440715509e-04
-2.398031564563733557e-03 7.824367705522405729e-04
-2.143000835209483111e-03 9.599411986312214595e-04
-1.843536698508460060e-03 1.127125757826513003e-03
-1.537557455001675819e-03 1.258404860936432898e-03
-1.263968656125147132e-03 1.332589021758453021e-03
-1.055685848140204552e-03 1.336723380701047891e-03
-9.337810375462266086e-04 1.268433537771994921e-03
-9.038522241752507558e-04 1.136337599555718291e-03
-9.552949159112656460e-04 9.584477958701724662e-04
-1.063605756945601053e-03 7.588639438283717150e-04
-1.195275161877486876e-03 5.633827267159664505e-04
-1.314336670243732410e-03 3.948503444053925809e-04
-1.389328219518617263e-03 2.691330739678469974e-04
-1.399343825522883500e-03 1.924617975980881610e-04
-1.338027752196407254e-03 1.606450804617025991e-04
-1.214754247101865626e-03 1.602904551985237297e-04
-1.052770248998987192e-03 1.717924239383777408e-04
-8.846549330042704313e-04 1.735105132029868724e-04
-7.459593638178521786e-04 1.463349917524980220e-04
-6.682353917876165516e-04 7.776433535956419783e-05
-6.727797308347300588e-04 -3.528888033803724133e-05
-7.662847562184325976e-04 -1.855057944345878368e-04
-9.392273769495897585e-04 -3.561808258142920526e-04
-1.167309551214588568e-03 -5.240691974825978199e-04
-1.415686649055687869e-03 -6.635313717456087701e-04
-1.645192236375925092e-03 -7.511964441414498367e-04
-1.819389857689433180e-03 -7.702667740806559389e-04
-1.911125603719739628e-03 -7.136524197598342629e-04
-1.907349356253420451e-03 -5.853437812012996086e-04
-1.811299797614714232e-03 -3.997626545649018048e-04
-1.641646617791482545e-03 -1.792128808995052951e-04
-1.428758509120206955e-03 5.009016127651284541e-05
-1.208808627414066248e-03 2.626645744999710512e-04
-1.016837415361380743e-03 4.382086918185344152e-04
-8.800887642099325392e-04 5.650157473869602464e-04
-8.128823369438526077e-04 6.417193201904063202e-04
-8.139925863386730711e-04 6.770494880754551487e-04
-8.670289508666943496e-04 6.876570738515076385e-04
-9.437420715892626396e-04 6.944296828677235097e-04
-1.009625535543143358e-03 7.180090495187577224e-04
-1.030746797983249927e-03 7.743704049561919798e-04
-9.805071233811662144e-04 8.713125231878106293e-04
-8.450429110972762416e-04 1.006534088241764057e-03
-6.262372874750990383e-04 1.167670825109433895e-03
-3.417628007567942178e-04 1.334295503220160519e-03
-2.213788741559818063e-05 1.481509978939129406e-03
2.946548837405524594e-04 1.584455537973074530e-03
5.699789825120936664e-04 1.622892316274142637e-03
7.715018773607547516e-04 1.584983780709135455e-03
8.789916116833660416e-04 1.469570976969551170e-03
8.878619697691035508e-04 1.286505380162370404e-03
8.098015708663739961e-04 1.054974955976833908e-03
6.703732944898981114e-04 8.001362427526752859e-04
5.040428869504963482e-04 5.486843296780612384e-04
3.475810639128335943e-04 3.241921624498165675e-04
2.330900143289456154e-04 1.430929090705209458e-04
1.819749064522287098e-04 1.205618970508164816e-05
2.010006328507258776e-04 -7.275588011045790518e-05
2.811777931512959654e-04 -1.244234935500115402e-04
3.996848604240170596e-04 -1.622462927024164272e-04
5.244573313369083056e-04 -2.075472646710514702e-04
6.205685437211264435e-04 -2.791098078473485192e-04
6.571866181038412552e-04 -3.891234138266157238e-04
6.137820882387880206e-04 -5.404164205894306308e-04
4.844020579022354032e-04 -7.255096644427411114e-04
2.791924225004970917e-04 -9.276789331180938921e-04
2.287058813767735667e-05 -1.123832424926949920e-03
-2.495714201328973030e-04 -1.288664249963438315e-03
-4.991288887047795218e-04 -1.399301757167620633e-03
-6.898342646809102821e-04 -1.439569230638113994e-03
-7.952679410165720657e-04 -1.403061343910936990e-03
-8.033042060339315796e-04 -1.294443321617214570e-03
-7.181997260419217734e-04 -1.128728748800531846e-03
-5.596339426167059629e-04 -9.286671934650438890e-04
-3.588866245321181789e-04 -7.207301254348857239e-04
-1.528785127688065369e-04 -5.304475945635201339e-04
2.279581039278308612e-05 -3.779698235548364948e-04
1.405243191818221927e-04 -2.746842620438227586e-04
1.857649602928543959e-04 -2.215180198655561968e-04
1.596042928539852961e-04 -2.092359543444734812e-04
7.830766305084982848e-05 -2.206665627264218338e-04
-3.004795833540581547e-05 -2.344228264006402744e-04
-1.312139273896503224e-04 -2.294023776269640651e-04
-1.916069097672548388e-04 -1.892043461180261126e-04
-1.850398048802582695e-04 -1.056168149056866583e-04
-9.806312659193264182e-05 1.949418389919377890e-05
6.710380487208786717e-05 1.742593107805549498e-04
2.926161920665851755e-04 3.388361622072459732e-04
5.480225555307821888e-04 4.890152464727895313e-04
7.956961564733321546e-04 6.007218116520296816e-04
9.976587869099371765e-04 6.545623026109649578e-04
1.122512232976076571e-03 6.395540334717005320e-04
1.151171359163583085e-03 5.553295940615399998e-04
1.080318547297817776e-03 4.123946474087005517e-04
9.229294291090069666e-04 2.303847922424742147e-04
7.057730462955664813e-04 3.464460585302341902e-05
4.643610422375030948e-04 -1.482315818788289990e-04
2.363020618992767489e-04 -2.950620868908902772e-04
5.431806167752569392e-05 -3.900706899986674798e-04
-5.975815849452602215e-05 -4.274644712070948399e-04
-9.887201218652111800e-05 -4.121194782239317707e-04
-7.179197760760869349e-05 -3.582553581479545218e-04
-1.119079278740148838e-06 -2.863606329177389325e-04
8.135449616552357780e-05 -2.189610421682947549e-04
1.410504645232658135e-04 -1.760416980202528898e-04
1.475515036924521380e-04 -1.709983737161424014e-04
8.076565368598040287e-05 -2.078918768194710934e-04
-6.486853320230440145e-05 -2.805313594314548021e-04
-2.789416168408180596e-04 -3.735646004521602187e-04
-5.366793892522935677e-04 -4.653716512270917975e-04
-8.032998562443389350e-04 -5.322150669987113199e-04
-1.040303871807722602e-03 -5.528602713257633593e-04
-1.212515194102247026e-03 -5.127888440347131305e-04
-1.294542774711044319e-03 -4.072029139941777689e-04
-1.275446291753303332e-03 -2.422461442975314409e-04
-1.160724832539304988e-03 -3.420301984535524227e-05
-9.712540859945330632e-04 1.931803410820600198e-04
-7.393737485343553593e-04 4.127560365288764034e-04
-5.028649882507994469e-04 5.986565186140389025e-04
-2.979558933701356564e-04 7.307234384959530524e-04
-1.526755122148119718e-04 7.978559393119581677e-04
-8.180981591072945727e-05 7.996558298472790285e-04
-8.440844954543262656e-05 7.460693729685251253e-04
-1.443071576385484677e-04 6.551043098338891167e-04
-2.335589375948313661e-04 5.490644822994397928e-04
-3.181155827235513235e-04 4.500241545928106526e-04
-3.646747421425351960e-04 3.754069253532565887e-04
-3.473867200504816258e-04 3.345129524419962279e-04
-2.531417931845920304e-04 3.266571249285443431e-04
-8.442781419071862612e-05 3.412741329896243304e-04
1.407916464972930922e-04 3.599722152777841671e-04
3.921635869238180921e-04 3.601465937699009135e-04
6.324191308733565896e-04 3.194664844422936468e-04
8.242041867629983348e-04 2.203823995286405095e-04
9.369789376342587415e-04 5.379492828683338137e-05
9.526835993078168734e-04 -1.788166155797543699e-04
8.691001363832211602e-04 -4.652170886429088511e-04
7.002744790655342829e-04 -7.842330728708297701e-04
4.739189328436006353e-04 -1.109231535081129380e-03
2.262848361251526118e-04 -1.412612272824576238e-03
-4.526863818728817275e-06 -1.670475370058906520e-03
-1.855549792610416602e-04 -1.866591970754292182e-03
-2.949496618292877419e-04 -1.994938535282584670e-03
-3.258022328754597830e-04 -2.060326409598657420e-03
-2.871157269784830051e-04 -2.077018581356265565e-03
-2.017407099036774582e-04 -2.065605761976875999e-03
-1.016760464959919324e-04 -2.048742437288874479e-03
-2.163351795532106325e-05 -2.046558095050779718e-03
7.906008857437043201e-06 -2.072618866821858245e-03
-3.317896804081604551e-05 -2.131208980417238167e-03
-1.505065955712633799e-04 -2.216449784193388721e-03
-3.338249049413680777e-04 -2.313424360884698983e-03
-5.586884415050328385e-04 -2.401094161002272596e-03
-7.908672680106181496e-04 -2.456452949690139491e-03
-9.926588818036856214e-04 -2.459127313425556963e-03
-1.129912067932681893e-03 -2.395546751851731614e-03
-1.178435594118374318e-03 -2.261886351260964604e-03
-1.128579743850464077e-03 -2.065216093629404503e-03
-9.871232222594635616e-04 -1.822629279867990200e-03
-7.761067543714946729e-04 -1.558504284366355385e-03
-5.288314263394337062e-04 -1.300406649406205288e-03
-2.837753305875290307e-04 -1.074395587172637025e-03
-7.757500204423330116e-05 -9.006116187455360904e-04
6.160589355878052023e-05 -7.899690130014068749e-04
1.190724296984829733e-04 -7.425679366204736374e-04
9.602108846988534254e-05 -7.481163044322896574e-04
8.939264082553151532e-06 -7.882717329826150355e-04
-1.138955822196856911e-04 -8.404516006966823716e-04
-2.381449875166055728e-04 -8.823825975266192442e-04
-3.302728167469316410e-04 -8.965226511503791330e-04
-3.642344242896983827e-04 -8.735139336429653721e-04
-3.267166944209171520e-04 -8.140108545709271457e-04
-2.199290911833545422e-04 -7.285364248224719111e-04
-6.141043521279231478e-05 -6.353954890418730484e-04
1.191177720213606767e-04 -5.570430045203912358e-04
2.852602501185377143e-04 -5.155997518767962235e-04
4.007792695903743090e-04 -5.283708510236624677e-04
4.364568383631430102e-04 -6.042233262788149250e-04
3.756889028338161697e-04 -7.415175184954140523e-04
2.177513628709659373e-04 -9.279939200656034609e-04
-2.188289675566248938e-05 -1.142647508309828364e-03
-3.142397545730578031e-04 -1.359245821571077257e-03
-6.220470070840190564e-04 -1.550836013121947854e-03
-9.064659569185714704e-04 -1.694398815752964698e-03
-1.134084076615821373e-03 -1.774779221442104003e-03
-1.282852801607086389e-03 -1.787160058701707868e-03
-1.345854895681280940e-03 -1.737619724686773190e-03
-1.332197243971501880e-03 -1.641677034043392044e-03
-1.264869454055956742e-03 -1.521106019194299512e-03
-1.175983176334566976e-03 -1.399629660750404151e-03
-1.100302804657722015e-03 -1.298312223704778910e-03
-1.068301323090521367e-03 -1.231525269617630113e-03
-1.100064355150631983e-03 -1.204252059744925643e-03
-1.201204054921793229e-03 -1.211239896719619371e-03
-1.361562936929292802e-03 -1.238158330452594161e-03
-1.556958339189018665e-03 -1.264539697376424691e-03
-1.753641217485120201e-03 -1.267939438051834001e-03
-1.914627660201707882e-03 -1.228521275770256670e-03
-2.006705496519677057e-03 -1.133190667014813240e-03
-2.006789092150293181e-03 -9.784844448835630995e-04
-1.906417400579207052e-03 -7.716592896941904629e-04
-1.713540503960419127e-03 -5.297621533206056969e-04
-1.451251966504518752e-03 -2.768475787229882469e-04
-1.153701402169351672e-03 -3.985770800205414108e-05
-8.599544868305762993e-04 1.560657677208617271e-04
-6.069553582115320024e-04 2.919603906093360714e-04
-4.229155545992777424e-04 3.582929141099361467e-04
-3.223723257274868355e-04 3.564736690749075116e-04
-3.038427177933570016e-04 2.983559253245763329e-04
-3.505082132939450323e-04 2.038209928544833173e-04
-4.337909843744757366e-04 9.691072267337919282e-05
-5.191356241978943228e-04 1.242461032980278490e-06
-5.728931547122418158e-04 -6.442434401250738286e-05
-5.689961275602401468e-04 -8.963114678898830923e-05
-4.941541007610563037e-04 -7.402344119686343239e-05
-3.505800036786707249e-04 -2.717673241232437765e-05
-1.557266216145952937e-04 3.351600597305056804e-05
6.092013951828075766e-05 8.648824058844385037e-05
2.633858799298166597e-04 1.104767654232321247e-04
4.160408022854049479e-04 8.897437677959192052e-05
4.904264571175543904e-04 1.380487277045829974e-05
4.707811106550995896e-04 -1.128675113777174359e-04
3.572137668460388139e-04 -2.784860344477443428e-04
1.659208306124041984e-04 -4.620280048839183178e-04
-7.360177741335298732e-05 -6.375563774620263222e-04
-3.238303344481640363e-04 -7.787346489402169943e-04
-5.459786467226691474e-04 -8.634601951031718216e-04
-7.069845935628756278e-04 -8.777478070105484585e-04
-7.854040017899300381e-04 -8.181359784225390600e-04
-7.751050528522235739e-04 -6.921668352852255622e-04
-6.860728602556247918e-04 -5.168538096676344312e-04
-5.421807916653062975e-04 -3.154305077215615238e-04
-3.763589937876004200e-04 -1.129979165942615528e-04
-2.240827558634943674e-04 6.810610824301217055e-05
-1.164206416388316933e-04 2.123403476300517417e-04
-7.396467054786185023e-05 3.136367840418085315e-04
-1.027966669228062564e-04 3.762188966147817643e-04
-1.932580888680183030e-04 4.134137543897453953e-04
-3.217584660629361874e-04 4.446912237671595209e-04
-4.552808168755481796e-04 4.915004818031167922e-04
-5.577303208875086099e-04 5.727027178111024613e-04
-5.969220917506124803e-04 7.004760890586872978e-04
-5.508815156346837409e-04 8.774800426620485167e-04
-4.122594987346103030e-04 1.095827858354060528e-03
-1.900207319904294789e-04 1.338073813768713176e-03
9.192160326518565225e-05 1.580039567028677580e-03
3.988739489530651627e-04 1.794955489153054204e-03
6.915525407852361533e-04 1.958142827757869582e-03
9.331324866720968648e-04 2.051359070070771663e-03
1.095830244923000395e-03 2.065991322700801505e-03
1.165782396762242825e-03 2.004499145315435764e-03
1.145306030233748679e-03 1.879838086211641770e-03
1.052121448527582092e-03 1.712975761387038531e-03
9.156924929703935245e-04 1.528971672933588689e-03
7.713847502906831652e-04 1.352362077584050261e-03
6.535541251851653861e-04 1.202720989555443017e-03
5.888796754033028902e-04 1.091233303695231553e-03
5.912071165872453439e-04 1.018922741938038798e-03
6.588820290994235659e-04 9.768624938561087847e-04
7.750789837587885233e-04 9.483196873520284695e-04
9.110641065112161374e-04 9.124175514703701311e-04
1.031771737746539326e-03 8.486108868429509313e-04
1.102636283597254341e-03 7.411158387320910309e-04
1.096381364961549485e-03 5.824432643209471626e-04
9.984752280748025038e-04 3.753546373273506688e-04
8.102128188285665162e-04 1.328583180238516591e-04
5.488333600054710534e-04 -1.237644628505831944e-04
2.446428206414003135e-04 -3.685407602737095396e-04
-6.432278810134011348e-05 -5.753257859570580198e-04
-3.390920745459674200e-04 -7.224141345786147441e-04
-5.467337427258437028e-04 -7.963763238975946242e-04
-6.662014122075399659e-04 -7.943997466367152312e-04
-6.919500849677926628e-04 -7.246946454018102397e-04
-6.346479712879746476e-04 -6.048903445088522901e-04
-5.188566500478257286e-04 -4.587257062246829511e-04
-3.781256730224653840e-04 -3.116589555572707101e-04
-2.484362276586548853e-04 -1.862248679432351034e-04
-1.612398760972382460e-04 -9.801347203662331541e-05
-1.374137544953148247e-04 -5.302518591644543458e-05
-1.832787059100050267e-04 -4.689529272803005236e-05
-2.894347829398017302e-04 -6.612551454696441130e-05
-4.326336569673980476e-04 -9.107943424406067219e-05
-5.803310241713554663e-04 -1.001638085532468268e-04
-6.970532862021921496e-04 -7.439280217998931995e-05
-7.513679801438158997e-04 -1.459466979043745789e-06
-7.221319564279966852e-04 1.214678388298488375e-04
-6.028270479489706473e-04 2.867646314832889530e-04
-4.031542604762841197e-04 4.773812497516416518e-04
-1.475759552466643712e-04 6.696999765722260259e-04
1.289270603889969247e-04 8.376858959005281484e-04
3.870894961441680333e-04 9.575528163409063008e-04
5.904155618108770671e-04 1.012066629806549194e-03
7.117264495356922897e-04 9.936755492735206176e-04
7.379702636948017903e-04 9.058771217928286712e-04
6.723917050788696861e-04 7.625640399468723877e-04
5.336579061548404977e-04 5.854717319490096005e-04
3.521121552138596340e-04 4.002084075201001179e-04
1.638699244940210772e-04 2.316149873123400605e-04
3.878903973162999789e-06 9.932768066189275437e-05
-1.007404502660924107e-04 1.437620600958447199e-05
-1.358118709889001487e-04 -2.254666477479570102e-05
-1.027092594844789702e-04 -2.082602271394406806e-05
-1.796008421330248014e-05 2.264533028557912692e-06
9.007549288608479132e-05 2.525724374321221071e-05
1.868164417428590566e-04 2.697903583962903509e-05
2.382953316990440670e-04 -9.026058147016584668e-06
2.179145588356762352e-04 -9.098896509700943325e-05
1.118373563602361267e-04 -2.169964927954443784e-04
-7.801561506902508075e-05 -3.750338483153246015e-04
-3.339404495351332570e-04 -5.449890617082892583e-04
-6.254091083955564756e-04 -7.022469288930627404e-04
-9.144625248609319522e-04 -8.221977271499745533e-04
-1.162525761991981639e-03 -8.848112128553826212e-04
-1.337363673234047336e-03 -8.784124068129373596e-04
-1.418868348992673081e-03 -8.019450984846748223e-04
-1.402590070720526657e-03 -6.652936048438769841e-04
-1.300349814365516117e-03 -4.875992563236048838e-04
-1.137822848090333560e-03 -2.938861050869602228e-04
-9.495552562817284083e-04 -1.106289234060917016e-04
-7.723599620989439387e-04 3.890459957629012521e-05
-6.383442619691760602e-04 1.386640602403595884e-04
-5.688892260656409731e-04 1.824292169675155798e-04
-5.707196519993084066e-04 1.745412202008494247e-04
-6.348060157767794259e-04 1.286247332806789688e-04
-7.383022936908343811e-04 6.455420830554560202e-05
-8.491474497206582487e-04 4.250081248634632585e-06
-9.324529033013736513e-04 -3.288803456489322553e-05
-9.574591495552357313e-04 -3.403584684845358021e-05
-9.037361370677533421e-04 4.290974476282329031e-06
-7.654445932168748180e-04 7.529433882886229384e-05
-5.528422411043460187e-04 1.629595536669995457e-04
-2.907403421888574342e-04 2.449338619773172359e-04
-1.419348772969978515e-05 2.966773625943612937e-04
2.377702959956131605e-04 2.961033927561559746e-04
4.292005202959466503e-04 2.278310307291180428e-04
5.337290944395405370e-04 8.624403516937161583e-05
5.393044155379564733e-04 -1.232252511280771280e-04
4.502642832489294356e-04 -3.848341548201778591e-04
2.863599454522950402e-04 -6.751559808943026139e-04
7.891958991772361905e-05 -9.671043198941690856e-04
-1.351201324475522956e-04 -1.234601969861258246e-03
-3.201837025953995376e-04 -1.457020215086216692e-03
-4.487084727919625092e-04 -1.622558638843268290e-03
-5.062211808773994879e-04 -1.729936954750849621e-03
-4.938815027509409726e-04 -1.788090388419114789e-03
-4.280158005240587856e-04 -1.813938319082809185e-03
-3.367352916023746328e-04 -1.828660591395111232e-03
-2.542859472384257540e-04 -1.853198080291034800e-03
-2.142077784234837161e-04 -1.903840319067319400e-03
-2.426072764450028924e-04 -1.988745611172942213e-03
-3.528258162457201274e-04 -2.106061353288734422e-03
-5.425227614416717938e-04 -2.244007971418914178e-03
-7.937348271699249357e-04 -2.382916563973032018e-03
-1.075909528524618495e-03 -2.498838771952743669e-03
-1.351347014500388442e-03 -2.568047947627641239e-03
-1.582027971734602679e-03 -2.571580108410916488e-03
-1.736542049762143181e-03 -2.498953785054778935e-03
-1.795811267348972843e-03 -2.350361524432667461e-03
-1.756529912373261523e-03 -2.136913440032202783e-03
-1.631673578159132266e-03 -1.878880399492317572e-03
-1.447983583498288441e-03 -1.602261710304721948e-03
-1.240904312600196301e-03 -1.334318111206625641e-03
-1.047931849883458090e-03 -1.098905703020063018e-03
-9.016316650767759473e-04 -9.124832922249287827e-04
-8.236443763002163597e-04 -7.815375157648973793e-04
-8.208102153450015388e-04 -7.019013349106129149e-04
-8.841404454295003065e-04 -6.600829284013966540e-04
-9.908238536951541157e-04 -6.363415723020329241e-04
-1.108880854314071981e-03 -6.089167957102245262e-04
-1.203575698295538494e-03 -5.585994771278159987e-04
-1.244363867103256017e-03 -4.727697859634592999e-04
-1.211050070650164512e-03 -3.481290286544829480e-04
-1.097981630152801077e-03 -1.916011599215768329e-04
-9.154741241532715363e-04 -1.922784391374793549e-05
-6.881905553346920595e-04 1.467374558835584709e-04
-4.507726625183038354e-04 2.819881098469970019e-04
-2.415440247839252411e-04 3.647884315554199308e-04
-9.547061437767238607e-05 3.801860851563750835e-04
-3.770612864933774568e-05 3.230118198072048702e-04
-7.893991746986064742e-05 1.990935167288408812e-04
-2.134253277943565425e-04 2.444811590801479457e-05
-4.200601559711408285e-04 -1.774034985153420392e-04
-6.663144316217662049e-04 -3.794993378234505759e-04
-9.142630717960693182e-04 -5.561176397239151869e-04
-1.127583814105578234e-03 -6.872010525220376316e-04
-1.278199422447001687e-03 -7.616971676547800146e-04
-1.351311774892948207e-03 -7.791942560736444742e-04
-1.347881066862903444e-03 -7.495537651737148874e-04
-1.284088098087798804e-03 -6.906200767177687189e-04
-1.187889654358638370e-03 -6.244514700190642933e-04
-1.093328013648613454e-03 -5.727953761832115008e-04
-1.033681255409381848e-03 -5.526730140112304885e-04
-1.034760728617941826e-03 -5.729165036949682502e-04
-1.109634139754488548e-03 -6.323197558749706895e-04
-1.255782538769271810e-03 -7.197572885459556976e-04
-1.455238172957434156e-03 -8.162508271351269105e-04
-1.677685102746052058e-03 -8.985930054568678615e-04
-1.885942639212385757e-03 -9.438409085971012462e-04
-2.042799469998213182e-03 -9.338257814838223135e-04
-2.117909430632107515e-03 -8.588205224096729686e-04
-2.093446921843062063e-03 -7.196645215340152606e-04
-1.967453452206088197e-03 -5.279361233575309044e-04
-1.754242523780778990e-03 -3.041314762455436718e-04
-1.481785606911986816e-03 -7.418503763794662836e-05
-1.186572119613888776e-03 1.350197379845789400e-04
-9.069132149419444197e-04 3.003102886076923538e-04
-6.759525244697832044e-04 4.061841049693589692e-04
-5.157012948899636047e-04 4.473284997812594383e-04
-4.332203354624494882e-04 4.292345645986071420e-04
-4.196638157640980062e-04 3.667991876378092170e-04
-4.523573708132572354e-04 2.811891469259595114e-04
-4.995079355402229273e-04 1.955693220264198367e-04
-5.266441345475412344e-04 1.305108985926021516e-04
-5.035583095790348036e-04 9.995461521082593930e-05
-4.104264341108426273e-04 1.084974507532621775e-04
-2.419381943634681099e-04 1.505189038796176488e-04
-8.646856718083368448e-06 2.113129760003501587e-04
2.647242677414421170e-04 2.700104551689240886e-04
5.437047486928526119e-04 3.037353911785438398e-04
7.903974382858143001e-04 2.922043043611700659e-04
9.705039243302782809e-04 2.218912835778814126e-04
1.059727780238609073e-03 8.896290684189391506e-05
1.048344769827636415e-03 -9.958140042608747784e-05
9.430748115448039232e-04 -3.267892066771240552e-04
7.658999730040774896e-04 -5.684990515201305888e-04
5.500496199940828118e-04 -7.974400929997807908e-04
3.339088916146249614e-04 -9.879225644536923558e-04
1.539986376270552934e-04 -1.120242333083707560e-03
3.834964957637648818e-05 -1.183976729653880497e-03
1.518394784469866404e-06 -1.179558227090892570e-03
4.217986587057764771e-05 -1.117837849100329975e-03
1.437446074102679823e-04 -1.017729813274147448e-03
2.778739945538196039e-04 -9.023910007297653154e-04
4.102189159852878990e-04 -7.946648644350014917e-04
5.072860931217210764e-04 -7.126571094005504717e-04
5.431230443799315438e-04 -6.662838577260893087e-04
5.045475414595188696e-04 -6.554471278756795289e-04
3.939236938194565479e-04 -6.701825462052138317e-04
2.289522061235135071e-04 -6.927489908836439916e-04
3.950873752446209733e-05 -7.012604315153075267e-04
-1.378756144494867376e-04 -6.741665650776601428e-04
-2.668499558259023602e-04 -5.947266048986856769e-04
-3.181030574630459590e-04 -4.546205130162969590e-04
-2.749484141070271631e-04 -2.560041245023279865e-04
-1.365765586251260441e-04 -1.160832038878597812e-05
8.164342430026845401e-05 2.571479258375245890e-04
3.508738776544331511e-04 5.236851537051195665e-04
6.340217982106410508e-04 7.607756865836770577e-04
8.924742411668355052e-04 9.451979983618738002e-04
1.093087628297341419e-03 1.061663285887380192e-03
1.214115448062902305e-03 1.105281482577738679e-03
1.248960492852294914e-03 1.082109572740037190e-03
1.207050129977432773e-03 1.007687022690430647e-03
1.111678062316112832e-03 9.038429255524161460e-04
9.952304119945217745e-04 7.943851824830634820e-04
8.927090023134664695e-04 7.004920732777914286e-04
8.347866926651510526e-04 6.366811723624043497e-04
8.417175852779773060e-04 6.081194423918810047e-04
9.192622320159300232e-04 6.097825687314930090e-04
1.057405448811284555e-03 6.276196546011845057e-04
1.232114446208905627e-03 6.414979595118257749e-04
1.409808066623279184e-03 6.293636972598351271e-04
1.553693246904434269e-03 5.718231782196769213e-04
1.630769879063949249e-03 4.562676974344118184e-04
1.618177260793586536e-03 2.797508820160311176e-04
1.507678575336480640e-03 5.006259204649239386e-05
1.307431013726758620e-03 -2.152156293081377647e-04
1.040701791655227262e-03 -4.915066735076599686e-04
7.417673855148840690e-04 -7.513680996555023627e-04
4.497655832499251644e-04 -9.691861595968868405e-04
2.016566609688467482e-04 -1.125556008996533115e-03
2.561795688019749637e-05 -1.210529131401803403e-03
-6.388646478749519840e-05 -1.225122468750673840e-03
-6.843683817155902117e-05 -1.180811656244420711e-03
-4.957432600397710613e-06 -1.097111042581206362e-03
9.787315777943655936e-05 -9.977038653986598088e-04
2.054125890283524109e-04 -9.058587874221070641e-04
2.839414697007299274e-04 -8.400023598752360144e-04
3.073346681830624099e-04 -8.102856557284101539e-04
2.622474235248599969e-04 -8.167932794542481648e-04
1.508287631274694059e-04 -8.497302370941445943e-04
-9.555857525594680909e-06 -8.915459954004975856e-04
-1.895431667687898832e-04 -9.205867353697174153e-04
-3.533241071042275802e-04 -9.155760912900145869e-04
-4.654781927714794613e-04 -8.600666393482731507e-04
-4.977948569768624910e-04 -7.460090079935172581e-04
-4.347874989339801867e-04 -5.757518731154964578e-04
-2.768521194059897733e-04 -3.620827832425521490e-04
-4.046716323075072452e-05 -1.262905663719608176e-04
2.446097091964033335e-04 1.053952067178849867e-04
5.406245597125941636e-04 3.063245425016295734e-04
8.085977389876505697e-04 4.540615882657342089e-04
1.015308934669519655e-03 5.342653738896231685e-04
1.139183342664098261e-03 5.430902826396142745e-04
1.173973851345005807e-03 4.876587729542693553e-04
1.129551400881364034e-03 3.845224096460587082e-04
1.029662969782319751e-03 2.564065657641329552e-04
9.070903292716600043e-04 1.278574437133657383e-04
7.971341808725416773e-04 2.061616265506681801e-05
7.306645119382696721e-04 -5.040541363245007152e-05
7.280591130907621000e-04 -7.978808920865848846e-05
7.951828658718614789e-04 -7.240826531026284263e-05
9.221727172830830469e-04 -4.223446257796062550e-05
1.085260646948120727e-03 -9.352787534771399194e-06
1.251290281401759704e-03 4.206779851166072637e-06
1.384071337975226320e-03 -2.095662711645192842e-05
1.451366666678273075e-03 -9.751873665721092280e-05
1.431185496188674749e-03 -2.285974750581985153e-04
1.316186554556692890e-03 -4.067310624359392508e-04
1.115351432085782404e-03 -6.148713461080733151e-04
8.526043750880967290e-04 -8.292149487790530368e-04
5.626320039880348131e-04 -1.023346246989999481e-03
2.846859497257581226e-04 -1.172916986634338441e-03
5.553285544876424397e-05 -1.259984691988806334e-03
-9.712262213964074475e-05 -1.276195390936577531e-03
-1.595057739037236016e-04 -1.224213589489002354e-03
-1.340181426309625589e-04 -1.117132748154324364e-03
-3.844556075469949901e-05 -9.759802323922984286e-04
9.771399605690254410e-05 -8.257897822733552013e-04
2.391000845760598171e-04 -6.909840275559215846e-04
3.514029881064711100e-04 -5.909384839846563335e-04
4.080261471688380152e-04 -5.365624411023497183e-04
3.952322557513820674e-04 -5.285380553317003223e-04
3.147958942985006883e-04 -5.575435852973975419e-04
1.836590987035149772e-04 -6.064097995132634563e-04
3.065518516991172921e-05 -6.537915447550528367e-04
-1.090772938091783342e-04 -6.786488074468924542e-04
-2.009298147284767680e-04 -6.646778127351396243e-04
-2.176098487950337262e-04 -6.038419150177893290e-04
-1.445871084860201922e-04 -4.983224991645504500e-04
1.683777139551833214e-05 -3.605095547022975095e-04
2.494307158188360384e-04 -2.110233010844967056e-04
5.229155700410885411e-04 -7.513183704974049778e-05
7.993207223159486553e-04 2.176549320815002663e-05
1.039777813694767140e-03 5.874119779460525116e-05
1.211494530124744692e-03 2.316359948135917474e-05
1.293590408606466215e-03 -8.697797282386626728e-05
1.280699556513212843e-03 -2.626842938582002593e-04
1.183666486965622442e-03 -4.855663135991414932e-04
1.027210965028566578e-03 -7.311682618357093948e-04
8.450107741669665240e-04 -9.733671884419789738e-04
6.731391712611037217e-04 -1.189020266771973269e-03
5.431041492842516097e-04 -1.361985922493597154e-03
4.758107303063698621e-04 -1.485764922955529590e-03
4.775913641657578536e-04 -1.564270198523532449e-03
5.390564935852245557e-04 -1.610589604943071058e-03
6.369819142418620172e-04 -1.643986747823048336e-03
7.388731262015033746e-04 -1.685719233861528469e-03
8.093386231417344428e-04 -1.754477989355522367e-03
8.170602693750642336e-04 -1.862323124615416440e-03
7.410347026635176557e-04 -2.011897622605506118e-03
5.748967293574143954e-04 -2.195457734787773212e-03
3.284980267353815255e-04 -2.395914284183479556e-03
2.643354451112907982e-05 -2.589697383273114380e-03
-2.962144709871311794e-04 -2.750910661181155906e-03
