4.045190617359058563e-03
3.854234594759596826e-03
3.552787154312626872e-03
3.149803964979784945e-03
2.657752298236469145e-03
2.092185703406711228e-03
1.471210781813548068e-03
8.148646868052261856e-04
1.444251040551420803e-04
-5.183231681594650895e-04
-1.151839398599081464e-03
-1.735569600312985693e-03
-2.250654740968065920e-03
-2.680579729057286972e-03
-3.011740493373286399e-03
-3.233909342272498627e-03
-3.340582352417037753e-03
-3.329196669012290857e-03
-3.201210156261555251e-03
-2.962040658169421727e-03
-2.620867047002623830e-03
-2.190299077365790142e-03
-1.685927658357825980e-03
-1.125771343656332361e-03
-5.296384729140443236e-04
8.157264976759798702e-05
6.866109867374958981e-04
1.264621546273407863e-03
1.795879448937196454e-03
2.262483538558554552e-03
2.648985217197078433e-03
2.942930457340593633e-03
3.135295991115547888e-03
3.220804388638944665e-03
3.198106985724808241e-03
3.069828256092459878e-03
2.842470082574158601e-03
2.526179295287333572e-03
2.134386640126821610e-03
1.683329850188361454e-03
1.191477557826127551e-03
6.788742635089648576e-04
1.664293475638912436e-04
-3.248249247980621642e-04
-7.744803649382696244e-04
-1.163478571324706203e-03
-1.474789913464703405e-03
-1.694021948199185817e-03
-1.809935897612548021e-03
-1.814853037201866540e-03
-1.704936698634755944e-03
-1.480339948307636848e-03
-1.145213708331321075e-03
-7.075749756411604027e-04
-1.790396963393006517e-04
4.255704056213718920e-04
1.088733329872231025e-03
1.790826979542633340e-03
2.510803050166621978e-03
3.226911074769921867e-03
3.917447314041967894e-03
4.561502308875815814e-03
5.139680958145148928e-03
5.634769945790738671e-03
6.032329184433663991e-03
6.321186603241045129e-03
6.493818992423120405e-03
6.546605606945416281e-03
6.479945687985006614e-03
6.298235826215279470e-03
6.009707999190030611e-03
5.626133993939632164e-03
5.162406604442323042e-03
4.636012307965170845e-03
4.066413923217901925e-03
3.474364903724919736e-03
2.881179311417729916e-03
2.307983064394515324e-03
1.774972704827726443e-03
1.300707665294650438e-03
9.014608337607581123e-04
5.906501703607609441e-04
3.783712847506754719e-04
2.710473408361617660e-04
2.712085402535127122e-04
3.774088913198253223e-04
5.842831555487766615e-04
8.827419479780205559e-04
1.260298122750270425e-03
1.701512971419167188e-03
2.188546559659755586e-03
2.701792875704731121e-03
3.220577488900656146e-03
3.723893223542996435e-03
4.191148018472380318e-03
4.602898713577813390e-03
4.941544995411197017e-03
5.191959128373220371e-03
5.342029346535515436e-03
5.383097805329748083e-03
5.310277686096151646e-03
5.122638280410828776e-03
4.823251506843110638e-03
4.419098168240407493e-03
3.920837172656552183e-03
3.342445743400064909e-03
2.700743165096806259e-03
2.014814694696335368e-03
1.305355765957391277e-03
5.939594104878273464e-04
-9.762819004424758574e-05
-7.482579871633164787e-04
-1.338107944196243815e-03
-1.849366982650423779e-03
-2.266849075595146062e-03
-2.578516012116339063e-03
-2.775890554105009747e-03
-2.854345544164738763e-03
-2.813258866826070896e-03
-2.656028862352124119e-03
-2.389949678633607796e-03
-2.025950950799483737e-03
-1.578210948381566885e-03
-1.063656759730976760e-03
-5.013690376811920325e-04
8.808782935911277053e-05
6.833866476463847832e-04
1.263184189925216057e-03
1.806867647693479774e-03
2.295274618069015598e-03
2.711361410852081329e-03
3.040796276289618912e-03
3.272456788820325008e-03
3.398813984368937585e-03
3.416189820726611270e-03
3.324878973000775732e-03
3.129130733355956189e-03
2.836991689580085820e-03
2.460014738494311227e-03
2.012844676809677491e-03
1.512694939483229467e-03
9.787338722866672364e-04
4.314020974203449581e-04
-1.083150525815778677e-04
-6.196344813856917086e-04
-1.082715424164487758e-03
-1.479366699074317719e-03
-1.793696272478350002e-03
-2.012680316454666489e-03
-2.126631758079883944e-03
-2.129551842061080946e-03
-2.019352328083653860e-03
-1.797940478084556794e-03
-1.471163797673061659e-03
-1.048616411584725547e-03
-5.433138031101757137e-04
2.875273807202553301e-05
6.491663980171030659e-04
1.297720616799757356e-03
1.953118130775257158e-03
2.593708827061065592e-03
3.198240595539325083e-03
3.746596905130659266e-03
4.220495293017730194e-03
4.604122321731688589e-03
4.884682781697131070e-03
5.052843918092202527e-03
5.103059135568571193e-03
5.033759853742348148e-03
4.847408802576971126e-03
4.550412898092023699e-03
4.152898755269581604e-03
3.668358704331371907e-03
3.113179710219781196e-03
2.506071694286238216e-03
1.867415278249711340e-03
1.218551790071524272e-03
5.810403907166388458e-04
-2.409167090595639750e-05
-5.770794304310422444e-04
-1.060105645973740199e-03
-1.457917317532495503e-03
-1.758351722145189578e-03
-1.952753572870973529e-03
-2.036268727744050284e-03
-2.008004203402216376e-03
-1.871048935440290054e-03
-1.632354609413147906e-03
-1.302480791735751570e-03
-8.952133465987449938e-04
-4.270695667414970212e-04
8.329258315215655635e-05
6.157403506997881490e-04
1.149383814732939015e-03
1.663320032669303276e-03
2.137377580452819257e-03
2.552835335610917789e-03
2.893090257019091845e-03
3.144250702957648597e-03
3.295634439336513326e-03
3.340153831077714679e-03
3.274574664497912138e-03
3.099639478533437222e-03
2.820051032555209464e-03
2.444316441876813982e-03
1.984457397033835731e-03
1.455596578317293549e-03
8.754347183313794262e-04
2.636366003764333910e-04
-3.588525251682263967e-04
-9.705361825215825166e-04
-1.550116042720933816e-03
-2.077235189686734394e-03
-2.533189253519101472e-03
-2.901580506419268457e-03
-3.168892011259039684e-03
-3.324961710198432591e-03
-3.363339842870744466e-03
-3.281517167814941051e-03
-3.081015983941459441e-03
-2.767340752391919678e-03
-2.349790034890376217e-03
-1.841136320347554201e-03
-1.257184936938681320e-03
-6.162274800652847327e-04
6.159112078810163480e-05
7.549697506569535629e-04
1.442188080746886671e-03
2.101857578532382101e-03
2.713660282870001411e-03
3.259049502321743202e-03
3.721887931840787804e-03
4.089000878393520867e-03
4.350625263035888535e-03
4.500738721101506419e-03
4.537257325437322325e-03
4.462095062742478004e-03
4.281083038649649217e-03
4.003751303433049358e-03
3.642981004856155405e-03
3.214539118969677190e-03
2.736512124395364641e-03
2.228658526596931106e-03
1.711702981765619814e-03
1.206596815609242571e-03
7.337709088503325747e-04
3.124071873890077455e-04
-4.024569845078847588e-05
-3.094884714887283922e-04
-4.836974607265558113e-04
-5.547424798641280297e-04
-5.182816607984955595e-04
-3.739228661079215497e-04
-1.252459828168153017e-04
2.203147221192299637e-04
6.517240971294726605e-04
1.154726600696288734e-03
1.712340489979716218e-03
2.305448410168630703e-03
2.913463709366152007e-03
3.515049146252658546e-03
4.088862817747842063e-03
4.614305175909913341e-03
5.072240960953763173e-03
5.445670752044275489e-03
5.720328598792053486e-03
5.885184782448406315e-03
5.932836076063815328e-03
5.859769811011233780e-03
5.666492475302710788e-03
5.357518312248906768e-03
4.941218290037805230e-03
4.429534701983966344e-03
3.837571362215715012e-03
3.183073717569636328e-03
2.485817050823900618e-03
1.766924168076075205e-03
1.048136431318283900e-03
3.510636296044497215e-04
-3.035610785474217570e-04
-8.965950986142216372e-04
-1.411144248903294703e-03
-1.833141531090346768e-03
-2.151826601060341602e-03
-2.360109199240604042e-03
-2.454803866547990675e-03
-2.436727782833826052e-03
-2.310658361235313520e-03
-2.085152146052084328e-03
-1.772231421460662574e-03
-1.386949573268663610e-03
-9.468504935843598562e-04
-4.713410298952423272e-04
1.900147444324254940e-05
5.031622286227900023e-04
9.604368917828343772e-04
1.371168061456048233e-03
1.717444497447357006e-03
1.983738534105672531e-03
2.157459302892195726e-03
2.229402340450690329e-03
2.194079791540553409e-03
2.049919603840554255e-03
1.799326706011773096e-03
1.448604000511115059e-03
1.007735918849358200e-03
4.900421070003601730e-04
-8.828663642858336491e-05
-7.087539164911358129e-04
-1.351204979208773258e-03
-1.994532950036631211e-03
-2.617419321973395597e-03
-3.199082737492216829e-03
-3.720009813735161534e-03
-4.162642385599935914e-03
-4.511997064565879782e-03
-4.756195378999107659e-03
-4.886885891287415067e-03
-4.899543468835356949e-03
-4.793635187199336845e-03
-4.572647013755606893e-03
-4.243970295637652934e-03
-3.818651985428783441e-03
-3.311017310218718201e-03
-2.738178056919974776e-03
-2.119443652661312082e-03
-1.475655623268479774e-03
-8.284686960278773256e-04
-1.996036810917917095e-04
3.899017464319102112e-04
9.204181690615790765e-04
1.374400104572637456e-03
1.736988622085350754e-03
1.996519840326555720e-03
2.144921549652629555e-03
2.177984119290699277e-03
2.095496255767905196e-03
1.901240913317118553e-03
1.602851556260931820e-03
1.211533865314127741e-03
7.416626929941821413e-04
2.102684427385352866e-04
-3.635690812047940841e-04
-9.593980662068886910e-04
-1.556119545406763494e-03
-2.132734272798691467e-03
-2.669085409974431868e-03
-3.146570965325178743e-03
-3.548800989912973165e-03
-3.862176473662872096e-03
-4.076369633027410698e-03
-4.184688740539279847e-03
-4.184314696460714363e-03
-4.076401041128876676e-03
-3.866033895936256230e-03
-3.562053233328385179e-03
-3.176741739588993634e-03
-2.725392178075074744e-03
-2.225768422212285897e-03
-1.697479057610743868e-03
-1.161285520386614190e-03
-6.383690366592537167e-04
-1.495820756970897558e-04
2.852894244327818744e-04
6.482271737596884131e-04
9.236203860007270380e-04
1.098821912427145600e-03
1.164601124242014164e-03
1.115477628912823864e-03
9.499240789909322788e-04
6.704309166999703438e-04
2.834307333420406187e-04
-2.009151600885078492e-04
-7.690605280810730235e-04
-1.404536381810789865e-03
-2.088515389713293743e-03
-2.800458809068952486e-03
-3.518823329207043486e-03
-4.221803117901029752e-03
-4.888081129025613827e-03
-5.497563404807960172e-03
-6.032070701409745009e-03
-6.475963261261744389e-03
-6.816676897166046994e-03
-7.045151659634466337e-03
-7.156138121396289978e-03
-7.148370599649020787e-03
-7.024601297240108504e-03
-6.791494215250384707e-03
-6.459382600714428345e-03
-6.041898472373016110e-03
-5.555487246951750294e-03
-5.018824511539721027e-03
-4.452155413242381461e-03
-3.876579845380955566e-03
-3.313308505227000912e-03
-2.782915915183345294e-03
-2.304616601834803564e-03
-1.895589811819456752e-03
-1.570376438608313795e-03
-1.340369299787495718e-03
-1.213414629144716258e-03
-1.193538746561516664e-03
-1.280809478131320935e-03
-1.471337172933502233e-03
-1.757415267120390496e-03
-2.127795451992301693e-03
-2.568087782056808349e-03
-3.061271677131000533e-03
-3.588299882917371682e-03
-4.128774193481058417e-03
-4.661669220966346144e-03
-5.166078810966956078e-03
-5.621958905335811343e-03
-6.010840775815075310e-03
-6.316489587438890718e-03
-6.525485163934008001e-03
-6.627704551284536137e-03
-6.616689414795897534e-03
-6.489885338884708414e-03
-6.248744586090230688e-03
-5.898688655214845943e-03
-5.448931890443127826e-03
-4.912172261643615000e-03
-4.304160090232468650e-03
-3.643159771885908470e-03
-2.949323297159427495e-03
-2.243997462307421691e-03
-1.548988986972916430e-03
-8.858132314802629609e-04
-2.749527824852404136e-04
2.648481684735743205e-04
7.172289813672091605e-04
1.068774703547283565e-03
1.309475536459081199e-03
1.433067579678635930e-03
1.437242956197430730e-03
1.323721996973026196e-03
1.098184993242037107e-03
7.700659427007886405e-04
3.522155480937129001e-04
-1.395546953098687759e-04
-6.870313238242475298e-04
-1.270241039226275084e-03
-1.868153635270190186e-03
-2.459421073491430652e-03
-3.023126802334667133e-03
-3.539519058842766248e-03
-3.990702457577446904e-03
-4.361263637276061554e-03
-4.638809050597666496e-03
-4.814396065040030953e-03
-4.882842285674968141e-03
-4.842902281587951364e-03
-4.697305548130324693e-03
-4.452654403329318195e-03
-4.119185428514702922e-03
-3.710402848280367621e-03
-3.242596735612162696e-03
-2.734262967003478918e-03
-2.205445298099863258e-03
-1.677022662106991214e-03
-1.169966715126998348e-03
-7.045956973976430244e-04
-2.998508104750936647e-04
2.737947687788495552e-05
2.628634593812217632e-04
3.955373378030264953e-04
4.179055027376155258e-04
3.263158729693836115e-04
1.211005797324368229e-04
-1.934229933962107288e-04
-6.090909116535851535e-04
-1.114166330732343623e-03
-1.693738549031110910e-03
-2.330233544992430655e-03
-3.004018166062224528e-03
-3.694076852506842160e-03
-4.378737235732533921e-03
-5.036419236007635622e-03
-5.646381458686978820e-03
-6.189438780129716267e-03
-6.648626021270448438e-03
-7.009784492984016263e-03
-7.262050896895500506e-03
-7.398231483548933438e-03
-7.415048387095231341e-03
-7.313249531137789097e-03
-7.097578277272505523e-03
-6.776603898805119708e-03
-6.362418835054043167e-03
-5.870213345814603509e-03
-5.317742477550213218e-03
-4.724704022308712746e-03
-4.112049265170135415e-03
-3.501250667087542779e-03
-2.913552134919739686e-03
-2.369228136557758289e-03
-1.886877605096053470e-03
-1.482777353014807283e-03
-1.170317628194856522e-03
-9.595395615068428967e-04
-8.567906817108033278e-04
-8.645105327273216490e-04
-9.811538661082877533e-04
-1.201254057627115443e-03
-1.515624480376921972e-03
-1.911690729906863860e-03
-2.373942009245206576e-03
-2.884485803923770870e-03
-3.423686355736707456e-03
-3.970864505845301574e-03
-4.505034325943838534e-03
-5.005650665942247904e-03
-5.453341363217267465e-03
-5.830598395374619533e-03
-6.122403696839455282e-03
-6.316767649049771435e-03
-6.405161314341670242e-03
-6.382827207546824116e-03
-6.248957656376626958e-03
-6.006734442666434443e-03
-5.663228278864300760e-03
-5.229161587382201437e-03
-4.718542842409026265e-03
-4.148185236586244932e-03
-3.537126490773965116e-03
-2.905970091853470050e-03
-2.276170999630937157e-03
-1.669290812833946775e-03
-1.106248457620154658e-03
-6.065926223164431509e-04
-1.878214036442255909e-04
1.352270209766938229e-04
3.508913654922053878e-04
4.510937544454259041e-04
4.316215585936471200e-04
2.922746811458635900e-04
3.687313953410105427e-05
-3.268753210797117718e-04
-7.876429458396594883e-04
-1.330875645003838778e-03
-1.939298841184988091e-03
-2.593517778094589239e-03
-3.272691273825491243e-03
-3.955255332055967327e-03
-4.619671281316020499e-03
-5.245172256692514669e-03
-5.812481900033348615e-03
-6.304480131664195498e-03
-6.706792704604112518e-03
-7.008283926137298496e-03
-7.201435327656123542e-03
-7.282597062918918368e-03
-7.252103277112861499e-03
-7.114247458002358887e-03
-6.877118688856749193e-03
-6.552304598780163587e-03
-6.154471478643087738e-03
-5.700836336298052698e-03
-5.210549452274894702e-03
-4.704009133969385380e-03
-4.202132742540838628e-03
-3.725609599052279088e-03
-3.294162011125707345e-03
-2.925840376303838648e-03
-2.636377123400514711e-03
-2.438622190260121992e-03
-2.342079877822554612e-03
-2.352563366378254781e-03
-2.471979054943129923e-03
-2.698248333339545082e-03
-3.025369578333048093e-03
-3.443618248894906708e-03
-3.939878113623878492e-03
-4.498092045252883447e-03
-5.099816624126132791e-03
-5.724861151505814330e-03
-6.351988712157143405e-03
-6.959654747656162689e-03
-7.526757283603337234e-03
-8.033372541619879584e-03
-8.461450175118736053e-03
-8.795443778592029402e-03
-9.022854584125297034e-03
-9.134669296722644494e-03
-9.125676725373305792e-03
-8.994652109787332553e-03
-8.744402674714520443e-03
-8.381672802443370165e-03
-7.916912129219013869e-03
-7.363914670705302978e-03
-6.739341597086853305e-03
-6.062144351750581132e-03
-5.352908295984306480e-03
-4.633139843556261829e-03
-3.924522025944832820e-03
-3.248164532113417564e-03
-2.623874457430377862e-03
-2.069473267949413151e-03
-1.600183864327451438e-03
-1.228109171012017279e-03
-9.618204671432584868e-04
-8.060698283511029578e-04
-7.616366981080175715e-04
-8.253139059778810856e-04
-9.900335627290473596e-04
-1.245128360119847864e-03
-1.576719058000003969e-03
-1.968214519481262942e-03
-2.400906711265095392e-03
-2.854639758965875785e-03
-3.308529553023944070e-03
-3.741708630467325322e-03
-4.134070173383580168e-03
-4.466984997489039516e-03
-4.723966352483987760e-03
-4.891259186720621835e-03
-4.958333177920448871e-03
-4.918262206415720955e-03
-4.767976929387332877e-03
-4.508381564280773690e-03
-4.144330751063447435e-03
-3.684467269376117196e-03
-3.140926265985291132e-03
-2.528916329265091731e-03
-1.866192066668724602e-03
-1.172436646920738991e-03
-4.685759275932635309e-04
2.239518098899966579e-04
8.839449361162799845e-04
1.491180115435916838e-03
2.027120525008165725e-03
2.475565829613342751e-03
2.823221127583354362e-03
3.060164918536927708e-03
3.180199678059292615e-03
3.181072734204472459e-03
3.064559681728550034e-03
2.836407383177089875e-03
2.506138522704063395e-03
2.086724526519066498e-03
1.594138273277825868e-03
1.046802227042042607e-03
4.649512871517485200e-04
-1.300673648223279327e-04
-7.165329355631330169e-04
-1.273102374904290252e-03
-1.779548139559486951e-03
-2.217456568031449596e-03
-2.570862450703492036e-03
-2.826797616078834900e-03
-2.975734368009437004e-03
-3.011908293931989198e-03
-2.933509191466837987e-03
-2.742733482101966224e-03
-2.445696334138645379e-03
-2.052206632546603633e-03
-1.575412738621143624e-03
-1.031331508973180574e-03
-4.382771328001896192e-04
1.837901447116198849e-04
8.139725395657787131e-04
1.431175609751384392e-03
2.014855490982446398e-03
2.545746258606708737e-03
3.006541886120713859e-03
3.382508864734885476e-03
3.662007981365205354e-03
3.836906939017718787e-03
3.902869332099856946e-03
3.859509825562825684e-03
3.710410078981610238e-03
3.462994840273772058e-03
3.128272537597916788e-03
2.720449450200754064e-03
2.256430973053440581e-03
1.755227450637475949e-03
1.237285403405546675e-03
7.237675889091054523e-04
2.358071365776198604e-04
-2.062380923343932505e-04
-5.835047720426961466e-04
-8.792917794459309024e-04
-1.079652838304519290e-03
-1.173893342707957137e-03
-1.154953916348187663e-03
-1.019667229715194925e-03
-7.688790353872279604e-04
-4.074291366008776956e-04
5.600709035343725065e-05
6.092111155354233698e-04
1.236837421009084979e-03
1.920938883054252840e-03
2.641583015994541928e-03
3.377537540382049772e-03
4.107001310395369878e-03
4.808355046929120580e-03
5.460905629634243454e-03
6.045597927396300156e-03
6.545669284483862302e-03
6.947223788991176846e-03
7.239706260826304397e-03
7.416259409870479269e-03
7.473951707944879314e-03
7.413868047445959161e-03
7.241060066243818275e-03
6.964357934251128729e-03
6.596050249712370576e-03
6.151443312699893251e-03
5.648315267671760731e-03
5.106284288229703990e-03
4.546112986427801143e-03
3.988973460689570517e-03
3.455698772404788670e-03
2.966047113394814673e-03
2.538004478128690674e-03
2.187150301567991183e-03
1.926108313244655201e-03
1.764101868102465904e-03
1.706629349554529725e-03
1.755271028574906852e-03
1.907634152053812315e-03
2.157438185684160559e-03
2.494737221212157009e-03
2.906271747240362670e-03
3.375937445509941733e-03
3.885354569721936446e-03
4.414517935345272336e-03
4.942504720168686312e-03
5.448215245725210321e-03
5.911120750290075471e-03
6.311991915571831327e-03
6.633582580209136659e-03
6.861244640255406702e-03
6.983452545082974652e-03
6.992218962192826848e-03
6.883386995380297302e-03
6.656788664051400961e-03
6.316264035723228448e-03
5.869540284742132130e-03
5.327974856986161800e-03
4.706171680851843966e-03
4.021483812349508150e-03
3.293419880803329265e-03
2.542975072056880698e-03
1.791910030120838406e-03
1.062002883216623360e-03
3.743005422168236770e-04
-2.516045544520358231e-04
-7.982469662121834640e-04
-1.250886539330082863e-03
-1.598011552750622493e-03
-1.831729146313671938e-03
-1.948029404772256071e-03
-1.946913896154239994e-03
-1.832384210326029649e-03
-1.612290946785102522e-03
-1.298048487925753400e-03
-9.042255940468846374e-04
-4.480262045198283964e-04
5.132132654270976126e-05
5.732451267596467290e-04
1.096556946923120911e-03
1.600200043586642515e-03
2.063991576128795542e-03
2.469333487883682877e-03
2.799866949406534973e-03
3.042047423773361001e-03
3.185620199531370711e-03
3.223979728886812099e-03
3.154400184555261610e-03
2.978129165562971685e-03
2.700341281879418444e-03
2.329953261876282437e-03
1.879307083029737148e-03
1.363732254816024496e-03
8.010026211859386106e-04
2.107067498032970995e-04
-3.864459932678144236e-04
-9.693593277865961925e-04
-1.517298143520375746e-03
-2.010624524967124377e-03
-2.431495877103547441e-03
-2.764500638241878649e-03
-2.997209250917615923e-03
-3.120621029263557361e-03
-3.129491207574415859e-03
-3.022526651968686709e-03
-2.802443318140161732e-03
-2.475883381936654516e-03
-2.053194886179609668e-03
-1.548081564459978954e-03
-9.771350518079078597e-04
-3.592658137266456324e-04
2.849473253237571040e-04
9.339663196958915541e-04
1.566036915437640656e-03
2.159939558754063894e-03
2.695721942218996282e-03
3.155387572469478888e-03
3.523516282064388314e-03
3.787794990605546520e-03
3.939440162632603347e-03
3.973497202109321780e-03
3.889006332643395441e-03
3.689029187933299918e-03
3.380535214497255511e-03
2.974151897609732600e-03
2.483787589551949681e-03
1.926140179707347107e-03
1.320108842418432279e-03
6.861294908465477094e-04
4.545723448710046761e-05
-5.805790090315627282e-04
-1.171323625609174647e-03
-1.707516961285101501e-03
-2.171968206365235479e-03
-2.550154937837635465e-03
-2.830728324914023875e-03
-3.005906312234841310e-03
-3.071741024617305818e-03
-3.028251048500092864e-03
-2.879413983849177846e-03
-2.633019560171394845e-03
-2.300388499719234741e-03
-1.895967018612916034e-03
-1.436811217475577121e-03
-9.419794744486766503e-04
-4.318541798090149157e-04
7.258337022244859722e-05
5.504994593637851583e-04
9.819496046496595243e-04
1.348589332796649911e-03
1.634329115644834757e-03
1.825910456404125463e-03
1.913382880595030418e-03
1.890465057469596167e-03
1.754777337670998701e-03
1.507937498673137281e-03
1.155516283244938667e-03
7.068542298275647812e-04
1.747461551119501230e-04
-4.249957120960429994e-04
-1.074084692991084545e-03
-1.752389744704653009e-03
-2.438630643032931380e-03
-3.111113951672913203e-03
-3.748484036063115445e-03
-4.330462850116576293e-03
-4.838552614714240752e-03
-5.256676804123026903e-03
-5.571737015069860507e-03
-5.774066237416127130e-03
-5.857762672082485883e-03
-5.820892424002813148e-03
-5.665553988907235869e-03
-5.397802291788810283e-03
-5.027434952446851318e-03
-4.567648277222356723e-03
-4.034575036935892159e-03
-3.446720229303714376e-03
-2.824314594752099210e-03
-2.188608532471028080e-03
-1.561131147919108059e-03
-9.629403807914929756e-04
-4.138904710368354958e-04
6.805759093618263950e-05
4.674584937432780564e-04
7.719161337458521621e-04
9.725095813013259587e-04
1.064096595359576795e-03
1.045484091315077198e-03
9.194596321976944431e-04
6.926828860503264455e-04
3.754409019359747964e-04
-1.872416861150769628e-05
-4.735018060424808946e-04
-9.703972019111594630e-04
-1.489392158689758138e-03
-2.009659593035018673e-03
-2.510306545832759542e-03
-2.971119602616904658e-03
-3.373286542969350984e-03
-3.700068870236640061e-03
-3.937401594169828017e-03
-4.074399188589030926e-03
-4.103749934554089783e-03
-4.021984771554910389e-03
-3.829611177831463223e-03
-3.531107331955048861e-03
-3.134776705460280612e-03
-2.652468128981703629e-03
-2.099171090564533673e-03
-1.492500399311668703e-03
-8.520882269986630080e-04
-1.989047887796010345e-04
4.454685722257725961e-04
1.059588460576490554e-03
1.622894448545888959e-03
2.116423963244790443e-03
2.523472015718349927e-03
2.830172675891315728e-03
3.025981935447646064e-03
3.104045052231152284e-03
3.061435513616722441e-03
2.899257250842728235e-03
2.622606524037520825e-03
2.240394810866221977e-03
1.765038898221509998e-03
1.212029025673411631e-03
5.993901985791778332e-04
-5.294447174509228984e-05
-7.238264645934313311e-04
-1.391626336758305894e-03
-2.034984292601662616e-03
-2.633550570133899420e-03
-3.168689736172705836e-03
-3.624124251546245474e-03
-3.986494798399450867e-03
-4.245817781267263377e-03
-4.395824019373893547e-03
-4.434166813237607266e-03
-4.362492148125301887e-03
-4.186368629728606273e-03
-3.915079664264679848e-03
-3.561285223739383762e-03
-3.140565108142075700e-03
-2.670859769688846332e-03
-2.171828354350940297e-03
-1.664146516991441439e-03
-1.168768676826265757e-03
-7.061806256738318004e-04
-2.956687389099343401e-04
4.536854362171757749e-05
3.020427818553488887e-04
4.625092901268464292e-04
5.183938235956255317e-04
4.650971916696417831e-04
3.019670734614406972e-04
3.233096618246835210e-05
-3.366109338423716943e-04
-7.940292068092987682e-04
-1.325836549770830798e-03
-1.915174005891280258e-03
-2.542995077532566456e-03
-3.188727284501951652e-03
-3.830988011280846497e-03
-4.448329580850626276e-03
-5.019987464651752898e-03
-5.526605424300111077e-03
-5.950912184950045772e-03
-6.278325934473242241e-03
-6.497465467565528840e-03
-6.600550061041246877e-03
-6.583674061460529671e-03
-6.446946552395162872e-03
-6.194491192394784018e-03
-5.834306210558418831e-03
-5.377989443007132400e-03
-4.840338018933121149e-03
-4.238836693701727304e-03
-3.593052724932495768e-03
-2.923958458992048301e-03
-2.253205325272373584e-03
-1.602374635364908415e-03
-9.922313942261880380e-04
-4.420072222947979239e-04
3.126253493677347978e-05
4.133243343284092111e-04
6.931941367053109752e-04
8.635302494910640329e-04
9.208783033630447284e-04
8.657798376346696398e-04
7.027407492339321493e-04
4.400607712669087762e-04
8.953001713282466439e-05
-3.339967156591029749e-04
-8.131329046611938775e-04
-1.328581789288949423e-03
-1.859824548642328339e-03
-2.385850997948791435e-03
-2.885907142751881985e-03
-3.340233340951639929e-03
-3.730767153878819260e-03
-4.041786207142956770e-03
-4.260468486588731875e-03
-4.377350390565785780e-03
-4.386666445376168240e-03
-4.286558740550140516e-03
-4.079148709085843316e-03
-3.770468704869194606e-03
-3.370255746002828474e-03
-2.891614626417809801e-03
-2.350562179523447807e-03
-1.765468646211987638e-03
-1.156415709184916785e-03
-5.444936797995671759e-04
4.893754004024026497e-05
6.029978248870402659e-04
1.098020259477384790e-03
1.516242931190464691e-03
1.842434828299779025e-03
2.064433896048921760e-03
2.173578376713808814e-03
2.165016295403415780e-03
2.037882219516799678e-03
1.795335067040299427e-03
1.444455604405127814e-03
9.960071879524623299e-04
4.640680920157771484e-04
-1.344517365693650209e-04
-7.803926106404213440e-04
-1.453005379128565399e-03
-2.130666962335862717e-03
-2.791626126437817424e-03
-3.414753419815211213e-03
-3.980269049588040092e-03
-4.470423251073747141e-03
-4.870105368681034927e-03
-5.167360365602538877e-03
-5.353794724017006332e-03
-5.424857573665025148e-03
-5.379987258794053165e-03
-5.222618268372511766e-03
-4.960048346932857330e-03
-4.603170501983257223e-03
-4.166079356977016139e-03
-3.665565700500297494e-03
-3.120516998396985573e-03
-2.551244928778280668e-03
-1.978763554872572071e-03
-1.424043477937566747e-03
-9.072681514665397514e-04
-4.471184592863140968e-04
-6.011066663508951580e-05
2.399890202480518472e-04
4.426527384254821951e-04
5.409649569677300006e-04
5.318690394174306092e-04
4.162777184416616844e-04
1.990435937984816155e-04
-1.112093262065167940e-04
-5.023871462321903916e-04
-9.593501079491319281e-04
-1.464444259325595578e-03
-1.998122135608616963e-03
-2.539630695171884219e-03
-3.067742392542845489e-03
-3.561503755235897843e-03
-4.000975213637289647e-03
-4.367936235763324876e-03
-4.646531030661990927e-03
-4.823832163098559951e-03
-4.890302295128207480e-03
-4.840137836556690672e-03
-4.671482421167249752e-03
-4.386502684070352903e-03
-3.991323637890709618e-03
-3.495825862773064945e-03
-2.913311565068112986e-03
-2.260051152466409623e-03
-1.554726158348684190e-03
-8.177879785752045338e-04
-7.075483263554175261e-05
6.645284752975190662e-04
1.366642117131787286e-03
2.015327848958790771e-03
2.592184916232760650e-03
3.081300932021727081e-03
3.469795682653381216e-03
3.748258865636738910e-03
3.911066480637720964e-03
3.956564845315644827e-03
3.887115845031199543e-03
3.709001886326540338e-03
3.432193938329366947e-03
3.069990841651389947e-03
2.638542572908734139e-03
2.156274216711965772e-03
1.643230873470012329e-03
1.120366498816677443e-03
6.088016319388659964e-04
1.290760568442631245e-04
-2.995773854127573542e-04
-6.599123604044991251e-04
-9.372781443748100065e-04
-1.120136906078248763e-03
-1.200471025448353324e-03
-1.174066165494163597e-03
-1.040660171753590192e-03
-8.039525793989005242e-04
-4.714743967765976269e-04
-5.432273444457838205e-05
4.332304110890717978e-04
9.742414958403336749e-04
1.549693233018917086e-03
2.139165893726872186e-03
2.721558554305417762e-03
3.275834987067123387e-03
3.781768024076272681e-03
4.220656273774039610e-03
4.575988035845768645e-03
4.834029106974073800e-03
4.984313834297005377e-03
5.020022161151558096e-03
4.938229402328696976e-03
4.740019943699295621e-03
4.430460827498284085e-03
4.018436092762472413e-03
3.516347618421973749e-03
2.939692893419356117e-03
2.306534450094393021e-03
1.636879492834827574e-03
9.519914006477518589e-04
2.736571695893555379e-04
-3.765635947514953466e-04
-9.780818774030165634e-04
-1.511988662182622671e-03
-1.961705746249864640e-03
-2.313555211188080604e-03
-2.557227649480945178e-03
-2.686132791081628952e-03
-2.697620293474817764e-03
-2.593063005889827306e-03
-2.377799834804896970e-03
-2.060940254823808142e-03
-1.655037354122400285e-03
-1.175640907188197108e-03
-6.407461682116793750e-04
-7.015772905190868639e-05
5.152092417125638977e-04
1.094065871671114380e-03
1.645498730827131464e-03
2.149704986525195413e-03
2.588687796701527773e-03
2.946887568496657766e-03
3.211726960756638993e-03
3.374050535612430242e-03
3.428443660087490078e-03
3.373419494016980866e-03
3.211467527036179857e-03
2.948961982872966119e-03
2.595933323497587580e-03
2.165710886618607035e-03
1.674449209317137137e-03
1.140554669901672983e-03
5.840325763818965919e-04
2.577762076975829075e-05
-5.131673940891850333e-04
-1.012358533930625935e-03
-1.452677195030056215e-03
-1.817010541672246749e-03
-2.090862022814898597e-03
-2.262870519959828391e-03
-2.325219878404314461e-03
-2.273924413902543833e-03
-2.108980331773855233e-03
-1.834377693399657236e-03
-1.457972451236079405e-03
-9.912229767172061820e-04
-4.488002539175806049e-04
1.519146608126415408e-04
7.914283619736812254e-04
1.448807113230389347e-03
2.102399668695088472e-03
2.730585623248956567e-03
3.312523121638839135e-03
3.828869776547620847e-03
4.262451582384150887e-03
4.598856431365585737e-03
4.826931477812769836e-03
4.939166962973696486e-03
4.931953088180921103e-03
4.805700969443110412e-03
4.564823465913932406e-03
4.217576581314543167e-03
3.775767019389502776e-03
3.254336160794727394e-03
2.670835055251742727e-03
2.044808837768659522e-03
1.397112147561166027e-03
7.491795419497391997e-04
1.222764704035999087e-04
-4.632429490495832726e-04
-9.886453513319607214e-04
-1.437469897562485086e-03
-1.796099577993566423e-03
-2.054232046364335134e-03
-2.205233511850818694e-03
-2.246363316403801949e-03
-2.178861360287954237e-03
-2.007895348139788691e-03
-1.742369743298072737e-03
-1.394603167268321925e-03
-9.798855940277733691e-04
-5.159309038035251324e-04
-2.224403025383224833e-05
4.805750699391005305e-04
9.715661801600319544e-04
1.430156515674305259e-03
1.836895085619091308e-03
2.174147932451945923e-03
2.426729826052830170e-03
2.582450215684670668e-03
2.632554247119503303e-03
2.572043329166172169e-03
2.399863954746660980e-03
2.118958098653899065e-03
1.736173365395800566e-03
1.262035976089254672e-03
7.103944909603652873e-04
9.794669516211538564e-05
-5.563338284478345315e-04
-1.231851398754510701e-03
-1.907099352087526659e-03
-2.560403703725057552e-03
-3.170673341541915997e-03
-3.718130506286965523e-03
-4.184996000605251815e-03
-4.556105151956265677e-03
-4.819432977565033492e-03
-4.966510177588171968e-03
-4.992715404435911844e-03
-4.897433587760412904e-03
-4.684074784233564250e-03
-4.359952904580991113e-03
-3.936028576312058241e-03
-3.426525157294396835e-03
-2.848431356102828008e-03
-2.220907884333852937e-03
-1.564618924748736612e-03
-9.010118295166005473e-04
-2.515702728197925873e-04
3.629329917490880728e-04
9.231576086612190528e-04
1.411866079139776665e-03
1.814519738884936423e-03
2.119779406143375462e-03
2.319893195323751486e-03
2.410957948471081219e-03
2.393045168563730143e-03
2.270187089481032292e-03
2.050223421115771050e-03
1.744514192631355706e-03
1.367528811115909047e-03
9.363257923611697370e-04
4.699414531222542691e-04
-1.129095431361829059e-05
-4.864677459457809232e-04
-9.348614289362326083e-04
-1.336661218707374532e-03
-1.673681439164168352e-03
-1.930012920437923409e-03
-2.092594506359546445e-03
-2.151684583988826543e-03
-2.101216051829403551e-03
-1.939022229046052839e-03
-1.666925731897015740e-03
-1.290687147168113847e-03
-8.198152473143992085e-04
-2.672453460431378769e-04
3.511029838940103731e-04
1.016873378901876190e-03
1.709906198151553945e-03
2.408935923746584502e-03
3.092328046622079985e-03
3.738829650257386068e-03
4.328307420683968551e-03
4.842447248131417047e-03
5.265390927684805711e-03
5.584287666517421395e-03
5.789741086534306788e-03
5.876136069164624234e-03
5.841833995415036257e-03
5.689229541763398540e-03
5.424667039598743759e-03
5.058219322868210549e-03
4.603336803095838502e-03
4.076379054303467739e-03
3.496045303402549320e-03
2.882723760228849286e-03
2.257782561579757367e-03
1.642827145879183865e-03
1.058950047890732955e-03
5.259993651458489718e-04
6.189149027589248286e-05
-3.180078507103415060e-04
-6.014126105057704570e-04
-7.795369937979939289e-04
-8.473929048474311207e-04
-8.039538990486298602e-04
-6.521799479410166078e-04
-3.989022060501088568e-04
-5.457187502921337016e-05
3.671179761230570875e-04
8.497243233913929269e-04
1.374642535369735227e-03
1.921770479470557387e-03
2.470225055366473497e-03
2.999085987526453265e-03
3.488140754134761400e-03
3.918604490765767445e-03
4.273789585291227003e-03
4.539701444842783422e-03
4.705539504408888692e-03
4.764085869089808301e-03
4.711967921733924494e-03
4.549785646569449657e-03
4.282099162671433763e-03
3.917276862441925085e-03
3.467209437967283710e-03
2.946899780864034243e-03
2.373943094226562203e-03
1.767915405994057495e-03
1.149691886508998366e-03
5.407188366231363650e-04
-3.773515992635981080e-05
-5.653226920421597357e-04
-1.023329541763101950e-03
-1.395330324243258509e-03
-1.667764773274386329e-03
-1.830414475001626400e-03
-1.876763336835050346e-03
-1.804229148598051908e-03
-1.614258106076133696e-03
-1.312278965208444259e-03
-9.075184100856034490e-04
-4.126840774726393823e-04
1.564736855039047976e-04
7.817060079430069967e-04
1.442896594311521806e-03
2.118757661990186818e-03
2.787566373960321045e-03
3.427916007077713885e-03
4.019455582526711666e-03
4.543592091625509206e-03
4.984130762905237058e-03
5.327830989300106658e-03
5.564858491212935562e-03
5.689117928537098384e-03
5.698454364959242013e-03
5.594716584199360340e-03
5.383680099200113464e-03
5.074832612004703467e-03
4.681029501871570957e-03
4.218031473171552845e-03
3.703940623221661961e-03
3.158554748759347108e-03
2.602662573559622917e-03
2.057304648398309253e-03
1.543025875684379128e-03
1.079145902542315294e-03
6.830729977174640477e-04
3.696855014348270595e-04
1.508025667580109759e-04
3.476277915184225117e-05
2.612545760781632975e-05
1.255051384349797731e-04
3.295450724232640988e-04
6.310306912258624445e-04
1.019139090321651269e-03
1.479815805826340978e-03
1.996265697891669473e-03
2.549540750927975063e-03
3.119204200679898467e-03
3.684047719445288256e-03
4.222836527340260646e-03
4.715056314794126117e-03
5.141635793862017224e-03
5.485619545858377334e-03
5.732767570478025654e-03
5.872060506111319647e-03
5.896092792629403431e-03
5.801339970840242374e-03
5.588290719648381782e-03
5.261438968285617711e-03
4.829136320863885307e-03
4.303309922251248414e-03
3.699055606487212586e-03
3.034120536524906493e-03
2.328293413981208631e-03
1.602723574196303260e-03
8.791927718457783663e-04
1.793651183694287485e-04
-4.759586034399807767e-04
-1.067556176974777818e-03
-1.578443738678991792e-03
-1.994457055218963777e-03
-2.304733983449684318e-03
-2.502081268507971683e-03
-2.583212888182112154e-03
-2.548851652488564028e-03
-2.403690558417534429e-03
-2.156215313208466496e-03
-1.818394303115185816e-03
-1.405246927996376327e-03
-9.343054825159634574e-04
-4.249894929756412856e-04
1.020855158059691945e-04
6.258405540113543821e-04
1.125481286705941764e-03
1.581235482841480185e-03
1.975053913219331804e-03
2.291250101394129955e-03
2.517056477687829551e-03
2.643077419499239786e-03
2.663623278140255998e-03
2.576913666742623038e-03
2.385142869065695094e-03
2.094405064602017450e-03
1.714481981759033349e-03
1.258500415794807509e-03
7.424716125120164488e-04
1.847286625069293050e-04
-3.947183711956791315e-04
-9.748869824141739946e-04
-1.534561703741610167e-03
-2.053042608103722907e-03
-2.510876576952555603e-03
-2.890545682206972344e-03
-3.177088528201847499e-03
-3.358632745591040580e-03
-3.426819939185365115e-03
-3.377108157130388321e-03
-3.208941237708655154e-03
-2.925779052111189375e-03
-2.534987533411051271e-03
-2.047592292980309706e-03
-1.477904403642343444e-03
-8.430314065230060669e-04
-1.622906189606815840e-04
5.434547569173047311e-04
1.252513521161058123e-03
1.943113263351271564e-03
2.594149942909349145e-03
3.185914057221907528e-03
3.700768012708538328e-03
4.123751023474635582e-03
4.443090401043270007e-03
4.650601377889551982e-03
4.741961512202835100e-03
4.716850114655530592e-03
4.578947866019204144e-03
4.335796691568851065e-03
3.998524852762025752e-03
3.581446937169008478e-03
3.101552808661861040e-03
2.577903467938481678e-03
2.030955032332408539e-03
1.481834559358732525e-03
9.515931224394619248e-04
4.604623407445140090e-04
2.714044028900722619e-05
-3.318671152658316144e-04
-6.028293018363961933e-04
-7.752731243868492793e-04
-8.423521641193207690e-04
-8.010871642620768368e-04
-6.524702234638607434e-04
-4.014289493684815129e-04
-5.665183630192529088e-05
3.697190019661292064e-04
8.625169612911977052e-04
1.404086880757828134e-03
1.974908977049199838e-03
2.554288888366288562e-03
3.121089616466887588e-03
3.654479683735451043e-03
4.134671250675271692e-03
4.543622287877299888e-03
4.865678153161887703e-03
5.088130045190021600e-03
5.201670715102763715e-03
5.200731415703267052e-03
5.083688227277510449e-03
4.852930474609053538e-03
4.514788780756728848e-03
4.079325220453128807e-03
3.559992867242232559e-03
2.973176604416410268e-03
2.337631230091191063e-03
1.673836485590101709e-03
1.003291547593339068e-03
3.477736462164264042e-04
-2.714132710216266616e-04
-8.341735595854011392e-04
-1.322312883373797255e-03
-1.720164976682031629e-03
-2.015130253607291377e-03
-2.198107442790788336e-03
-2.263803171662481101e-03
-2.210908698676821403e-03
-2.042137644631316935e-03
-1.764123442022701681e-03
-1.387180133954434144e-03
-9.249349392347031192e-04
-3.938454903336487730e-04
1.873813115196479957e-04
7.984484360926975399e-04
1.418182741563706311e-03
2.025278833371825689e-03
2.599046686637510560e-03
3.120136826510267261e-03
3.571217651349634179e-03
3.937581164797488917e-03
4.207655895626264374e-03
4.373409040675373637e-03
4.430623752087507576e-03
4.379041869240298847e-03
4.222367114764647746e-03
3.968128667469417864e-03
3.627409921361523376e-03
3.214451967666808775e-03
2.746145730136824014e-03
2.241430589002618365e-03
1.720620608853462401e-03
1.204682025527828437e-03
7.144873577934836208e-04
2.700723312050951411e-04
-1.100782947409599359e-04
-4.096909158210707697e-04
-6.152860982282788542e-04
-7.166639319902382184e-04
-7.072746559786922960e-04
-5.844615071184931267e-04
-3.495672231748560461e-04
-7.900405878544670274e-06
4.314371382649726146e-04
9.558560904187936996e-04
1.549707693911060117e-03
2.194819270402526522e-03
2.871118471415835816e-03
3.557324448214191619e-03
4.231681776548383046e-03
4.872711472787614670e-03
5.459952836982318210e-03
5.974670177544360791e-03
6.400499700299485534e-03
6.724013938646772326e-03
6.935183988086757526e-03
7.027723386319012847e-03
6.999301624099533645e-03
6.851619836891776130e-03
6.590346053099634463e-03
6.224912292251109577e-03
5.768180643605473959e-03
5.235990042803066909e-03
4.646599640642954006e-03
4.020048277528596482e-03
3.377452512753216594e-03
2.740267806754858454e-03
2.129538741472746313e-03
1.565164543902485515e-03
1.065205637582318596e-03
6.452555050008700749e-04
3.178998513379016101e-04
9.228199688803527534e-05
-2.621030067458769361e-05
-3.612565176578817414e-05
6.000883230531869894e-05
2.557855169633442213e-04
5.411508573504703566e-04
9.027683807224177581e-04
1.324497271300505282e-03
1.787969737207618232e-03
2.273246875344544712e-03
2.759529997323341248e-03
3.225902434335788799e-03
3.652075769270226365e-03
4.019114287985286506e-03
4.310112203890909856e-03
4.510799864169758554e-03
4.610057634133908448e-03
4.600319391165353863e-03
4.477851428076953799e-03
4.242896931998163881e-03
3.899680916033971753e-03
3.456275371876859140e-03
2.924329310879698537e-03
2.318673097136107579e-03
1.656810882898552975e-03
9.583188797644687359e-04
2.441705009954760501e-04
-4.639880246110639770e-04
-1.144586228600789511e-03
-1.776875979216827224e-03
-2.341649935898361748e-03
-2.821906741723719664e-03
-3.203439676519541542e-03
-3.475328171804524351e-03
-3.630314988868816196e-03
-3.665055863979998618e-03
-3.580232889711193640e-03
-3.380527672264042102e-03
-3.074455214248754831e-03
-2.674064348664753621e-03
-2.194515221945142567e-03
-1.653548628187493036e-03
-1.070865782283418220e-03
-4.674402539465751503e-04
1.352138421883674604e-04
7.157917763054167781e-04
1.253939997789688468e-03
1.730963827860428940e-03
2.130476282637887558e-03
2.438965325157624320e-03
2.646259706507367131e-03
2.745877112961931776e-03
2.735242463083958474e-03
2.615768751608982604e-03
2.392797655990906019e-03
2.075402037869373932e-03
1.676057313145438944e-03
1.210193261155808166e-03
6.956420345313304911e-04
1.520017698428493505e-04
-4.000618424281365305e-04
-9.395514953779279723e-04
-1.445885862696494589e-03
-1.899632598597960102e-03
-2.283200995727712075e-03
-2.581469970208001043e-03
-2.782329309954625386e-03
-2.877115162796911336e-03
-2.860924448216867633e-03
-2.732797120775829793e-03
-2.495759845785635710e-03
-2.156729506168306512e-03
-1.726279873477993112e-03
-1.218279573525687942e-03
-6.494139898280694954e-04
-3.860781804922522060e-05
5.936315309135230603e-04
1.225926704647150320e-03
1.836774413193842641e-03
2.405294618749864374e-03
2.911958681105346683e-03
3.339270962406558178e-03
3.672380021733890124e-03
3.899597993252380823e-03
4.012809955009450855e-03
4.007758946246150165e-03
3.884196644434922008e-03
3.645894416630258289e-03
3.300514348324173376e-03
2.859344755551130549e-03
2.336909430712948241e-03
1.750464293249151711e-03
1.119399057974297760e-03
4.645648585354642305e-04
-1.924486454724168467e-04
-8.300613824372581788e-04
-1.427450027871919646e-03
-1.965268069454749293e-03
-2.426313590942931562e-03
-2.796121422603191527e-03
-3.063458958554663401e-03
-3.220708319281484575e-03
-3.264121522171419855e-03
-3.193939774635959784e-03
-3.014372767164094809e-03
-2.733438750653528412e-03
-2.362671061595285078e-03
-1.916701439179925104e-03
-1.412734796131381865e-03
-8.699339087553612524e-04
-3.087356480262471153e-04
2.498772280727351970e-04
7.851231443378232531e-04
1.277161403762193783e-03
1.707798531843304811e-03
2.061136463333141256e-03
2.324139804792973822e-03
2.487102244152281441e-03
2.543995714886854425e-03
2.492690033491560750e-03
2.335035270558617673e-03
2.076803928823517560e-03
1.727494917337293358e-03
1.300006157193262782e-03
8.101872611424658062e-04
2.762879355247917007e-04
-2.816785891826631026e-04
-8.426348114377365389e-04
-1.385176407009837624e-03
-1.888322041827799691e-03
-2.332249281047890904e-03
-2.698990809119511045e-03
-2.973066562194575085e-03
-3.142029615766627967e-03
-3.196906688410047510e-03
-3.132517811182437655e-03
-2.947663942416163009e-03
-2.645175931045325515e-03
-2.231823086298790129e-03
-1.718084527440482930e-03
-1.117791292013407085e-03
-4.476517063937429522e-04
2.733233901733067616e-04
1.024475470715835619e-03
1.784210295391266184e-03
2.530742136688430427e-03
3.242844227993385391e-03
3.900579192711935324e-03
4.485983914659935276e-03
4.983684908631125579e-03
5.381422686920397588e-03
5.670466807719031291e-03
5.845907122914769521e-03
5.906811081653067647e-03
5.856241640004488519e-03
5.701135211750215856e-03
5.452043999476588465e-03
5.122751797010680584e-03
4.729776787223077296e-03
4.291778818035088885e-03
3.828891985377985436e-03
3.362005967621269076e-03
2.912021349962551874e-03
2.499105086597796371e-03
2.141972241313344107e-03
1.857219223722525545e-03
1.658731931079745515e-03
1.557189577787095134e-03
1.559681638459496471e-03
1.669451363357266332e-03
1.885774886157369924e-03
2.203980188976834963e-03
2.615605284925423112e-03
3.108690096133986946e-03
3.668191816282134234e-03
4.276509215460393837e-03
4.914097523538114853e-03
5.560152350005625674e-03
6.193338674905905089e-03
6.792539361905379144e-03
7.337596956284833487e-03
7.810022761797775701e-03
8.193648332863449901e-03
8.475196532418009798e-03
8.644752120390513869e-03
8.696115354588218951e-03
8.627026181551502443e-03
8.439251126166495698e-03
8.138529796738422015e-03
7.734382838368986796e-03
7.239788019592230221e-03
6.670735755293200932e-03
6.045679591150599809e-03
5.384900853267007154e-03
4.709809672390823272e-03
4.042206819876563786e-03
3.403532164218834623e-03
2.814126024571270927e-03
2.292529244745845733e-03
1.854846453655718732e-03
1.514194763589224793e-03
1.280257163687666642e-03
1.158956197460933937e-03
1.152259298662820265e-03
1.258122547043371946e-03
1.470574756035084463e-03
1.779938888241009397e-03
2.173182983940981708e-03
2.634388251282487100e-03
3.145317863334581680e-03
3.686066480539665780e-03
4.235767690867068939e-03
4.773334533178096029e-03
5.278207112963365262e-03
5.731081074216541615e-03
6.114591365348020016e-03
6.413927307079420742e-03
6.617357381161917060e-03
6.716645326029499659e-03
6.707342938128851330e-03
6.588949302041569034e-03
6.364930857080889313e-03
6.042601588630085521e-03
5.632867538051066977e-03
5.149844583611294484e-03
4.610362889786150803e-03
4.033375397716417593e-03
3.439291096212028932e-03
2.849256452503670482e-03
2.284410202430800160e-03
1.765137637107539858e-03
1.310350544462074440e-03
9.368180686351724844e-04
6.585719694089352261e-04
4.864071600045004329e-04
4.274950659639460693e-04
4.851233972886235049e-04
6.585714989627280622e-04
9.431256965656605734e-04
1.330234150250022077e-03
1.807795843747499881e-03
2.360573636487927826e-03
2.970716961014542232e-03
3.618375906931770199e-03
4.282385231217615031e-03
4.940994385048981183e-03
5.572618035162785546e-03
6.156580839698291840e-03
6.673830439598647801e-03
7.107593739945579359e-03
7.443953542050699146e-03
7.672325377125586640e-03
7.785817888139475590e-03
7.781464185556404532e-03
7.660316122092799759e-03
7.427398233092066468e-03
7.091523004333501190e-03
6.664973985853172786e-03
6.163067898477299009e-03
5.603611117090571275e-03
5.006269612714432833e-03
4.391874464682542049e-03
3.781687308439896176e-03
3.196651484782862297e-03
2.656655153647905117e-03
2.179832212439300563e-03
1.781925530205235361e-03
1.475734821305050692e-03
1.270668512236226930e-03
1.172415307099670782e-03
1.182746958633700343e-03
1.299459149983679326e-03
1.516452548668154911e-03
1.823951178303802149e-03
2.208850437840152205e-03
2.655182551103666896e-03
3.144683110709490734e-03
3.657438834213532289e-03
4.172593801028372587e-03
4.669089385976568814e-03
5.126411921347914617e-03
5.525321845468081534e-03
5.848538741685515435e-03
6.081358214721522062e-03
6.212178937447214097e-03
6.232921346748385855e-03
6.139323261999049541e-03
5.931102010817703232e-03
5.611977323165555712e-03
5.189554132602102778e-03
4.675069331721508348e-03
4.083011295466275684e-03
3.430625444123877078e-03
2.737323111139585222e-03
2.024014369492730444e-03
1.312388135540347228e-03
6.241647175380966167e-04
-1.965305726778698511e-05
-5.995039519012190180e-04
-1.097942346311744878e-03
-1.500238615543669513e-03
-1.794884872151103570e-03
-1.973988399392320302e-03
-2.033539034615925584e-03
-1.973541176406243009e-03
-1.798005829820233234e-03
-1.514803005313196610e-03
-1.135379676982695542e-03
-6.743532132204481735e-04
-1.489945528105110755e-04
4.213807408136648145e-04
1.016092190272173575e-03
1.613821047318869835e-03
2.193358395215968745e-03
2.734348489487565224e-03
3.218001287157865910e-03
3.627749198442864129e-03
3.949825053568889466e-03
4.173741042282614819e-03
4.292651857789184927e-03
4.303589338548611046e-03
4.207560408228679105e-03
4.009504908208937415e-03
3.718114830344656108e-03
3.345521318043916028e-03
2.906860440754817018e-03
2.419732998197453040e-03
1.903577327121834875e-03
1.378977134783673135e-03
8.669286627652741852e-04
3.880929123412527135e-04
-3.794081173735157700e-05
-3.933541768225139353e-04
-6.627373562588865889e-04
-8.336424226172518478e-04
-8.970331485583975598e-04
-8.476153927621855357e-04
-6.840364322330122482e-04
-4.089461942907799546e-04
-2.891818076679189900e-05
4.457672062269822308e-04
1.001469405393877162e-03
1.621652414095479597e-03
2.287451257645011903e-03
2.978320417863252693e-03
3.672741555100398139e-03
4.348965778304436300e-03
4.985764504961970843e-03
5.563162649357295333e-03
6.063128494232281930e-03
6.470196115987220803e-03
6.771998593964418875e-03
6.959693357403845537e-03
7.028264799932224839e-03
6.976693588632514216e-03
6.807986762276516460e-03
6.529067587648521367e-03
6.150529053255674242e-03
5.686259654062238329e-03
5.152954591918563164e-03
4.569529527428212341e-03
3.956457429573392512e-03
3.335051760006902365e-03
2.726721105255563039e-03
2.152221366434807145e-03
1.630931697552602012e-03
1.180179547246966876e-03
8.146384341768089961e-04
5.458195337226497482e-04
3.816748626157481783e-04
3.263259339418562825e-04
3.799273548346060979e-04
5.386701072870921786e-04
7.949243546964998401e-04
1.137516724657054723e-03
1.552132303571455854e-03
2.021827206092004486e-03
2.527633705462271115e-03
3.049236665373140573e-03
3.565697513708194957e-03
4.056200331153029734e-03
4.500793851516353417e-03
4.881103312959636856e-03
5.180987155172796232e-03
5.387115489870489271e-03
5.489450013106411674e-03
5.481608481758487063e-03
5.361100922096601051e-03
5.129429233841040735e-03
4.792046641021409890e-03
4.358178353471593020e-03
3.840509667797587390e-03
3.254752383646822289e-03
2.619104677243202627e-03
1.953623309929649471e-03
1.279530123960849692e-03
6.184770832655280253e-04
-8.204427450376897482e-06
-5.802437770835479347e-04
-1.079134833318588652e-03
-1.488778648951356908e-03
-1.796042595612645006e-03
-1.991216375174882560e-03
-2.068348948790959228e-03
-2.025454592356512248e-03
-1.864580869141207586e-03
-1.591736144860545496e-03
-1.216679188167576814e-03
-7.525782281287392642e-04
-2.155514105279783890e-04
3.758952533117463669e-04
1.001512763558748973e-03
1.640014254793027357e-03
2.269815677678832869e-03
2.869786110049726315e-03
3.419981434350321224e-03
3.902335704824907471e-03
4.301286013884465277e-03
4.604309000631138377e-03
4.802350243786538200e-03
4.890131537639802288e-03
4.866325331460637921e-03
4.733590270057206825e-03
4.498466642590334685e-03
4.171135457741603596e-03
3.765049643775358890e-03
3.296450354411542896e-03
2.783785388661343986e-03
2.247050163744762543e-03
1.707074394677804592e-03
1.184779536964965284e-03
7.004330733797804222e-04
2.729258361603959480e-04
-8.090225177696851525e-05
-3.468643304898712601e-04
-5.139354931716780608e-04
-5.746505239240958483e-04
-5.253764908166049484e-04
-3.664505890561202232e-04
-1.021783530667573318e-04
2.593077484598590478e-04
7.063244254872577677e-04
1.224038755282395863e-03
1.794980428677494383e-03
