-2.486069708071412848e-04 -1.367218409126894161e-03
-5.730836333510873435e-04 -1.000132921645111288e-03
-7.799613736407182141e-04 -5.850235242692344156e-04
-8.365809536430694228e-04 -1.798670133248345127e-04
-7.387465063888839275e-04 1.599296665842048866e-04
-5.114338314325620610e-04 3.917619627506086378e-04
-2.039919075996886474e-04 4.936454411889852146e-04
1.192524145150819026e-04 4.681433508979927576e-04
3.912066825472648637e-04 3.416648139895866044e-04
5.547293465982395914e-04 1.592704362246896287e-04
5.734428081490259600e-04 -2.402784699312833592e-05
4.385962429964401083e-04 -1.538227736076416699e-04
1.706798788532015547e-04 -1.867230509164562939e-04
-1.845133363089532339e-04 -9.864758088756633934e-05
-5.646309527764207950e-04 1.105680861537149291e-04
-9.026512507683665497e-04 4.171247147380448988e-04
-1.139666437577807005e-03 7.777793437993154408e-04
-1.236135450055624030e-03 1.138074365260088221e-03
-1.179472606432262032e-03 1.442714874694786976e-03
-9.865320349742340462e-04 1.646126077957977890e-03
-7.005142291920719595e-04 1.721187918862740560e-03
-3.828772646648957939e-04 1.664488802466418610e-03
-1.017811892816341559e-04 1.497099079793838203e-03
8.074924648109288276e-05 1.260713106830597431e-03
1.205153647745540622e-04 1.009885599307228923e-03
-5.226055789990351197e-07 8.018276246219155703e-04
-2.708466919767644511e-04 6.856898463668668507e-04
-6.515586159402956190e-04 6.933580291263596743e-04
-1.083720423045167513e-03 8.334998811344109014e-04
-1.499468104042407397e-03 1.089987199988235334e-03
-1.834794135814200432e-03 1.424989451451378654e-03
-2.041579395099332554e-03 1.786151077069179959e-03
-2.096597523786190159e-03 2.116492311142464423e-03
-2.005788525423156041e-03 2.365158336341533635e-03
-1.802994516693007211e-03 2.496981711438747004e-03
-1.543399476624966044e-03 2.499048443005909542e-03
-1.292917938054749527e-03 2.383026165276400966e-03
-1.115544919578675791e-03 2.182816064143595566e-03
-1.061065687884682734e-03 1.947976325157483105e-03
-1.155455995106280474e-03 1.734166170600189884e-03
-1.395794090158060385e-03 1.592424217769491078e-03
-1.750651486385929783e-03 1.559315998829797004e-03
-2.165891945704951065e-03 1.649821160373044805e-03
-2.574783875587263043e-03 1.854312226029728242e-03
-2.910514282777934211e-03 2.140202063708049156e-03
-3.118737300250393890e-03 2.457953044917217215e-03
-3.167783287180443025e-03 2.750314730215536706e-03
-3.054596944351348556e-03 2.963045205282997720e-03
-2.805281049812383565e-03 3.055089781971588592e-03
-2.470143317970383261e-03 3.006292987666377321e-03
-2.114184236793331326e-03 2.821186261126942384e-03
-1.804826545473812646e-03 2.528136215756676686e-03
-1.599208878741732558e-03 2.174016116468195734e-03
-1.533448185894801695e-03 1.815410119666426014e-03
-1.615902289333177866e-03 1.508015496401728019e-03
-1.825706071894880964e-03 1.296248378498742609e-03
-2.116855803766459591e-03 1.205019137794110205e-03
-2.427065215385888330e-03 1.235231831802559386e-03
-2.689713096057731040e-03 1.363856205623987117e-03
-2.846616601857389611e-03 1.548554226230992436e-03
-2.859207988211501673e-03 1.735980141041404282e-03
-2.715994783898088155e-03 1.872177026405075217e-03
-2.434887260807006362e-03 1.913095529521120601e-03
-2.059949148864565361e-03 1.833237228739160356e-03
-1.653183807929578400e-03 1.630780130572473050e-03
-1.282908463074503794e-03 1.328210023122750700e-03
-1.010915549291588377e-03 9.683325519404288248e-04
-8.808502885075136400e-04 6.064158131582455050e-04
-9.100037801699371659e-04 2.999463187581860157e-04
-1.086074653791740171e-03 9.793358880685117552e-05
-1.369512063036248993e-03 3.178470043445000282e-05
-1.700996512882301708e-03 1.094735553082363654e-04
-2.012642687053383186e-03 3.141065466775266293e-04
-2.240804176564870250e-03 6.071546752869540079e-04
-2.338057152001443272e-03 9.357394396855418751e-04
-2.282095921274458240e-03 1.242593146127226808e-03
-2.079858450869718697e-03 1.476808802077178139e-03
-1.766103495389209459e-03 1.603346160754781733e-03
-1.396711866154558366e-03 1.609496870950582028e-03
-1.037983566224998880e-03 1.507088257124530178e-03
-7.539608141020262685e-04 1.330012806915096581e-03
-5.941807899177041974e-04 1.127556056028201003e-03
-5.841804987776946095e-04 9.547915478491720339e-04
-7.205548919439708168e-04 8.618671952507617326e-04
-9.715070239259640007e-04 8.842174744217122778e-04
-1.282788838128733934e-03 1.035560645812355022e-03
-1.587910120370129331e-03 1.305012798328269085e-03
-1.820684577721308440e-03 1.658870811604885517e-03
-1.927739007847623955e-03 2.046731972362669967e-03
-1.878618020836390640e-03 2.410796431320519004e-03
-1.671571548051174489e-03 2.696595518602266581e-03
-1.333929318723134447e-03 2.863118362161941929e-03
-9.169909178322747153e-04 2.890422507212733749e-03
-4.863979834369535748e-04 2.783289871449686707e-03
-1.098100329350318793e-04 2.570237342025214963e-03
1.557845339242826732e-04 2.298070025965832062e-03
2.747220737272158776e-04 2.023008261854908167e-03
2.392675610532878517e-04 1.800067384863491366e-03
7.092135758223692662e-05 1.672699261086887934e-03
-1.838152340626399714e-04 1.664654297812571048e-03
-4.624104197697442051e-04 1.775601530121254318e-03
-6.983063626632668138e-04 1.981332226040372329e-03
-8.336811809733738355e-04 2.238504098310448425e-03
-8.305487137526009313e-04 2.493023091252985230e-03
-6.780911933193583749e-04 2.690470693787772385e-03
-3.948334993753073062e-04 2.786597279213539041e-03
-2.524470805080484062e-05 2.755889450140807957e-03
3.685918154546584781e-04 2.596584143319039233e-03
7.186643646649610315e-04 2.331175256233121093e-03
9.638635488840754766e-04 2.002312364632895074e-03
1.061529080083330233e-03 1.664864038288749182e-03
9.955266767151093460e-04 1.375645032289803203e-03
7.793255407234367122e-04 1.182749604955114515e-03
4.534929526082425062e-04 1.116508497052278457e-03
7.807911246990187695e-05 1.183780428905842428e-03
-2.786676170830833829e-04 1.366658384509828687e-03
-5.531205299185368296e-04 1.625835836115424463e-03
-6.982046530497342017e-04 1.907996521969697627e-03
-6.921810667292387174e-04 2.155830313597497869e-03
-5.426253285944356540e-04 2.318781178563846228e-03
-2.848499903478890873e-04 2.362495257779049888e-03
2.492674820163913842e-05 2.275183751924599908e-03
3.203694099243082380e-04 2.069699940580405594e-03
5.377246195282148113e-04 1.780941540137265721e-03
6.280237632828485073e-04 1.459075006182275177e-03
5.664754524831635543e-04 1.159869640078517970e-03
3.572666879833769375e-04 9.339766324589806852e-04
3.286131661225496418e-05 8.171878390215967002e-04
-3.520733017595763128e-04 8.235233381100006593e-04
-7.309629145164805953e-04 9.424608505359066777e-04
-1.037897635557345332e-03 1.140835408185917558e-03
-1.220097998535447752e-03 1.369052825499531955e-03
-1.247915359244371929e-03 1.570443098381683151e-03
-1.120472529032835295e-03 1.691984610508632473e-03
-8.658754916054591400e-04 1.694369692034629945e-03
-5.359544923756181948e-04 1.559505976083552185e-03
-1.965281834245825561e-04 1.294032712409389592e-03
8.496816780724606192e-05 9.281849766141075930e-04
2.521505767995580165e-04 5.102188446642153073e-04
2.702546642269200937e-04 9.745043424014043819e-05
1.326064261138682138e-04 -2.543977771881057118e-04
-1.382265537012895449e-04 -5.015300348964347316e-04
-4.948181558485343322e-04 -6.201377026461275766e-04
-8.739678712435870571e-04 -6.106656400274971825e-04
-1.208762841729175020e-03 -4.974819137041929570e-04
-1.441330947858814656e-03 -3.240187119978606535e-04
-1.533867536862511868e-03 -1.443098585248063850e-04
-1.475845612289863277e-03 -1.253250271456821021e-05
-1.286042346283135674e-03 2.746175327895440405e-05
-1.008996718254975312e-03 -4.936063652054907980e-05
-7.065680097832819067e-04 -2.443112753330985371e-04
-4.461930509682548464e-04 -5.345967494778751904e-04
-2.880657589288957484e-04 -8.775318744268050235e-04
-2.736671384764589312e-04 -1.218553716300882148e-03
-4.178187449208900853e-04 -1.501520392708132184e-03
-7.057659294536007977e-04 -1.679345251377248717e-03
-1.095845228894051521e-03 -1.722952738003283519e-03
-1.527233289375519660e-03 -1.626859260124684410e-03
-1.931312879243855807e-03 -1.410320600913891843e-03
-2.244506970368851523e-03 -1.113826095560642134e-03
-2.420154147623282404e-03 -7.916000917703112363e-04
-2.437180292662230116e-03 -5.015265402802393524e-04
-2.303928152742842038e-03 -2.943999226434648687e-04
-2.056423179297691209e-03 -2.045328543510884639e-04
-1.751407343018734908e-03 -2.434935163271335088e-04
-1.455463093347977724e-03 -3.981532421033605741e-04
-1.232289708761296742e-03 -6.334083627419379589e-04
-1.130543842140037739e-03 -8.990553511796738322e-04
-1.174548892709501892e-03 -1.139512023907640918e-03
-1.359634207642293740e-03 -1.304538952439423388e-03
-1.652987970822484762e-03 -1.358926290624919630e-03
-1.999863085660794591e-03 -1.289307685248673729e-03
-2.333961222525526933e-03 -1.106807568607730361e-03
-2.590028529420775744e-03 -8.450177793511367847e-04
-2.716277202716024537e-03 -5.536845957594253333e-04
-2.684279566614542964e-03 -2.893003012461384791e-04
-2.494459365819775599e-03 -1.043803893528917788e-04
-2.176138134104341985e-03 -3.745728745196475525e-05
-1.782125045389056518e-03 -1.056866946812985058e-04
-1.378871495148652161e-03 -3.014687604023091471e-04
-1.034051253191362214e-03 -5.937268569401096254e-04
-8.039143866573181165e-04 -9.336054295615831390e-04
-7.228059592379587877e-04 -1.263512225947753184e-03
-7.968306293650393585e-04 -1.527797465607478363e-03
-1.002859293696237077e-03 -1.683053013359714703e-03
-1.293062499997353837e-03 -1.706086944371000991e-03
-1.604109026457576194e-03 -1.598069293499050506e-03
-1.869284938310711601e-03 -1.384069842089985557e-03
-2.031235800497333942e-03 -1.108081211286824968e-03
-2.052917162650756168e-03 -8.244751309365672218e-04
-1.924678164789235622e-03 -5.875147535573513108e-04
-1.666135786989820546e-03 -4.409134980860415125e-04
-1.322484151828141278e-03 -4.094215351786377162e-04
-9.559375319242243048e-04 -4.940364311602860742e-04
-6.339277028007878935e-04 -6.717474732187041220e-04
-4.162914191620582013e-04 -8.998639081126537462e-04
-3.438755667056506106e-04 -1.124108489656484595e-03
-4.307195974645915615e-04 -1.288943906887849182e-03
-6.612979042710154156e-04 -1.348176046996758023e-03
-9.933470114789977670e-04 -1.273824850083394092e-03
-1.365745231087059017e-03 -1.061580794248412601e-03
-1.709955962596078566e-03 -7.318108260768673400e-04
-1.962871208600462571e-03 -3.259195564992546992e-04
-2.078626846575428334e-03 1.012496188406704860e-04
-2.037155888481628676e-03 4.915394993527986240e-04
-1.847863490071577656e-03 7.942182385013042819e-04
-1.547730926521651050e-03 9.753046835285687863e-04
-1.194210315888978406e-03 1.023719693654700277e-03
-8.542579086579960446e-04 9.531042284019299385e-04
-5.915845842135511587e-04 7.989654018909360085e-04
-4.545394116265904583e-04 6.116961542798895427e-04
-4.669218644814531350e-04 4.467951991493426811e-04
-6.234632816638683260e-04 3.541435658243868162e-04
-8.908335305441348294e-04 3.683720863302037849e-04
-1.213982086035898626e-03 5.021468994759031293e-04
-1.526612120966599042e-03 7.436467468661621654e-04
-1.763803093619357044e-03 1.058711315021962016e-03
-1.874390006848747781e-03 1.397254591376674961e-03
-1.830753124714759855e-03 1.702728784953679020e-03
-1.634161839769477558e-03 1.922845903073613569e-03
-1.314657850511166595e-03 2.019525137246687852e-03
-9.254965396790329523e-04 1.976180080359575889e-03
-5.331957280067356041e-04 1.800962885249538523e-03
-2.050727263557831827e-04 1.525347527131898492e-03
3.373699710627962693e-06 1.198316467997135237e-03
5.885031303653294119e-05 8.772471852104992253e-04
-4.353855029763057261e-05 6.172196401908722251e-04
-2.794636740179408840e-04 4.607645645199451214e-04
-6.000626383136576291e-04 4.299888713104863978e-04
-9.412600077317604058e-04 5.225644034677342587e-04
-1.235949498838024132e-03 7.123348483256395670e-04
-1.426730078382470405e-03 9.544214728421039065e-04
-1.476783497755069108e-03 1.193856886216352990e-03
-1.376833167884535317e-03 1.376108529761567965e-03
-1.146866790058001517e-03 1.457496409551051458e-03
-8.322971837767918161e-04 1.413530345968208590e-03
-4.952894394619374290e-04 1.243586762413468596e-03
-2.028983289191324578e-04 9.710389908352183661e-04
-1.426438800238667357e-05 6.388167909501628458e-04
3.070424288435249192e-05 3.012370607045032080e-04
-8.098187980873513235e-05 1.365450617411790787e-05
-3.327977168900187214e-04 -1.781055022348430319e-04
-6.816933969450362282e-04 -2.465278313486800755e-04
-1.066106674194073440e-03 -1.877359191350390930e-04
-1.417484449882387525e-03 -2.235456273744760615e-05
-1.673135037287121598e-03 2.082605650244052356e-04
-1.787980666974453309e-03 4.497172918050255409e-04
-1.742987708004768189e-03 6.447529645731512335e-04
-1.548680858473602730e-03 7.439518893110266947e-04
-1.243078086074417450e-03 7.149895042678897821e-04
-8.844391793452337528e-04 5.486574077870692238e-04
-5.402024221600786394e-04 2.605326308773339402e-04
-2.742052404361853060e-04 -1.120211068511557076e-04
-1.346091080483183917e-04 -5.169490802870068064e-04
-1.448151250623160415e-04 -8.973520116136961397e-04
-2.990898686732925815e-04 -1.202217011290866895e-03
-5.637287063299894997e-04 -1.396000051745595110e-03
-8.835347317923405389e-04 -1.465245328485548877e-03
-1.192384472756401626e-03 -1.420988808035022555e-03
-1.425877213301996816e-03 -1.296492413596996929e-03
-1.533669816975735635e-03 -1.140740302057151323e-03
-1.489158143577187223e-03 -1.008931924765459325e-03
-1.294668338229072908e-03 -9.517759147576672655e-04
-9.811713561012147880e-04 -1.005616482149765834e-03
-6.025711014477929707e-04 -1.185266822818946582e-03
-2.256441321175059510e-04 -1.480911821901114778e-03
8.246757446404731715e-05 -1.859672058132684144e-03
2.668457252323526169e-04 -2.271538635524041408e-03
2.950857950387264202e-04 -2.658560772406311570e-03
1.633421323534083123e-04 -2.965552065337738463e-03
-1.030145141729662617e-04 -3.150293569836311140e-03
-4.542499530362946784e-04 -3.191306813442394696e-03
-8.257099163758331714e-04 -3.091729609864491031e-03
-1.150064989731619698e-03 -2.878565013982937668e-03
-1.370038220590826493e-03 -2.597449283176382455e-03
-1.449205599076660959e-03 -2.303932492929438441e-03
-1.378825017206904494e-03 -2.052924971434226704e-03
-1.179401855153706588e-03 -1.888309115696719040e-03
-8.966964972525038160e-04 -1.834683875776937662e-03
-5.929320137739705785e-04 -1.892804391507407324e-03
-3.348695629062722759e-04 -2.039578620769877133e-03
-1.810125699367438846e-04 -2.232619010934461159e-03
-1.703660249739491527e-04 -2.418483926378066189e-03
-3.148829889021212674e-04 -2.543044158017836176e-03
-5.970323111999324131e-04 -2.562006856593725991e-03
-9.729518237432640323e-04 -2.449598963251175751e-03
-1.380593518195678696e-03 -2.203760380509701793e-03
-1.751321756073272260e-03 -1.846857786788566515e-03
-2.022771448507138144e-03 -1.421778035246688224e-03
-2.150534242922804654e-03 -9.841349173185132571e-04
-2.116462297614438680e-03 -5.920590775410040311e-04
-1.932019260525768157e-03 -2.954986901387557634e-04
-1.636045416832960977e-03 -1.270514585507202766e-04
-1.287361168054864183e-03 -9.605896067935561309e-05
-9.536098931672568535e-04 -1.870771438051615837e-04
-6.984528507677532439e-04 -3.630087401642503701e-04
-5.695403593179945191e-04 -5.723013200109867797e-04
-5.895360327739808913e-04 -7.588456427289271174e-04
-7.518922717848079739e-04 -8.726985191323637092e-04
-1.022175080022791512e-03 -8.795991888655647949e-04
-1.344685050624245225e-03 -7.674776001406723169e-04
-1.653118123133903760e-03 -5.487234820123201243e-04
-1.883244434012756137e-03 -2.577886608385456749e-04
-1.985201194508220534e-03 5.542048908542941774e-05
-1.933068442163095226e-03 3.351057418123737732e-04
-1.729910927233526807e-03 5.302800079931611985e-04
-1.407327917522920371e-03 6.045793944534921674e-04
-1.019592780279143318e-03 5.433215008361570904e-04
-6.334888842437201052e-04 3.564683744371215839e-04
-3.157636136146118591e-04 7.692795514984568112e-05
-1.205737026276250401e-04 -2.454894357348661512e-04
-7.929718452247237152e-05 -5.533201346862809487e-04
-1.946395913370167112e-04 -7.921550650870921905e-04
-4.401493943292167713e-04 -9.207833501619286376e-04
-7.652339039567355658e-04 -9.188548469258915954e-04
-1.104725797727850335e-03 -7.906141402615689913e-04
-1.391189235823099687e-03 -5.640018340162433925e-04
-1.567636230284121489e-03 -2.852955269748779854e-04
-1.598246693181640775e-03 -1.030669752965742607e-05
-1.475064024448575865e-03 2.061989241247339779e-04
-1.219400548385081960e-03 3.208543579401327487e-04
-8.776891913387444011e-04 3.098583625046456998e-04
-5.125697530610543156e-04 1.734117696101818411e-04
-1.909007507130112101e-04 -6.441430030023617215e-05
2.902982781168689762e-05 -3.603501428698518039e-04
1.086697209772310817e-04 -6.602506826011698450e-04
3.662590154236656723e-05 -9.094899148804166293e-04
-1.690626632966071353e-04 -1.063453790745821480e-03
-4.642365665384167979e-04 -1.096139935737764064e-03
-7.868877080497674748e-04 -1.005231022891181231e-03
-1.068827509105877739e-03 -8.126764232971117954e-04
-1.248544293841496143e-03 -5.606674701572039038e-04
-1.282816872410721346e-03 -3.037641916957702472e-04
-1.154886362126071033e-03 -9.866046693009119769e-05
-8.776394707934668648e-04 6.477829638063176999e-06
-4.912005511582712711e-04 -1.891423531165522740e-05
-5.538796032927456082e-05 -1.820322727532322667e-04
3.615377523990669778e-04 -4.653292951943563752e-04
6.957046004529821547e-04 -8.297965731658110862e-04
8.996110729017538915e-04 -1.222277134474967315e-03
9.509925383014300199e-04 -1.585427610991769695e-03
8.568957497932881001e-04 -1.868443461713035006e-03
6.521927305708146794e-04 -2.036518842041728627e-03
3.928185132562370639e-04 -2.077252753418554893e-03
1.450164946630282396e-04 -2.002792056314067325e-03
-2.736869136574920924e-05 -1.847309800276688771e-03
-7.514109128339753908e-05 -1.660301105484364177e-03
2.677695003934607750e-05 -1.496971148770447069e-03
2.744519611062353880e-04 -1.407540628723008861e-03
6.355529213538591493e-04 -1.427499115427309680e-03
1.055357864396949241e-03 -1.570657117228832587e-03
1.467018514996707660e-03 -1.826317532538206936e-03
1.804141200644799378e-03 -2.161106800810119483e-03
2.013303144388420198e-03 -2.525123305943252280e-03
2.064134929337407397e-03 -2.861242598433719631e-03
1.955060251751018253e-03 -3.115820707249698958e-03
1.713605909987118850e-03 -3.248771515421747507e-03
1.391222692707309600e-03 -3.241112101297603104e-03
1.053596798420497428e-03 -3.098548735366953976e-03
7.682848678814640066e-04 -2.850425172191549394e-03
5.920120234197511063e-04 -2.544232164830190299e-03
5.600356412007922915e-04 -2.236716678205120240e-03
6.795859969896693355e-04 -1.983272188782865542e-03
9.286226208972138928e-04 -1.827616062860554658e-03
1.260138431682347911e-03 -1.793704881829550485e-03
1.611193125398312307e-03 -1.881414182566102950e-03
1.914961786407957597e-03 -2.066795769536633378e-03
2.113513831855417906e-03 -2.306858607103382062e-03
2.168899289643512474e-03 -2.547962524357108051e-03
2.070440195011931730e-03 -2.736229796724304331e-03
1.836843810138544687e-03 -2.827997638873212208e-03
1.512735255687480381e-03 -2.798327050124956462e-03
1.160264219175003711e-03 -2.645951692795890219e-03
8.473734968516546603e-04 -2.393724812845679072e-03
6.349495709589282437e-04 -2.084474967096135601e-03
5.652875094766927509e-04 -1.773051075904135722e-03
6.540540754498150658e-04 -1.516059422510560766e-03
8.872710873783390710e-04 -1.361232948264024575e-03
1.223891078671191261e-03 -1.338443641663363860e-03
1.603479007174016691e-03 -1.454058611881674061e-03
1.957547517359722791e-03 -1.689708271985378065e-03
2.222401987934915450e-03 -2.005700597868386760e-03
2.351066174713772276e-03 -2.348436646568939200e-03
2.322033703400169964e-03 -2.660425771517041776e-03
2.143191921993490255e-03 -2.891007509512533852e-03
1.850178821018647665e-03 -3.005753956356247564e-03
1.499487772470122241e-03 -2.992776795082427790e-03
1.157629177948661311e-03 -2.864749608822694284e-03
8.884045280670154355e-04 -2.656267691174855547e-03
7.407055679294889498e-04 -2.417050619121855360e-03
7.391516132980411073e-04 -2.202280174065721942e-03
8.793404199660068967e-04 -2.061908684117090117e-03
1.128614152325506164e-03 -2.030967768287498566e-03
1.432197376060838573e-03 -2.122717869593568254e-03
1.723546410632009578e-03 -2.325940766229940906e-03
1.936951500036615320e-03 -2.606892355371573291e-03
2.020006167826899485e-03 -2.915550026526042039e-03
1.943582678195933562e-03 -3.194975065039593141e-03
1.707424088370095017e-03 -3.392019866438261005e-03
1.340292697412163048e-03 -3.467354178931767589e-03
8.946448090146986521e-04 -3.402912584297566184e-03
4.368376493996999001e-04 -3.205352814619323240e-03
3.471990102725541500e-05 -2.904869040790090083e-03
-2.550475028339090587e-04 -2.549583083179805722e-03
-3.975427396818254707e-04 -2.196573147126014338e-03
-3.860120346085334090e-04 -1.901235723231971741e-03
-2.429622481798953044e-04 -1.706991275726672114e-03
-1.571367902643627866e-05 -1.637278653237651078e-03
2.327413938402451250e-04 -1.691349272069517067e-03
4.358401103919355029e-04 -1.844652233491514979e-03
5.362157279645954388e-04 -2.053731974671657665e-03
4.967092163800790197e-04 -2.264705474842348271e-03
3.075379611121154921e-04 -2.423708259060890473e-03
-1.173820382630556694e-05 -2.487325804613085660e-03
-4.158278429479912632e-04 -2.431030028320435663e-03
-8.422133434373048214e-04 -2.254018736250206628e-03
-1.222941225293447485e-03 -1.979537618345841941e-03
-1.497465021503108229e-03 -1.650620449665597504e-03
-1.624108489067830046e-03 -1.322051473442613324e-03
-1.587977580818246328e-03 -1.050070038294596613e-03
-1.403821531680976131e-03 -8.817658290891969937e-04
-1.113299369746962751e-03 -8.461723672846888436e-04
-7.771671398012258746e-04 -9.487456253209250023e-04
-4.638626005390334307e-04 -1.170274351343717368e-03
-2.366460651034740141e-04 -1.470430263595883186e-03
-1.417292778382213403e-04 -1.795288394692792257e-03
-1.996370271924287690e-04 -2.087396752444036808e-03
-4.014340310557685176e-04 -2.296492321913542502e-03
-7.105284021490257612e-04 -2.388838546624852052e-03
-1.069707132305142139e-03 -2.353420867486541099e-03
-1.412068453690293497e-03 -2.203832148148181409e-03
-1.673778221805463651e-03 -1.975496139584160833e-03
-1.806232324239326423e-03 -1.718759936827230200e-03
-1.785319914914260293e-03 -1.489168482422109771e-03
-1.616031647216813541e-03 -1.336767483236931797e-03
-1.331538995706593948e-03 -1.296464660048808571e-03
-9.869182063264416490e-04 -1.381278308254860329e-03
-6.487070417198941355e-04 -1.579754788090872346e-03
-3.822721459464914527e-04 -1.858046456211586654e-03
-2.393799943622325951e-04 -2.166258332814596527e-03
-2.483263895692171567e-04 -2.447862732544598633e-03
-4.084954874243620871e-04 -2.650399393906968139e-03
-6.903810082909364078e-04 -2.735434487828636990e-03
-1.041068331847383151e-03 -2.685891519233919028e-03
-1.394142370126046472e-03 -2.509364120529693036e-03
-1.682148230154499689e-03 -2.236780960412869737e-03
-1.849248386877508496e-03 -1.916672498934405633e-03
-1.861682908679837458e-03 -1.606121580653545929e-03
-1.714055248355050420e-03 -1.360107302340979448e-03
-1.430256462190993786e-03 -1.221255435686857335e-03
-1.058855796137570839e-03 -1.211931412450341534e-03
-6.638331796229882077e-04 -1.330168132273565861e-03
-3.124109312907685137e-04 -1.550194667227773214e-03
-6.229093865738283362e-05 -1.827460829790247734e-03
4.928422862797324049e-05 -2.107201499760448255e-03
1.257362551738267203e-05 -2.334914727725893001e-03
-1.528506445024321652e-04 -2.466765785909194597e-03
-4.018661352131227800e-04 -2.477944019622352508e-03
-6.724240563597163982e-04 -2.367387750013906327e-03
-8.974006251780890057e-04 -2.157981002934721265e-03
-1.017430155796908734e-03 -1.892184074876571186e-03
-9.922878670469519307e-04 -1.623925361673882488e-03
-8.086645556174862186e-04 -1.408290593706852971e-03
-4.828581049830357372e-04 -1.290963443461607719e-03
-5.786899417515060581e-05 -1.299419272770860377e-03
4.045536450650632555e-04 -1.437542498963250261e-03
8.354128849677232380e-04 -1.684690394729872025e-03
1.171337661632362989e-03 -1.999384725462473398e-03
1.366395152140259008e-03 -2.326936797309586344e-03
1.400608656040352052e-03 -2.609567087751936496e-03
1.283571472359664681e-03 -2.797108612217702288e-03
1.052475697166877595e-03 -2.856272903309814946e-03
7.649322043694832107e-04 -2.776729782824303994e-03
4.879440678603496392e-04 -2.572855379127252356e-03
2.851236133542578736e-04 -2.280822820804289611e-03
2.045753304458203638e-04 -1.951591465299970995e-03
2.697402012657383174e-04 -1.641126543785057694e-03
4.749356500391965210e-04 -1.399704836919195934e-03
7.864356157388841841e-04 -1.262334313631862173e-03
1.148885674053226093e-03 -1.242103957199871926e-03
1.495837419737776949e-03 -1.327724362641102005e-03
1.762405845885951002e-03 -1.485725336397035901e-03
1.897651017944097362e-03 -1.666894093932771428e-03
1.874337156490289702e-03 -1.815733883935050953e-03
1.694218510253312198e-03 -1.881150175883398393e-03
1.387848140450642339e-03 -1.826338364714956419e-03
1.008942596446088785e-03 -1.635997408739605675e-03
6.243660975296771564e-04 -1.319499428156675497e-03
3.016271077175325431e-04 -9.094103356513804238e-04
9.625111479329520082e-05 -4.556362358833127599e-04
4.141687509835755877e-05 -1.629810963092574207e-05
1.418149474000318872e-04 3.529435080082995828e-04
3.728881353837009793e-04 6.090987684476106400e-04
6.855947932478425027e-04 7.296665826579568385e-04
1.015790671348590357e-03 7.165861777201684019e-04
1.296450978529901195e-03 5.955795630440719217e-04
1.470417082278342464e-03 4.110146020229975532e-04
1.501253471754223712e-03 2.172659991620155633e-04
1.380158968432916577e-03 6.821399002642891240e-05
1.127623816565463590e-03 6.872440941040731076e-06
7.895196394792306643e-04 5.711281466548741824e-05
4.283638278352680192e-04 2.190528384092259046e-04
1.114140482590871570e-04 4.689840203309153174e-04
-1.021508544191983324e-04 7.638519396863662240e-04
-1.725339519850454780e-04 1.049440365602961759e-03
-8.696444756208670558e-05 1.270708129954055063e-03
1.377673511610371087e-04 1.382319253617023559e-03
4.583674752472971341e-04 1.357369459227413238e-03
8.131125911578160077e-04 1.192652997857017276e-03
1.133415751272997402e-03 9.094681692121579309e-04
1.356697101240840388e-03 5.498041298223156409e-04
1.438125858241974184e-03 1.686257303482071972e-04
1.359013396811454199e-03 -1.762883016822838940e-04
1.130271084256137624e-03 -4.350353503607228131e-04
7.902805916250282402e-04 -5.747885223260889697e-04
3.975819152415629716e-04 -5.857693182046890337e-04
1.976506538102398413e-05 -4.828674651466936742e-04
-2.793303533449724733e-04 -3.026057484999338616e-04
-4.516836051675461529e-04 -9.602854720298192425e-05
-4.741443962777445792e-04 8.113599747489790102e-05
-3.527543743866012470e-04 1.791746834829227543e-04
-1.215214752737661479e-04 1.639210237828666586e-04
1.641191878804351191e-04 2.331398263042208392e-05
4.379177194730272862e-04 -2.302587692550678517e-04
6.354833456104381096e-04 -5.622766026925523405e-04
7.066174215581725801e-04 -9.226213152176949246e-04
6.249674341057291551e-04 -1.255093104512273929e-03
3.931709354489364974e-04 -1.508103024413538686e-03
4.251213387024602684e-05 -1.644514392095484901e-03
-3.728472460834075471e-04 -1.648766152256255207e-03
-7.859739177501735233e-04 -1.529925344513341154e-03
-1.129695657022965552e-03 -1.320086247910551291e-03
-1.349190790960975647e-03 -1.068414631784114777e-03
-1.412253694947581718e-03 -8.319600351530816954e-04
-1.315295124801711679e-03 -6.649709976654222515e-04
-1.083943390219166631e-03 -6.087317828110123518e-04
-7.681342240652893954e-04 -6.838406672381915768e-04
-4.326202344048898549e-04 -8.863879689231936136e-04
-1.446975540734833296e-04 -1.188754108190476309e-03
3.852636389433848011e-05 -1.544873832473988825e-03
8.091354146065176268e-05 -1.898967770335606604e-03
-2.591539132615686136e-05 -2.196086663463520106e-03
-2.610677218654948147e-04 -2.392471106723719019e-03
-5.784255247644779982e-04 -2.463765255862225643e-03
-9.154843891948547755e-04 -2.409530006858530242e-03
-1.205307874543205295e-03 -2.253202551093028139e-03
-1.389331305989259914e-03 -2.037512153107737863e-03
-1.428587430120400710e-03 -1.816223056724069074e-03
-1.311225062605578121e-03 -1.643771518087095394e-03
-1.054893660360948105e-03 -1.564763251964721054e-03
-7.035388611432824135e-04 -1.605324441852554965e-03
-3.192123756830330013e-04 -1.767948821669398408e-03
2.955621644448876931e-05 -2.030821585070570479e-03
2.806270013288105240e-04 -2.351753309627998851e-03
3.899228570916504853e-04 -2.675984158071020858e-03
3.397001788567510956e-04 -2.946385599118617714e-03
1.418529332008782633e-04 -3.114132568616823256e-03
-1.643743741490132125e-04 -3.147829422899366125e-03
-5.198311517316630452e-04 -3.039365234138491183e-03
-8.566529137529615978e-04 -2.805392664268969993e-03
-1.111082362149982093e-03 -2.484152701006971109e-03
-1.235492500236596214e-03 -2.128248140704400507e-03
-1.207336418470634056e-03 -1.794735087342760188e-03
-1.033330743870836078e-03 -1.534408774735968647e-03
-7.480826787234500126e-04 -1.382311716025173397e-03
-4.074230770858520978e-04 -1.351259855431240654e-03
-7.771079167747947224e-05 -1.429610080338612277e-03
1.768633325575142724e-04 -1.583688553061485477e-03
3.065654487122811611e-04 -1.764416079559621249e-03
2.856702310709257611e-04 -1.916871397063013224e-03
1.174627492164507419e-04 -1.990976441329870856e-03
-1.662599872103503952e-04 -1.951274803700410064e-03
-5.110968613385892664e-04 -1.783946040089547797e-03
-8.502443669687485741e-04 -1.499721801148044473e-03
-1.117063281099349263e-03 -1.132145818651362395e-03
-1.257633087589174383e-03 -7.315016297205639579e-04
-1.240918764439269840e-03 -3.555525350695135718e-04
-1.064626141467145881e-03 -5.884226254398734063e-05
-7.556379141575384883e-04 1.174222272839360853e-04
-3.649480763896258292e-04 1.529940799116332384e-04
4.194621226753786477e-05 5.227593845981719136e-05
3.973766509598420315e-04 -1.566204947578234434e-04
6.442257521951674868e-04 -4.272647248207571326e-04
7.466314029792711420e-04 -7.037258230602543799e-04
6.966491437232226989e-04 -9.311489102656905379e-04
5.156130843347437763e-04 -1.066087784527283266e-03
2.499405554240041890e-04 -1.084638776119189281e-03
-3.782199426515130592e-05 -9.868381260503046072e-04
-2.810129771191290701e-04 -7.964935292189300776e-04
-4.216510252412749909e-04 -5.564857945012575448e-04
-4.215851394054868657e-04 -3.204349631061949224e-04
-2.698845418931469656e-04 -1.423141245093654302e-04
1.493473140232648346e-05 -6.598311855495397546e-05
3.882715702933174900e-04 -1.166296671317032171e-04
7.877564475263830555e-04 -2.957443444749963991e-04
1.144950951595465885e-03 -5.805865689309779726e-04
1.398217128488527319e-03 -9.282482127073601961e-04
1.504321539950715953e-03 -1.283550547526906465e-03
1.446577976956125913e-03 -1.589283984412763473e-03
1.237987620152043722e-03 -1.796855960773390947e-03
9.187821476228739265e-04 -1.875334492772222535e-03
5.488346142592558704e-04 -1.817178099113240207e-03
1.963742785336224095e-04 -1.639569599854799956e-03
-7.485901741506411061e-05 -1.381102996354020710e-03
-2.175902579275668190e-04 -1.094451749498032405e-03
-2.098489953048579548e-04 -8.364068438409635094e-04
-5.900211098441886844e-05 -6.571701683840811990e-04
1.997811424825478993e-04 -5.909288651285586396e-04
5.103379916348187769e-04 -6.494928946068146206e-04
8.063021900172554629e-04 -8.201972572342529355e-04
1.023828547591064137e-03 -1.068462093020335632e-03
1.113838841554913670e-03 -1.344521325765756599e-03
1.051466658740636941e-03 -1.593040764057615782e-03
8.409092553252462245e-04 -1.763799182620279064e-03
5.147644830225822383e-04 -1.821404536231741294e-03
1.279754707414960837e-04 -1.752200214068456302e-03
-2.524727777609951521e-04 -1.567048481644936313e-03
-5.601558636597453976e-04 -1.299459163367184568e-03
-7.417267411006208191e-04 -9.994133109976792093e-04
-7.669776788711403590e-04 -7.240471445267309845e-04
-6.345426947506965180e-04 -5.269565398010587522e-04
-3.721606750935934553e-04 -4.481441172203871892e-04
-3.144880127918971548e-05 -5.065099723401864876e-04
3.218251179621020846e-04 -6.963061653780126597e-04
6.201309723718421030e-04 -9.882252906810704875e-04
8.068814967604600935e-04 -1.334916745977602834e-03
8.470507708659242782e-04 -1.679886724028115683e-03
7.336980540564664102e-04 -1.968098058215583118e-03
4.891645864493404184e-04 -2.156265015824537518e-03
1.607199442980072239e-04 -2.220896694352139569e-03
-1.885142887136904651e-04 -2.162569688870478058e-03
-4.916414597614369476e-04 -2.005625253549789700e-03
-6.907772179256311575e-04 -1.793352952794715315e-03
-7.481227976756472595e-04 -1.579577675871104070e-03
-6.532245088050888738e-04 -1.418248034337680477e-03
-4.250421649766535819e-04 -1.353002625227056610e-03
-1.084324440726574656e-04 -1.408694767292911765e-03
2.342889131142103867e-04 -1.586485310114320616e-03
5.351099016504695400e-04 -1.863437217002059890e-03
7.331838153905509674e-04 -2.196692821525190412e-03
7.863547916219627105e-04 -2.531446456775904557e-03
6.791650444549294499e-04 -2.811205976458738300e-03
4.258272250334505741e-04 -2.988402712891801826e-03
6.759824866683371877e-05 -3.033342805483596992e-03
-3.349494578747479580e-04 -2.939806169238269769e-03
-7.132976631275544932e-04 -2.726233315161326071e-03
-1.003842463333768720e-03 -2.432274773459115660e-03
-1.159812570641422652e-03 -2.111355048698052191e-03
-1.159992196412639506e-03 -1.820656831833130729e-03
-1.012600252921900222e-03 -1.610418929074528428e-03
-7.535948405546448849e-04 -1.514570710982680955e-03
-4.397275320131751588e-04 -1.544472342113049554e-03
-1.376659719511428648e-04 -1.686941616855753071e-03
8.875241261696077428e-05 -1.906936311584716279e-03
1.907191670433418338e-04 -2.154379302656112081e-03
1.437935795840059212e-04 -2.373829239276831898e-03
-4.738909953222697306e-05 -2.515160832754226045e-03
-3.499333913507429077e-04 -2.543227821251656858e-03
-7.088703341122912270e-04 -2.444674539498704370e-03
-1.057544918569535862e-03 -2.230602239194781101e-03
-1.330238091975203141e-03 -1.934581590176996354e-03
-1.474633661204716997e-03 -1.606384473392643425e-03
-1.461769309581530899e-03 -1.302619323686944521e-03
-1.291586792697050094e-03 -1.076041300958380416e-03
-9.930291127054540010e-04 -9.655602914141888597e-04
-6.186644379880912141e-04 -9.888384738096921318e-04
-2.348523629892260460e-04 -1.138879750456061202e-03
9.068831385178799300e-05 -1.385258378837291937e-03
3.015594855978409811e-04 -1.679756564837973400e-03
3.632138897712181101e-04 -1.965346728831082485e-03
2.693453278000001875e-04 -2.186821527186234154e-03
4.293269871132103467e-05 -2.301063264447370145e-03
-2.682561914468241881e-04 -2.285013020631839354e-03
-6.008462393581506366e-04 -2.139835638702178040e-03
-8.879803600855875603e-04 -1.890497165753515178e-03
-1.072089723511369984e-03 -1.580840025127439648e-03
-1.115888351304677615e-03 -1.265093644132541262e-03
-1.009508090716477839e-03 -9.974330615559068997e-04
-7.724211846997541039e-04 -8.215674107685405365e-04
-4.497850366550603524e-04 -7.623341762997025211e-04
-1.039003579635708449e-04 -8.208948966437443510e-04
1.976003827698808194e-04 -9.744455368035141816e-04
3.945977036151984978e-04 -1.180499302899986561e-03
4.459304097359926200e-04 -1.384933190849056694e-03
3.372732670229449553e-04 -1.532276113255969007e-03
8.395383428390509016e-05 -1.576291130565665981e-03
-2.718270566985700855e-04 -1.488847685444041110e-03
-6.688475417518269673e-04 -1.265402573646325860e-03
-1.038305974072266206e-03 -9.260496061436996555e-04
-1.316688214068974889e-03 -5.119361511886868403e-04
-1.457628170844393629e-03 -7.772128581076987743e-05
-1.440519536700451790e-03 3.185008444299896810e-04
-1.274251841609695245e-03 6.259094633027785341e-04
-9.953671141128750052e-04 8.102752434632696761e-04
-6.609897540788426187e-04 8.601294756323079032e-04
-3.378716717828964054e-04 7.886222011310757693e-04
-8.962997737772967176e-05 6.307234870009914259e-04
3.540367380905796047e-05 4.363036594445087921e-04
1.341924584174320444e-05 2.604083763384036957e-04
-1.503005230306086451e-04 1.525752399533825306e-04
-4.223407299075993123e-04 1.472197301450057366e-04
-7.474655521369539960e-04 2.569152835020811071e-04
-1.059085395452306943e-03 4.698437711097932677e-04
-1.291897806435905217e-03 7.519023035028678421e-04
-1.394307904512980152e-03 1.053069876634152215e-03
-1.338275339189741280e-03 1.316829978734101623e-03
-1.124721595275871965e-03 1.490865808424833442e-03
-7.834716781503297221e-04 1.537002939506351175e-03
-3.677387093820709291e-04 1.438515889577763034e-03
5.580713823827114766e-05 1.203413292011740708e-03
4.195082019300948469e-04 8.630769158147811627e-04
6.673698577409197539e-04 4.665086671232336352e-04
7.655004049388332375e-04 7.127058311372187283e-05
7.083673114515465219e-04 -2.671715823533032420e-04
5.196888713077498292e-04 -5.056887122542394345e-04
2.477958453803067005e-04 -6.213791617163317606e-04
-4.365559562340094388e-05 -6.156215760894266035e-04
-2.878584873953106828e-04 -5.135278787176619526e-04
-4.276097775214953399e-04 -3.589054559925780271e-04
-4.262282427660316281e-04 -2.056876762256799689e-04
-2.745669765819858652e-04 -1.074602839133201315e-04
7.208251275397058178e-06 -1.070713492872642919e-04
3.734119268622352705e-04 -2.282961453921036410e-04
7.614848165531823724e-04 -4.711386799097339430e-04
1.103855533290470318e-03 -8.116624195618427290e-04
1.340770824212351824e-03 -1.206384505316377949e-03
1.431663913368722788e-03 -1.600402956170938334e-03
1.362906601209159380e-03 -1.937718730888195184e-03
1.150475074368763730e-03 -2.171798054200149968e-03
8.370219858230484866e-04 -2.274374012191692114e-03
4.839061198046487166e-04 -2.240818935325990593e-03
1.596854488332696094e-04 -2.091067629192907250e-03
-7.275107483539864240e-05 -1.865913328112657130e-03
-1.679798599818208482e-04 -1.619373940941581502e-03
-1.065368244280309002e-04 -1.408569891268265277e-03
1.014959235114821882e-04 -1.283025770835529008e-03
4.184871800979599217e-04 -1.275416950342870941e-03
7.864568508715746344e-04 -1.395508615930109598e-03
1.138113753269913517e-03 -1.628430261931973662e-03
1.409639266182865537e-03 -1.937607923214424875e-03
1.552794929909390945e-03 -2.271794761553733426e-03
1.544060531384906440e-03 -2.574864944999350966e-03
1.389071888166087954e-03 -2.796512936974634295e-03
1.121517947760619811e-03 -2.901829354200574987e-03
7.967063895838103057e-04 -2.877937863796138467e-03
4.810169486073909519e-04 -2.736434801372683318e-03
2.392409129247422515e-04 -2.511168777757779007e-03
1.222060824253717870e-04 -2.251780799436485427e-03
1.570329474611233209e-04 -2.014229039353099965e-03
3.418700399061085603e-04 -1.850094141061694921e-03
6.461085643997513828e-04 -1.796692535722496653e-03
1.016039078892256274e-03 -1.869872844529164770e-03
1.384882594656013056e-03 -2.060862893846639177e-03
1.685300124397062565e-03 -2.337768293077152441e-03
1.862015278475943111e-03 -2.651443065279623576e-03
1.882162894252810848e-03 -2.944625194139884918e-03
1.741407002413324035e-03 -3.162611881914544933e-03
1.464672241107414612e-03 -3.263457853078193145e-03
1.101352512875834137e-03 -3.225770383389609756e-03
7.159061507909232451e-04 -3.052629752708169511e-03
3.756201143648102772e-04 -2.770897301272736389e-03
1.378613764309391271e-04 -2.426046278643367773e-03
3.923025419923383515e-05 -2.073497895875283780e-03
8.866972152788506114e-05 -1.768106037272950976e-03
2.658350662573874534e-04 -1.553783845662125816e-03
5.250316167220679675e-04 -1.455237686903092850e-03
8.039733882929068695e-04 -1.473374101293339119e-03
1.035702142729587587e-03 -1.585249000822722912e-03
1.161407467779108135e-03 -1.748567448017098597e-03
1.141717494070733970e-03 -1.909879901432548141e-03
9.643191717363179235e-04 -2.014920170355982698e-03
6.464618576256125383e-04 -2.019124166872479555e-03
2.318667301255331449e-04 -1.896333768854894727e-03
-2.173762217919790430e-04 -1.644033265502400053e-03
-6.323927923831672857e-04 -1.284121947234001786e-03
-9.504006411420163301e-04 -8.590712034707820950e-04
-1.126442154732195658e-03 -4.241880894049468637e-04
-1.141755674259763848e-03 -3.744436218946128664e-05
-1.007202890574405898e-03 2.512090480344127781e-04
-7.611058941850840347e-04 4.090245575626165930e-04
-4.619053897335383867e-04 4.264041262672297098e-04
-1.770316644768815781e-04 3.184881730262946443e-04
2.990350716885006345e-05 1.220907761279600148e-04
1.111684173378795631e-04 -1.114346952020634960e-04
4.394269587211247635e-05 -3.260454882326637837e-04
-1.653911378695498450e-04 -4.717074776598907280e-04
-4.825072885278939802e-04 -5.139141123818218113e-04
-8.517072952669193630e-04 -4.402232762430565360e-04
-1.206555389401244103e-03 -2.625745774070782699e-04
-1.482562318500662678e-03 -1.494939580336249250e-05
-1.629513173509211741e-03 2.531813357367263440e-04
-1.621101900693661590e-03 4.863782790716251678e-04
-1.460044926206175743e-03 6.339175155101602847e-04
-1.177702159800221322e-03 6.596099371477318323e-04
-8.282735593077322116e-04 5.488921530766223845e-04
-4.786665606249203351e-04 3.118410075933803903e-04
-1.959495403589114285e-04 -1.846466062272003909e-05
-3.476382157573663402e-05 -3.919305709778908055e-04
-2.707491822907445982e-05 -7.506541248510446634e-04
-1.762011508270131671e-04 -1.039614511356202076e-03
-4.562482358201206734e-04 -1.216827280360839548e-03
-8.170552468589266544e-04 -1.261046041170273829e-03
-1.193714232186565997e-03 -1.175558029929634884e-03
-1.518860273572104121e-03 -9.873593948683931278e-04
-1.735404755484957866e-03 -7.418702407792612721e-04
-1.807301262849430896e-03 -4.941932664123030016e-04
-1.726306582345519397e-03 -2.985734981635566323e-04
-1.513458084681981557e-03 -1.980564319011004441e-04
-1.214989638395965734e-03 -2.163035079996978010e-04
-8.934616538327979241e-04 -3.531145251091394061e-04
-6.157874220375466386e-04 -5.845038502659428287e-04
-4.404259306251051206e-04 -8.673141923178968480e-04
-4.061694377354822545e-04 -1.147491737125915911e-03
-5.246522982954947680e-04 -1.370452471711126191e-03
-7.780029917033105856e-04 -1.491572976679552374e-03
-1.122087410469814949e-03 -1.484814926609796804e-03
-1.494732664819505355e-03 -1.347845541689041571e-03
-1.827377443776261653e-03 -1.102679426687826853e-03
-2.057945948308847507e-03 -7.917150468568516421e-04
-2.142510452560747805e-03 -4.699110182095578791e-04
-2.063536556465108730e-03 -1.945783636022636875e-04
-1.833151801480056896e-03 -1.471651049154705081e-05
-1.490820118803646514e-03 3.809244692915545513e-05
-1.095863278460366616e-03 -4.448871167903024025e-05
-7.162456829974714161e-04 -2.461027418613423185e-04
-4.157458713018082888e-04 -5.288976868028093551e-04
-2.419430880691715276e-04 -8.407676800063983808e-04
-2.172924686537200042e-04 -1.125262065506383441e-03
-3.349770928726480230e-04 -1.332285653328180511e-03
-5.603202114402576657e-04 -1.427563961799297072e-03
-8.374877232457002404e-04 -1.399081982070225858e-03
-1.100208936965160712e-03 -1.259278854091891789e-03
-1.284482539397375925e-03 -1.042585179220829753e-03
-1.340858629320384977e-03 -7.987722027672694482e-04
-1.243967853409132327e-03 -5.833756818311621861e-04
-9.974899071442111520e-04 -4.470116485817356069e-04
-6.336172463954127011e-04 -4.256115040511954236e-04
-2.071122885378440812e-04 -5.334301074174600116e-04
2.149197055558112516e-04 -7.601556445506005982e-04
5.656083617198103507e-04 -1.072673445206078066e-03
7.908673839630809502e-04 -1.421154628925823523e-03
8.595410518386197843e-04 -1.748321381904539406e-03
7.692283777174158859e-04 -2.000138904030206860e-03
5.466832481086240968e-04 -2.135913560423355860e-03
2.427154184580309043e-04 -2.135888735073261657e-03
-7.744202958901555867e-05 -2.004903106414171465e-03
-3.464752833207934268e-04 -1.771420946844217293e-03
-5.077063645300080880e-04 -1.482119573059912081e-03
-5.257772929560895672e-04 -1.193059501799095985e-03
-3.932807697703002113e-04 -9.591091026371124408e-04
-1.320842109499732872e-04 -8.236252515160182204e-04
2.109009242388276456e-04 -8.103422619359252352e-04
5.727005535366505324e-04 -9.190025353406094423e-04
8.863064702037240549e-04 -1.125553242848599577e-03
1.093471190552140629e-03 -1.386868211779180649e-03
1.155843286390514967e-03 -1.649096868511635509e-03
1.062331608957432783e-03 -1.858054926439499811e-03
8.313009760716456951e-04 -1.969684620380328030e-03
5.071807200362681099e-04 -1.958598931978448605e-03
1.521256360551799319e-04 -1.823086954244246575e-03
-1.656940261679013720e-04 -1.585627637650605971e-03
-3.849582536795073283e-04 -1.288809776421719804e-03
-4.627841305570946418e-04 -9.874261790328723101e-04
-3.828410228314449350e-04 -7.382347730504716654e-04
-1.584580772688327097e-04 -5.893216710899341296e-04
1.698643299683271694e-04 -5.710772120286802247e-04
5.420685148833664533e-04 -6.904912841722247053e-04
8.898381671980292937e-04 -9.298465121844365876e-04
1.149444002147171446e-03 -1.250055984424902188e-03
1.273706154824031517e-03 -1.598013605405596005e-03
1.240810745777373193e-03 -1.916566209114474841e-03
1.058314035284617328e-03 -2.155220939404895245e-03
7.615790480750845703e-04 -2.279562918616506381e-03
4.069439115984194687e-04 -2.277603097686704652e-03
6.091878272681188833e-05 -2.161858044633480514e-03
-2.125397453741148935e-04 -1.966772109672336195e-03
-3.642638517238463232e-04 -1.741974774262541534e-03
-3.692993318960347058e-04 -1.542654954850750841e-03
-2.317323798642136621e-04 -1.418880179893876672e-03
1.599853245879112032e-05 -1.405888464482330956e-03
3.191779795275449284e-04 -1.517196516036859680e-03
6.111279851514920050e-04 -1.741834498494252651e-03
8.258102889672230438e-04 -2.046235965507930098e-03
9.103315749367154328e-04 -2.380429742488149834e-03
8.349845960231572477e-04 -2.687365462259047599e-03
5.989241165687375461e-04 -2.913610476296411237e-03
2.304025220382897605e-04 -3.019395463028888039e-03
-2.184805351311177040e-04 -2.986108580462695176e-03
-6.815218721690454633e-04 -2.819820304379236885e-03
-1.090808966668666957e-03 -2.550171863112423495e-03
-1.389420203229747852e-03 -2.224837276136075719e-03
-1.542029155489733384e-03 -1.900606342819383121e-03
-1.541408037262347258e-03 -1.632774955304298805e-03
-1.409602193845313316e-03 -1.464848834730645864e-03
-1.193556742490096446e-03 -1.420506697755165044e-03
-9.560270935563839126e-04 -1.499340362788605194e-03
-7.634981390297267915e-04 -1.677173570600790260e-03
-6.734032752420078321e-04 -1.910893866757665304e-03
-7.230668913048310126e-04 -2.146877027332478455e-03
-9.224674301719815346e-04 -2.331403071789093021e-03
-1.252194446163680964e-03 -2.421085739694261909e-03
-1.666989264919866006e-03 -2.391334835835306084e-03
-2.104201177165013984e-03 -2.241243549013163458e-03
-2.495559839471324110e-03 -1.993970151544973042e-03
-2.780036067132454596e-03 -1.692537124334098173e-03
-2.915356524318691786e-03 -1.391839058842189985e-03
-2.885992115851006724e-03 -1.148369215560924575e-03
-2.706107038334213104e-03 -1.009607291461824766e-03
-2.416909140821766212e-03 -1.005075831173464929e-03
-2.078901889532903686e-03 -1.140757527818918836e-03
-1.760503172019739233e-03 -1.397930088795930380e-03
-1.525183698608906669e-03 -1.736639730981278870e-03
-1.419557694777487172e-03 -2.103156916838592582e-03
-1.464677948285957303e-03 -2.440004752630559395e-03
-1.652180303931532340e-03 -2.696664120175989911e-03
-1.946004319602940126e-03 -2.838932173955725866e-03
-2.289360888913220208e-03 -2.855166434954752464e-03
-2.615624114504037315e-03 -2.758236957152722813e-03
-2.861081699209020238e-03 -2.582822161565164702e-03
-2.977126312739646757e-03 -2.378565938526554235e-03
-2.939576426838078939e-03 -2.200397473990482050e-03
-2.753358929752577899e-03 -2.097852517048984667e-03
-2.451664456911911618e-03 -2.105423743774262595e-03
-2.089733419516180777e-03 -2.235772732393152655e-03
-1.734447888361641266e-03 -2.477093826668707970e-03
-1.451699170608675062e-03 -2.795133524644290678e-03
-1.293922621561912050e-03 -3.139486946267493108e-03
-1.290160114842571915e-03 -3.452982424474379530e-03
-1.440532541798869668e-03 -3.682379801719076490e-03
-1.716170220796387402e-03 -3.788358477360986593e-03
-2.064616139588166133e-03 -3.752904931618220117e-03
-2.419681082147583789e-03 -3.582701077479447105e-03
-2.713887033652979605e-03 -3.307871293937879233e-03
-2.891145385663432960e-03 -2.976324123677897594e-03
-2.917272164119204605e-03 -2.644758086167180687e-03
-2.786352187251043850e-03 -2.368032038112222962e-03
-2.521750161630966110e-03 -2.188909541954424647e-03
-2.171580383923840413e-03 -2.130115292866633855e-03
-1.799495977281696888e-03 -2.190203363418924236e-03
-1.472544758450221574e-03 -2.344014876189835263e-03
-1.248394100602651536e-03 -2.547633466405707994e-03
-1.164346392075719678e-03 -2.746895144471280057e-03
-1.230227325032440169e-03 -2.887836185900215322e-03
-1.426495543494449379e-03 -2.927095890331239941e-03
-1.707933060128598952e-03 -2.840299916209826879e-03
-2.012218604127881047e-03 -2.626832734329223248e-03
-2.271760892757194398e-03 -2.310092045066984134e-03
-2.426550940521216872e-03 -1.933174163687488437e-03
-2.435598968552233397e-03 -1.550805239941226762e-03
-2.284788936516232889e-03 -1.219044756085468830e-03
-1.989661568374252384e-03 -9.847102817632119066e-04
-1.592596639204689989e-03 -8.765259383648960545e-04
-1.154925473483769558e-03 -8.996713141876730565e-04
-7.454643199285072332e-04 -1.034764352614011857e-03
-4.276367832347998353e-04 -1.241472802297430940e-03
-2.476205202040671505e-04 -1.466073012027259859e-03
-2.257593904451041635e-04 -1.651527987559312611e-03
-3.528639293032068960e-04 -1.748180103606392782e-03
-5.920974549302481828e-04 -1.723037901416188400e-03
-8.860875752584254509e-04 -1.565902953246869119e-03
-1.167913567899034897e-03 -1.291181356320081049e-03
-1.373886401067278724e-03 -9.350416659420653347e-04
-1.455698992438343806e-03 -5.484622181194741914e-04
-1.389643900840429030e-03 -1.874889648387265779e-04
-1.181151368341517086e-03 9.744719867173505957e-05
-8.637872415823537060e-04 2.711270334467628506e-04
-4.928999023398758722e-04 3.202331602820358077e-04
-1.351191595382816792e-04 2.558645770701936206e-04
1.443038998140064311e-04 1.113976334311878231e-04
2.939177005160798070e-04 -6.390244876553228875e-05
2.858979900619859713e-04 -2.143099832153401831e-04
1.214195501271670167e-04 -2.883212274153218371e-04
-1.694479547646172263e-04 -2.485666554211908769e-04
-5.333032164451067918e-04 -7.907406746713826259e-05
-9.033853781073566611e-04 2.114955312166237698e-04
-1.212070068149968078e-03 5.912553925363369343e-04
-1.403526604920566972e-03 1.010881263236904862e-03
-1.444143083851599004e-03 1.412688818005861883e-03
-1.328748660540148008e-03 1.741286325054983673e-03
-1.081458058092650901e-03 1.953790671802599181e-03
-7.509814880720098486e-04 2.027677837142387827e-03
-4.012909813491173671e-04 1.964786989662014281e-03
-9.941315275717715200e-05 1.790725736977410477e-03
9.733779257744287847e-05 1.549794709471521851e-03
1.522674306928708914e-04 1.296397766918106192e-03
5.628209862965592985e-05 1.084569097614183084e-03
-1.703792833392581054e-04 9.576044502309266800e-04
-4.819908123132556803e-04 9.397633188540519206e-04
-8.160342121730217602e-04 1.031615974785053073e-03
-1.105095274401319974e-03 1.209918224274961381e-03
-1.289708096529561341e-03 1.432038542544653362e-03
-1.329713076885624115e-03 1.644099335899137492e-03
-1.211975584061391383e-03 1.791289943991036977e-03
-9.530009676848999467e-04 1.828396967477611840e-03
-5.959476971932791203e-04 1.728555612599627818e-03
-2.026009490337170012e-04 1.488561898879742131e-03
1.581769309507176629e-04 1.129736107572182173e-03
4.233356562474948747e-04 6.941695773022659019e-04
5.474288597509412071e-04 2.370605275790188668e-04
5.110792715391482667e-04 -1.834153527633380497e-04
3.245176592914589611e-04 -5.167873670533732616e-04
