1.893269938151185801e-03 -3.127320558205242285e-05
1.963255511102387531e-03 3.222481474331320228e-04
1.943441766113350455e-03 5.921506856630036428e-04
1.838513958955387924e-03 7.203857342443498180e-04
1.666378064478814041e-03 6.736325571485619499e-04
1.454887662608918232e-03 4.497956316241597799e-04
1.236750776937897483e-03 7.865032766805104538e-05
1.043576452751026609e-03 -3.834906840122116202e-04
9.001823346003173104e-04 -8.640872850062357707e-04
8.202338150662579408e-04 -1.287714079234102268e-03
8.040321046165214893e-04 -1.589917885786049480e-03
8.388607913198459958e-04 -1.728976871318038677e-03
9.018153526566444851e-04 -1.693345597703994117e-03
9.645695180503764416e-04 -1.503387499361181654e-03
9.991654664395733729e-04 -1.207078070056007320e-03
9.837210517081966532e-04 -8.705034960695289979e-04
9.069632687393879445e-04 -5.649644916478028123e-04
7.707199637535841041e-04 -3.531371747159162177e-04
5.898891610439638798e-04 -2.769204104610080083e-04
3.898839652724207989e-04 -3.492785491340420160e-04
2.020301670648162067e-04 -5.516306088747139963e-04
5.778267466197199677e-05 -8.372852370497186171e-04
-1.714797244377352665e-05 -1.140274395213209963e-03
-7.649146772073696105e-06 -1.387914751541752083e-03
8.787864316147243199e-05 -1.514718151238506061e-03
2.570978673604086702e-04 -1.475015295288219317e-03
4.758843576704842532e-04 -1.251898641532914885e-03
7.126490385280700437e-04 -8.607857907419530150e-04
9.340184215084421917e-04 -3.469216285997971951e-04
1.110805334587925157e-03 2.227162705031401511e-04
1.223147556031562106e-03 7.715860124007860137e-04
1.263850528398684572e-03 1.227530256148263955e-03
1.239311112965822779e-03 1.535875995700874313e-03
1.167857874434158122e-03 1.669216957671200863e-03
1.075832833553468093e-03 1.632038693705710648e-03
9.921673100548302968e-04 1.459322900092483279e-03
9.424894133082091854e-04 1.209407153675855044e-03
9.438889689286820116e-04 9.524633392285772673e-04
1.001340494364377429e-03 7.567867448307517234e-04
1.106469971246967950e-03 6.755012294226663125e-04
1.238906248936624257e-03 7.362057631152786261e-04
1.369967223098715213e-03 9.355292011057357365e-04
1.467987404818410155e-03 1.239629149215038667e-03
1.504281139662140034e-03 1.590543535677771273e-03
1.458613728764734854e-03 1.917193501470307098e-03
1.323144187205399242e-03 2.148953673945265368e-03
1.104091074054537429e-03 2.229217936781940565e-03
8.208023192540041257e-04 2.126387876358704770e-03
5.023999792083040129e-04 1.840197380804694648e-03
1.826286319213969375e-04 1.402168354473053635e-03
-1.061249789914803059e-04 8.701023266169347634e-04
-3.385175752296551259e-04 3.176407850926849289e-04
-5.005734351538758571e-04 -1.791401997464217100e-04
-5.918385742658671938e-04 -5.555746634830613286e-04
-6.249679131043987682e-04 -7.700816004694037344e-04
-6.228345385173155455e-04 -8.114718302917748108e-04
-6.137192430492663517e-04 -7.005156511330455638e-04
-6.255016658644962316e-04 -4.854863300129618701e-04
-6.799628138037551710e-04 -2.325344318919714661e-04
-7.882868466176349599e-04 -1.272578670913945397e-05
-9.486219258983106823e-04 1.117935774698368195e-04
-1.146168852340642653e-03 9.987829403604786462e-05
-1.355786216604956511e-03 -6.058323524385110428e-05
-1.546622779732545775e-03 -3.502089503134938773e-04
-1.687902330531819385e-03 -7.217049229285132234e-04
-1.754766376775610329e-03 -1.108811534462704907e-03
-1.733067400055212509e-03 -1.438919213749789011e-03
-1.622202474065996634e-03 -1.646962296498438727e-03
-1.435446531392654433e-03 -1.687955829145697728e-03
-1.197716531966602424e-03 -1.545795473648651532e-03
-9.411829022780521204e-04 -1.236646771714248810e-03
-6.995510590004948900e-04 -8.062732304716774788e-04
-5.020866821410804957e-04 -3.217992784100363445e-04
-3.685061928051379561e-04 1.405429721001963026e-04
-3.056895850316726222e-04 5.093743688378143952e-04
-3.068274702581603422e-04 7.312050194240051187e-04
-3.531532875413941628e-04 7.800895496947509583e-04
-4.179223748853088186e-04 6.620845428835230332e-04
-4.718746228364253947e-04 4.136750114049340846e-04
-4.891372083852093188e-04 9.447787426387823512e-05
-4.524414903787444338e-04 -2.243870060846315964e-04
-3.566591262168367885e-04 -4.740485827395971626e-04
-2.099820122797030754e-04 -6.011489982090641518e-04
-3.251821256643891368e-05 -5.781042254132575785e-04
1.474331634038440406e-04 -4.084150334957256960e-04
2.987241055919906581e-04 -1.260212678631030415e-04
3.933050485810780060e-04 2.111779414283997288e-04
4.116493796899937897e-04 5.324090516119963246e-04
3.466244812549332233e-04 7.676114678809122568e-04
2.050713131208597821e-04 8.609494197315786627e-04
6.787044626472969093e-06 7.816832505603738034e-04
-2.189042313642985591e-04 5.303337267839034787e-04
-4.383519752601639863e-04 1.389631212124042945e-04
-6.195755446546141916e-04 -3.344900958166443367e-04
-7.379309320456666973e-04 -8.167608365310546382e-04
-7.803851459767178859e-04 -1.232704673840833440e-03
-7.475991958624442603e-04 -1.519107660348981235e-03
-6.534353972249817019e-04 -1.636254693247637861e-03
-5.219919817082919935e-04 -1.575076384077259486e-03
-3.827355248947085769e-04 -1.358530874591211022e-03
-2.646609959488430402e-04 -1.036967674564493640e-03
-1.905922883732789853e-04 -6.783588905649299595e-04
-1.727082785106602136e-04 -3.552536621377972098e-04
-2.101460644686788527e-04 -1.309305165448319949e-04
-2.891382709012584929e-04 -4.737256431566120966e-05
-3.856599320411223429e-04 -1.173435985977169718e-04
-4.700836638296470053e-04 -3.220649547649212562e-04
-5.129599301066714839e-04 -6.149308187874773495e-04
-4.908245607571752340e-04 -9.305546888166858679e-04
-3.909289833315450643e-04 -1.197428720077186410e-03
-2.139911930547654974e-04 -1.351792174678979495e-03
2.556101309881392541e-05 -1.350074989817143765e-03
3.019092676049075249e-04 -1.177551192969147160e-03
5.822967421802808250e-04 -8.515536760229485682e-04
8.327803362171539228e-04 -4.186309862248426450e-04
1.024204356079993746e-03 5.382655522018339658e-05
1.137275263578773699e-03 4.899170394765560085e-04
1.165787119899233714e-03 8.191898742564496846e-04
1.117397103321171072e-03 9.896082822510141215e-04
1.011813735815924545e-03 9.770670192879014372e-04
8.767495214040355251e-04 7.896722417827981531e-04
7.424119920473196219e-04 4.659810155774887037e-04
6.355827297977651759e-04 6.754025874356852960e-05
5.744106246812052258e-04 -3.328572948854747506e-04
5.649089376138200598e-04 -6.649732656173352194e-04
5.998215775032749667e-04 -8.743655455449051437e-04
6.600737835135054394e-04 -9.325650915068028944e-04
7.185314083904622987e-04 -8.422628837594736771e-04
7.453542283989857522e-04 -6.365288761789010541e-04
7.139252754275448318e-04 -3.722164066583105160e-04
6.062275928618301394e-04 -1.188079816739550862e-04
4.166430477052234134e-04 5.517716908065692285e-05
1.534453890795343435e-04 9.563055564315667972e-05
-1.623046729514757635e-04 -2.639980675294578173e-05
-5.002634318190812834e-04 -3.087112319160687391e-04
-8.260544980704922959e-04 -7.178432696401038831e-04
-1.107282326704846134e-03 -1.194901206446046839e-03
-1.319181268219029885e-03 -1.666215490938555621e-03
-1.448841166572730627e-03 -2.056830457053270608e-03
-1.497219513644597278e-03 -2.304279422602825353e-03
-1.478568518224365313e-03 -2.370048156337778260e-03
-1.417393969068923712e-03 -2.246565278104982032e-03
-1.343528991122148629e-03 -1.958403744814574653e-03
-1.286261458333432754e-03 -1.557472106683204871e-03
-1.268631613135000119e-03 -1.113110494854374112e-03
-1.302982709079108636e-03 -6.989692271180139799e-04
-1.388608651245445535e-03 -3.791552213175108108e-04
-1.511943913981545363e-03 -1.962681458786037780e-04
-1.649257995985988672e-03 -1.635885673824915686e-04
-1.771340825999012398e-03 -2.628924196046175752e-04
-1.849286997037570459e-03 -4.482991483273662163e-04
-1.860277196075895128e-03 -6.554169425843981486e-04
-1.792254419401752763e-03 -8.140441741965872635e-04
-1.646600709194656793e-03 -8.620117108860341588e-04
-1.438297840053985414e-03 -7.575338634844362012e-04
-1.193531140004382932e-03 -4.877174569793407948e-04
-9.451793847600015131e-04 -7.160554665153998251e-05
-7.270338659681712789e-04 4.428330130187696089e-04
-5.678305296880992257e-04 9.872104993309310707e-04
-4.862149030662924311e-04 1.485124977646082789e-03
-4.875835729946208642e-04 1.866125226008747903e-03
-5.633915438539550350e-04 2.078602108425199081e-03
-6.930489671984549349e-04 2.099174666001834069e-03
-8.480416781725557719e-04 1.936801494822339934e-03
-9.974902603451585911e-04 1.630845117233972437e-03
-1.114091432774757433e-03 1.243460265690953664e-03
-1.179314683808916926e-03 8.477498741495744124e-04
-1.186869662181541706e-03 5.139320253810330348e-04
-1.143788855951656958e-03 2.961358193368721081e-04
-1.068923215727057797e-03 2.223232094104381738e-04
-9.891397768034069626e-04 2.892402390527481527e-04
-9.339469211591150833e-04 4.633472347859283504e-04
-9.295719882823330529e-04 6.875440150504024414e-04
-9.936208268285947037e-04 8.924077037156909805e-04
-1.131339680757468278e-03 1.009805300537543974e-03
-1.334197166935306798e-03 9.862927434874867953e-04
-1.581065302528466459e-03 7.937520922848230118e-04
-1.841786647114663058e-03 4.352411207981013962e-04
-2.082462768664541074e-03 -5.506392887456038271e-05
-2.271472989131149024e-03 -6.178330341078536181e-04
-2.385093508877916824e-03 -1.179336106053632902e-03
-2.411661868615420749e-03 -1.664959801487905702e-03
-2.353506137079271546e-03 -2.012937336725690099e-03
-2.226280277096632718e-03 -2.185699659475969642e-03
-2.055836952521168399e-03 -2.176705302430760255e-03
-1.873233880162384355e-03 -2.011460753867825441e-03
-1.708821722092363458e-03 -1.742541477657761446e-03
-1.586533859748575064e-03 -1.439557884240842169e-03
-1.519458590356372518e-03 -1.175965895342280954e-03
-1.507529902089219803e-03 -1.015217423009137816e-03
-1.537770316745126157e-03 -9.988693628201375345e-04
-1.587034609937154790e-03 -1.138897287489072305e-03
-1.626728333709051739e-03 -1.415662474324670727e-03
-1.628599928673128954e-03 -1.781909250227119547e-03
-1.570500889625057496e-03 -2.172026823593749701e-03
-1.441013661566239393e-03 -2.514812194494633890e-03
-1.242060732829306695e-03 -2.747307289490656754e-03
-9.889902987919368602e-04 -2.827079781912053905e-03
-7.081115946810114491e-04 -2.740611700488535234e-03
-4.321360910240104971e-04 -2.506197105628562259e-03
-1.943777364027411128e-04 -2.170790235035855494e-03
-2.280113578093415864e-05 -1.801391639754297991e-03
6.496368981351232242e-05 -1.472594931544901359e-03
6.470317844323750190e-05 -1.252644845803435342e-03
-1.377895915579928896e-05 -1.190640517919504780e-03
-1.486513261496459431e-04 -1.307302526776302036e-03
-3.102551861606518387e-04 -1.591049112619061408e-03
-4.667188855221263014e-04 -2.000123438934440796e-03
-5.899234921339330077e-04 -2.470369805327387279e-03
-6.606918547730435045e-04 -2.927188883650829430e-03
-6.722218550453647797e-04 -3.299412479277305608e-03
-6.311185427023776771e-04 -3.532476460796344763e-03
-5.558358647139181657e-04 -3.598404819862645147e-03
-4.728304473190058765e-04 -3.500722844683183156e-03
-4.111642226391817173e-04 -3.273378532785889590e-03
-3.965873243152485961e-04 -2.973886636628928631e-03
-4.462317767533748947e-04 -2.672004176665842504e-03
-5.649312708301895084e-04 -2.436092648568030823e-03
-7.438745600885987097e-04 -2.319760229771461978e-03
-9.618580061032314240e-04 -2.351324093401210499e-03
-1.188910261911492331e-03 -2.528098523331167788e-03
-1.391612290277456990e-03 -2.816600077882922167e-03
-1.539114053579038622e-03 -3.158639729261833624e-03
-1.608716244920109853e-03 -3.482156051426523770e-03
-1.589966556253399410e-03 -3.714744450307544583e-03
-1.486499870940205439e-03 -3.797325391442841515e-03
-1.315277467621492422e-03 -3.695366563562751429e-03
-1.103371261467494266e-03 -3.405535266088853107e-03
-8.829023582090559210e-04 -2.956520721537721740e-03
-6.850910614650808318e-04 -2.403868069401380887e-03
-5.345421089051832038e-04 -1.819797888704699843e-03
-4.448427984996014897e-04 -1.279932914407079687e-03
-4.163015818241556378e-04 -8.494377224662411074e-04
-4.362480560079658176e-04 -5.711869761451435603e-04
-4.818291280973525741e-04 -4.581925704625831571e-04
-5.247625435973779550e-04 -4.917126477916168407e-04
-5.371376526971424585e-04 -6.253888840170437544e-04
-4.971545439473632573e-04 -7.946165365037805798e-04
-3.937041355379640277e-04 -9.293607415915129764e-04
-2.289113090008057820e-04 -9.679801026184652784e-04
-1.814914090607274441e-05 -8.694282533973172328e-04
2.124883487061094952e-04 -6.215118474041809440e-04
4.307855344558925094e-04 -2.436310221512391887e-04
6.042139056482531516e-04 2.165257461035459885e-04
7.058573275674342789e-04 6.917143969207022094e-04
7.193376435334758717e-04 1.107648379075703259e-03
6.418122783977211771e-04 1.396927289169627544e-03
4.844790331796686557e-04 1.511746400826235060e-03
2.704936456806895928e-04 1.432981385410302469e-03
3.069389973538695572e-05 1.173926995518049989e-03
-2.020622983621739202e-04 7.779789041350109163e-04
-3.988766596972001814e-04 3.106929750076214600e-04
-5.399812193192481255e-04 -1.522808065928017989e-04
-6.181277499209846850e-04 -5.391129233438687147e-04
-6.395621338709904513e-04 -7.949319636982083879e-04
-6.224082600563077272e-04 -8.917080981579278117e-04
-5.927773326856786542e-04 -8.330222562381473395e-04
-5.793497551452163764e-04 -6.528298901404693162e-04
-6.074663025397409547e-04 -4.084656988618281083e-04
-6.938582839489874747e-04 -1.692262568441705206e-04
-8.430252144590898774e-04 -2.704644870050012043e-06
-1.045956128614541122e-03 3.852360038959833175e-05
-1.281446244334393750e-03 -7.266886589807179404e-05
-1.519768402657539590e-03 -3.323990914382926338e-04
-1.728011793944266017e-03 -7.061423337681911345e-04
-1.876083570428445976e-03 -1.134968872454428018e-03
-1.942242059067224910e-03 -1.546474078335394317e-03
-1.917117476403802125e-03 -1.868336324463917494e-03
-1.805460835401758021e-03 -2.041937957400370533e-03
-1.625290243331600033e-03 -2.033470771309723452e-03
-1.404594927975451150e-03 -1.840421887075696823e-03
-1.176218140545214714e-03 -1.492208841416494932e-03
-9.718833476583425357e-04 -1.044838805093391450e-03
-8.164888771246411273e-04 -5.705967831202852364e-04
-7.237440208299444466e-04 -1.447074916671979442e-04
-6.939644396114124161e-04 1.685125750821806628e-04
-7.144349128984563840e-04 3.274008359559596633e-04
-7.622606560489672773e-04 3.203788374951863885e-04
-8.091567856245312530e-04 1.676714032505601014e-04
-8.272583536442306394e-04 -8.299923454294167780e-05
-7.948402082926663177e-04 -3.659174638421442728e-04
-7.008533331770579709e-04 -6.102656586099356037e-04
-5.474089647010352971e-04 -7.539512392617155750e-04
-3.497311402069218540e-04 -7.557414339797010119e-04
-1.335786511424397454e-04 -6.033992300908555626e-04
6.938230389180872462e-05 -3.162724244187940922e-04
2.273841294522166770e-04 5.816059233077378412e-05
3.144472621916020679e-04 4.531388198741695969e-04
3.152404614687690648e-04 7.951879085484909321e-04
2.279926950264729471e-04 1.018031821496981088e-03
6.490467407474956427e-05 1.075212061678856336e-03
-1.500200777531751585e-04 9.490225986802203022e-04
-3.853177014658803199e-04 6.540645774000577702e-04
-6.077630411971104898e-04 2.347420746729216240e-04
-7.883527658929740181e-04 -2.428339795510044076e-04
-9.074475081575010234e-04 -7.030090196278452382e-04
-9.581081949787675564e-04 -1.074521417970704861e-03
-9.470044483389731399e-04 -1.303583642082167685e-03
-8.927331928440904608e-04 -1.363641734890073129e-03
-8.218762622760227617e-04 -1.259976091209271797e-03
-7.635539359932479002e-04 -1.028283308650359239e-03
-7.435158912926396677e-04 -7.275183175601995138e-04
-7.788981575300737113e-04 -4.283623011799537008e-04
-8.746478281655880715e-04 -1.995094231754626114e-04
-1.022300568685800349e-03 -9.437741011695198988e-05
-1.201349350410286501e-03 -1.407655916894672227e-04
-1.382950935458329700e-03 -3.354245282515313500e-04
-1.535272605172949582e-03 -6.445698223609990689e-04
-1.629469566721778589e-03 -1.010245541638213991e-03
-1.645162505895865707e-03 -1.361333345585084148e-03
-1.574377813725225074e-03 -1.627122003913227758e-03
-1.423202513657792880e-03 -1.750865455273437109e-03
-1.210837074946720902e-03 -1.700758051511383831e-03
-9.662205143657858061e-04 -1.476243112120929641e-03
-7.228604875675498928e-04 -1.108453113867186859e-03
-5.128397103512246334e-04 -6.546897554994808664e-04
-3.611249427491178602e-04 -1.879796368737351293e-04
-2.812466194388822107e-04 2.163270920715562075e-04
-2.731570570354566532e-04 4.943884085505047439e-04
-3.236622914393554019e-04 6.055245365735778583e-04
-4.093351839636169467e-04 5.394989788077737825e-04
-5.013477751273768580e-04 3.180587379332617203e-04
-5.712978820126134605e-04 -9.547472745722202512e-06
-5.969173451731962093e-04 -3.762147123146381412e-04
-5.665726334812233112e-04 -7.099559092996913850e-04
-4.816982711846869245e-04 -9.477404141003119590e-04
-3.566962259863009493e-04 -1.047570543926018430e-03
-2.163156044957822250e-04 -9.965048321445508020e-04
-9.100559248613862876e-05 -8.131058499695988833e-04
-1.111989968469108588e-05 -5.438479282930665194e-04
-1.070032874439812067e-06 -2.541655981093079476e-04
-7.453601921703789266e-05 -1.584014433560698102e-05
-2.316445643126613580e-04 1.068832047058833204e-04
-4.586536334552813402e-04 6.981291577136958595e-05
-7.302092990123903700e-04 -1.424139567481603856e-04
-1.013754953239654052e-03 -5.129698791516488880e-04
-1.275266585087144475e-03 -9.955344229394475289e-04
-1.485237684352711798e-03 -1.522551380150996645e-03
-1.623790804623658022e-03 -2.017493450451165928e-03
-1.683958675802488779e-03 -2.408824116164604793e-03
-1.672524582738459586e-03 -2.643025087741542999e-03
-1.608273834489323253e-03 -2.694234488104099018e-03
-1.517998037255978688e-03 -2.568682283363136424e-03
-1.431018804844381076e-03 -2.303093931096658522e-03
-1.373277059939931929e-03 -1.957374407392085350e-03
-1.362115303386983618e-03 -1.602966619529884364e-03
-1.402747810651183528e-03 -1.309095887544435653e-03
-1.487092756801287191e-03 -1.129510892017533425e-03
-1.595191571691788020e-03 -1.092235783949921032e-03
-1.698949372593097813e-03 -1.194276201786429771e-03
-1.767489201208782184e-03 -1.402282080618535423e-03
-1.773105570728172268e-03 -1.659040367361689977e-03
-1.696687719490155496e-03 -1.894565029685989091e-03
-1.531581803787356510e-03 -2.039679473186952266e-03
-1.285155358942629373e-03 -2.039512870081403462e-03
-9.777610537727234215e-04 -1.864346678914603154e-03
-6.392879656844837602e-04 -1.515748043111389380e-03
-3.039443353025529778e-04 -1.026818076330623334e-03
-4.249765057215990158e-06 -4.564965227036807687e-04
2.346361030965411862e-04 1.210109058918838949e-04
3.991854618831527988e-04 6.296930390254902674e-04
4.895768606624558306e-04 1.005545382916215279e-03
5.191903524105164532e-04 1.208130861130683872e-03
5.116292101735790514e-04 1.227711928066851053e-03
4.958418299201538789e-04 1.086614586009544345e-03
5.002762740311493539e-04 8.345759726961190150e-04
5.471819806004865443e-04 5.389651265049338891e-04
6.481440162085268372e-04 2.717358504798675746e-04
8.017004384026312803e-04 9.558777803901716968e-05
9.934973651410715454e-04 5.195995719513432035e-05
1.198954244405863075e-03 1.531324815934912657e-04
1.387934902588890953e-03 3.799319865391501952e-04
1.530538556211770776e-03 6.854738827266203434e-04
1.602911335898848499e-03 1.004229341831750335e-03
1.591973469622069313e-03 1.264695104780550264e-03
1.498161160135056281e-03 1.403260425518685749e-03
1.335656805903409064e-03 1.376637384786378107e-03
1.130055667147513267e-03 1.170491615173696771e-03
9.139015675417137699e-04 8.026289147609178389e-04
7.209270318703925057e-04 3.201232837930209955e-04
5.800781287889624979e-04 -2.090814145755712596e-04
5.104448554809251203e-04 -7.085177915329447448e-04
5.180464928597051759e-04 -1.107163289377006282e-03
5.950704397984841500e-04 -1.352397122286909305e-03
7.216990505294714657e-04 -1.419503287213911636e-03
8.701697920220635577e-04 -1.315930298274768477e-03
1.010292206145367794e-03 -1.079510046740654854e-03
1.115370532511154823e-03 -7.709807430242866235e-04
1.167405376538225778e-03 -4.622359348852527307e-04
1.160585748629825017e-03 -2.225292184048279246e-04
1.102408013887833192e-03 -1.052495976125531613e-04
1.012209183834990875e-03 -1.377726048208021466e-04
9.173931569405040665e-04 -3.163081244765578127e-04
8.480669390000213689e-04 -6.067180263972279507e-04
8.311064912014407089e-04 -9.511447144072025708e-04
8.847813183800756244e-04 -1.279189902814875830e-03
1.014962455391485701e-03 -1.521519995733582650e-03
1.213639880985250977e-03 -1.623313787806174822e-03
1.460039101603725215e-03 -1.554997080615936906e-03
1.724135281433226670e-03 -1.318221766924301038e-03
1.971909855681842644e-03 -9.459468532961980494e-04
2.171364880575653473e-03 -4.965953729826814815e-04
2.298166858162049159e-03 -4.338278582677345709e-05
2.339861611308273904e-03 3.391730966461802216e-04
2.297871780424801981e-03 5.890165127868791884e-04
2.186907582665350951e-03 6.679956713667746775e-04
2.031910300636193944e-03 5.688241490211251930e-04
1.863114018495498885e-03 3.162508579338861679e-04
1.710166172863657793e-03 -3.777718017367513411e-05
1.596424325067253864e-03 -4.240391801531381995e-04
1.534511726814603849e-03 -7.691704676555464592e-04
1.523974363330031848e-03 -1.009511096509392320e-03
1.551482664643397255e-03 -1.103052094097631795e-03
1.593537647863023767e-03 -1.037220134808149608e-03
1.621165457694885830e-03 -8.310310276206887012e-04
1.605706238215995254e-03 -5.312101186459732048e-04
1.524594623680845243e-03 -2.030213624656616042e-04
1.366029439849025633e-03 8.245015023922370231e-05
1.131639451612028412e-03 2.621449362292965247e-04
8.366305929969230408e-04 2.933732721134578360e-04
5.073764038271131628e-04 1.623088518939159834e-04
1.768971966828498813e-04 -1.129871910872339751e-04
-1.209268161546220625e-04 -4.855954429678785390e-04
-3.573232786080602816e-04 -8.882577440074652724e-04
-5.136564613234213339e-04 -1.245784244942415089e-03
-5.845742739739780841e-04 -1.489008314148761473e-03
-5.786861424986339004e-04 -1.567655559533001359e-03
-5.166508090172195443e-04 -1.459697608877617847e-03
-4.270422973160836267e-04 -1.175425444052787503e-03
-3.407816214005836199e-04 -7.554752936310396485e-04
-2.851919187687901747e-04 -2.631834004092637467e-04
-2.788044407648240081e-04 2.272820291961522065e-04
-3.278990503724033370e-04 6.447656420115816444e-04
-4.254328260445930810e-04 9.343279760293263583e-04
-5.525565874990688705e-04 1.067311425993690884e-03
-6.824276105721682273e-04 1.046369466946593923e-03
-7.855905904675974157e-04 9.045146427240817813e-04
-8.359006672248938145e-04 6.983746557800232530e-04
-8.158585416164734934e-04 4.969436557191501090e-04
-7.203380662519221888e-04 3.679696382392985427e-04
-5.579903351014215080e-04 3.645670597146118304e-04
-3.500477550981419229e-04 5.146014820088675541e-04
-1.267436780854223552e-04 8.148682956333468553e-04
7.798526933307071778e-05 1.231179686498882261e-03
2.325215058941537899e-04 1.704354910350675640e-03
3.131829975534184069e-04 2.160990512852656829e-03
3.083794741731645016e-04 2.526981155300330514e-03
2.205293471054598962e-04 2.741239733568106782e-03
6.538109000737136437e-05 2.767026367758135697e-03
-1.311270737046934241e-04 2.598747025444691702e-03
-3.378707033624932916e-04 2.262938622421783313e-03
-5.244561758173357010e-04 1.813256360667006963e-03
-6.669301166651625968e-04 1.320412782968089426e-03
-7.522010149410300519e-04 8.589719383200993940e-04
-7.803382190369398397e-04 4.934956052601266767e-04
-7.643169522035650389e-04 2.666593860725734698e-04
-7.272630398811722775e-04 1.915818289974012371e-04
-6.977258313536466826e-04 2.498105361894644057e-04
-7.038823869993719685e-04 3.953368243960346572e-04
-7.677794241388946964e-04 5.638679941079349821e-04
-9.007132161034940750e-04 6.855899725501145639e-04
-1.100632782683366728e-03 6.989916763042882232e-04
-1.352068954577747900e-03 5.631211305036739256e-04
-1.628613698362999483e-03 2.659403001229352845e-04
-1.897490991011977716e-03 -1.728154882513467877e-04
-2.125364012452115106e-03 -7.048266445856853687e-04
-2.284288578936404229e-03 -1.261834059077041959e-03
-2.356694066033326266e-03 -1.768112649851317142e-03
-2.338456033807433457e-03 -2.154420709665243010e-03
-2.239484762749332798e-03 -2.370791200240935509e-03
-2.081722809719273662e-03 -2.395748819218633530e-03
-1.894933749230395727e-03 -2.240211684954949729e-03
-1.711080910885445436e-03 -1.945341079584116378e-03
-1.558360302108927889e-03 -1.574746693382766917e-03
-1.456015798273570900e-03 -1.202521664833656025e-03
-1.410915018308056025e-03 -8.993694636340003471e-04
-1.416529445889541574e-03 -7.194442159173118807e-04
-1.454505734416707387e-03 -6.903893917813764582e-04
-1.498523236271049252e-03 -8.084527846410159832e-04
-1.519698793062961755e-03 -1.039593371012622215e-03
-1.492505922429863702e-03 -1.326360182839260828e-03
-1.400077418870194611e-03 -1.599229756148951367e-03
-1.237876657251251421e-03 -1.790244104580766653e-03
-1.015031553620452873e-03 -1.846355426134798933e-03
-7.530677661754318604e-04 -1.739939386850136152e-03
-4.822705025303938462e-04 -1.474475293959773455e-03
-2.363539244378586924e-04 -1.084307185149438815e-03
-4.643845571090482157e-05 -6.285214221284703574e-04
6.453156554397238009e-05 -1.800914121719629632e-04
8.587955129617209308e-05 1.876625481197965193e-04
2.102814258277298362e-05 4.147405366664779977e-04
-1.132725594290184183e-04 4.656739752444594063e-04
-2.901717361721816834e-04 3.361603026619799581e-04
-4.777880559487012249e-04 5.386608262641489481e-05
-6.451643657975489809e-04 -3.267543441009728767e-04
-7.679819711088040936e-04 -7.346462080315434209e-04
-8.329566033152178105e-04 -1.095423053737688010e-03
-8.400891790659289950e-04 -1.345210411689150547e-03
-8.023519110187385048e-04 -1.442450489926979697e-03
-7.428770671319905820e-04 -1.375441251862361512e-03
-6.901895058168723432e-04 -1.164191882235061232e-03
-6.723952944396368453e-04 -8.562535091280582510e-04
-7.114369398224988737e-04 -5.173252394737506282e-04
-8.185134638231525081e-04 -2.184250026050926384e-04
-9.915430539324874941e-04 -2.206504410025701517e-05
-1.215159050798514211e-03 2.993995974607480820e-05
-1.463249874583791689e-03 -7.528610215807251226e-05
-1.703571067352918893e-03 -3.189600623890648029e-04
-1.903564302896599246e-03 -6.539622008530723580e-04
-2.036288490188328110e-03 -1.013580089429804310e-03
-2.085345506272626420e-03 -1.324023428287812460e-03
-2.047871960843663901e-03 -1.518344240864322224e-03
-1.935033004856559881e-03 -1.549129091220558885e-03
-1.769925557927241834e-03 -1.397560806113370448e-03
-1.583287235075532887e-03 -1.077132859044188391e-03
-1.407821166493110820e-03 -6.313103208694465169e-04
-1.272207482660898037e-03 -1.255757709749938649e-04
-1.195930168070393103e-03 3.646398574222928777e-04
-1.185892324081759715e-03 7.678638095961218355e-04
-1.235453120480258220e-03 1.029701092707253603e-03
-1.326060208339609886e-03 1.122692817996411279e-03
-1.431159137824562734e-03 1.051057277873547729e-03
-1.521629592354393871e-03 8.494271499135730213e-04
-1.571708780285337864e-03 5.758332212365420942e-04
-1.564269947429434895e-03 3.002743342850330366e-04
-1.494446198724380236e-03 9.104863053887798669e-05
-1.370903513432872095e-03 1.444459135648739137e-06
-1.214512606271687207e-03 5.932039479250106676e-05
-1.054662707292566793e-03 2.615557423972938262e-04
-9.239079541886677108e-04 5.744294875154208266e-04
-8.519541254712009563e-04 9.398617504456399348e-04
-8.601198251777723673e-04 1.286340247312152928e-03
-9.573179858227558485e-04 1.542465548917383578e-03
-1.138317345633129557e-03 1.650551356893035625e-03
-1.384613520237373396e-03 1.577703828340959371e-03
-1.667746805226598189e-03 1.322279516190167422e-03
-1.954442124654369971e-03 9.144947549174367932e-04
-2.212602979234954120e-03 4.110650146158064582e-04
-2.417030881847187854e-03 -1.151184279654727301e-04
-2.553794948376578080e-03 -5.883288758566766231e-04
-2.622432951411274912e-03 -9.438459160466173723e-04
-2.635576623189255559e-03 -1.139688671698576780e-03
-2.616082371252487996e-03 -1.164030677999629022e-03
-2.592221349069227104e-03 -1.036904462295050932e-03
-2.591850471939430387e-03 -8.058851835308846086e-04
-2.636678868457843772e-03 -5.365824938384627105e-04
-2.737725883830073245e-03 -2.997523162312859752e-04
-2.892840581395271591e-03 -1.574794685671695223e-04
-3.086761547815221069e-03 -1.510569981483576938e-04
-3.293713765273371345e-03 -2.928656328252460988e-04
-3.482057667204395239e-03 -5.637979865257822850e-04
-3.620115481524560381e-03 -9.167207678757300065e-04
-3.682075487566992787e-03 -1.285323320226443777e-03
-3.652858428099399393e-03 -1.596679175172728039e-03
-3.531025172737522339e-03 -1.785142407815659043e-03
-3.329173960017973478e-03 -1.804945959401690544e-03
-3.071749263845473601e-03 -1.639113011987123301e-03
-2.790672865529054362e-03 -1.302988831014032910e-03
-2.519618597155993869e-03 -8.417174325737856750e-04
-2.288007695907831249e-03 -3.221324637460477869e-04
-2.115853435904512143e-03 1.794119696287275502e-04
-2.010421916499363030e-03 5.909771156204428159e-04
-1.965331232753905841e-03 8.581149310808078214e-04
-1.962249003510597306e-03 9.536193408600211491e-04
-1.974855922192082867e-03 8.821194071870693291e-04
-1.974313859601103515e-03 6.786570272538166530e-04
-1.935192360056301689e-03 4.015304598069310686e-04
-1.840721045476243455e-03 1.207701525351965750e-04
-1.686363812223516711e-03 -9.556045549866077574e-05
-1.481029436623088839e-03 -1.946356788163902196e-04
-1.245681905323225893e-03 -1.491887740780915243e-04
-1.009607455084932884e-03 3.707759280901666218e-05
-8.050404351414765930e-04 3.300213147585983123e-04
-6.611623841584141417e-04 6.714344073448803157e-04
-5.986089891322037004e-04 9.900550329442882411e-04
-6.255250610989505911e-04 1.215132710898738158e-03
-7.359161834043242588e-04 1.289976151641204554e-03
-9.106124108187606172e-04 1.182914642588877262e-03
-1.120666322322892315e-03 8.935919397151659282e-04
-1.332548187598360046e-03 4.533938200857060095e-04
-1.514161985078380391e-03 -8.008016830176830671e-05
-1.640551676338327866e-03 -6.334636803719539966e-04
-1.698226691451265764e-03 -1.131021769680587994e-03
-1.687297704525910196e-03 -1.508474662992534236e-03
-1.621028815378504134e-03 -1.724641292837136332e-03
-1.522901596745790051e-03 -1.768709735877959949e-03
-1.421757457179136401e-03 -1.661769625821781123e-03
-1.345948238831826300e-03 -1.452327716180224068e-03
-1.317612117384160675e-03 -1.206666409419342081e-03
-1.348167288845493472e-03 -9.958806541957446537e-04
-1.435884295014081425e-03 -8.820564362994947824e-04
-1.566003038690459747e-03 -9.062153046797670215e-04
-1.713377350746373871e-03 -1.080313491628596620e-03
-1.847149914409772697e-03 -1.384814841074123162e-03
-1.936574360783974462e-03 -1.772299660309407162e-03
-1.956882548106998656e-03 -2.176426954260412411e-03
-1.894084890768198224e-03 -2.524552066918826169e-03
-1.747792065088471904e-03 -2.751607858918205321e-03
-1.531519559020538693e-03 -2.812616630417542375e-03
-1.270411728579216208e-03 -2.691457718687596812e-03
-9.968093313781085235e-04 -2.404223300228216457e-03
-7.444916942663111189e-04 -1.996518454424203639e-03
-5.426746762584173630e-04 -1.535207217646870816e-03
-4.108911053092382517e-04 -1.096157258597942486e-03
-3.557128021292423124e-04 -7.502929660961081201e-04
-3.699243942654268833e-04 -5.505868067870084469e-04
-4.342949338006370208e-04 -5.224411890788920911e-04
-5.216017488664133339e-04 -6.592713954442984111e-04
-6.021350532226417418e-04 -9.241159090545543811e-04
-6.496322408237514877e-04 -1.256960007249668856e-03
-6.465104259023668563e-04 -1.586377742107742805e-03
-5.873998444180376140e-04 -1.843280989490325272e-03
-4.803037936812181992e-04 -1.974166686011160493e-03
-3.451616467415466265e-04 -1.951349935415856978e-03
-2.100847323751615231e-04 -1.778243032177120007e-03
-1.059770914711116285e-04 -1.488680202530400908e-03
-6.056054291459698992e-05 -1.140417015797841240e-03
-9.293787627352658072e-05 -8.040381232249146221e-04
-2.097276421525204955e-04 -5.493780223434139003e-04
-4.035078961999039450e-04 -4.320319560489353696e-04
-6.538703985929887738e-04 -4.825183551658777503e-04
-9.308936687872747121e-04 -7.001533638776622848e-04
-1.200386282785089083e-03 -1.052806757556471644e-03
-1.429917387914261427e-03 -1.482595696227411407e-03
-1.594502900131573473e-03 -1.916448949466213834e-03
-1.680881346951376221e-03 -2.279552255041641246e-03
-1.689580413307732861e-03 -2.509139901461993234e-03
-1.634393360410065551e-03 -2.566031758429999227e-03
-1.539374454435556280e-03 -2.441741298718148184e-03
-1.433931601436870193e-03 -2.159817950826997072e-03
-1.346953742017935720e-03 -1.771177777954513390e-03
-1.301092196145213573e-03 -1.344313506795428298e-03
-1.308284701035675309e-03 -9.522430668509999658e-04
-1.367374149310557167e-03 -6.586717689375721401e-04
-1.464275868835836518e-03 -5.059904577012781356e-04
-1.574663117134934799e-03 -5.073825843411729035e-04
-1.668662005805438171e-03 -6.445333582491819240e-04
-1.716664957163707792e-03 -8.713716404050241655e-04
-1.695158415805021919e-03 -1.123131258070950763e-03
-1.591456329780725938e-03 -1.329009600181133444e-03
-1.406436709452615419e-03 -1.426018752289102357e-03
-1.154755432134917841e-03 -1.371397333325087477e-03
-8.624880603080739777e-04 -1.151222634943928303e-03
-5.626365650577104050e-04 -7.835812682164024212e-04
-2.893414706555969408e-04 -3.156862484005794832e-04
-7.188465190451087412e-05 1.845256615102963010e-04
7.039250312032628402e-05 6.407374332327444395e-04
1.313040767231514884e-04 9.822107493332042812e-04
1.185693936776237127e-04 1.156728738454947244e-03
5.196540125179666933e-05 1.140082377503382881e-03
-4.075955523036124749e-05 9.403138887979667782e-04
-1.294289570037206356e-04 5.959219584946301440e-04
-1.873820968722192198e-04 1.683754683196810899e-04
-1.966880973543027721e-04 -2.696415127151945623e-04
-1.516389632560938131e-04 -6.480241981747881857e-04
-5.985812279943723987e-05 -9.124674003514048363e-04
5.918594694563278423e-05 -1.034608662051544892e-03
1.779784196949538350e-04 -1.017175694385610580e-03
2.663470911615270064e-04 -8.931673491707619065e-04
2.974168899788015379e-04 -7.192288222900083614e-04
2.529966550271466877e-04 -5.644827084741361762e-04
1.273710895066721045e-04 -4.969394184695321995e-04
-7.122836638256957714e-05 -5.700700948511400667e-04
-3.217614632144067169e-04 -8.120954590941231602e-04
-5.939203616907789496e-04 -1.220030583753255139e-03
-8.534140928245013795e-04 -1.759625606066105843e-03
-1.068006403159677334e-03 -2.371226279377388994e-03
-1.213174497262431558e-03 -2.980457326940015150e-03
-1.276327734517483572e-03 -3.511718065340970960e-03
-1.258797519143704021e-03 -3.901946674586099541e-03
-1.175230919970207200e-03 -4.112057757507140907e-03
-1.050511217382040820e-03 -4.133897267696859563e-03
-9.147957119251474544e-04 -3.991406318755842328e-03
-7.976163090614282660e-04 -3.735780402254612175e-03
-7.221643877946342608e-04 -3.435545846458695589e-03
-7.008449770700594635e-04 -3.163436018186711191e-03
-7.329432570033447185e-04 -2.982553940055307235e-03
-8.048447486809291902e-04 -2.934441295530224730e-03
-8.927653607059776817e-04 -3.031311013939608223e-03
-9.674706381103389879e-04 -3.253910492992425144e-03
-1.000085430322249789e-03 -3.555414677443100545e-03
-9.678873855644740771e-04 -3.870604904280188635e-03
-8.589795616388586335e-04 -4.128587170181777927e-03
-6.749486826308696667e-04 -4.266632086440926702e-03
-4.309961880007324997e-04 -4.242505417990702528e-03
-1.535071582758803501e-04 -4.042943186035539635e-03
1.244930300112871452e-04 -3.686654893389098957e-03
3.691446546888530584e-04 -3.221274380761031744e-03
5.517333787541103211e-04 -2.714823989165887110e-03
6.537217048728015227e-04 -2.243297050069801603e-03
6.698890749616071352e-04 -1.876699425815202878e-03
6.089948344029923015e-04 -1.666183543394624770e-03
4.918462592240922717e-04 -1.634702649466266821e-03
3.471439222900134106e-04 -1.772947788962989102e-03
2.058960948526836589e-04 -2.041331205863024505e-03
9.546326961472410529e-05 -2.377636573503949437e-03
3.436228767499522859e-05 -2.708885128784783471e-03
2.881405030261672585e-05 -2.965170228537055211e-03
7.168699512315396868e-05 -3.092841857799648406e-03
1.440332864114564359e-04 -3.064547409001958968e-03
2.189222474594958764e-04 -2.884231952081877434e-03
2.668392188630226464e-04 -2.586157164791918345e-03
2.616204007712778236e-04 -2.228132037257274812e-03
1.857916973256166940e-04 -1.880245649827177751e-03
3.429155596415198182e-05 -1.611244961130796436e-03
-1.841369013937453982e-04 -1.475147164943387511e-03
-4.481583102864399753e-04 -1.500632203164839994e-03
-7.274429745463547670e-04 -1.685234782463900394e-03
-9.879794651883812458e-04 -1.995446377583292869e-03
-1.198106169906444814e-03 -2.372718308364019871e-03
-1.334129403547389819e-03 -2.744239010759020291e-03
-1.384473218243170494e-03 -3.036453782140094600e-03
-1.351583095173133214e-03 -3.188774920245702679e-03
-1.251229819486703726e-03 -3.164892852704158464e-03
-1.109350756228205540e-03 -2.959551670755223435e-03
-9.570305405940721013e-04 -2.599509730070493057e-03
-8.245739071781339313e-04 -2.138505377510140516e-03
-7.357936515934846745e-04 -1.647181270891348798e-03
-7.035943490609129726e-04 -1.199873609953336709e-03
-7.276855088415707089e-04 -8.607645157667608710e-04
-7.948531111666434779e-04 -6.720147531087141378e-04
-8.817326189744489331e-04 -6.461175078640389981e-04
-9.595516060989438224e-04 -7.639133340183272818e-04
-9.999360591442453712e-04 -9.786332929523139032e-04
-9.806720539975604702e-04 -1.225194931589244527e-03
-8.903222191783074797e-04 -1.432980411229676544e-03
-7.308127323366496106e-04 -1.539666287993300296e-03
-5.174905991107464805e-04 -1.503475107533216266e-03
-2.766299291327465140e-04 -1.311517864452082290e-03
-4.084916305097398260e-05 -9.826368973858069962e-04
1.567027835875645092e-04 -5.642007196538869913e-04
2.882996977189333549e-04 -1.234483202505739043e-04
3.366115064316418546e-04 2.649864083480706219e-04
2.977633018876264305e-04 5.330148926732060279e-04
1.819064709719027699e-04 6.318647382008677231e-04
1.119808362294375106e-05 5.412670198986853538e-04
-1.844261122483308144e-04 2.733226164390534446e-04
-3.728835807491229053e-04 -1.296840760314880449e-04
-5.259158981712561826e-04 -6.031114740201940069e-04
-6.242702340590962264e-04 -1.071948459259131677e-03
-6.611140446679367481e-04 -1.464698411936984912e-03
-6.430416433989497981e-04 -1.726537215741433609e-03
-5.884886546470600522e-04 -1.829261759930492660e-03
-5.238623799771702184e-04 -1.776154457219739774e-03
-4.781296189213831544e-04 -1.600853007111888290e-03
-4.768963842225450926e-04 -1.360450560874752702e-03
-5.371107555345912016e-04 -1.124144483036755224e-03
-6.634024829511085772e-04 -9.595950785647683421e-04
-8.467631469257907040e-04 -9.195893053349451065e-04
-1.065827361973359149e-03 -1.031546505995455110e-03
-1.290522622386426795e-03 -1.291864554751564770e-03
-1.487406264816707119e-03 -1.666187521954256255e-03
-1.625687718389671327e-03 -2.095553715263499470e-03
-1.682803394354003305e-03 -2.507268276810078328e-03
-1.648495026932315574e-03 -2.828448490650053472e-03
-1.526624240703899167e-03 -2.999682275901272357e-03
-1.334383232549553799e-03 -2.986217171320613723e-03
-1.099052883045487962e-03 -2.784562882957722536e-03
-8.529223416498946716e-04 -2.423257019886554051e-03
-6.273305835731465656e-04 -1.957646951615028049e-03
-4.469550511811601324e-04 -1.459671924597063467e-03
-3.254241375470308330e-04 -1.004574529890760659e-03
-2.630781390165422328e-04 -6.570504352134776214e-04
-2.472951760242775884e-04 -4.594502287981747698e-04
-2.553117697508649727e-04 -4.242574291742424097e-04
-2.589944714711156417e-04 -5.322560256886589309e-04
-2.306488080511528635e-04 -7.367228535530275044e-04
-1.487549270102654446e-04 -9.728388213018525485e-04
-2.532983184079962580e-06 -1.170524610138056225e-03
2.055370765896318746e-04 -1.268258109040541542e-03
4.597290657480929805e-04 -1.225245297353872885e-03
7.336249763036687636e-04 -1.029628661659862630e-03
9.947359265180099469e-04 -7.011683754972637683e-04
1.210323036282234289e-03 -2.878791372555286653e-04
1.353323265425888542e-03 1.427486383545123125e-04
1.407264057942262184e-03 5.162876269602653190e-04
1.369240654402741932e-03 7.653031324349957509e-04
1.250395212970153514e-03 8.420389718145397879e-04
1.073808280911613079e-03 7.274589556839920670e-04
8.702014589521821653e-04 4.349314062860240842e-04
6.722628824472492472e-04 7.856647390058621927e-06
5.086662920710484023e-04 -4.883174829429065252e-04
3.989109582245614800e-04 -9.781860908035292217e-04
3.499529010606620104e-04 -1.390301709974350181e-03
3.552574385117990199e-04 -1.670286824714517374e-03
3.964435804388301504e-04 -1.790671417032084402e-03
4.471991998933090031e-04 -1.755603516518848637e-03
4.787153560239545123e-04 -1.599552148164789861e-03
4.656001609918662557e-04 -1.380259974568065137e-03
3.911417137673118172e-04 -1.167291852539578418e-03
2.509130695323769956e-04 -1.028359281881344178e-03
5.402658527629155714e-05 -1.016021442111452464e-03
-1.782092674558383475e-04 -1.157291529110258173e-03
-4.159848276141061467e-04 -1.448126056967408322e-03
-6.263437680816054962e-04 -1.853849040521891043e-03
-7.791896273122501156e-04 -2.315437840642546510e-03
-8.528119526504266204e-04 -2.760486016543790572e-03
-8.378891541348568693e-04 -3.116771276757864407e-03
-7.392120498527824345e-04 -3.325861594373883713e-03
-5.748020674730164488e-04 -3.354183528706226099e-03
-3.725897703586149453e-04 -3.199455530234258764e-03
-1.652797316400677317e-04 -2.891264900908838576e-03
1.563034686523915228e-05 -2.485674337235130229e-03
1.455496762783825494e-04 -2.054872983102803714e-03
2.111414713952925956e-04 -1.673823918640915355e-03
2.125022818450946730e-04 -1.406427611065861347e-03
1.627701186890970588e-04 -1.293811594837471126e-03
8.524543824284495518e-05 -1.346953364628203625e-03
8.580372369559099424e-06 -1.545022531679744130e-03
-3.904250513300599025e-05 -1.839745167042023495e-03
-3.562939021928095400e-05 -2.164953030360450975e-03
3.010034871555905978e-05 -2.449498962287403880e-03
1.562505174884998901e-04 -2.631082929030714203e-03
3.278201124248521854e-04 -2.668361614985542262e-03
5.193047974776061415e-04 -2.549040540097043724e-03
6.993415229714060061e-04 -2.292409668587516540e-03
8.365218083942083539e-04 -1.945837063048618367e-03
9.052765235621309300e-04 -1.575880786296177246e-03
8.907199689053930860e-04 -1.255699986046200515e-03
7.915365447913005241e-04 -1.051148587795432783e-03
6.203623264648642100e-04 -1.008186205716915182e-03
4.015865907499961219e-04 -1.143993157360402753e-03
1.669853079556665027e-04 -1.443476705135793466e-03
-4.999234398690637440e-05 -1.861836309678969927e-03
-2.202096766778924763e-04 -2.332709742593313748e-03
-3.239752597562997496e-04 -2.780366318728892932e-03
-3.543600868121410960e-04 -3.133648119899078675e-03
-3.180809766894243142e-04 -3.339029800437561587e-03
-2.337933495235206298e-04 -3.370334917108606942e-03
-1.281272485500013964e-04 -3.233280014819179139e-03
-3.022772334160562786e-05 -2.963997003886842136e-03
3.415643512696497994e-05 -2.621824245447156553e-03
4.790665101907514052e-05 -2.277741379819429174e-03
6.091262627565372130e-06 -2.000646924290636237e-03
-8.283644963271805258e-05 -1.844085032173601322e-03
-1.984325835117379112e-04 -1.835941444872296125e-03
-3.119908173476835123e-04 -1.973064975740583451e-03
-3.919026866355574019e-04 -2.221836612804477772e-03
-4.096375632120259212e-04 -2.524580452768398955e-03
-3.452110207814797801e-04 -2.810602778766406549e-03
-1.911055030164638302e-04 -3.009767487642674069e-03
4.610137664199721094e-05 -3.066034070728669483e-03
3.467131240084467530e-04 -2.948389765854316641e-03
6.813158193554335901e-04 -2.657099343113594834e-03
1.015967528070693725e-03 -2.224081165818957671e-03
1.318201158724523940e-03 -1.707329100213398612e-03
1.562713279769701626e-03 -1.180426203334165522e-03
1.735671679618266440e-03 -7.191246499427321427e-04
1.836836555700205797e-03 -3.875212791779777651e-04
1.879104515620362310e-03 -2.264344032876107384e-04
1.885572624690077083e-03 -2.461707028210731322e-04
1.884689131911310373e-03 -4.250400638413485044e-04
1.904419376199628818e-03 -7.138884269217697252e-04
1.966541204357553051e-03 -1.045780066341562078e-03
2.082158848207091989e-03 -1.348986777394509812e-03
2.249292435222746689e-03 -1.560816604677465460e-03
2.453006053205506170e-03 -1.639657274408924063e-03
2.668055230386980666e-03 -1.572949177398815391e-03
2.863556130373129133e-03 -1.379575225319464114e-03
3.008794340698918695e-03 -1.106213861640801882e-03
3.079073680452122912e-03 -8.183463993421352754e-04
3.060496185753822703e-03 -5.876238646372799676e-04
2.952765156187486112e-03 -4.779896199843408373e-04
2.769475901896156691e-03 -5.331913326920759534e-04
2.535833080611091511e-03 -7.680543809349724789e-04
2.284219491329233468e-03 -1.165178016630756888e-03
2.048446904578234574e-03 -1.677690077091910457e-03
1.857768159163000364e-03 -2.237549898853807059e-03
1.731774277681555861e-03 -2.767839324581957902e-03
1.677132328524444209e-03 -3.196727051665861595e-03
1.686771009753065646e-03 -3.470474919607086095e-03
1.741657485274071332e-03 -3.563036020330599511e-03
1.814818617539751483e-03 -3.480439419281120775e-03
1.876835268776364104e-03 -3.259142705475120624e-03
1.901760159555135332e-03 -2.958674801702965845e-03
1.872330548448542832e-03 -2.649971415230426529e-03
1.783481711971068645e-03 -2.401619743656269179e-03
1.643490316316984813e-03 -2.266623422635841850e-03
1.472527053620846862e-03 -2.272198558985821185e-03
1.298890055958710132e-03 -2.414536018647679434e-03
1.153631369261267844e-03 -2.659522967092120462e-03
1.064594669753116118e-03 -2.949286427141750103e-03
1.050995482174538892e-03 -3.213317377223812773e-03
1.119573969213546452e-03 -3.382064793236795857e-03
1.263054034734160643e-03 -3.400419650735573944e-03
1.461207100741187918e-03 -3.238528173496748284e-03
1.684326895420570468e-03 -2.897877936316276340e-03
1.898466071113819606e-03 -2.411494354140094123e-03
2.071452688043170284e-03 -1.838199386733248937e-03
2.178557538899667748e-03 -1.252007986217478852e-03
2.206749768246470816e-03 -7.286581463798916898e-04
2.156745646543255842e-03 -3.318131071850008136e-04
2.042473045736035130e-03 -1.015365573024332039e-04
1.888063046420582593e-03 -4.721175860419022687e-05
1.722947633112832840e-03 -1.462347846532380778e-04
1.576000104276724552e-03 -3.487196977848576115e-04
1.469834943673075170e-03 -5.873163043427413830e-04
1.416352397768062257e-03 -7.902744230383905487e-04
1.414375881999340801e-03 -8.952753908872998056e-04
1.449832534079257456e-03 -8.614078918104498299e-04
1.498444107807057803e-03 -6.770182863877120902e-04
1.530418471723278681e-03 -3.619485499006876595e-04
1.516251581962565521e-03 3.626060045167341724e-05
1.432537993885050435e-03 4.514793926834332065e-04
1.266684894552801751e-03 8.116818874251050496e-04
1.019630890158392412e-03 1.052812464969960296e-03
7.060473469619489833e-04 1.131192745724621642e-03
3.519756912429141760e-04 1.032110994601667447e-03
-9.661303531843486777e-06 7.729579733152491501e-04
-3.448343154383082037e-04 4.003051448870104264e-04
-6.243853388524425035e-04 -1.853227568216446594e-05
-8.290873241052726210e-04 -4.078607860771026224e-04
-9.528380883963908071e-04 -6.975719451313753096e-04
-1.003393930190014417e-03 -8.360700139371861047e-04
-1.000513639966083132e-03 -7.997257515483519172e-04
-9.718731030898415104e-04 -5.970751031864086076e-04
-9.475317718965293795e-04 -2.669754621087952104e-04
-9.540052427779129648e-04 1.289249779563805506e-04
-1.009071360950220507e-03 5.179738981981282017e-04
-1.118296871281804694e-03 8.303223673966374013e-04
-1.273944263727945243e-03 1.012137006732363991e-03
-1.456466154808772799e-03 1.035715044949189756e-03
-1.638302986811288617e-03 9.045886402057574461e-04
-1.789262128460398799e-03 6.526552963490718333e-04
-1.882455535145213625e-03 3.375039584805168626e-04
-1.899665979890995636e-03 2.920690600447591479e-05
-1.835118808855697647e-03 -2.032925567413383519e-04
-1.696936980530787007e-03 -3.056102368466927536e-04
-1.505994884273833276e-03 -2.486162149670665062e-04
-1.292378242751138478e-03 -3.435941911277820213e-05
-1.090110183885566100e-03 3.039111176852167940e-04
-9.311316037462268134e-04 7.076434069265230640e-04
-8.396651285777589728e-04 1.103692382027922402e-03
-8.280195923604690951e-04 1.417825137806852463e-03
-8.946196832627928419e-04 1.588474202288602411e-03
-1.024624825572747989e-03 1.578143638070724462e-03
-1.193012076915400503e-03 1.380316079206986811e-03
-1.369532453697433916e-03 1.020559386750164322e-03
-1.524596728941588755e-03 5.516284210576236340e-04
-1.634972239332399329e-03 4.349282667908164427e-05
-1.688209588496125289e-03 -4.298192486550805880e-04
-1.684960229592875197e-03 -8.040704743034397762e-04
-1.638746880947349093e-03 -1.036736252301126947e-03
-1.573232623780848735e-03 -1.114745506019788239e-03
-1.517509696656129487e-03 -1.056579994308562333e-03
-1.500305429201699960e-03 -9.083415697030990501e-04
-1.544209132553846751e-03 -7.345403700915629705e-04
-1.661020972847926597e-03 -6.053577497484847027e-04
-1.849112398374739208e-03 -5.828062870308590993e-04
-2.093307592034857750e-03 -7.084188369085635479e-04
-2.367318637393505364e-03 -9.948096066938823430e-04
-2.638283884460743307e-03 -1.422717325535296411e-03
-2.872560858527480575e-03 -1.944102523533060506e-03
-3.041687345312335967e-03 -2.490724295667079511e-03
-3.127392012555657574e-03 -2.986583824829779250e-03
-3.124715212119329177e-03 -3.361888949506445633e-03
-3.042657525015442406e-03 -3.565904983305081405e-03
-2.902240615915349046e-03 -3.576266574678620483e-03
-2.732353659908687022e-03 -3.402993977074212327e-03
-2.564176485708872036e-03 -3.086458128822878403e-03
-2.425238544021386666e-03 -2.689682928432503718e-03
-2.334240145368586105e-03 -2.286443477818907253e-03
-2.297616405495011855e-03 -1.947413224825591139e-03
-2.308492682714218154e-03 -1.726980530888448141e-03
-2.348225840659784198e-03 -1.653226646330967740e-03
-2.390234518120753094e-03 -1.722956765210254633e-03
-2.405386768173007651e-03 -1.902717459423099774e-03
-2.367917296506810623e-03 -2.135598866933942439e-03
-2.260745172921305082e-03 -2.352523468326242397e-03
-2.079175521199861428e-03 -2.485872787994758935e-03
-1.832274008682628023e-03 -2.482859958399029430e-03
-1.541643171602989941e-03 -2.316103751617402343e-03
-1.237821388684602576e-03 -1.989389391740526130e-03
-9.549755392542832056e-04 -1.537512923726045084e-03
-7.248817934182337020e-04 -1.020226556164283409e-03
-5.713243268326375669e-04 -5.114200296278768182e-04
-5.059633901717073418e-04 -8.557605553293054414e-05
-5.264469230783540635e-04 1.959447871491620200e-04
-6.171162713802514060e-04 2.962006189590200411e-04
-7.521667421741784184e-04 2.094135976669449966e-04
-9.006604299247818234e-04 -3.810858060163384992e-05
-1.032439646970036585e-03 -3.930466605667543760e-04
-1.123820441364228569e-03 -7.851775253102809184e-04
-1.161989004393163124e-03 -1.140602575430254987e-03
-1.147271015994629937e-03 -1.395594687311580264e-03
-1.092848302016036959e-03 -1.508446278522595487e-03
-1.021981996456162089e-03 -1.467081131374937692e-03
-9.632748831567139588e-04 -1.290996227505713904e-03
-9.448780452523453978e-04 -1.027174741408112477e-03
-9.887478180741361006e-04 -7.407539823493069619e-04
-1.106050262982336994e-03 -5.022260866580237869e-04
-1.294593607850969778e-03 -3.736064075176140148e-04
-1.538785382361728196e-03 -3.962003713404551111e-04
-1.812132975652160777e-03 -5.822969693967445680e-04
-2.081824571453187202e-03 -9.123733212626374380e-04
-2.314533090752001095e-03 -1.338350718355099450e-03
-2.482353553594799853e-03 -1.792295940695416917e-03
-2.567758131744851853e-03 -2.198929576886115341e-03
-2.566638068270309971e-03 -2.489581012109619122e-03
-2.488862608919649617e-03 -2.614954426407398603e-03
-2.356253814778822963e-03 -2.554293722041053698e-03
