5.843790265800662695e-04 1.130218645311897776e-03
8.064485975152085092e-04 7.132826243109896026e-04
9.541915976493039195e-04 1.623085902297537219e-04
9.905376914485506442e-04 -4.326815260444232718e-04
8.991495410009307061e-04 -9.747372493428504460e-04
6.879358673205259248e-04 -1.377929334076903470e-03
3.879545319161331347e-04 -1.583180145191417486e-03
4.790270098986636280e-05 -1.568987877169441669e-03
-2.747724602333246539e-04 -1.355025262346610301e-03
-5.244681721896212248e-04 -9.979429219375527023e-04
-6.577270021413167325e-04 -5.801835630755672497e-04
-6.513000177204128667e-04 -1.939363402758316219e-04
-5.064498785344753815e-04 7.671963283514219439e-05
-2.486818561343968285e-04 1.720915313338065725e-04
7.704530912884965282e-05 6.847795127107856629e-05
4.147227435276772708e-04 -2.171022760558447917e-04
7.077204505754469688e-04 -6.299593779949472228e-04
9.092716396603414209e-04 -1.087987505276910918e-03
9.910331456997232245e-04 -1.497186587426409775e-03
9.481084658098809254e-04 -1.769513545944771931e-03
7.995910334691034606e-04 -1.839682385128227956e-03
5.845346811982456495e-04 -1.677729926769967825e-03
3.541249477686159619e-04 -1.294963971472985927e-03
1.615448183038743248e-04 -7.421619985063373712e-04
5.146530878612535446e-05 -1.003542585652812956e-04
5.116231541054576740e-05 5.340722113167850529e-04
1.649529227842046284e-04 1.067138045180226992e-03
3.730152917565376361e-04 1.424551715200030088e-03
6.348254581085069608e-04 1.565245032941346964e-03
8.965691800206004782e-04 1.488613042482687682e-03
1.101133091293359824e-03 1.234099525522577064e-03
1.198789604441558455e-03 8.732185138460022474e-04
1.156557038664358505e-03 4.955340035110045865e-04
9.644655495141709993e-04 1.912633811733302058e-04
6.375434981039005376e-04 3.380842729096104893e-05
2.131473723354323536e-04 6.553030562609805584e-05
-2.558617909648311980e-04 2.894693505691533402e-04
-7.108079032147781836e-04 6.685833341441510883e-04
-1.097926762616054878e-03 1.132652689439432245e-03
-1.378107147491639721e-03 1.591547762134701716e-03
-1.533810872867759443e-03 1.952346758641393398e-03
-1.571871938715022673e-03 2.137062096778310962e-03
-1.521656048033148776e-03 2.097615783625788113e-03
-1.428940849111402789e-03 1.825223482886446924e-03
-1.346687841535757369e-03 1.352403902784610375e-03
-1.324465531100848994e-03 7.472249838823457127e-04
-1.398538672067270493e-03 1.008670297220928239e-04
-1.584511938128452778e-03 -4.891526817635254848e-04
-1.873932031416436321e-03 -9.369285689585436479e-04
-2.235501763436815482e-03 -1.183901865052804352e-03
-2.620685145293720399e-03 -1.209414798382370867e-03
-2.972649641434076812e-03 -1.034097490375167870e-03
-3.236858231745277058e-03 -7.154580811623485227e-04
-3.371309784527046476e-03 -3.365223484412295518e-04
-3.354490970636285659e-03 1.031565318456101679e-05
-3.189534310777798407e-03 2.411646331708407198e-04
-2.903793309423605227e-03 2.968366810471860691e-04
-2.543911424972276816e-03 1.543030121727596024e-04
-2.167313011631015300e-03 -1.687696123871447202e-04
-1.831720208710384701e-03 -6.172643463284578462e-04
-1.584672107093285055e-03 -1.109028796018204661e-03
-1.455020874296180169e-03 -1.550486461626548410e-03
-1.448004156933383520e-03 -1.854487010104909680e-03
-1.544815070555794227e-03 -1.957011633810872096e-03
-1.706738837008931527e-03 -1.829564929189965309e-03
-1.883060060941795866e-03 -1.484900022371305698e-03
-2.021230600812962911e-03 -9.749846898295950592e-04
-2.077360212024817292e-03 -3.815842094955334673e-04
-2.025031602773267984e-03 1.987662889588881357e-04
-1.860759662669995290e-03 6.725655925219681990e-04
-1.605051119297950558e-03 9.665666845782455198e-04
-1.298855210419565254e-03 1.041164535243722412e-03
-9.960701556619216621e-04 8.974279277848479838e-04
-7.535187453422554759e-04 5.764549555773549900e-04
-6.202874696349233632e-04 1.511847276317577517e-04
-6.284461185563289861e-04 -2.877745976030507847e-04
-7.869054023365802458e-04 -6.496094035594339108e-04
-1.079577904048655349e-03 -8.607418466237175747e-04
-1.468194671260740275e-03 -8.789405229482456176e-04
-1.899249904879583579e-03 -7.014247089604208315e-04
-2.313766106690034931e-03 -3.654254048186283315e-04
-2.658039399243400554e-03 5.890349877175020789e-05
-2.893340349348263747e-03 4.818803375937785760e-04
-3.002744365882853862e-03 8.114576455025267763e-04
-2.993809930925026789e-03 9.708965977339102833e-04
-2.896609518179552728e-03 9.136008988862339818e-04
-2.757498151019585880e-03 6.322935127487053913e-04
-2.629811549433961997e-03 1.607896286180161968e-04
-2.563266913767764821e-03 -4.319797400952417972e-04
-2.594084529684106011e-03 -1.054572418970000335e-03
-2.737711091950757215e-03 -1.609892231015937203e-03
-2.985531908365449735e-03 -2.013117868790066396e-03
-3.306202465447908353e-03 -2.207319757271447927e-03
-3.651353540429518822e-03 -2.173818725186097041e-03
-3.964594121635356405e-03 -1.935335454293271888e-03
-4.192110065063293055e-03 -1.551343995022899311e-03
-4.292852325098088853e-03 -1.106517795828671413e-03
-4.246384381527372812e-03 -6.944633967379161554e-04
-4.056899843167614816e-03 -3.998277928518477117e-04
-3.752644627939189653e-03 -2.821718237272462498e-04
-3.380846683034159032e-03 -3.646658045818437690e-04
-2.999105498978101199e-03 -6.297486702633888064e-04
-2.664862885223933699e-03 -1.022571463586684562e-03
-2.424938881786911030e-03 -1.461570175250298574e-03
-2.307103646073575733e-03 -1.854161254788827626e-03
-2.315270150055430669e-03 -2.114581549708317854e-03
-2.429206657894770506e-03 -2.180486983919812088e-03
-2.608812110571957256e-03 -2.025158127321209124e-03
-2.802133780809704273e-03 -1.662991679293021304e-03
-2.955598434516357176e-03 -1.147227479601710138e-03
-3.024509832180713540e-03 -5.603303884559679643e-04
-2.981815951568705415e-03 1.163053068203466142e-06
-2.823478169319689271e-03 4.444751705119579085e-04
-2.569419519619651864e-03 6.977297343520996514e-04
-2.259867918506967138e-03 7.231712027243560655e-04
-1.947784034551987070e-03 5.239674699881979565e-04
-1.688806775283736242e-03 1.433170171458109316e-04
-1.530621316141441389e-03 -3.439626360565979733e-04
-1.503765787101537816e-03 -8.457660134050843000e-04
-1.615622054275977961e-03 -1.270231876246324552e-03
-1.848734717840161542e-03 -1.543153723554756707e-03
-2.163784325039651204e-03 -1.621970667101592638e-03
-2.506660739922198563e-03 -1.503690131094840947e-03
-2.818307220365429393e-03 -1.225244714413630583e-03
-3.045481828964836067e-03 -8.562199824275423896e-04
-3.150409557458171486e-03 -4.853362531018954023e-04
-3.117508798681676956e-03 -2.032516855097230924e-04
-2.955929763632582016e-03 -8.495187521951903104e-05
-2.697435227564616653e-03 -1.750705304993749409e-04
-2.390035469657130450e-03 -4.789316145979304225e-04
-2.088592506922453025e-03 -9.610205506718171031e-04
-1.844181598067274382e-03 -1.551185748317939362e-03
-1.694232043504591365e-03 -2.157408114326431117e-03
-1.655320268109413415e-03 -2.682732455571593209e-03
-1.719984334016878532e-03 -3.043166234835799171e-03
-1.858165846263101426e-03 -3.183167282325542920e-03
-2.023007214396796601e-03 -3.085797641693746683e-03
-2.159905675762660831e-03 -2.775629531085883114e-03
-2.217106907220153106e-03 -2.313860455350890723e-03
-2.155827642085875271e-03 -1.786568223171077635e-03
-1.957984109625729788e-03 -1.288333954662719549e-03
-1.630054855138427222e-03 -9.043364692162348187e-04
-1.202337096153921784e-03 -6.943090131258783642e-04
-7.237269102311460469e-04 -6.813947274679408011e-04
-2.530002848728007199e-04 -8.480077755482125787e-04
1.517659432821653713e-04 -1.139478712058551203e-03
4.436423213453781012e-04 -1.474787054875466340e-03
5.951980432957713896e-04 -1.762340554813385599e-03
6.031859042270238834e-04 -1.917803757198314075e-03
4.886852953413201809e-04 -1.880589334973813880e-03
2.926868509676958953e-04 -1.625878070622578837e-03
6.796452958607117865e-05 -1.169879518236133665e-03
-1.312172481082635222e-04 -5.673250713604999001e-04
-2.596051740783518772e-04 9.834394342648710937e-05
-2.896731175636567835e-04 7.302469850603996110e-04
-2.168982563502473270e-04 1.235913473216414564e-03
-6.059606361474124221e-05 1.544341051793603984e-03
1.398441738864993002e-04 1.619042339532537293e-03
3.326087228142634916e-04 1.464617957752097988e-03
4.635414861531825291e-04 1.125618055359900796e-03
4.867440947400130356e-04 6.779131915239057157e-04
3.736794550807976149e-04 2.142121147538693588e-04
1.190460087388371668e-04 -1.735295218275464089e-04
-2.576998990287728821e-04 -4.114786190272487921e-04
-7.154731636869361830e-04 -4.577852479915409806e-04
-1.198760192015589079e-03 -3.103136500089093228e-04
-1.647539496091483162e-03 -6.785246753049020696e-06
-2.008056871151193100e-03 3.826863088242160116e-04
-2.242427478215772499e-03 7.692460195124256519e-04
-2.335258888847138899e-03 1.062539849302115112e-03
-2.296052595778262043e-03 1.188272967268944828e-03
-2.156939987234411053e-03 1.102747993921645350e-03
-1.966191154638410963e-03 8.016188255021323983e-04
-1.778734085793605858e-03 3.211908658660473249e-04
-1.645486458300798828e-03 -2.679899265405439939e-04
-1.603525472248652252e-03 -8.740561852396135870e-04
-1.668960705970450866e-03 -1.400810473679016746e-03
-1.833861277600719319e-03 -1.765580845854537988e-03
-2.067818974262232001e-03 -1.914567913742639110e-03
-2.323849244049005190e-03 -1.832784394446972109e-03
-2.547508657182958203e-03 -1.546710576667435777e-03
-2.687496568432954942e-03 -1.119166820201485720e-03
-2.705725981253024118e-03 -6.373762458591668376e-04
-2.584947623393428658e-03 -1.964784766167811288e-04
-2.332473301300849126e-03 1.183851448313483429e-04
-1.979282254204757681e-03 2.480257314157827825e-04
-1.574667820957509302e-03 1.701842702426996194e-04
-1.177425843489558104e-03 -9.653988510210671087e-05
-8.452410070157685478e-04 -4.965454474576159192e-04
-6.242687567046365394e-04 -9.481312485442771254e-04
-5.408738738033113747e-04 -1.359369541738924582e-03
-5.970791617791799304e-04 -1.645934164146663865e-03
-7.705761572585500705e-04 -1.747496564510258926e-03
-1.019287143406612771e-03 -1.639573709882086562e-03
-1.289607301412597912e-03 -1.338573200601684155e-03
-1.526760479804678463e-03 -8.990694578229218876e-04
-1.685303440917549408e-03 -4.038165896282438377e-04
-1.737787028196380746e-03 5.162022412471254686e-05
-1.679933470440245560e-03 3.767128897472757148e-04
-1.531350547709056176e-03 5.029253850660237585e-04
-1.331650286803522099e-03 3.965705671707818632e-04
-1.132711808641490795e-03 6.513825934906854621e-05
-9.885597485182200279e-04 -4.441013406159810811e-04
-9.447826851939059760e-04 -1.052953928809907593e-03
-1.029504418821043047e-03 -1.666941304047616854e-03
-1.247627960532362050e-03 -2.192956347238123049e-03
-1.579453191630441093e-03 -2.556594458030901976e-03
-1.983941485387630613e-03 -2.715886007665526888e-03
-2.406020858422103399e-03 -2.668837315712648157e-03
-2.786560004061435208e-03 -2.453361330729754170e-03
-3.073133770074174594e-03 -2.139621310226981227e-03
-3.229552083908293191e-03 -1.816248242742481839e-03
-3.242357544660482045e-03 -1.573053319870842525e-03
-3.123069764076967948e-03 -1.483520679860374919e-03
-2.905758605832796729e-03 -1.590407192768983130e-03
-2.640411520510679323e-03 -1.897187381519910981e-03
-2.383355021909761961e-03 -2.366974159246630627e-03
-2.186546515076686313e-03 -2.929129629499751305e-03
-2.087764882614887192e-03 -3.492322975671479333e-03
-2.103556316899814899e-03 -3.961570412668334595e-03
-2.226268441067610383e-03 -4.256036713044196972e-03
-2.425729938202933911e-03 -4.324232035691483525e-03
-2.655251640809552088e-03 -4.153729323731068963e-03
-2.860805234204973676e-03 -3.773563358919112057e-03
-2.991632688325164807e-03 -3.248856546919284220e-03
-3.010267501667396057e-03 -2.668686617232642576e-03
-2.900059371818120100e-03 -2.129489318526745379e-03
-2.668766087750012485e-03 -1.717132955535743098e-03
-2.347520865640058841e-03 -1.491051536801768366e-03
-1.985359068319128041e-03 -1.473432105201811235e-03
-1.640329444348780476e-03 -1.645493610211330943e-03
-1.368862407242559323e-03 -1.951550918163253139e-03
-1.215398838381645487e-03 -2.310082718545684952e-03
-1.204234726775508038e-03 -2.629695465633177017e-03
-1.335118725783092201e-03 -2.826948317912982966e-03
-1.583430557970193090e-03 -2.842651874756302842e-03
-1.904902379967190508e-03 -2.653543030088013205e-03
-2.243986658221091678e-03 -2.277114607827732812e-03
-2.544285366566643655e-03 -1.768675625449528475e-03
-2.759066791819858068e-03 -1.211190384754063255e-03
-2.859881444450742584e-03 -6.998133033196262277e-04
-2.841650251479972515e-03 -3.240423072950343337e-04
-2.723267815011607817e-03 -1.508662246857246040e-04
-2.543614232307637134e-03 -2.120952008263805172e-04
-2.353739702685265101e-03 -4.982729342682109880e-04
-2.206712009539337632e-03 -9.603250661444595300e-04
-2.147060484747089805e-03 -1.518634950829791247e-03
-2.201827200292741978e-03 -2.077833316845660670e-03
-2.374932225834503613e-03 -2.544507971247232051e-03
-2.645932350849176246e-03 -2.844488254404958089e-03
-2.973420496382555341e-03 -2.936440794381954544e-03
-3.302433728361979688e-03 -2.819212693270444284e-03
-3.574477870109402447e-03 -2.531543081498148322e-03
-3.738280129980934945e-03 -2.144209614953907460e-03
-3.759241973244334054e-03 -1.746109213893223258e-03
-3.625809054972583146e-03 -1.426920871235313635e-03
-3.351557109046749729e-03 -1.259645230428836377e-03
-2.972602087637680503e-03 -1.286338369293332827e-03
-2.540826366742321343e-03 -1.509751519742066374e-03
-2.114203236000738312e-03 -1.892469005165634552e-03
-1.746049543589782947e-03 -2.363715492260850311e-03
-1.475237582148532407e-03 -2.832549893692588860e-03
-1.319213985125517689e-03 -3.204952258081433022e-03
-1.271140279386795196e-03 -3.401571106395554628e-03
-1.301687783539578428e-03 -3.372771871234566364e-03
-1.365136860497151048e-03 -3.108136405641998348e-03
-1.408614327018619088e-03 -2.638612520379509697e-03
-1.382707711919013271e-03 -2.030902553904892233e-03
-1.251433774344366335e-03 -1.375147884889884198e-03
-9.996607299153897203e-04 -7.682341598401386468e-04
-6.365658583852576912e-04 -2.958698263045831701e-04
-1.944612477035848508e-04 -1.682164925964992931e-05
2.768018602578071227e-04 4.771847947516896608e-05
7.188015107038832948e-04 -8.236656940626785415e-05
1.075197783686777323e-03 -3.504034565098982420e-04
1.302060978133839832e-03 -6.741736361265965186e-04
1.375926182342588049e-03 -9.619784573447371116e-04
1.298053960335461294e-03 -1.130470813246298818e-03
1.094093487770887892e-03 -1.120866356659962074e-03
8.092132330947919821e-04 -9.104552204386078072e-04
4.996206908066593705e-04 -5.172263267746806358e-04
2.220745626316609350e-04 3.278078043592264155e-06
2.337105773288184699e-05 5.682873258036038244e-04
-6.821090911462101246e-05 1.083355334712916059e-03
-4.789339419456481797e-05 1.460198788610088047e-03
6.512265836980044020e-05 1.633443091305655792e-03
2.317655894300624177e-04 1.573103692324701215e-03
4.009983446699412544e-04 1.290436093330212973e-03
5.200123309035377872e-04 8.360418047218555991e-04
5.447674054014416210e-04 2.905823475608370482e-04
4.488698533665964234e-04 -2.501482646497159377e-04
2.290950176967982517e-04 -6.929750618873837522e-04
-9.350297361499697400e-05 -9.645664223188416073e-04
-4.771155804154912920e-04 -1.024880508126008866e-03
-8.666810055315131867e-04 -8.742990585783708178e-04
-1.203950553171980950e-03 -5.531092789690732984e-04
-1.438221477039185875e-03 -1.334433309539600544e-04
-1.535709854118368165e-03 2.947873501747071785e-04
-1.485792842204496783e-03 6.412892965526842837e-04
-1.302940645351733685e-03 8.328122571327390864e-04
-1.023972771852559244e-03 8.272946813263903909e-04
-7.011566285497576861e-04 6.220439595580957081e-04
-3.924519584645571116e-04 2.543969404308389377e-04
-1.507434246437881807e-04 -2.052682331348204905e-04
-1.409376265992139717e-05 -6.668478638534647068e-04
1.144646301993166616e-06 -1.037634964690074954e-03
-9.693564234873109677e-05 -1.240004454118147012e-03
-2.777242660425640361e-04 -1.226309408442253189e-03
-4.943062507376322834e-04 -9.881629941819081338e-04
-6.927735161253768554e-04 -5.583422767350660438e-04
-8.228600424298335375e-04 -4.945746337214971654e-06
-8.478755131715262107e-04 5.810981097545790675e-04
-7.520454698508389135e-04 1.102815952223252551e-03
-5.438577242123839852e-04 1.475101004438138155e-03
-2.547718397581233809e-04 1.640370531576442522e-03
6.647243133775853025e-05 1.579016165867501518e-03
3.628772265097576213e-04 1.312679773938477731e-03
5.798364727063849092e-04 8.997457460101173678e-04
6.754009770866255214e-04 4.239138675304851035e-04
6.282171320851234709e-04 -2.197367300716410524e-05
4.416363323032143759e-04 -3.537800277086397896e-04
1.432154921680931490e-04 -5.122092863230888428e-04
-2.202999615626046858e-04 -4.741687619175450783e-04
-5.915654799512178258e-04 -2.572023055439697859e-04
-9.131791207965377771e-04 8.384725831957760053e-05
-1.138187300731352937e-03 4.673152906825078431e-04
-1.238574293343066950e-03 8.003471402425153813e-04
-1.210137967111001977e-03 9.967218257551802713e-04
-1.072839249222866647e-03 9.934880532178271169e-04
-8.665703116720963268e-04 7.632562424613742458e-04
-6.431541554736183025e-04 3.198112621719473238e-04
-4.561018369344916430e-04 -2.840260034934220714e-04
-3.500779141865837090e-04 -9.658935136594446261e-04
-3.520794191506047832e-04 -1.628952501792485085e-03
-4.660083947809309964e-04 -2.179680630164899241e-03
-6.716743683022696840e-04 -2.545036709714595773e-03
-9.284229650850460945e-04 -2.685758951100463039e-03
-1.182709343024492812e-03 -2.603290685825402403e-03
-1.378186468531022134e-03 -2.339033693342207343e-03
-1.466400282505153901e-03 -1.966081288670309176e-03
-1.416067066834064345e-03 -1.575006244843249730e-03
-1.219174952366361073e-03 -1.256403059890662428e-03
-8.927510491013927697e-04 -1.083497169342955346e-03
-4.759546455568284835e-04 -1.098119406694798112e-03
-2.304029811928465297e-05 -1.302705064242258137e-03
4.064848027889430486e-04 -1.659834320002172335e-03
7.586548091656898467e-04 -2.099400962663466267e-03
9.947570710587855681e-04 -2.532050059505901174e-03
1.098134141552300439e-03 -2.866336386390772387e-03
1.076799790975524473e-03 -3.026349229997845648e-03
9.613858754675379129e-04 -2.966459333042363936e-03
7.988211025730353665e-04 -2.680387304158438240e-03
6.429506882169988948e-04 -2.202866832347410118e-03
5.438846012648241831e-04 -1.603577173025860910e-03
5.381019819328986291e-04 -9.744823367500902002e-04
6.411950214208087060e-04 -4.129622524268014745e-04
8.446344816191397832e-04 -3.917666532844959332e-06
1.117176045842464913e-03 1.957751092940128879e-04
1.410646323811337111e-03 1.675280815151523883e-04
1.669016303660553896e-03 -6.590805658619953208e-05
1.839045731572836254e-03 -4.451742571670856447e-04
1.880482558246936685e-03 -8.859092210708903719e-04
1.773883950479264492e-03 -1.295025785935653576e-03
1.524573880472429978e-03 -1.588569344214935813e-03
1.161982089817807911e-03 -1.707772162104141938e-03
7.344821267480679391e-04 -1.630260840057313337e-03
3.006969210112675592e-04 -1.374293700406233835e-03
-8.109206426731206891e-05 -9.952264526763043070e-04
-3.634380408434430471e-04 -5.748778093734547645e-04
-5.181496785663719041e-04 -2.058128117403607883e-04
-5.410575791344176752e-04 2.647442938866326114e-05
-4.522366746507759574e-04 6.009762486626425877e-05
-2.916550747124727928e-04 -1.311050343181256652e-04
-1.110854637942019075e-04 -5.321785038843947256e-04
3.617786306369687437e-05 -1.089414541008997071e-03
1.058386920646261185e-04 -1.720035206874480404e-03
7.135403960427096157e-05 -2.327374430206496404e-03
-7.074100668417982688e-05 -2.818694900488997665e-03
-2.999534377331908330e-04 -3.122278367509341568e-03
-5.755688077790660105e-04 -3.200564504943225613e-03
-8.442995214294542628e-04 -3.056860909310469589e-03
-1.050397849809359824e-03 -2.734363062574752742e-03
-1.146318024746781350e-03 -2.307677932453656121e-03
-1.101905906130163770e-03 -1.868462887008903815e-03
-9.103716795506263705e-04 -1.507904296483414657e-03
-5.899084311783214449e-04 -1.299356928622593743e-03
-1.806423056068340652e-04 -1.284433058109885799e-03
2.625174890623161242e-04 -1.465175243683031203e-03
6.797853891475273778e-04 -1.803793042063034846e-03
1.017298416015116917e-03 -2.230010015793020689e-03
1.236774591386042513e-03 -2.654624790127584413e-03
1.322214386412583946e-03 -2.986711794712629004e-03
1.282388696321482436e-03 -3.151196783160824591e-03
1.148654363573290435e-03 -3.103470045000991748e-03
9.685224251828375951e-04 -2.838260129817634508e-03
7.962076713638841386e-04 -2.391076934308886560e-03
6.819586903544843856e-04 -1.831939561805398303e-03
6.621973158838800368e-04 -1.252565126727345603e-03
7.523417859445376537e-04 -7.494330261177856471e-04
9.436782375835835440e-04 -4.059206229638733475e-04
1.204876927822023328e-03 -2.768827945723423799e-04
1.487868291143001030e-03 -3.785859599181012457e-04
1.736966545255217006e-03 -6.858944547249772256e-04
1.899511764030444808e-03 -1.137235220148149605e-03
1.936011986848730406e-03 -1.646395447854809811e-03
1.827859852763571817e-03 -2.118915628687040656e-03
1.581155879317543578e-03 -2.469972012160704701e-03
1.225906246769592305e-03 -2.640362203337700241e-03
8.107375473076748346e-04 -2.607568553292668838e-03
3.941188641196363565e-04 -2.389807777711977152e-03
3.374223131891293439e-05 -2.042305015220097653e-03
-2.239391169875104841e-04 -1.646504457523366004e-03
-3.520452601718594200e-04 -1.294267591883455429e-03
-3.479100473205604420e-04 -1.070060416170262596e-03
-2.331597481669553992e-04 -1.034512743512320089e-03
-4.922530060889020788e-05 -1.212473608950426262e-03
1.508526488886609957e-04 -1.587835883540728542e-03
3.127658278362753378e-04 -2.106121613224895637e-03
3.914621735614209593e-04 -2.684350001252877854e-03
3.598530831300771884e-04 -3.226330613466061280e-03
2.140512950821985721e-04 -3.640496488537051101e-03
-2.585475560877087886e-05 -3.856910030959496971e-03
-3.196373121450414795e-04 -3.840230115019998766e-03
-6.146487181505210125e-04 -3.596192313112784623e-03
-8.559591054134156217e-04 -3.170381035354384244e-03
-9.969878929160388113e-04 -2.639530327525993481e-03
-1.008609510856171539e-03 -2.097003067646167809e-03
-8.850012367510508987e-04 -1.635198811180487832e-03
-6.451167059720968027e-04 -1.328220233920735177e-03
-3.294959770200691935e-04 -1.218077303821270361e-03
6.994642243106455890e-06 -1.307036653945046686e-03
3.051295207459110855e-04 -1.557558352458771490e-03
5.121215084524266851e-04 -1.899824060881143703e-03
5.912172774655538978e-04 -2.245421805896800731e-03
5.282841460621921391e-04 -2.504585733761271506e-03
3.341513587920803352e-04 -2.603715247200207722e-03
4.227183844937845085e-05 -2.499844479599160063e-03
-2.978445592815260560e-04 -2.189310262237228327e-03
-6.301758448041742781e-04 -1.708965277631572686e-03
-9.028978570756839147e-04 -1.129694933711216515e-03
-1.078227495937974026e-03 -5.434542934874900255e-04
-1.139533191102571133e-03 -4.626912150680964619e-05
-1.094365833958859139e-03 2.795897016980002786e-04
-9.728376839374836297e-04 3.808913909158674485e-04
-8.216594272005816333e-04 2.433026712979770951e-04
-6.949694506513911293e-04 -1.060438642379076934e-04
-6.436984582477017769e-04 -6.037532404395797633e-04
-7.054914215588422351e-04 -1.162156403889271113e-03
-8.971046634936019875e-04 -1.685813459341278754e-03
-1.210728304866754562e-03 -2.089408911344697254e-03
-1.614941860066054996e-03 -2.313654245008410319e-03
-2.060134014976145247e-03 -2.336192251126450320e-03
-2.487372565934894714e-03 -2.175445553414531892e-03
-2.839057157950752169e-03 -1.886689267137796680e-03
-3.069349551911585740e-03 -1.551101319817911129e-03
-3.152417666889377728e-03 -1.259874642828672691e-03
-3.086942738409857202e-03 -1.096411215330285764e-03
-2.896045411695531702e-03 -1.119981604640412970e-03
-2.622652711877281138e-03 -1.353956326488196631e-03
-2.321189633457267087e-03 -1.780849551234576361e-03
-2.047173412413649893e-03 -2.345125358421297403e-03
-1.846683938296118975e-03 -2.963246237414740320e-03
-1.747705391499755363e-03 -3.539071308884052421e-03
-1.754977998151521735e-03 -3.981697647909039108e-03
-1.849332272580955609e-03 -4.222374161756969890e-03
-1.991627512686796383e-03 -4.227291587252908836e-03
-2.130542725583264504e-03 -4.003831394716333633e-03
-2.212737043895077020e-03 -3.599093211308617563e-03
-2.193446532218420314e-03 -3.090980647091118652e-03
-2.045500367038358917e-03 -2.573532651345241101e-03
-1.765037633949456848e-03 -2.139275319509015543e-03
-1.372829977324072255e-03 -1.861931482495614038e-03
-9.109469245780300655e-04 -1.782755994302778150e-03
-4.353824366591411911e-04 -1.903076579958963739e-03
-6.026150771702536157e-06 -2.184443738972966474e-03
3.241339669780093783e-04 -2.556351301295101391e-03
5.185445607833993322e-04 -2.930054855479469894e-03
5.635608305995672661e-04 -3.215860032411245201e-03
4.706448930219265777e-04 -3.340595293071727066e-03
2.738801403363076790e-04 -3.261948914595548359e-03
2.327854423970560560e-05 -2.976943916100111692e-03
-2.248472116629721129e-04 -2.522935214173187453e-03
-4.186208800688837354e-04 -1.970930030084808420e-03
-5.204149946989992427e-04 -1.412487190901548072e-03
-5.138813315527594175e-04 -9.426680164234849894e-04
-4.068710414730217413e-04 -6.422604994659642137e-04
-2.296961239058340431e-04 -5.626376242377165854e-04
-2.906774826350136962e-05 -7.161135498779075230e-04
1.411329036116141665e-04 -1.073622101460968521e-03
2.304944375620417542e-04 -1.570157304706218350e-03
2.021005642623518832e-04 -2.116947728299190153e-03
4.003123103702799310e-05 -2.618063083114950586e-03
-2.470928223402346158e-04 -2.988313935614935173e-03
-6.272056329298246902e-04 -3.169062082008027373e-03
-1.050336673491414569e-03 -3.138956129200587333e-03
-1.457559607810358666e-03 -2.917568921597886705e-03
-1.791666265694180551e-03 -2.561258424751325976e-03
-2.007555474630956776e-03 -2.152046826816324948e-03
-2.080379326967878376e-03 -1.781634994330446795e-03
-2.009912825912303375e-03 -1.533590632064279428e-03
-1.820326502734074137e-03 -1.467094124412149803e-03
-1.555410440120312500e-03 -1.605330639331026352e-03
-1.270157702811874076e-03 -1.930736595054367063e-03
-1.020302750469502355e-03 -2.388009758803066353e-03
-8.517958329623816043e-04 -2.894321025817875662e-03
-7.922046968249119199e-04 -3.354800925983799850e-03
-8.456682410999330360e-04 -3.680373622948045816e-03
-9.923525199217813567e-04 -3.804565046252571421e-03
-1.192505403467444304e-03 -3.696104340002418116e-03
-1.394334040103004362e-03 -3.364932598201187536e-03
-1.544204198688750758e-03 -2.860479426285513806e-03
-1.597219941526138720e-03 -2.262530216201942210e-03
-1.526169346751886282e-03 -1.666408293842057105e-03
-1.327130950263537279e-03 -1.165271010409875494e-03
-1.020667717011579725e-03 -8.328639168981553671e-04
-6.483709869135629179e-04 -7.099892140973258683e-04
-2.653977445172456045e-04 -7.972403905044550022e-04
6.959607315544220994e-05 -1.055367724276366943e-03
3.052294954770750192e-04 -1.413193954916825822e-03
4.068458261316749763e-04 -1.781569620866190265e-03
3.628549357177688044e-04 -2.070714050963061870e-03
1.867729121009065012e-04 -2.207647310604842275e-03
-8.542350302860786133e-05 -2.150401839910508033e-03
-4.021248411820640143e-04 -1.896313198912388028e-03
-7.058061755268413371e-04 -1.482811595978946861e-03
-9.437953690846588714e-04 -9.805571886613193792e-04
-1.078056656578681594e-03 -4.802133525567830346e-04
-1.092142000662299365e-03 -7.535839593683830735e-05
-9.940004681596148993e-04 1.552308868595217092e-04
-8.141215277101737429e-04 1.625696977590483433e-04
-5.993728840112737223e-04 -6.311001877824329396e-05
-4.037096868115130780e-04 -4.902882483510055244e-04
-2.775251034875017000e-04 -1.051836031787947061e-03
-2.576699831607340068e-04 -1.657376150188648528e-03
-3.600428490378930306e-04 -2.209992806350845503e-03
-5.761646806201357668e-04 -2.624135557582278188e-03
-8.743980613416778031e-04 -2.841337705341518468e-03
-1.205590211715851321e-03 -2.840784016654612429e-03
-1.512080850131905475e-03 -2.642738507424219341e-03
-1.738377526979918838e-03 -2.304195269308173186e-03
-1.841483957125806658e-03 -1.907587911209873048e-03
-1.798931021017413211e-03 -1.544707272552059028e-03
-1.612993417564378973e-03 -1.298883827704440819e-03
-1.310295431611718320e-03 -1.228818955591158297e-03
-9.368805458019911292e-04 -1.357135957941646345e-03
-5.496767446312878641e-04 -1.665826727982250245e-03
-2.059700671876276215e-04 -2.099462801682154111e-03
4.712559065702325804e-05 -2.575567715523410881e-03
1.812152917725640957e-04 -3.000189866208320677e-03
1.915763309876844143e-04 -3.285728534178423629e-03
9.758947110305826018e-05 -3.367637232508882521e-03
-6.142308579886607018e-05 -3.216839263987083045e-03
-2.341536811182291658e-04 -2.845500469611285561e-03
-3.675408667519691015e-04 -2.305060287277879271e-03
-4.173272665122827805e-04 -1.676886591852607333e-03
-3.569323423804620526e-04 -1.057315101620170689e-03
-1.829481182749114008e-04 -5.398962287376873155e-04
8.379406665549312761e-05 -1.982000417000224970e-04
4.017982076651231390e-04 -7.242358763324117411e-05
7.164521309303281205e-04 -1.623243679200248903e-04
9.701284589543843770e-04 -4.278057097541101538e-04
1.112931787489006893e-03 -7.970309903434384452e-04
1.112061733968104952e-03 -1.180518476367532418e-03
9.580217697060001980e-04 -1.488536787345672106e-03
6.664991030548065264e-04 -1.648496957065973944e-03
2.755586597007492894e-04 -1.619038893058792660e-03
-1.613203849331108926e-04 -1.398137350691214600e-03
-5.850516362182578249e-04 -1.023686529178989470e-03
-9.417414278281828824e-04 -5.664482940295229463e-04
-1.192444560322295909e-03 -1.166967885473070500e-04
-1.320037792268203333e-03 2.329123659172096681e-04
-1.331919977673455850e-03 4.050033653261827420e-04
-1.258038935608176388e-03 3.523248552425461587e-04
-1.144630755541486142e-03 6.696236973081828164e-05
-1.044869568810013550e-03 -4.178320864241204984e-04
-1.008211012176523855e-03 -1.033547479304304040e-03
-1.070459847910402648e-03 -1.688948656469348077e-03
-1.246454670223121498e-03 -2.286875348421440850e-03
-1.526766377489004395e-03 -2.742135332370511901e-03
-1.879046108998782324e-03 -2.997115242991298806e-03
-2.253776743442615933e-03 -3.032164996087869692e-03
-2.593346783923477193e-03 -2.868801450810974304e-03
-2.842734700581319492e-03 -2.565136385834707912e-03
-2.959785048313392716e-03 -2.204405692658546398e-03
-2.923133068105670911e-03 -1.878782203642226194e-03
-2.736277803354787708e-03 -1.671546581364078288e-03
-2.427031129034824559e-03 -1.641000318794022745e-03
-2.042443816738835106e-03 -1.809173547567260272e-03
-1.640164431192922025e-03 -2.157470818310697289e-03
-1.277860663910184011e-03 -2.630082579884373325e-03
-1.002698099604398731e-03 -3.144517869614022170e-03
-8.428592345653400809e-04 -3.607263529521003310e-03
-8.026981719438655224e-04 -3.931602767724566398e-03
-8.624371864055324719e-04 -4.054215266175198104e-03
-9.824507861830157705e-04 -3.947410101138752909e-03
-1.111313937331599331e-03 -3.624668181398062530e-03
-1.196078285381242234e-03 -3.138436471848794068e-03
-1.192818504138365605e-03 -2.570582340522496560e-03
-1.075440198306000950e-03 -2.017305341325909430e-03
-8.410707047775045544e-04 -1.571352616722841017e-03
-5.110022014662412432e-04 -1.304894278014622627e-03
-1.270000035199815038e-04 -1.256290011351653959e-03
2.563319487643570048e-04 -1.423241471836461831e-03
5.816881398527961374e-04 -1.763616267993601237e-03
7.997851243700676441e-04 -2.203777382672556049e-03
8.786428675366784622e-04 -2.652831639142313319e-03
8.096660765852252591e-04 -3.020091203630854287e-03
6.093718767797298101e-04 -3.232435095799247524e-03
3.164327878729450080e-04 -3.248278174568732142e-03
-1.541060525295058557e-05 -3.065499165270527040e-03
-3.272322533858683315e-04 -2.721824979198169889e-03
-5.657354515971762567e-04 -2.287598836845291909e-03
-6.929613595183805284e-04 -1.852303648436668098e-03
-6.930631053929576547e-04 -1.507396270112503801e-03
-5.748736512526715246e-04 -1.328708394296206205e-03
-3.697924728655808653e-04 -1.361753357791602387e-03
-1.254026523606578875e-04 -1.612729219100009215e-03
1.039616748600007438e-04 -2.046930975673924655e-03
2.679004925323093234e-04 -2.594882756765119064e-03
3.298521158047676839e-04 -3.165039699312446192e-03
2.743316368888942163e-04 -3.660665654752513938e-03
1.101247240921031357e-04 -3.997702354865935795e-03
-1.311748396121925576e-04 -4.120257870914789504e-03
-4.010122092888218572e-04 -4.010792681190152031e-03
-6.429994706906006462e-04 -3.693085095102319713e-03
-8.035978576133596387e-04 -3.227424142144490193e-03
-8.423313787856892120e-04 -2.698948600114095195e-03
-7.395960077228575348e-04 -2.201347195487483605e-03
-5.005821732519523479e-04 -1.819011761909211655e-03
-1.545626174488646761e-04 -1.611026346932625418e-03
2.503262505258638769e-04 -1.600025824393253460e-03
6.558294165031489445e-04 -1.768033699025908356e-03
1.004198067908562220e-03 -2.060065447673625413e-03
1.248692458716910408e-03 -2.394811545212495972e-03
1.361984915993350292e-03 -2.680372087075000732e-03
1.340883124959689476e-03 -2.832056848170199335e-03
1.206490788005244990e-03 -2.788872154914756769e-03
9.997866224425854421e-04 -2.525563414228069146e-03
7.734698354554488987e-04 -2.057922674293845375e-03
5.816264748134647141e-04 -1.440345029385069458e-03
4.691826870013385839e-04 -7.560847338117968833e-04
4.631500304180976831e-04 -1.020438212603535719e-04
5.673272509822555520e-04 4.290387795339110758e-04
7.614669062625334731e-04 7.656371666199871234e-04
1.005068173329515691e-03 8.705104559058511691e-04
1.245079501523268291e-03 7.473322044942268564e-04
1.426052679011739766e-03 4.396313835368444341e-04
1.500823916036105564e-03 2.225346534230936894e-05
1.439695982794421750e-03 -4.130350344714786960e-04
1.236377557912373294e-03 -7.750679683841258695e-04
9.095483711338566519e-04 -9.906062223968648082e-04
4.997455332030590778e-04 -1.018187656661109861e-03
6.215110868602359562e-05 -8.558785067801518267e-04
-3.433639775398356032e-04 -5.414609916027259386e-04
-6.630659196197283582e-04 -1.450258040864288575e-04
-8.590159485761042490e-04 2.446220722476981162e-04
-9.157436562856544060e-04 5.371628171678054188e-04
-8.426842556740547470e-04 6.583010633539307420e-04
-6.719300301542019968e-04 5.643140421741231396e-04
-4.517328210694727107e-04 2.508429918284297514e-04
-2.369980177789382980e-04 -2.457484740357088583e-04
-7.857901323952813395e-05 -8.547183741776426171e-04
-1.340685259015178543e-05 -1.483803834386795669e-03
-5.733011790363560720e-05 -2.036169698321160012e-03
-2.020252335325472951e-04 -2.428250890753132565e-03
-4.165648739177680313e-04 -2.605121220730172160e-03
-6.533483233423279489e-04 -2.550488697009380828e-03
-8.572698625547501942e-04 -2.289433657221045821e-03
-9.763863074258284864e-04 -1.883378708013468605e-03
-9.720591695845134765e-04 -1.418248767643714645e-03
-8.266446749582214435e-04 -9.880672318977180672e-04
-5.472675982082367881e-04 -6.770966576837234236e-04
-1.649549806158243071e-04 -5.439061237072994291e-04
2.707168041755634896e-04 -6.103807885438394852e-04
7.004595947336254760e-04 -8.577515916771159604e-04
1.065934453041898202e-03 -1.230392104627878918e-03
1.320230150903787224e-03 -1.646657281090117483e-03
1.436187819037254478e-03 -2.014704066175207649e-03
1.411008066252581166e-03 -2.250289258144175242e-03
1.266280252846849197e-03 -2.293164542208608620e-03
1.043439578139831753e-03 -2.118953365546881636e-03
7.955222961402181464e-04 -1.744249215109330755e-03
5.767890421653750019e-04 -1.223958068784303807e-03
4.321884976877903017e-04 -6.413763634643146689e-04
3.886622936967531290e-04 -9.287167502733363004e-05
4.499417286432618639e-04 3.299441171272394233e-04
5.958238994640529260e-04 5.571837674292682945e-04
7.860647797199274596e-04 5.535916738271345850e-04
9.681506408391838889e-04 3.249527939425432077e-04
1.087472960347323934e-03 -8.320373807329286804e-05
1.097975059083690797e-03 -5.943561207541466851e-04
9.712477093232337825e-04 -1.115536456277455360e-03
7.023431122703102571e-04 -1.554916816090661565e-03
3.111966630950116454e-04 -1.839105495060774443e-03
-1.606235544117278272e-04 -1.926880772508537563e-03
-6.572357789892367685e-04 -1.816765747429377638e-03
-1.118458508331034726e-03 -1.547015626464761902e-03
-1.490635717851836704e-03 -1.188027060269354097e-03
-1.736236007773890632e-03 -8.286153667054014984e-04
-1.840420108976722775e-03 -5.587677327068042449e-04
-1.813344608794852791e-03 -4.521486277572434129e-04
-1.687776278974515353e-03 -5.516811552850142773e-04
-1.512478288319368206e-03 -8.609459277525361495e-04
-1.342628922410051126e-03 -1.343037530088891235e-03
-1.229093863024489008e-03 -1.927106329902571668e-03
-1.208588517065004118e-03 -2.521357724275823022e-03
-1.296596597366600750e-03 -3.030057495748961910e-03
-1.484387457234776723e-03 -3.371332423301868705e-03
-1.740696777087580825e-03 -3.492403487118937895e-03
-2.017750409403309443e-03 -3.379373713164768311e-03
-2.260487048222569861e-03 -3.059722215094578396e-03
-2.417227973836168480e-03 -2.597035427741338585e-03
-2.449766499035682058e-03 -2.078974722589940934e-03
-2.340958175225620226e-03 -1.600758557040861656e-03
-2.098364845607471330e-03 -1.247284873835612139e-03
-1.753251926374631460e-03 -1.077275178085907933e-03
-1.355117556914466883e-03 -1.112437213522561802e-03
-9.627779843658213323e-04 -1.333691313988115152e-03
-6.336855775131436863e-04 -1.685166618034051114e-03
-4.134907296829768829e-04 -2.085200961125883469e-03
-3.278132123884152727e-04 -2.442251203043208866e-03
-3.777709433986550227e-04 -2.672690279778364240e-03
-5.401036914553618284e-04 -2.717109580609985975e-03
-7.718604263553788172e-04 -2.552028101831219694e-03
-1.018756278974677996e-03 -2.194779700801586034e-03
-1.225611707985694958e-03 -1.700641974054017264e-03
-1.346893748126191687e-03 -1.152740108477254711e-03
-1.355361506055241354e-03 -6.466281375189884958e-04
-1.247178731148560361e-03 -2.724590777715995595e-04
-1.042527010412813530e-03 -9.811331759317434842e-05
-7.816068715177203067e-04 -1.564746526864528239e-04
-5.167891033159555374e-04 -4.392595853498177738e-04
-3.024091586577562691e-04 -8.985663284337462933e-04
-1.841451975774539970e-04 -1.455850000300871593e-03
-1.900003544167414623e-04 -2.016626159699986837e-03
-3.246070043168366873e-04 -2.488121955725298203e-03
-5.679424870034030905e-04 -2.796537740483010827e-03
-8.787108617486724151e-04 -2.900657336102592434e-03
-1.201761863163635594e-03 -2.799237983957684854e-03
-1.478153553416179482e-03 -2.530790127397169846e-03
-1.655964029255134343e-03 -2.165799282899667170e-03
-1.699814881334093175e-03 -1.792874217047670492e-03
-1.597311990525318148e-03 -1.501456271206155595e-03
-1.361191737936444032e-03 -1.364376061029142287e-03
-1.026772537104170182e-03 -1.423572582449091246e-03
-6.451990650043045112e-04 -1.681690546068396238e-03
-2.737616441367744335e-04 -2.101158030536348295e-03
3.487461679073139593e-05 -2.610929209820827494e-03
2.424915981842075234e-04 -3.119624365799671898e-03
3.323329760447608179e-04 -3.532586705654921534e-03
3.119873838450023390e-04 -3.769632319338207110e-03
2.115992533519013661e-04 -3.780136713909533833e-03
7.775298725340733155e-05 -3.552603977983285165e-03
-3.580308631157002892e-05 -3.116907632191986618e-03
-7.882675605789515785e-05 -2.538778120312509302e-03
-1.461466044318454963e-05 -1.907578254577261233e-03
1.725137317474461718e-04 -1.319677098259589704e-03
4.737101991404068721e-04 -8.605644779817183017e-04
8.567461039860873456e-04 -5.890851536284212250e-04
1.271609730442296859e-03 -5.267688551520537110e-04
1.659504476728005176e-03 -6.542662416552882552e-04
1.963555041532102051e-03 -9.155543228631152133e-04
2.139204319939459059e-03 -1.229103002416513874e-03
2.162341064009565359e-03 -1.503875894647493244e-03
2.033626668201257964e-03 -1.657123124103555920e-03
1.778207656956026436e-03 -1.630584789453647879e-03
1.440872602747326602e-03 -1.402025325941959073e-03
1.077573130075022440e-03 -9.899039650515216449e-04
7.449153261790363283e-04 -4.502872177600764710e-04
4.896102765815183453e-04 1.334205438141044587e-04
3.398782358827146747e-04 6.659911324554948150e-04
3.004291386550446462e-04 1.058199405124469247e-03
3.519632439795325994e-04 1.243591537026615939e-03
4.552782860134849639e-04 1.191021950205501745e-03
5.591959254180046664e-04 9.105854591884551602e-04
6.107959643245806057e-04 4.518199371984887966e-04
5.660088648578466943e-04 -1.054834219530582614e-04
3.985485610024846266e-04 -6.661271284501224738e-04
1.054814100483968098e-04 -1.137206986815786835e-03
-2.916359987395755748e-04 -1.445320881138398945e-03
-7.502781654717322925e-04 -1.550037638788764492e-03
-1.214476354528092788e-03 -1.451086105573395815e-03
-1.624934813508777890e-03 -1.187914451882635461e-03
-1.929832181688666097e-03 -8.317149161171603217e-04
-2.094271758300194318e-03 -4.714360416700461476e-04
-2.106598690152343585e-03 -1.964428396840334733e-04
-1.980393732228948912e-03 -7.911969385200352117e-05
-1.751770060929306889e-03 -1.607211023662655919e-04
-1.472487088226220788e-03 -4.431595627380334078e-04
-1.200185374517879480e-03 -8.882946321311660726e-04
-9.875900082853450619e-04 -1.424865523582902497e-03
-8.727233634656541119e-04 -1.961760771758142095e-03
-8.719753139755337086e-04 -2.405116927651229815e-03
-9.773362988401692805e-04 -2.676011503669795382e-03
-1.158308880076154351e-03 -2.725401137939500659e-03
-1.368126215404662964e-03 -2.543475828364187910e-03
-1.553089241447669052e-03 -2.161655666898992367e-03
-1.663243011496757552e-03 -1.646847923567769465e-03
-1.662358547399709393e-03 -1.089046166353760826e-03
-1.535317845688759491e-03 -5.846122490299933286e-04
-1.291491440956445916e-03 -2.183981070929029780e-04
-9.634570461094773761e-04 -4.808289115488346629e-05
-6.012905267723361305e-04 -9.368066383735830418e-05
-2.634996914800826037e-04 -3.341942701711598639e-04
-6.308179489126369312e-06 -7.120375488584901238e-04
1.266895063683950561e-04 -1.144377066097188511e-03
1.125495100851169224e-04 -1.539234574395312565e-03
-4.683735369451344152e-05 -1.813290481416752770e-03
-3.251882055645731939e-04 -1.908007335736003861e-03
-6.768122170847420526e-04 -1.801011494431257586e-03
-1.045193000284242064e-03 -1.510570247108789736e-03
-1.373546524899005132e-03 -1.092310437684499737e-03
-1.615359534151557860e-03 -6.287952047329987016e-04
-1.742918802795952096e-03 -2.139293882909855914e-04
-1.752223528878972102e-03 6.485494887328098652e-05
-1.663359305851817719e-03 1.432593228055093924e-04
-1.516272541689300769e-03 -7.530962661182272547e-06
-1.362755955027886200e-03 -3.751496632683111194e-04
-1.256173816702098062e-03 -9.080898607471538358e-04
-1.240883946586627141e-03 -1.525102437126710448e-03
-1.343370992318491247e-03 -2.130181599331623914e-03
-1.566781297733633484e-03 -2.630309522465866523e-03
-1.889905100159884176e-03 -2.952610655587599876e-03
-2.270808939863571112e-03 -3.057678680136297414e-03
-2.654439645057694083e-03 -2.946564207462697670e-03
-2.982768021489289306e-03 -2.660111731589501812e-03
-3.205558082956928064e-03 -2.270782812858124396e-03
-3.289727657598938079e-03 -1.868524707329274458e-03
-3.225531245493701987e-03 -1.543370400899883241e-03
-3.028395938153417930e-03 -1.368073934033567102e-03
-2.736062490919761048e-03 -1.384077030949754962e-03
-2.401570810104154772e-03 -1.593470887676210358e-03
-2.083414243163087768e-03 -1.958480252038605120e-03
-1.834721520351022782e-03 -2.408570918514350151e-03
-1.693507823911054311e-03 -2.853836517862666598e-03
-1.675832706181330355e-03 -3.202129703292146481e-03
-1.773151052382845394e-03 -3.376692033205534824e-03
-1.954348446645936665e-03 -3.330940651729421848e-03
-2.172064674803624463e-03 -3.057606525832614469e-03
-2.372096768967402527e-03 -2.590486937714592090e-03
-2.504089786135427730e-03 -1.998471982439626541e-03
-2.531479847433240876e-03 -1.372966492683693526e-03
-2.438795981820938465e-03 -8.110783714017741515e-04
-2.234928122847414707e-03 -3.977451803622001313e-04
-1.951733362857186122e-03 -1.901713807612875635e-04
-1.638236451413706924e-03 -2.075108898339212251e-04
-1.351516140734965003e-03 -4.277364982907803405e-04
-1.145998067700362095e-03 -7.922772385547539441e-04
-1.063178260536927228e-03 -1.217534597904289164e-03
-1.123721582326946047e-03 -1.611086892586030984e-03
-1.323431543595282199e-03 -1.889504577584656068e-03
-1.633856699630643287e-03 -1.994395591020631242e-03
-2.007422702396086198e-03 -1.903636491347554006e-03
-2.386123844380171229e-03 -1.635658368052161134e-03
-2.712135497567702818e-03 -1.245973347658697883e-03
-2.938346500384693416e-03 -8.165985966225272922e-04
-3.036826867517020308e-03 -4.403814434575520353e-04
-3.003638090644052908e-03 -2.031965474234450047e-04
-2.859086547094911741e-03 -1.673907213276856331e-04
-2.643383851875742274e-03 -3.596164109019865836e-04
-2.408547877746703043e-03 -7.653653469747638636e-04
-2.208089887459743599e-03 -1.331246568923249562e-03
-2.086452000491157387e-03 -1.974587809888985173e-03
-2.070205779574981701e-03 -2.598553527967699915e-03
-2.162688296168805910e-03 -3.109928990828937645e-03
-2.343099986481906975e-03 -3.436215387031071530e-03
-2.570242434327705671e-03 -3.538811444532004302e-03
-2.790194146609714133e-03 -3.419797791048015314e-03
-2.946475067251557670e-03 -3.121051066490990785e-03
-2.990777530008996779e-03 -2.715866368895635766e-03
-2.892232196819055200e-03 -2.294684146365998708e-03
-2.643453000932785568e-03 -1.947632736869657228e-03
-2.262213120137770723e-03 -1.747199275722344540e-03
-1.788429469738008273e-03 -1.734315772791414573e-03
-1.277019855389887291e-03 -1.910498769708507058e-03
-7.879768955762959763e-04 -2.237532955537393977e-03
-3.755284557104885236e-04 -2.644758873319512284e-03
-7.842615249269602618e-05 -3.042583226929118038e-03
8.681098530874929459e-05 -3.339650272491857200e-03
1.284307210326602429e-04 -3.460417801388120281e-03
7.729238376764701940e-05 -3.359802931761693250e-03
-1.955720566809037624e-05 -3.032116227121389902e-03
-1.083480633431960043e-04 -2.512582875655811933e-03
-1.392878520515935430e-04 -1.871152313103390929e-03
-7.646196559924942852e-05 -1.199757172544862159e-03
9.495177047967313759e-05 -5.954224103909346337e-04
3.655287652389543982e-04 -1.424110665510752542e-04
7.031083894411573054e-04 1.032244016508242126e-04
1.058689447660162873e-03 1.237714616553185244e-04
1.375597990726958476e-03 -5.723957504035945797e-05
1.600193518576726887e-03 -3.798986611297325983e-04
1.692086364957463753e-03 -7.596153366360390829e-04
1.631929651294100744e-03 -1.103431310223825998e-03
1.425306531867744607e-03 -1.327851283827134656e-03
1.101970984878550101e-03 -1.374811126837647245e-03
7.105785526437892506e-04 -1.222756922763497314e-03
3.098959861387601961e-04 -8.907359971669391108e-04
-4.185569324342277523e-05 -4.347261093100508365e-04
-2.975176652302328421e-04 6.309942364292149748e-05
-4.293895249724599987e-04 5.101335286575353536e-04
-4.339273595827448406e-04 8.211334840145562315e-04
-3.318662679977921952e-04 9.346777090734441351e-04
-1.637562753038623170e-04 8.251563922808320163e-04
1.823119518793375011e-05 5.080158130139546691e-04
1.606634912929536560e-04 3.725288568878960425e-05
2.194013009880755910e-04 -5.043766404456365843e-04
1.683396489246130352e-04 -1.020593502912058113e-03
4.672058543722223262e-06 -1.419400237858964645e-03
-2.503255414057819952e-04 -1.630096074095802126e-03
-5.551445857728241635e-04 -1.616290153970181050e-03
-8.558015447814524808e-04 -1.382458793211701654e-03
-1.096035851659831611e-03 -9.728139690632342778e-04
-1.228016415142432326e-03 -4.627049383777406171e-04
-1.221526812442272868e-03 5.581261309032218990e-05
-1.069885492936200775e-03 4.915026517791241598e-04
-7.914738891011350577e-04 7.712484923588028025e-04
-4.265755235418423668e-04 8.538491838802006201e-04
-3.011584166107557055e-05 7.377008951084298560e-04
3.383322952495399307e-04 4.609113500200233741e-04
6.253955407124019887e-04 9.382994740571942661e-05
7.935566288690689644e-04 -2.745860655738403063e-04
8.278034639442569294e-04 -5.539803691369785035e-04
7.380231008783989279e-04 -6.701140798247506251e-04
5.566984390604574808e-04 -5.793634155514059509e-04
3.323543939599624001e-04 -2.774427186839153623e-04
1.200044486184275068e-04 1.993100851485859505e-04
-2.958443543340085000e-05 7.803404712760375356e-04
-7.976793379586431983e-05 1.373775042974232936e-03
-1.516485914131637715e-05 1.883379018513627826e-03
1.552950750720449987e-04 2.226373297757778744e-03
3.999966768101116546e-04 2.348747475476853190e-03
6.706316260615906820e-04 2.235178414514346016e-03
9.114227200477282046e-04 1.911684321349376662e-03
1.069831141524797778e-03 1.440518474115473234e-03
1.106715278518297270e-03 9.082746437191494210e-04
1.004011816390697198e-03 4.094599172770130649e-04
7.684774844029571396e-04 2.864707733314111014e-05
4.307744445387609242e-04 -1.754141998859262089e-04
4.006290924600212227e-05 -1.807208256019038903e-04
-3.448855320871408565e-04 -5.909977828701812319e-06
-6.663821144310766789e-04 2.936086342566226982e-04
-8.783088405291091579e-04 6.365422550994629617e-04
-9.544254090643837767e-04 9.315556148981095699e-04
-8.929330898066304995e-04 1.095053105336130572e-03
-7.164417913492931219e-04 1.067524608792646320e-03
-4.673563050476074970e-04 8.253483230158531600e-04
-1.995642048242911022e-04 3.858037825291883586e-04
3.199294952909294103e-05 -1.956661770516467743e-04
1.818840019497143653e-04 -8.354379703882728464e-04
2.228829350495108944e-04 -1.437055662444622177e-03
1.511443823910703886e-04 -1.909049884798161290e-03
-1.312154906832444260e-05 -2.181863230413996942e-03
-2.296026237943316474e-04 -2.220686122914925127e-03
-4.457153017367084381e-04 -2.031780168702330275e-03
-6.068263165814742318e-04 -1.661097672229365106e-03
-6.669238010549203514e-04 -1.185463132137447783e-03
-5.977099647414814507e-04 -6.979892311142504467e-04
-3.943847512515790223e-04 -2.904897324852124619e-04
-7.701527111543613868e-05 -3.621845679175955332e-05
3.127792616639998293e-04 2.380013314143823201e-05
7.192109558119530975e-04 -1.117348552744239264e-04
1.082388865146117606e-03 -4.044942938797384496e-04
1.349172795788220088e-03 -7.841745638428195518e-04
1.482771799833124560e-03 -1.162256031036974172e-03
1.469281044608444341e-03 -1.449248684949417700e-03
1.319929721093075509e-03 -1.572147983704185251e-03
1.068623825095463189e-03 -1.488783572405635728e-03
7.652574502671186021e-04 -1.196331634926104661e-03
4.660661994674261438e-04 -7.323668350357260323e-04
2.228549639728649419e-04 -1.682427902318758188e-04
7.314384991827715607e-05 4.039567958242338977e-04
3.310041612405989746e-05 8.884360234689538203e-04
9.459693206039529543e-05 1.203460854076260616e-03
2.269483812732764425e-04 1.296532091929910712e-03
3.829987304112155138e-04 1.154091173368726594e-03
5.083977790025095847e-04 8.039263218913155233e-04
5.523050001797283077e-04 3.098271629091927954e-04
4.774849656604770618e-04 -2.404980946489982340e-04
2.678727514042946877e-04 -7.519548792719275019e-04
-6.783435122125782129e-05 -1.139915205856263051e-03
-4.972508992409288694e-04 -1.346014450361951919e-03
-9.698522552099863876e-04 -1.348906185739597290e-03
-1.425960422458334145e-03 -1.167945693093782331e-03
-1.807477866155837200e-03 -8.591132235083825909e-04
-2.068349075214011377e-03 -5.039587599755035235e-04
-2.182780546749427900e-03 -1.936724138290374288e-04
-2.149673445847004663e-03 -1.130828175528871774e-05
-1.992439224531009599e-03 -1.553967719332091137e-05
-1.754241432114673170e-03 -2.290338273932210084e-04
-1.489571564496133295e-03 -6.336592592820933668e-04
-1.253759396223629117e-03 -1.173444849036441896e-03
-1.092407683672767370e-03 -1.764740982408647373e-03
-1.032753685918755574e-03 -2.311668576279640123e-03
-1.078593262082796957e-03 -2.723939292133357309e-03
-1.209726834497033268e-03 -2.933679969885939157e-03
-1.386028388057690018e-03 -2.908081418376166037e-03
-1.555361447156759433e-03 -2.655480808925608349e-03
-1.663835804820146952e-03 -2.223728623439303990e-03
-1.666454004305801314e-03 -1.691150300397058995e-03
-1.536121466733573332e-03 -1.151813127116363021e-03
-1.269302971146117013e-03 -6.978854263777385398e-04
