-1.226119708192130063e-04 -1.080126530393705347e-03
1.575599628728175435e-04 -1.214595159952627269e-03
2.128791800588725625e-04 -1.232076385409490264e-03
3.815105700028605020e-05 -1.132629248487394737e-03
-3.284389495596312441e-04 -9.388328898259919826e-04
-8.126704372713299679e-04 -6.916087440819675049e-04
-1.318447302886332920e-03 -4.425637563374754894e-04
-1.746088245919928325e-03 -2.443018109135772177e-04
-2.011283741305269334e-03 -1.405354221145624968e-04
-2.061128818906972360e-03 -1.578677674997937654e-04
-1.884195001897504907e-03 -3.007991483655700782e-04
-1.512733750174830288e-03 -5.509017637284020427e-04
-1.016593961299484990e-03 -8.703178042148558514e-04
-4.900053388440326479e-04 -1.208917662697196055e-03
-3.373060868531964004e-05 -1.513762432832885512e-03
2.640332087917518977e-04 -1.739078971678302511e-03
3.443871011041431049e-04 -1.854859179619595174e-03
1.889263970624265173e-04 -1.852456094400644791e-03
-1.767203944119820260e-04 -1.746118480333906393e-03
-6.876820089941270645e-04 -1.570175034358333062e-03
-1.252058910397988454e-03 -1.372403407643262149e-03
-1.768251030359130338e-03 -1.204841907800648787e-03
-2.144119865927100743e-03 -1.113786179357062912e-03
-2.314358715419391564e-03 -1.130867654963310827e-03
-2.252784039456213333e-03 -1.266905886815435566e-03
-1.977222443049601180e-03 -1.509701754967511045e-03
-1.546069558527983371e-03 -1.826192409151604443e-03
-1.047173775785195833e-03 -2.168562886343561660e-03
-5.811507939679043389e-04 -2.483160035390817328e-03
-2.422892213836988322e-04 -2.720523572485722755e-03
-1.006632874802778320e-04 -2.844637327420867015e-03
-1.888398329260381446e-04 -2.839651138797343738e-03
-4.956964747566674698e-04 -2.712802499176278706e-03
-9.685210329665344155e-04 -2.492986277026446908e-03
-1.522994010456894852e-03 -2.225244440067124154e-03
-2.059163101897331424e-03 -1.962219733654845498e-03
-2.480384000441399929e-03 -1.754191590848187430e-03
-2.711639982009764367e-03 -1.639580482282635993e-03
-2.713770216819848865e-03 -1.637717768290130205e-03
-2.490911247054247886e-03 -1.745248784154116231e-03
-2.089740965889384620e-03 -1.936848643225136694e-03
-1.590666492123578345e-03 -2.170113364699876191e-03
-1.092622708421672794e-03 -2.393698077324587364e-03
-6.943580897107893158e-04 -2.557158976534380616e-03
-4.757496771577349702e-04 -2.620632919663262988e-03
-4.826836662677853277e-04 -2.562519181093284547e-03
-7.183630992090702869e-04 -2.383706150239489011e-03
-1.142687421072618482e-03 -2.107539978775042639e-03
-1.679820595251232474e-03 -1.775538453300536763e-03
-2.232514406206901128e-03 -1.439659013628541689e-03
-2.700474960886398244e-03 -1.152582344716516702e-03
-2.999295264692385110e-03 -9.578488483114653120e-04
-3.076369913059871439e-03 -8.817134195088349030e-04
-2.920779615546162736e-03 -9.282589925442578851e-04
-2.565275236163512031e-03 -1.078692768581538926e-03
-2.079987116370109450e-03 -1.294957569790527920e-03
-1.559052413189042884e-03 -1.526974179309493638e-03
-1.102694340821977611e-03 -1.722143422026994278e-03
-7.981485687006417435e-04 -1.835309240741378467e-03
-7.030504549181927285e-04 -1.837297108880950585e-03
-8.344309011025260840e-04 -1.720412260525992212e-03
-1.165406641215303418e-03 -1.499858226308345725e-03
-1.630193848377464684e-03 -1.210808919783208648e-03
-2.136497949134995213e-03 -9.016906720549107673e-04
-2.582935860290552083e-03 -6.249483181787903428e-04
-2.878193906898273736e-03 -4.270458569925955150e-04
-2.958295823520643714e-03 -3.395971850055881820e-04
-2.798712733675838907e-03 -3.733085150095139144e-04
-2.419023190560689804e-03 -5.158818005166834753e-04
-1.879241484410034031e-03 -7.342785174964325257e-04
-1.268509552313089490e-03 -9.809174450566128609e-04
-6.882933705356533531e-04 -1.202634965924144223e-03
-2.332649286055220750e-04 -1.350713007157755639e-03
2.651124065953429712e-05 -1.390077239243818746e-03
5.871541155475054792e-05 -1.305924938636549536e-03
-1.252518443378642168e-04 -1.106528298025697722e-03
-4.725853299821667838e-04 -8.216827935209386393e-04
-8.992412016936586873e-04 -4.970943897812934043e-04
-1.306025836961482479e-03 -1.857678359098442040e-04
-1.597558630551617221e-03 6.197436730702627922e-05
-1.700515525989286297e-03 2.079539031733993837e-04
-1.577696174233292250e-03 2.332896472163481375e-04
-1.235248258718993700e-03 1.418892859824362690e-04
-7.216780904180113056e-04 -4.037953444398212615e-05
-1.188318178843908299e-04 -2.706794441013953218e-04
4.734479314959230884e-04 -4.974078183093222708e-04
9.560873853251143683e-04 -6.700596141232619853e-04
1.249418117805304760e-03 -7.488786634796022268e-04
1.308158001177720702e-03 -7.124676479743385134e-04
1.129901808713132047e-03 -5.619136831510351295e-04
7.555152587159898268e-04 -3.206464238430938203e-04
2.613589080446382341e-04 -3.005383192362290465e-05
-2.551852556526979085e-04 2.583158303661129557e-04
-6.941441625281782532e-04 4.924906842023757956e-04
-9.718519138118687610e-04 6.299081952053877569e-04
-1.036738751119672909e-03 6.454834347504102322e-04
-8.790225976299551004e-04 5.363853308569360408e-04
-5.324697719304887552e-04 3.226163832656519246e-04
-6.789333746080353194e-05 4.328537949308457693e-05
4.203777950962693587e-04 -2.507223024349990170e-04
8.324947113571904127e-04 -5.062904970264121667e-04
1.082139369063886197e-03 -6.780285724556838834e-04
1.113020713705960589e-03 -7.367552705176289842e-04
9.096899496825571873e-04 -6.749061783195009490e-04
5.006245466758344528e-04 -5.078436811947503564e-04
-4.700554822658281140e-05 -2.708242070777697750e-04
-6.399011046930059036e-04 -1.219981115203471085e-05
-1.176150043441264413e-03 2.158559832921402150e-04
-1.564383005847352470e-03 3.673395821530985690e-04
-1.740943392799670182e-03 4.112318011611091001e-04
-1.681822812893876262e-03 3.374642292874300729e-04
-1.407103569940452948e-03 1.589056413974773230e-04
-9.770680799106729042e-04 -9.100966398476230954e-05
-4.807124672347089320e-04 -3.645643300288039287e-04
-1.883941959373084101e-05 -6.087631213830637690e-04
3.150685798696370617e-04 -7.753567917869080058e-04
4.525745854582749255e-04 -8.299872980024247324e-04
3.632557210598288608e-04 -7.587229631266168483e-04
6.046053226638930297e-05 -5.707459652616244262e-04
-4.012335872585527392e-04 -2.966826011715064455e-04
-9.363799664900642914e-04 1.710872266482886349e-05
-1.444876151887019775e-03 3.172119708868655010e-04
-1.830959843260413378e-03 5.531501911487906719e-04
-2.021388927958882309e-03 6.868142349117561723e-04
-1.979361692668053351e-03 6.995410395631414214e-04
-1.711539769567831971e-03 5.955041551961125354e-04
-1.266842251859628217e-03 4.007774477064019554e-04
-7.272374915329877501e-04 1.582521252525304089e-04
-1.922743931577364923e-04 -8.062765722198592545e-05
2.397193826790217173e-04 -2.657430220760282139e-04
4.902135279205449298e-04 -3.579193482179027544e-04
5.153091893962498046e-04 -3.364621864159272283e-04
3.140230002250698257e-04 -2.031809508396664049e-04
-7.154710761896965546e-05 1.786347436245384630e-05
-5.642056732630330211e-04 2.848411464518691653e-04
-1.066281743299361167e-03 5.460182298195665916e-04
-1.478121333541784896e-03 7.495168583557313118e-04
-1.716949961957883308e-03 8.531225335733532474e-04
-1.732535053815310172e-03 8.322824555427681646e-04
-1.516684063672284807e-03 6.847802021181731771e-04
-1.104781370406478268e-03 4.312009377742287864e-04
-5.690744248323248433e-04 1.110978566296069947e-04
-4.981879220482374367e-06 -2.244159225069791166e-04
4.869822996515430608e-04 -5.222493116150029192e-04
8.202446483688807495e-04 -7.372770301220024896e-04
9.385621840723262733e-04 -8.407649038299313919e-04
8.266618875782702318e-04 -8.256841076244934418e-04
5.131140447116446044e-04 -7.079109716355591912e-04
6.489445234409373358e-05 -5.230880447272325548e-04
-4.253356764072586471e-04 -3.197435356986266710e-04
-8.568242438976052993e-04 -1.499745288275924318e-04
-1.139866213109908422e-03 -5.946043733510172988e-05
-1.212861421191106272e-03 -7.869975358890384399e-05
-1.054062221117822978e-03 -2.171313199625244305e-04
-6.857859605330708956e-04 -4.612549639738380619e-04
-1.702936385114779748e-04 -7.771088465256477439e-04
4.018863378559805045e-04 -1.116635671202239992e-03
9.289802327489311709e-04 -1.426733241146527133e-03
1.317115917948819600e-03 -1.659276226916181268e-03
1.497971602604024908e-03 -1.780211746457366481e-03
1.441587154877839536e-03 -1.776006346063557480e-03
1.161914844312493403e-03 -1.656223059619024197e-03
7.140610667895155340e-04 -1.451739526959387652e-03
1.837437665391267617e-04 -1.208943039520607140e-03
-3.290359809810860592e-04 -9.809997190695566964e-04
-7.290144193025120331e-04 -8.178487174951414593e-04
-9.437742369620204068e-04 -7.568135333844225191e-04
-9.375117445017392597e-04 -8.156055927798616092e-04
-7.178538024455981010e-04 -9.890422651353757665e-04
-3.344324176600663211e-04 -1.250098243016840426e-03
1.305141867087170949e-04 -1.555088858029284385e-03
5.777352081861852071e-04 -1.852001755264059014e-03
9.098035487469982975e-04 -2.090397476607597921e-03
1.049628345721779262e-03 -2.231002702207135913e-03
9.551382173326363866e-04 -2.253178336587931783e-03
6.273542437535785171e-04 -2.158847225201025125e-03
1.103227924956229908e-04 -1.972136840615090324e-03
-5.170809007114963302e-04 -1.734803869156953914e-03
-1.155928649151854093e-03 -1.498306631906793198e-03
-1.705799468698870544e-03 -1.314026402206809998e-03
-2.083612373830472098e-03 -1.223489629068431374e-03
-2.239168754093035993e-03 -1.250443329643908912e-03
-2.164464430084636366e-03 -1.396285392366155773e-03
-1.895011264181067911e-03 -1.639716614418047303e-03
-1.502921167343383452e-03 -1.940682231733045077e-03
-1.083065005347176504e-03 -2.247858799529910308e-03
-7.349299701519072109e-04 -2.508271251694877031e-03
-5.436132506131128098e-04 -2.677221812710117114e-03
-5.635531805911859430e-04 -2.726653444595686111e-03
-8.080805461463456789e-04 -2.650366842975612411e-03
-1.246770538144665675e-03 -2.465105580597656745e-03
-1.811098577081230159e-03 -2.207306130474820643e-03
-2.407330581198728961e-03 -1.926130144814689827e-03
-2.934207981658608442e-03 -1.674100137119321086e-03
-3.302079426032215881e-03 -1.497113308411661230e-03
-3.449856722906514874e-03 -1.425725728909887392e-03
-3.356584158289020910e-03 -1.469358169539128215e-03
-3.045429909395038111e-03 -1.614521226409762738e-03
-2.579342784015400437e-03 -1.827395898816060746e-03
-2.049195267333824531e-03 -2.060280708897685182e-03
-1.556656133434331738e-03 -2.260684019124320834e-03
-1.195033435255113061e-03 -2.381339050832390059e-03
-1.031712713439931215e-03 -2.389244067771332820e-03
-1.095513083946884382e-03 -2.272014383276053408e-03
-1.371352670675317527e-03 -2.040341435599586119e-03
-1.803230895034556303e-03 -1.726090928821311316e-03
-2.304960402887541466e-03 -1.376397524250843815e-03
-2.776614055505713906e-03 -1.044871504435285810e-03
-3.123570316669581608e-03 -7.815796632823183033e-04
-3.274548490276384116e-03 -6.236947923648826324e-04
-3.195216773422432724e-03 -5.885815443564789686e-04
-2.894794701016003072e-03 -6.706251489060903632e-04
-2.424398406557833757e-03 -8.424008476081512944e-04
-1.867440902545339839e-03 -1.059960238898221283e-03
-1.323904176554506571e-03 -1.271231570946771468e-03
-8.914604599948509726e-04 -1.425941863555044544e-03
-6.470168800665030036e-04 -1.485181046202504410e-03
-6.321778863209585094e-04 -1.428796479407965121e-03
-8.453784521876149712e-04 -1.259217366131115852e-03
-1.242178401944564253e-03 -1.000984859876865793e-03
-1.743663303162199451e-03 -6.960771432638923097e-04
-2.251362673994138953e-03 -3.959153831407598886e-04
-2.665862390688133500e-03 -1.515653910104614119e-04
-2.905588829694204147e-03 -3.991872592046100988e-06
-2.922209906460716648e-03 2.378748813639365925e-05
-2.709738899967541626e-03 -6.883962653719724167e-05
-2.305619396014074035e-03 -2.598558804958136007e-04
-1.783587987835834722e-03 -5.086690286250136056e-04
-1.239668032216078089e-03 -7.636806837030335124e-04
-7.739480725659344867e-04 -9.719389546851789916e-04
-4.715963849937559668e-04 -1.089050368853925312e-03
-3.867074830888155013e-04 -1.087477374687118026e-03
-5.320400140256973873e-04 -9.616532154671737559e-04
-8.765898214836660230e-04 -7.289482680016836583e-04
-1.351458220541538417e-03 -4.263070879354855089e-04
-1.862904618559137800e-03 -1.031947871556910536e-04
-2.310111976494237142e-03 1.878101500245838264e-04
-2.604300923636707846e-03 4.009942211500193074e-04
-2.685572701005525115e-03 5.061683092564305594e-04
-2.534290935643936267e-03 4.943682366084176669e-04
-2.174846115266066467e-03 3.795173093495465269e-04
-1.671088722958674090e-03 1.957367027441505886e-04
-1.114294226797469959e-03 -9.186077339973594156e-06
-6.059368936065390870e-04 -1.829327297604304865e-04
-2.385320945932237289e-04 -2.786624880364319554e-04
-7.817239277151284693e-05 -2.639965248359492887e-04
-1.520620446145801597e-04 -1.272752736264040228e-04
-4.434083020768565375e-04 1.200984666448682691e-04
-8.946351779778484578e-04 4.456769419680390448e-04
-1.418309789150369810e-03 8.019662370555909626e-04
-1.913711317868575660e-03 1.135273567662505338e-03
-2.285904507080514791e-03 1.395730850414388623e-03
-2.463705701375989900e-03 1.546599565520400104e-03
-2.413139494424900236e-03 1.571097924624696718e-03
-2.143838228531031245e-03 1.475460329485027422e-03
-1.707173117375704839e-03 1.287652212235269747e-03
-1.186471539018538277e-03 1.051985550536279181e-03
-6.811736323189893560e-04 8.206560178280789767e-04
-2.879290386583378434e-04 6.438050700448676991e-04
-8.221419629547655969e-05 5.599890858431836845e-04
-1.039522870723969244e-04 5.888601999829981212e-04
-3.498603457895230065e-04 7.274443625443950548e-04
-7.739745822553463408e-04 9.507207566699136343e-04
-1.296256723261695514e-03 1.216392013793733684e-03
-1.817654280714954464e-03 1.472940921162925292e-03
-2.238765754841959103e-03 1.669446807374659961e-03
-2.478579236492870277e-03 1.765301384207945343e-03
-2.489738899574124413e-03 1.737982635938184386e-03
-2.267451097413217438e-03 1.587412800712614987e-03
-1.850345749671396343e-03 1.336073004584439504e-03
-1.313131501161971231e-03 1.024850309796373777e-03
-7.524364878787627702e-04 7.054008097956720492e-04
-2.685163990884665945e-04 4.304720317784431526e-04
5.370633575504089353e-05 2.440144013279922945e-04
1.606820980932029304e-04 1.729516678476962716e-04
4.031569326525712756e-05 2.221663479837832685e-04
-2.758182198746496772e-04 3.736478318608586345e-04
-7.185444117049038897e-04 5.899630193845965646e-04
-1.194290684450476960e-03 8.213913664643147147e-04
-1.602924327154417634e-03 1.015372872810772721e-03
-1.856842513325104686e-03 1.126480065955595168e-03
-1.897700031609640898e-03 1.125026217624989317e-03
-1.707604781620177588e-03 1.002680555396528181e-03
-1.312658632844888439e-03 7.740281661323606451e-04
-7.781703190697661712e-04 4.737803284459420820e-04
-1.964437145039071332e-04 1.501647882671731818e-04
3.305493942689081803e-04 -1.442509534362083575e-04
7.103342631816596990e-04 -3.625639715398586453e-04
8.773100002026596811e-04 -4.724715874080536457e-04
8.050507723208978530e-04 -4.624443256372460153e-04
5.112047851438218313e-04 -3.439651571741579161e-04
5.406568817568934478e-05 -1.494088283929819946e-04
-4.785325663843464244e-04 7.403943299996621852e-05
-9.858933650631527233e-04 2.732766463475201873e-04
-1.373548923244530783e-03 3.993046819448444634e-04
-1.571150396232254363e-03 4.164870855429771059e-04
-1.545769247563792605e-03 3.092891592596161009e-04
-1.308091674946801732e-03 8.522643595902136548e-05
-9.103338282249556724e-04 -2.265358929177413319e-04
-4.362734649454209652e-04 -5.806670616060310292e-04
1.471327172505290572e-05 -9.242000473209015590e-04
3.465858209743616835e-04 -1.206491645410951320e-03
4.849569741463046748e-04 -1.388728313582586645e-03
3.913239272363094965e-04 -1.451179206492626741e-03
7.051570439192103752e-05 -1.396824769277518058e-03
-4.300556933736714551e-04 -1.250675844042036487e-03
-1.029201339037852684e-03 -1.054914420014605456e-03
-1.627154174353756706e-03 -8.607783927102210901e-04
-2.124285816687638585e-03 -7.187292264594080660e-04
-2.439800566725707810e-03 -6.687665641928922751e-04
-2.526870003816330569e-03 -7.327260699635671165e-04
-2.381345241092140165e-03 -9.100213755028792317e-04
-2.042399571119235535e-03 -1.177638974207472454e-03
-1.584981751711504088e-03 -1.494389663252585930e-03
-1.105510388252474744e-03 -1.808614099211609035e-03
-7.035192562432743182e-04 -2.067885817945957702e-03
-4.627297090291462075e-04 -2.228876582334268774e-03
-4.351344111913526668e-04 -2.265517865385739509e-03
-6.311060707184362999e-04 -2.173914537676826554e-03
-1.017403693017922403e-03 -1.973081359081233725e-03
-1.523453262591509651e-03 -1.701363290036306611e-03
-2.054712864070972964e-03 -1.409217290776072426e-03
-2.510590723636576052e-03 -1.149721599287395349e-03
-2.803522438920822563e-03 -9.686082141433297304e-04
-2.875593987909086206e-03 -8.957041421690673053e-04
-2.709561556085810733e-03 -9.393999114169901063e-04
-2.332179884290738053e-03 -1.085190446668928823e-03
-1.809206938894048064e-03 -1.298562186264859072e-03
-1.233028590873554240e-03 -1.531677264877652316e-03
-7.052443033608136276e-04 -1.732586515563440399e-03
-3.175089817904614125e-04 -1.855224123735638208e-03
-1.342564403486793106e-04 -1.868288709343384228e-03
-1.805738274461184123e-04 -1.761326467745247606e-03
-4.375212767220664455e-04 -1.546861817847028451e-03
-8.457816599642358065e-04 -1.258169436501999647e-03
-1.316948470535320203e-03 -9.431068842496073256e-04
-1.750314081512749668e-03 -6.551730130632692130e-04
-2.051979588099098282e-03 -4.434827952963365247e-04
-2.152668222076081425e-03 -3.435546699309743402e-04
-2.020870059278041808e-03 -3.706530715715435900e-04
-1.668829906785431610e-03 -5.169455181465016074e-04
-1.150245471251653629e-03 -7.530119477172535691e-04
-5.501126107443290872e-04 -1.033420503579199345e-03
3.135852575777856120e-05 -1.305314548198974623e-03
4.977099209586097629e-04 -1.518386010895960390e-03
7.744922417323616640e-04 -1.634348114974939602e-03
8.233534449634011699e-04 -1.634115707887819329e-03
6.492904983887141544e-04 -1.521335785497174211e-03
2.996897516904896484e-04 -1.321602077181191839e-03
-1.446638025064675361e-04 -1.077504844226244429e-03
-5.849075395297343273e-04 -8.404556260168613308e-04
-9.228530161023761145e-04 -6.608372881018305346e-04
-1.079619371686590988e-03 -5.783468035770540552e-04
-1.010621266958443591e-03 -6.143617043230441234e-04
-7.140742039614838589e-04 -7.677779695020733267e-04
-2.314070972121417538e-04 -1.015109809447223592e-03
3.604961817287910585e-04 -1.314834793024383108e-03
9.637578977807119505e-04 -1.615163839185884817e-03
1.477933139598558692e-03 -1.863766952161366019e-03
1.818914595693551812e-03 -2.017615028973625095e-03
1.934737712461074254e-03 -2.051075753082691119e-03
1.815295627101261083e-03 -1.960731715174838033e-03
1.494126492926983220e-03 -1.766008967058826148e-03
1.041936843863459829e-03 -1.505496864755247709e-03
5.530893447258329381e-04 -1.229655301142572972e-03
1.276154417588084384e-04 -9.912889842811000926e-04
-1.478391691051676726e-04 -8.355908756906573441e-04
-2.165261992021990951e-04 -7.916382368180711199e-04
-6.243494118257208320e-05 -8.669494990455383970e-04
2.865937545626527291e-04 -1.046130477270756920e-03
7.640714294545336311e-04 -1.293864070804031079e-03
1.277400562917693728e-03 -1.561675176087495061e-03
1.725375468702010709e-03 -1.797187775793331922e-03
2.017333457170832067e-03 -1.954119354955151464e-03
2.090331328889558776e-03 -2.001118210141475048e-03
1.921095630004106009e-03 -1.927768274891039028e-03
1.530484041957799139e-03 -1.746622351285723792e-03
9.796126549593926411e-04 -1.490876670322723464e-03
3.583814183600437207e-04 -1.208125199641923867e-03
-2.314308936273062932e-04 -9.513747913793867746e-04
-6.953028463101294711e-04 -7.690214223402243657e-04
-9.637160428636948935e-04 -6.956850101355021698e-04
-1.005152306594935896e-03 -7.456381665327028486e-04
-8.318837221543019106e-04 -9.100734607275159926e-04
-4.974618504670269212e-04 -1.158727285480950532e-03
-8.638437572438510822e-05 -1.445553854740517542e-03
3.021012720982931563e-04 -1.717376348756716273e-03
5.729875914235558077e-04 -1.923878853918088543e-03
6.536913231299128820e-04 -2.027049127597305503e-03
5.079861990021544748e-04 -2.008286342049092794e-03
1.430429180965053044e-04 -1.871830138799610802e-03
-3.917596569014854518e-04 -1.643863904032566436e-03
-1.014029765150499226e-03 -1.367464323578389002e-03
-1.623825767834710708e-03 -1.094355891189002349e-03
-2.122460956721903581e-03 -8.750341178632854407e-04
-2.431090953136570872e-03 -7.491300671819519285e-04
-2.505565259828691944e-03 -7.378429827473758284e-04
-2.344731567863152406e-03 -8.398758696855634920e-04
-1.990620817404838930e-03 -1.031645209887895997e-03
-1.520478027644863199e-03 -1.271726274929155113e-03
-1.032147485962467068e-03 -1.508693118746215738e-03
-6.255787717840634223e-04 -1.690869208600765793e-03
-3.839541725483728782e-04 -1.776142517323223841e-03
-3.580093871737495027e-04 -1.739986284389022971e-03
-5.565145064462500950e-04 -1.580165956292748893e-03
-9.447156055259939809e-04 -1.317239848943291746e-03
-1.451029733107345177e-03 -9.907571740438894225e-04
-1.980723072015883046e-03 -6.518715230871665114e-04
-2.433979568920695020e-03 -3.537664617219604029e-04
-2.724935861760555654e-03 -1.417040099357201989e-04
-2.798075361863212700e-03 -4.457800918434998236e-05
-2.638874526434148698e-03 -6.956921585362567471e-05
-2.276682936434729597e-03 -2.009114498002821593e-04
-1.779289585388023082e-03 -4.029995804187648306e-04
-1.240202238642127688e-03 -6.272480214019157847e-04
-7.610467110836524954e-04 -8.213983991943291617e-04
-4.324171749749015827e-04 -9.395115515233769601e-04
-3.168021911623599557e-04 -9.507497057582984558e-04
-4.368184838586684684e-04 -8.452840368599354257e-04
-7.709798702113384054e-04 -6.362074021950723472e-04
-1.257802373012690969e-03 -3.570888181179993244e-04
-1.807468429886484491e-03 -5.563191045663480367e-05
-2.318842081162569499e-03 2.153622235404184645e-04
-2.698614072939962451e-03 4.080163967245339527e-04
-2.878952791732102782e-03 4.884848014024925113e-04
-2.830320174438345597e-03 4.434210974308116235e-04
-2.567027551517111865e-03 2.825811185693387112e-04
-2.144481313224482974e-03 3.706582509642377277e-05
-1.648641942651311127e-03 -2.464646587140730373e-04
-1.179694353254155323e-03 -5.145125489162508418e-04
-8.330234656887578566e-04 -7.167505582462670773e-04
-6.810990929766341014e-04 -8.154244402859554038e-04
-7.597019204669348737e-04 -7.923724665185717751e-04
-1.061100285270902104e-03 -6.523356392246536586e-04
-1.535471202977536746e-03 -4.219347418131708972e-04
-2.100297854500941027e-03 -1.445107257664790979e-04
-2.655965146842223425e-03 1.281919025839145293e-04
-3.104601059185427194e-03 3.459214164722236346e-04
-3.368596600678413870e-03 4.695187695211763671e-04
-3.405297792945652553e-03 4.784013783602929009e-04
-3.215087669818018044e-03 3.745122038818727780e-04
-2.841327627325583235e-03 1.819852818558063132e-04
-2.362168587090025459e-03 -5.740964419819689414e-05
-1.875781544169021452e-03 -2.921811419130275261e-04
-1.481802766114856829e-03 -4.708902143331075902e-04
-1.262505378245413210e-03 -5.519334209154520181e-04
-1.267260689491372288e-03 -5.114817956221361442e-04
-1.503229617407105066e-03 -3.480711448172602702e-04
-1.934044903030956650e-03 -8.297295355520198021e-05
-2.486731806414801960e-03 2.437263052066912094e-04
-3.065555109962794702e-03 5.805973636263435248e-04
-3.570168889845983223e-03 8.744795323877840865e-04
-3.914630962582755364e-03 1.080414074897509662e-03
-4.043680410556789971e-03 1.170021576020776255e-03
-3.943195076692447565e-03 1.136740004276843002e-03
-3.642848187764137317e-03 9.969345728749977580e-04
-3.210460582140311266e-03 7.866720452594318149e-04
-2.739117658660777943e-03 5.547728333901607353e-04
-2.329490380370609175e-03 3.534587404057174388e-04
-2.070708040377485307e-03 2.283691465838525543e-04
-2.023405036435011080e-03 2.098377064592226544e-04
-2.208152608695038068e-03 3.070826336600977801e-04
-2.601467225877096643e-03 5.064116451247593995e-04
-3.140153035023294289e-03 7.737821367044534068e-04
-3.733158079014814099e-03 1.061232169481240734e-03
-4.278701553220889443e-03 1.315964572425629229e-03
-4.683431529136489885e-03 1.490363750030265517e-03
-4.879988229784727738e-03 1.551047798884572920e-03
-4.839649852415729703e-03 1.485240788481330659e-03
-4.577668936878928618e-03 1.303257054651034723e-03
-4.150291127987820392e-03 1.036625136448541054e-03
-3.644022903867156701e-03 7.322043000644940566e-04
-3.159182307040601240e-03 4.434052044758850773e-04
-2.790849056019159124e-03 2.201745270156948205e-04
-2.610822657508251026e-03 9.963743116551558501e-05
-2.654006041433167214e-03 9.916726253690578367e-05
-2.911793975242957765e-03 2.131923572903688009e-04
-3.333718819887694466e-03 4.143423535793160518e-04
-3.837042299383189824e-03 6.587148893253342088e-04
-4.322477001876822399e-03 8.942636021435172982e-04
-4.693060266368579737e-03 1.070717586225751862e-03
-4.872605767970352580e-03 1.149152738976688942e-03
-4.820237607519241296e-03 1.109401596085180441e-03
-4.538253028203561787e-03 9.538978034703893879e-04
-4.071822718588653106e-03 7.072268053351120007e-04
-3.500582947707167863e-03 4.114677745046973513e-04
-2.923708913519756491e-03 1.182092280776192699e-04
-2.441292950639739091e-03 -1.212488939256703186e-04
-2.135550879777217605e-03 -2.656500761246719205e-04
-2.055412289269916565e-03 -2.916442018723455288e-04
-2.207409767863425208e-03 -1.982678352725467303e-04
-2.554589408660917077e-03 -7.191344458688493993e-06
-3.023646136761687104e-03 2.413161488517011658e-04
-3.518930168698239380e-03 4.959422262177160846e-04
-3.940670051827175648e-03 7.039786789214857229e-04
-4.203959561424424479e-03 8.212365230272390682e-04
-4.254911379476341085e-03 8.203532223231017797e-04
-4.080917286933201035e-03 6.959211147895586706e-04
-3.713070945008013855e-03 4.654678007492049066e-04
-3.220293840696550076e-03 1.661045452374261522e-04
-2.696276502040663003e-03 -1.525211463159025079e-04
-2.241708028035934927e-03 -4.376330289772092930e-04
-1.945159594989716908e-03 -6.433113619210676943e-04
-1.866242869780444227e-03 -7.391645386958264983e-04
-2.024233852739713325e-03 -7.160449067765920633e-04
-2.394318090898097089e-03 -5.877267175739596741e-04
-2.912170342486672218e-03 -3.882291865361252228e-04
-3.486003840687489780e-03 -1.652927026001375639e-04
-4.013810084057298916e-03 2.875494027867591404e-05
-4.402527361384129048e-03 1.470108364074538122e-04
-4.585511085681504007e-03 1.569896759697480691e-04
-4.535000614298935473e-03 4.689159913371960132e-05
-4.267224681018542791e-03 -1.720442311289319061e-04
-3.839181450274940267e-03 -4.675486126114065119e-04
-3.337705558402567080e-03 -7.923160262681798460e-04
-2.862894816625404393e-03 -1.092850706290870218e-03
-2.509037000881774240e-03 -1.319492503661928804e-03
-2.346650193172655427e-03 -1.435726498933386809e-03
-2.409038933199887222e-03 -1.425015796185161816e-03
-2.685912997539625056e-03 -1.293865713296079266e-03
-3.125277923100223520e-03 -1.070540922439385326e-03
-3.643239723006124961e-03 -7.996799329617649979e-04
-4.139867266382299231e-03 -5.338278431923253794e-04
-4.518108365299468472e-03 -3.234914695832490994e-04
-4.702177026583888829e-03 -2.076003513990686477e-04
-4.651929159684665624e-03 -2.061798193179749210e-04
-4.370503385806806182e-03 -3.166229577784324296e-04
-3.903778667775002938e-03 -5.142663240141562026e-04
-3.331749807830134552e-03 -7.571588916675494382e-04
-2.753452052571714326e-03 -9.941193002276789946e-04
-2.268287364126591633e-03 -1.174553540663098765e-03
-1.957286141109306887e-03 -1.258171627441893783e-03
-1.867850348145617045e-03 -1.222760734322673667e-03
-2.004864844851031880e-03 -1.068540115508379105e-03
-2.329857991001564512e-03 -8.182702611016356032e-04
-2.768368620238550841e-03 -5.130926354141285804e-04
-3.224122772694675444e-03 -2.048848072029175571e-04
-3.597334355356101524e-03 5.342429357347590856e-05
-3.803663284458892735e-03 2.177478480934561542e-04
-3.790240471978881601e-03 2.610724964893885525e-04
-3.545724753673575036e-03 1.784712200231777161e-04
-3.102487263174091153e-03 -1.204941705649337745e-05
-2.530509757777367995e-03 -2.730263883147797431e-04
-1.924152650993520529e-03 -5.546819783257201427e-04
-1.384298866675529906e-03 -8.043770428949187368e-04
-9.992554299168758623e-04 -9.765853845875816994e-04
-8.280301405341431321e-04 -1.041500662224864463e-03
-8.891511611955847921e-04 -9.906466165130875176e-04
-1.157147991548476001e-03 -8.384292219303173498e-04
-1.567361762001039278e-03 -6.193381593621448845e-04
-2.028175708091835717e-03 -3.813291771287375342e-04
-2.438351696255939248e-03 -1.766423998464022654e-04
-2.706191807946254323e-03 -5.179744160262482119e-05
-2.766898334854175478e-03 -3.866228082371504782e-05
-2.594846543882149865e-03 -1.482896964485893535e-04
-2.208447662967934991e-03 -3.686911209595617953e-04
-1.666682353203904768e-03 -6.669722518543374579e-04
-1.057961850040319007e-03 -9.954288465164728289e-04
-4.834264010937765893e-04 -1.300451190876704410e-03
-3.784359957072040703e-05 -1.532553773183594273e-03
2.082766522975029819e-04 -1.655633433962521404e-03
2.219644989540083772e-04 -1.653705089439353598e-03
1.395557881065886442e-05 -1.533841441146127421e-03
-3.634267805677293488e-04 -1.324761523619350173e-03
-8.262702479285532727e-04 -1.071336474370683566e-03
-1.275058186038240289e-03 -8.260535993485186102e-04
-1.613611828609400967e-03 -6.390553473100323229e-04
-1.767401230631488341e-03 -5.486392324596717001e-04
-1.697755668602943854e-03 -5.740170596837278118e-04
-1.409280498756496774e-03 -7.117036287409364299e-04
-9.490737732848505796e-04 -9.362175030173103523e-04
-3.978886227314861108e-04 -1.204959618410737570e-03
1.450874572663866089e-04 -1.466344142666536204e-03
5.809565093440161683e-04 -1.669639930854765770e-03
8.297937906161461210e-04 -1.774656829753139785e-03
8.457552004156117416e-04 -1.759440348281185278e-03
6.257493489925732184e-04 -1.624515297351440549e-03
2.100334008587576322e-04 -1.392872495049517732e-03
-3.253792882455801175e-04 -1.105698765308757783e-03
-8.830616989282740695e-04 -8.146565670046970742e-04
-1.362550118094345633e-03 -5.721730404812296273e-04
-1.679276378781570508e-03 -4.215753439758613457e-04
-1.780471491369454290e-03 -3.889385004043744267e-04
-1.655030627691537028e-03 -4.781880364322465930e-04
-1.335473155703735277e-03 -6.703837863930808437e-04
-8.916285145408091523e-04 -9.273199350224453370e-04
-4.172457154310480702e-04 -1.198759482243927062e-03
-1.206443976649654564e-05 -1.431933498418630837e-03
2.372547099642257577e-04 -1.581507052150565775e-03
2.737270626947988731e-04 -1.618125689006309677e-03
8.102224792706856204e-05 -1.533925482544040752e-03
-3.132576667403308597e-04 -1.343964976633925650e-03
-8.426239713753337114e-04 -1.083309809964380470e-03
-1.414118595468885804e-03 -8.003241574505923217e-04
-1.925754609588186360e-03 -5.474414418535358210e-04
-2.285680445747164009e-03 -3.711640882152347038e-04
-2.429441750570099194e-03 -3.031880815926825054e-04
-2.332074669395775741e-03 -3.543351252945808102e-04
-2.012742594336356262e-03 -5.124435879668851534e-04
-1.531039826728413256e-03 -7.446197840422181602e-04
-9.756630128471526896e-04 -1.003425352345614120e-03
-4.475959542629963806e-04 -1.235830934902257434e-03
-4.099189021236084550e-05 -1.393242221381511044e-03
1.746270787761031607e-04 -1.440701016458688973e-03
1.674836042410534145e-04 -1.363519860907402110e-03
-5.051014621209302686e-05 -1.170094372104228068e-03
-4.261006241445865488e-04 -8.903608702730623613e-04
-8.748874062526284081e-04 -5.701910087551466215e-04
-1.297431622508043742e-03 -2.627839785607746152e-04
-1.598225915757544875e-03 -1.868487886084167250e-05
-1.703931577255811836e-03 1.236824456845216904e-04
-1.577427096394062823e-03 1.451775276560255583e-04
-1.225005283415710753e-03 4.944644657500334986e-05
-6.953532880001903277e-04 -1.378949108135912199e-04
-7.050569129945165976e-05 -3.742403580309971241e-04
5.495191774444837434e-04 -6.081901878288390600e-04
1.065493289509987637e-03 -7.894104207683236589e-04
1.397610948288559307e-03 -8.782848989473410542e-04
1.500453099967043007e-03 -8.535299180074224727e-04
1.371452495427546211e-03 -7.163270951890326555e-04
1.051258637608872178e-03 -4.901897112727155630e-04
6.159348690964144661e-04 -2.165858824933137910e-04
1.624660658757772717e-04 5.285443421631551091e-05
-2.096785000070880683e-04 2.660745614924611290e-04
-4.174361289745872824e-04 3.804263238539036074e-04
-4.099189775508641507e-04 3.707440418302971469e-04
-1.780747149363763387e-04 2.341289867307612318e-04
2.435887066309909031e-04 -9.461677661013780105e-06
7.835395928957741233e-04 -3.209335497090337434e-04
1.346781321058992779e-03 -6.493781503853037537e-04
1.832864532368019697e-03 -9.416153925191567478e-04
2.154940422281887129e-03 -1.152150317620688220e-03
2.256245664092580878e-03 -1.251661009136544218e-03
2.120895854924985651e-03 -1.232413098587913786e-03
1.776942108108089426e-03 -1.109578539807683749e-03
1.291110390450670754e-03 -9.182120050632029597e-04
7.562180015676738497e-04 -7.064604523823200897e-04
2.736480792092408710e-04 -5.262944921077187914e-04
-6.580124946517517705e-05 -4.235192131525923869e-04
-1.990685739405094294e-04 -4.289583809172814498e-04
-1.027355273845928767e-04 -5.524836159459286904e-04
2.025656939433653726e-04 -7.810213756335370947e-04
6.560776193839602723e-04 -1.080917263397092798e-03
1.168432262444678684e-03 -1.404211976256676455e-03
1.638575396870852775e-03 -1.697642312125441670e-03
1.972896523407134499e-03 -1.912664391871407403e-03
2.102943430530987944e-03 -2.014602377048615306e-03
1.998368565032305165e-03 -1.989191178202988786e-03
1.672657463647714542e-03 -1.845274628979507413e-03
1.180556231372467332e-03 -1.613147982081869058e-03
6.076867241418398846e-04 -1.338857676349001265e-03
5.431719247963240002e-05 -1.075536182801649235e-03
-3.836373150815771890e-04 -8.734106275422010663e-04
-6.327859954441054750e-04 -7.703746462131746530e-04
-6.561628711297325415e-04 -7.849060566451122488e-04
-4.602235842418737942e-04 -9.126686523380179647e-04
-9.361228905139455225e-05 -1.127438826538440910e-03
3.620691463796750021e-04 -1.386178910415913077e-03
8.077430216566911783e-04 -1.637294072155562850e-03
1.145658411533581221e-03 -1.830506991074517999e-03
1.297955152280043552e-03 -1.926478364054302027e-03
1.221474703772433513e-03 -1.904349559063268828e-03
9.160135690550342408e-04 -1.765777251141051156e-03
4.244560447968963660e-04 -1.534694171066846094e-03
-1.752398445649849985e-04 -1.252839445611412085e-03
-7.846872665504435592e-04 -9.719032295542767187e-04
-1.303575205129241677e-03 -7.437717371069493214e-04
-1.648531062381620657e-03 -6.107188880170678685e-04
-1.768771916595190084e-03 -5.974013443490169741e-04
-1.655583325986712418e-03 -7.061726927997121579e-04
-1.343833395171365255e-03 -9.166045035227056350e-04
-9.052379185799479255e-04 -1.189305906418077624e-03
-4.346542209684867023e-04 -1.473319902966034470e-03
-3.200114212602192358e-05 -1.715697851109750571e-03
2.167693867816005739e-04 -1.871441504543181703e-03
2.560442857524726588e-04 -1.911932625180043019e-03
7.116297744019718825e-05 -1.830256635787211230e-03
-3.087386876295034922e-04 -1.642414829864476860e-03
-8.161943936012801618e-04 -1.384198026415438525e-03
-1.358149718237002326e-03 -1.104315930694952990e-03
-1.833569312769807187e-03 -8.550853379487822429e-04
-2.152575784217571845e-03 -6.824424437003872050e-04
-2.253496711090619345e-03 -6.171723498563567003e-04
-2.114591895575350291e-03 -6.690181559519914030e-04
-1.758239819056752092e-03 -8.247865086433235193e-04
-1.246789642820971249e-03 -1.050809492785585979e-03
-6.708627018440346465e-04 -1.299297647080643880e-03
-1.323165981143732944e-04 -1.517381889067402102e-03
2.749048263979854932e-04 -1.657132735702133725e-03
4.824123753457764752e-04 -1.684659811585559851e-03
4.601658953087224601e-04 -1.586568336462007567e-03
2.220025310368347379e-04 -1.372549220628047984e-03
-1.771450464965777186e-04 -1.073610981700949931e-03
-6.518109094797913455e-04 -7.362864836229286551e-04
-1.102335935980734835e-03 -4.139093598256667235e-04
-1.433888989167480480e-03 -1.566096462298992818e-04
-1.574564958049215566e-03 -1.920542768324949578e-06
-1.489130366870114117e-03 3.222758835518815205e-05
-1.185811624422364666e-03 -4.919804359092397371e-05
-7.148386137115457506e-04 -2.193705224492066000e-04
-1.590176861655319309e-04 -4.347747840505362688e-04
3.818824180622657416e-04 -6.435315006904168906e-04
8.099764231098619373e-04 -7.952953360984898676e-04
1.047772565254289972e-03 -8.508518076566422110e-04
1.052842388329925305e-03 -7.895943128287551040e-04
8.258724460931487045e-04 -6.134644758480642737e-04
4.105726325391313692e-04 -3.466088497716514685e-04
-1.145427184658908277e-04 -3.081638217975351976e-05
-6.509463613050093600e-04 2.823996844731343310e-04
-1.098663495577868396e-03 5.415760153075031965e-04
-1.375097846992277351e-03 7.050781482473383833e-04
-1.430556237779701456e-03 7.490315968979260972e-04
-1.257534758486439927e-03 6.719020275622035422e-04
-8.920110271649606647e-04 4.948556383083308786e-04
-4.065006905781558180e-04 2.578295723843684190e-04
1.038043339100495508e-04 1.205417958664899494e-05
5.391885814500984794e-04 -1.895595115544764647e-04
8.144171376830242753e-04 -3.023497304001581494e-04
8.749904890416490512e-04 -2.982739014391100926e-04
7.075702163191017677e-04 -1.711364958816829476e-04
3.425995110381646570e-04 6.231250593836067369e-05
-1.513794202743049563e-04 3.656141754783309760e-04
-6.806365593973781169e-04 6.895572686569491567e-04
-1.143950330101827515e-03 9.815358457112280041e-04
-1.451738937571479164e-03 1.195534458964532011e-03
-1.543004727958138377e-03 1.300849001065494236e-03
-1.396883241455193535e-03 1.287891095846902456e-03
-1.036609855058836637e-03 1.169976544328659059e-03
-5.251522310451068503e-04 9.807591307874816405e-04
4.666556721851612211e-05 7.677959776480260557e-04
5.773001474641771460e-04 5.834634394187288280e-04
9.736440508502138685e-04 4.749445219341372247e-04
1.168574308341034044e-03 4.751849729682535144e-04
1.133573751606856746e-03 5.965321562151473583e-04
8.840375323996652133e-04 8.282632272680226330e-04
4.762622990816358422e-04 1.138473056664919590e-03
-3.309744891839946825e-06 1.479967134348546829e-03
-4.545532819218476390e-04 1.799046575015432730e-03
-7.827098448431969507e-04 2.045524868406332908e-03
-9.164165723016903884e-04 2.182082848681000595e-03
-8.212985919964985171e-04 2.191193639488865207e-03
-5.065500960226821357e-04 2.078309332535930622e-03
-2.325694785082303966e-05 1.870708770543271122e-03
5.452224223968111507e-04 1.612227059387052498e-03
1.098997120402387274e-03 1.354866859342559711e-03
1.540524925837124560e-03 1.148881552931279356e-03
1.793059462852734931e-03 1.033209350253122723e-03
1.815170247539593922e-03 1.028070559728070819e-03
1.608585713840491541e-03 1.131130277548517745e-03
1.217873263826468226e-03 1.317953265821959243e-03
7.220157072555416803e-04 1.546664705062961468e-03
2.194775638397973745e-04 1.765933777704457603e-03
-1.904128569706246095e-04 1.924767518254417867e-03
-4.262422456147235087e-04 1.982259242340189253e-03
-4.398982029084842673e-04 1.915444104945364986e-03
-2.256509184068505522e-04 1.723772380627136948e-03
1.787871743787066998e-04 1.429351129066882328e-03
6.994227963212350805e-04 1.072905845995329645e-03
1.240006883985780286e-03 7.062238828766662698e-04
1.700266527004896293e-03 3.825074597789366866e-04
1.994890665587026931e-03 1.464598718744206845e-04
2.069673968515964215e-03 2.597904034680464935e-05
1.911761690086686465e-03 2.702830234295320374e-05
1.552055562107303513e-03 1.326528945443639063e-04
1.059325334863689145e-03 3.063258612144315616e-04
5.271413285103622101e-04 4.989876969869062309e-04
5.610289087237829448e-05 6.584450452632447737e-04
-2.652714150147195051e-04 7.393475223066220056e-04
-3.773724196059182129e-04 7.118526806980938256e-04
-2.608599268235119303e-04 5.673378919408252410e-04
5.959932253534101516e-05 3.200774163639130655e-04
5.199250472948931199e-04 4.567223018481962951e-06
1.028680631894179909e-03 -3.309954702427263208e-04
1.484313483296875735e-03 -6.338425391856993647e-04
1.794316531575264068e-03 -8.566452791555172327e-04
1.892685111183630298e-03 -9.665079009172304874e-04
1.752366176192688254e-03 -9.512396710230163312e-04
1.390344862576753469e-03 -8.217162355034111562e-04
8.644072713784312079e-04 -6.098809514064706776e-04
2.621940797668365184e-04 -3.627623808832644700e-04
-3.153811330704196954e-04 -1.336382340101552714e-04
-7.732083842365601589e-04 2.798376197982253410e-05
-1.039940182115437145e-03 8.567357902924065648e-05
-1.081432370424755766e-03 2.291527230839477975e-05
-9.071222621895744199e-04 -1.538202041904840616e-04
-5.681369812795494887e-04 -4.163457142992624651e-04
-1.474910591243156063e-04 -7.201301112419527476e-04
2.557695012014156400e-04 -1.012753590137745012e-03
5.454729550241261583e-04 -1.243844550411259131e-03
6.466958250822923927e-04 -1.374616168305890004e-03
5.201240653533947432e-04 -1.385197062102700707e-03
1.696798024961094402e-04 -1.278368481701134922e-03
-3.580330538535006035e-04 -1.079001180671408178e-03
-9.823622464174668056e-04 -8.292996203833255791e-04
-1.603688077325195541e-03 -5.807552042687405590e-04
-2.122099585100057501e-03 -3.843335318654633953e-04
-2.456133098339701934e-03 -2.807552149844676648e-04
-2.558028378582125235e-03 -2.927122845831336279e-04
-2.422616719503976196e-03 -4.204959494705912387e-04
-2.088160791104691667e-03 -6.418657710647900690e-04
-1.628989513424048460e-03 -9.161874051086979455e-04
-1.141324400062970583e-03 -1.192057911695280741e-03
-7.249825727561925092e-04 -1.416977247402127250e-03
-4.644219870594921019e-04 -1.547236985114501268e-03
-4.127185520211877276e-04 -1.556155974339147596e-03
-5.815092663130018349e-04 -1.439105398320761342e-03
-9.388054504138544556e-04 -1.214373274406333088e-03
-1.415089631944671088e-03 -9.197058179314819212e-04
-1.916540872089259745e-03 -6.051811691751209522e-04
-2.342883318940193298e-03 -3.237649108023064990e-04
-2.606477112386694842e-03 -1.213352478895819925e-04
-2.649035213011857390e-03 -2.806571803121279875e-05
-2.452798878119865841e-03 -5.279593511274549567e-05
-2.044053345551665075e-03 -1.814548648097328329e-04
-1.488315277084748629e-03 -3.798336084015632263e-04
-8.781001728971294870e-04 -6.001809093678252532e-04
-3.155827952803543900e-04 -7.903705489703488716e-04
1.065693823401230381e-04 -9.039025845111089410e-04
3.225636946352579458e-04 -9.088423101700669141e-04
3.057653026165313859e-04 -7.940018471007947998e-04
7.357281319393563050e-05 -5.711913191868471735e-04
-3.160340887813185905e-04 -2.731107544356293311e-04
-7.756190790469485270e-04 5.272076367279616657e-05
-1.204977560392200180e-03 3.528518492573986718e-04
-1.510227776618852831e-03 5.779213836106145315e-04
-1.621688964096068856e-03 6.919215621175113561e-04
-1.507160834609075437e-03 6.789495518483315518e-04
-1.178089675985695590e-03 5.461709451870011599e-04
-6.874534662769840165e-04 3.224349397131652702e-04
-1.197666121373496033e-04 5.280397488401805152e-05
4.249026618662680695e-04 -2.099663344509238396e-04
8.498752333976645210e-04 -4.153840988848135651e-04
1.080176439865947234e-03 -5.247303708488105893e-04
1.076754584208465320e-03 -5.183213502625656690e-04
8.439088397101919894e-04 -3.991501369603946570e-04
4.285184106688155964e-04 -1.922204641595840857e-04
-8.878298566992636669e-05 6.029920238648011293e-05
-6.088183356298110640e-04 3.071812896945534058e-04
-1.032586322631136918e-03 4.979672805488937794e-04
-1.279946047169087768e-03 5.926550128124038986e-04
-1.304731812628749177e-03 5.694082875756184634e-04
-1.103438019552432144e-03 4.288262924794223989e-04
-7.158313350667875729e-04 1.939616068522100935e-04
-2.173754631602711068e-04 -9.391950675622641150e-05
2.950962587811984642e-04 -3.830345691230614821e-04
7.217470271338208114e-04 -6.207852501014514846e-04
9.786636717600979106e-04 -7.636262650117171032e-04
1.013760969913198419e-03 -7.852362207256210775e-04
8.166521422575625687e-04 -6.814450207409360194e-04
4.206172716561539264e-04 -4.709861801632667447e-04
-1.037021875839557784e-04 -1.919324486561724264e-04
-6.616879121110373022e-04 1.055100927037321262e-04
-1.152672902376481682e-03 3.684853980457416514e-04
-1.489017666540330990e-03 5.514535577645916006e-04
-1.612721224496906861e-03 6.247539518695214905e-04
-1.506420365066758358e-03 5.801457335741047909e-04
-1.196692951469278433e-03 4.322784562682236939e-04
-7.490380966670357517e-04 2.158164102919808594e-04
-2.554819003121950780e-04 -2.123667839579263731e-05
1.828462028579031819e-04 -2.267463421122288189e-04
4.748689991649076387e-04 -3.544433833968478197e-04
5.568233423398483281e-04 -3.728119601545924083e-04
4.043610021679353191e-04 -2.711842521867711920e-04
3.719814949242571372e-05 -6.188515863479434123e-05
-4.845663750653215422e-04 2.219815838389728284e-04
-1.071766834513690828e-03 5.326891661780577868e-04
-1.622978259046518792e-03 8.168222275526348638e-04
-2.043634450771283483e-03 1.025300725562902117e-03
-2.263837705931274688e-03 1.122597225857946846e-03
-2.251489602779256811e-03 1.093403997289889946e-03
-2.018258277770702477e-03 9.454886401369432068e-04
-1.617254065471133767e-03 7.081980785252612156e-04
-1.132855438241265863e-03 4.268941602675012923e-04
-6.646136103735787075e-04 1.543739778418117209e-04
-3.082855082379846231e-04 -5.910141507110085093e-05
-1.375886785467720589e-04 -1.752830406858442696e-04
-1.901350804634650143e-04 -1.751220157860150679e-04
-4.602094449807342781e-04 -6.231029915624317159e-05
-8.997618404285250655e-04 1.374942497240300241e-04
-1.427428690630329301e-03 3.816096132124117686e-04
-1.943876258779791847e-03 6.185002533072990905e-04
-2.350563345546089963e-03 7.976273650875523921e-04
-2.568372298272419973e-03 8.791114432247338446e-04
-2.552581989629383596e-03 8.413753683660996682e-04
-2.301348565915019642e-03 6.853185484684168154e-04
-1.856088498702923237e-03 4.342294604006664361e-04
-1.293691226650819665e-03 1.294509360235152366e-04
-7.120352810197354450e-04 -1.773830373659591824e-04
-2.115493998485999802e-04 -4.340707158173533588e-04
1.236913170441576292e-04 -5.976863549357824216e-04
2.417564612330455522e-04 -6.426813071178341837e-04
1.325505856892112647e-04 -5.657090595632084922e-04
-1.704297952423095485e-04 -3.862607799497705992e-04
-5.966025635855550738e-04 -1.429908224207389442e-04
-1.051835010731006458e-03 1.135726944381332888e-04
-1.436441890017830375e-03 3.305531031568120629e-04
-1.664235809899114373e-03 4.626841302875462042e-04
-1.679019984822270085e-03 4.808186864428272119e-04
-1.465397603020790647e-03 3.773784024887665901e-04
-1.051848182589580367e-03 1.677141821533693065e-04
-5.054855638577009438e-04 -1.128776493790700178e-04
8.051259284770197829e-05 -4.159163531576603491e-04
6.044260383755568856e-04 -6.889924409086692000e-04
9.751483936430096902e-04 -8.857631315978582850e-04
1.129353364499247232e-03 -9.747927386470914496e-04
1.043421743362385641e-03 -9.455620128804715892e-04
7.378718914925998717e-04 -8.105067559033042601e-04
2.734554137546536703e-04 -6.026981149435695637e-04
-2.603425895606334352e-04 -3.696024361650362337e-04
-7.622216794765800281e-04 -1.641011016505912034e-04
-1.138200193998980311e-03 -3.446984697256659687e-05
-1.319343740174681477e-03 -1.521440341729712008e-05
-1.274732985021544574e-03 -1.204975722395254132e-04
-1.017217356187668500e-03 -3.414026176732644596e-04
-6.008674304900788517e-04 -6.475519393861552423e-04
-1.106107822817410126e-04 -9.927757642230750079e-04
3.539837587987048478e-04 -1.323759123248993133e-03
6.977004083164545321e-04 -1.590031783618437496e-03
8.478500953169162881e-04 -1.753411809950771241e-03
7.681797043099548861e-04 -1.795117126007031352e-03
4.658806054134632902e-04 -1.719201176285112438e-03
-9.633115928037346010e-06 -1.551664880945737707e-03
-5.759478576788062791e-04 -1.335415726158569209e-03
-1.133131100357606452e-03 -1.122031049886916976e-03
-1.582540384256336504e-03 -9.618875391983298939e-04
-1.845401165066859906e-03 -8.945281294576592308e-04
-1.877637469822998574e-03 -9.410923536836855643e-04
-1.678148392029661738e-03 -1.100245273580578026e-03
-1.288964030494997668e-03 -1.348377443591206081e-03
-7.872516154725491076e-04 -1.644039386950353404e-03
-2.706852473241793669e-04 -1.935771971130877730e-03
1.610511839773840544e-04 -2.171850730732616253e-03
4.251265516607591289e-04 -2.310099411239217946e-03
4.712202950205119853e-04 -2.325914484189264310e-03
2.910123008674316610e-04 -2.216980672494229913e-03
-8.029027740638985684e-05 -2.003783582178352701e-03
-5.706765364116062099e-04 -1.725820855680876287e-03
-1.085030718207419817e-03 -1.434227297645216791e-03
-1.523210713623630343e-03 -1.182208076406998914e-03
-1.799081098590378167e-03 -1.015088877611901048e-03
-1.856894883546827274e-03 -9.618642277116092173e-04
-1.681920211180580127e-03 -1.029841402646810081e-03
-1.303298027564061753e-03 -1.203391132636831475e-03
-7.885879100907853840e-04 -1.447038721030966153e-03
-2.310331910245828793e-04 -1.712307458000101538e-03
2.680447471893763946e-04 -1.947015908381914033e-03
6.183906422751852053e-04 -2.105266246242960219e-03
7.578740316653170307e-04 -2.156230192195968207e-03
6.642329876289767079e-04 -2.090066994247537831e-03
3.592793834597114125e-04 -1.919851142128637615e-03
-9.523088864169020279e-05 -1.679143298883126493e-03
-6.092814897254810163e-04 -1.415663210784349341e-03
-1.081621734668207838e-03 -1.182261867083367985e-03
-1.418912572931485061e-03 -1.026902055746185989e-03
-1.553368577291300550e-03 -9.835447176697398666e-04
-1.455557008266116425e-03 -1.065667447011737264e-03
-1.139932166477348368e-03 -1.263643500284067703e-03
-6.620588984875944204e-04 -1.546479078565486491e-03
-1.080527727131017849e-04 -1.867581797387210616e-03
4.217618767526288746e-04 -2.173470334090558433e-03
8.318801272182419198e-04 -2.413778655718845645e-03
1.049726434594564720e-03 -2.550663311580370334e-03
1.039415890413886634e-03 -2.565835366406298348e-03
8.085597381989455832e-04 -2.463888261911541949e-03
4.068252743770471602e-04 -2.271294145384921640e-03
-8.347823023412166016e-05 -2.031261287157551561e-03
-5.630057360498628722e-04 -1.795428868321505798e-03
-9.342199981082149147e-04 -1.613974231228052338e-03
-1.119904273156952044e-03 -1.526008191260063698e-03
-1.077838205483080654e-03 -1.552079254797165400e-03
-8.088571019198972836e-04 -1.690207938652965028e-03
-3.567673844949423084e-04 -1.916203554320763773e-03
1.998672191133542806e-04 -2.188204502403904086e-03
7.625151659214344287e-04 -2.454582971917054074e-03
1.231243801845404665e-03 -2.663717456097935369e-03
1.523549735185013472e-03 -2.773782360533876869e-03
1.589889443041978684e-03 -2.760700241070645263e-03
1.422971448685498783e-03 -2.622749622864189653e-03
1.059052619918874911e-03 -2.380954218056671040e-03
5.709951807922233457e-04 -2.075177906593628392e-03
5.440120660550222054e-05 -1.756662860444971330e-03
-3.905478052149968793e-04 -1.478421661895943599e-03
-6.781055093201628949e-04 -1.285300592201113305e-03
-7.532271153067651975e-04 -1.205593471636932229e-03
-6.020059907432853382e-04 -1.245791744987288004e-03
-2.543031207847505767e-04 -1.389462569195123488e-03
2.219291734501992132e-04 -1.600464969078078861e-03
7.335546820098155698e-04 -1.829892721855417735e-03
1.179947641915847500e-03 -2.025427056542790632e-03
1.472122819744451543e-03 -2.141326110953056458e-03
1.549677900777132961e-03 -2.147157750838694402e-03
1.392338604094690412e-03 -2.033620624676941990e-03
1.023918629244749152e-03 -1.814350102853166686e-03
5.079425997680207805e-04 -1.523366536368700279e-03
-6.424135607744832629e-05 -1.208648952240617622e-03
-5.906107951408153716e-04 -9.230514630039661494e-04
-9.776351691238439716e-04 -7.142832501270741279e-04
-1.157832541662761217e-03 -6.158506354224996997e-04
-1.102395186458578983e-03 -6.406778631209689894e-04
-8.264962276157103742e-04 -7.786162263333774826e-04
-3.862753632605552055e-04 -9.983150734739637284e-04
