3.240678814470464904e-03 -1.155993906674436392e-03
2.957069089498018475e-03 -1.313551664241629190e-03
2.497684135462858827e-03 -1.261884537755310126e-03
1.942906085142665808e-03 -1.004431778590473851e-03
1.389657273445638400e-03 -5.847200457049703520e-04
9.332881889484456479e-04 -7.818868376259364137e-05
6.497820997240350265e-04 4.220703235299788788e-04
5.816394413759575985e-04 8.229576605471296095e-04
7.301080650890742502e-04 1.049055090138021522e-03
1.055223808829848899e-03 1.057005561057805000e-03
1.483647101123220522e-03 8.438589780103097383e-04
1.922805417826170017e-03 4.477992149815765129e-04
2.278657824518780413e-03 -5.889031559977371847e-05
2.473712540265593854e-03 -5.832963405308744069e-04
2.461881208566937124e-03 -1.029236535299723164e-03
2.237353303452164089e-03 -1.315231007073232447e-03
1.835807259034798883e-03 -1.389688639982021188e-03
1.327726893746674752e-03 -1.240439947761625555e-03
8.050875297471110983e-04 -8.968184435717949272e-04
3.639326134798918574e-04 -4.239031258625007028e-04
8.614071286214904262e-05 8.998158224622648414e-05
2.383699109560983090e-05 5.501361135912511031e-04
1.894034428811662996e-04 8.735272471474305866e-04
5.529829564392248426e-04 1.004580912536387309e-03
1.047954163291809140e-03 9.257331384421715534e-04
1.583345522571220996e-03 6.607395131080683265e-04
2.060843745544772756e-03 2.701157559554195442e-04
2.393182154878804434e-03 -1.604269238870676241e-04
2.520433539014038139e-03 -5.363604585308895216e-04
2.421128951023939109e-03 -7.724287181465974445e-04
2.116103568918991165e-03 -8.090178278615058928e-04
1.664347660344967124e-03 -6.237038172568671896e-04
1.151654126677230990e-03 -2.357856996255828022e-04
6.742174620256379761e-04 2.970605516058894154e-04
3.202941337085603302e-04 8.893805030880121663e-04
1.534005787136624287e-04 1.443792945223156422e-03
2.002329485384236451e-04 1.869101136445412443e-03
4.455977707122149101e-04 2.097242229612300557e-03
8.353143013093708782e-04 2.095873317892271367e-03
1.286539030089122772e-03 1.874218342267963081e-03
1.703556515168607377e-03 1.481075587888615926e-03
1.996044735326970958e-03 9.953691947151416513e-04
2.096353646879162667e-03 5.110390940341477889e-04
1.972521575218385594e-03 1.191348751547526095e-04
1.634560301074113303e-03 -1.094925274160976538e-04
1.132813573946411974e-03 -1.376217720576258276e-04
5.486940757885815350e-04 3.132953760061633810e-05
-2.045352755057833812e-05 3.540442434044086895e-04
-4.795040097919697070e-04 7.556526286494874957e-04
-7.532875218017097505e-04 1.144104342759786870e-03
-8.005587977614860365e-04 1.427840712260269309e-03
-6.215613940175643108e-04 1.533416895777495485e-03
-2.577610295314569926e-04 1.419731763764349106e-03
2.161957932980397524e-04 1.086164703382649791e-03
7.067703456011321418e-04 5.730714219748124895e-04
1.119357783860113181e-03 -4.546297951652194906e-05
1.376272208158718993e-03 -6.752496959561652551e-04
1.431482875367646622e-03 -1.219429079832262067e-03
1.279309955449943730e-03 -1.596418243454020454e-03
9.554330720173264541e-04 -1.754983401068603999e-03
5.300225419050009091e-04 -1.683591076990343695e-03
9.429581148099193096e-05 -1.412275035115333980e-03
-2.569525872808457690e-04 -1.006672090882657425e-03
-4.435360459188739720e-04 -5.553617336104548115e-04
-4.153282309901062388e-04 -1.529112479063011055e-04
-1.620518583604189542e-04 1.181599892330319201e-04
2.844553508638682053e-04 2.030798457178849357e-04
8.559329928941885289e-04 8.521271328919993206e-05
1.460277678950570521e-03 -2.108284060061165659e-04
1.998635428564208769e-03 -6.239350916073688755e-04
2.383777742086827002e-03 -1.068219660721232960e-03
2.556289229686090243e-03 -1.449472480180940409e-03
2.495508856053308983e-03 -1.683239924750076864e-03
2.223159891479805500e-03 -1.711094734383615361e-03
1.798987459168327648e-03 -1.512011970856750416e-03
1.309235078303942713e-03 -1.106689720360471470e-03
8.501464668582231704e-04 -5.539888391421965343e-04
5.096196522420526863e-04 5.984231603532085214e-05
3.504891213660652535e-04 6.371264290605550005e-04
3.986023696680195735e-04 1.086885895908518270e-03
6.379483761643973180e-04 1.341717322648056359e-03
1.013759317842373442e-03 1.370224505201192043e-03
1.442996241686605183e-03 1.182662799473665344e-03
1.830230452044179397e-03 8.287322869833530902e-04
2.085909922208876912e-03 3.879427175507020229e-04
2.143547698183166216e-03 -4.562137740833573270e-05
1.972572689801773988e-03 -3.812478361629514098e-04
1.584403931699040254e-03 -5.488563029227701111e-04
1.030591952303630456e-03 -5.123012943997430277e-04
3.933724771171683791e-04 -2.762004115523356050e-04
-2.295859674834281475e-04 1.150038129861433818e-04
-7.433597985869182419e-04 5.855684554039401052e-04
-1.073438771156422483e-03 1.042943759421582212e-03
-1.179546496697621901e-03 1.395487220050275687e-03
-1.063002655434908779e-03 1.570039046077153014e-03
-7.662386380507786934e-04 1.526025314307248928e-03
-3.645631920656908654e-04 1.263411892913976573e-03
4.825894945551081937e-05 8.229959586205362262e-04
3.778820999086518386e-04 2.789723707172944798e-04
5.473221349437655146e-04 -2.748252871992002658e-04
5.115686230295225095e-04 -7.424114391149437379e-04
2.661003365031051286e-04 -1.043559316849172009e-03
-1.523067436630668381e-04 -1.128751298952185159e-03
-6.726295432176180233e-04 -9.883440684465916518e-04
-1.203168060076935299e-03 -6.542183370639036199e-04
-1.649062282556494011e-03 -1.936048254532992991e-04
-1.930434653450121890e-03 3.037415670173405284e-04
-1.997717878523768038e-03 7.425891417169813453e-04
-1.841260328496626547e-03 1.040269872889351428e-03
-1.493384366877715218e-03 1.142297552208121044e-03
-1.022501587698676929e-03 1.032607829891406953e-03
-5.203926935565541482e-04 7.364835997030934073e-04
-8.505391488822006043e-05 3.156150210297922125e-04
1.976485316574935584e-04 -1.437664383749138216e-04
2.700483924058228423e-04 -5.474283722559194262e-04
1.134364990595304254e-04 -8.112148715230454521e-04
-2.485269245991274028e-04 -8.772320539929667066e-04
-7.543869180482981997e-04 -7.250704702318902864e-04
-1.316586263785967260e-03 -3.759325554279869608e-04
-1.838060052778180565e-03 1.111235350903577918e-04
-2.230589588606412578e-03 6.501197030858752194e-04
-2.431440918481127082e-03 1.144209711398103384e-03
-2.415139148546093135e-03 1.503814326353742877e-03
-2.198151653197473725e-03 1.663411968794713562e-03
-1.835596733079697743e-03 1.593810696604249519e-03
-1.410604859811789022e-03 1.307581821824261355e-03
-1.018351406660111640e-03 8.566290845001143985e-04
-7.477892367682972483e-04 3.223552218866323582e-04
-6.645455657782453271e-04 -1.997117020563067384e-04
-7.982275109616207651e-04 -6.179219082565181806e-04
-1.136546273066759523e-03 -8.617302672114558748e-04
-1.627378949199319042e-03 -8.948864562152117775e-04
-2.188384006464418659e-03 -7.220951707465542288e-04
-2.722356070345178028e-03 -3.878899194948660293e-04
-3.135418731544087952e-03 3.206104085307640494e-05
-3.354616314633275531e-03 4.455645462189385337e-04
-3.341578745743809149e-03 7.616554046293505043e-04
-3.099676341673569639e-03 9.081239618513717088e-04
-2.673312926366876174e-03 8.454922196762981908e-04
-2.139493068576474918e-03 5.747845200742858875e-04
-1.593260930124524915e-03 1.376137277913395355e-04
-1.129767547250651316e-03 -3.914408603210999568e-04
-8.263608273536659880e-04 -9.187275591731533519e-04
-7.280873589572808748e-04 -1.349063651617888942e-03
-8.393482152522487114e-04 -1.603607977330982802e-03
-1.123284771268260197e-03 -1.634685079671456152e-03
-1.509006036451344349e-03 -1.434757489823274001e-03
-1.905283531030522309e-03 -1.037849659123978897e-03
-2.218114631883649768e-03 -5.131550514402660572e-04
-2.368822529595893643e-03 4.796334670718286220e-05
-2.309259149976298012e-03 5.491192319773374438e-04
-2.031225807681507831e-03 9.069520739373212580e-04
-1.568321127753314996e-03 1.066665332631702408e-03
-9.898596620978535911e-04 1.012116371562150376e-03
-3.880062325185788656e-04 7.685530848278603923e-04
1.394439124785465519e-04 3.974853905555687274e-04
5.073838725025533103e-04 -1.533025328016130676e-05
6.593486007527945463e-04 -3.765104979560843375e-04
5.780858790762290114e-04 -6.031139235643127655e-04
2.887457505219298971e-04 -6.387295079864791511e-04
-1.459138694503726299e-04 -4.645302906601737718e-04
-6.373969887836217468e-04 -1.031913354895582077e-04
-1.088167746088273321e-03 3.850774614253882409e-04
-1.410016974842761683e-03 9.136397287028896405e-04
-1.540622313070753088e-03 1.385585412355066050e-03
-1.455170082331183092e-03 1.711875310420040656e-03
-1.170842981816894992e-03 1.828046459915646203e-03
-7.433290822463870396e-04 1.706318735778158090e-03
-2.560188470874293900e-04 1.360812474525690966e-03
1.960581248844346473e-04 8.448900737443639647e-04
5.245084881490193890e-04 2.411246396039243528e-04
6.645953288858040368e-04 -3.542063245389548767e-04
5.877733280960107396e-04 -8.491686601012559624e-04
3.073584497642490448e-04 -1.173347148132931634e-03
-1.237479894663342855e-04 -1.290901667577222132e-03
-6.228560122892279859e-04 -1.207037671392735675e-03
-1.092954939865304004e-03 -9.666725538531924927e-04
-1.440928631698788287e-03 -6.455577676822849822e-04
-1.595073099011156282e-03 -3.355454218983304265e-04
-1.518602818928665305e-03 -1.267970583495287669e-04
-1.216590596375194053e-03 -9.031142627451940914e-05
-7.350280385123629870e-04 -2.640876818382259430e-04
-1.521844946253145617e-04 -6.455519154951392920e-04
4.361005216194175564e-04 -1.191688575063805378e-03
9.344087429896260569e-04 -1.826858834268670854e-03
1.265614863411517604e-03 -2.456831667877599178e-03
1.385258605141018130e-03 -2.986376162922018979e-03
1.289700739515567667e-03 -3.337088383077137059e-03
1.016524502142185458e-03 -3.462080753635634993e-03
6.371128508159452659e-04 -3.354754975280039610e-03
2.428139416973096841e-04 -3.049998558776786939e-03
-7.267858174344861769e-05 -2.617578312569730260e-03
-2.313872379835981048e-04 -2.148980219243941999e-03
-1.861275625792799433e-04 -1.740184730952867333e-03
7.026113280532756376e-05 -1.473634977710829106e-03
5.032851311890623432e-04 -1.402807245710049368e-03
1.043080373660455707e-03 -1.542299584616480673e-03
1.597426636602605147e-03 -1.865308967693890280e-03
2.069032279027755057e-03 -2.308967997734191150e-03
2.373820646680165590e-03 -2.786523705270425779e-03
2.456758708519115632e-03 -3.204045354246324098e-03
2.302232917018891788e-03 -3.478490653099920379e-03
1.937008671440140078e-03 -3.553702688360920511e-03
1.425212832790167909e-03 -3.411301899107920324e-03
8.562878837107372465e-04 -3.074404294143164452e-03
3.281959106670346042e-04 -2.603455881346319455e-03
-7.095103074213331834e-05 -2.084966724424578647e-03
-2.793604862204920186e-04 -1.615273390071338480e-03
-2.730158599352084780e-04 -1.282400990137116774e-03
-6.995589916380256807e-05 -1.149457018868686991e-03
2.734267255783687711e-04 -1.242700323331729674e-03
6.733604187690217556e-04 -1.546544506378859807e-03
1.034858543166713041e-03 -2.006443233552311287e-03
1.270005023671010296e-03 -2.539113661782113011e-03
1.314892925619873081e-03 -3.048165830505267671e-03
1.142002555570110784e-03 -3.442183164176449046e-03
7.656694345539096381e-04 -3.651835825249204887e-03
2.396012720879540947e-04 -3.642792288354601213e-03
-3.530909125177407546e-04 -3.421990480939861475e-03
-9.154642028320330183e-04 -3.036087513640777294e-03
-1.354972607285633533e-03 -2.562388283807834951e-03
-1.600903855874362142e-03 -2.093977542876160162e-03
-1.617723534989337717e-03 -1.721877586168806115e-03
-1.411799752651089496e-03 -1.517616663815548597e-03
-1.030233898385336366e-03 -1.519514933375027896e-03
-5.520168238811533042e-04 -1.725290159046295431e-03
-7.318204793404798486e-05 -2.092387901858343020e-03
3.112366083563050017e-04 -2.545977423228231156e-03
5.250312409519517724e-04 -2.993102053470560533e-03
5.250597617534199200e-04 -3.340306350777602629e-03
3.092087841023705413e-04 -3.511402851287692521e-03
-8.342240845937872167e-05 -3.462013526179724687e-03
-5.801456360184118833e-04 -3.188130567891350221e-03
-1.088665659145622144e-03 -2.727072510345266137e-03
-1.514766423621629384e-03 -2.150650744311231183e-03
-1.780346657089112430e-03 -1.551835685871860281e-03
-1.838383833022459897e-03 -1.027441988853897668e-03
-1.681987592215709870e-03 -6.601053051416606605e-04
-1.345823567269453531e-03 -5.029566071546079896e-04
-8.996340979274407464e-04 -5.698887679946395115e-04
-4.350797713426445956e-04 -8.332508315932918470e-04
-4.839146374086857310e-05 -1.229398823166991421e-03
1.778831074754916048e-04 -1.671044402165212809e-03
1.905818001569645551e-04 -2.064055787191623487e-03
-2.389511701584093317e-05 -2.325522815589951050e-03
-4.368630362336787176e-04 -2.399659266523244180e-03
-9.826046894914361538e-04 -2.268525899650102647e-03
-1.570605143307797144e-03 -1.955539364524090228e-03
-2.102458170101632624e-03 -1.521099306766568460e-03
-2.490248037087753469e-03 -1.051159689299756891e-03
-2.672931795687920851e-03 -6.409076452227069906e-04
-2.627626107677235711e-03 -3.766408020552869038e-04
-2.373667756987947464e-03 -3.192762847280862255e-04
-1.968685504569871094e-03 -4.926166997992059704e-04
-1.497433678234924874e-03 -8.785986450498702548e-04
-1.055508359348024134e-03 -1.420428077801475387e-03
-7.310357022026307827e-04 -2.033014396189823658e-03
-5.878053982120645064e-04 -2.618733907604567715e-03
-6.530480167541686219e-04 -3.085544938778215715e-03
-9.121748916353736867e-04 -3.364032080081177673e-03
-1.311480009778836662e-03 -3.420160173606448875e-03
-1.768294758333915093e-03 -3.261331228078472901e-03
-2.186674048964165184e-03 -2.934605629850739125e-03
-2.475643744814581132e-03 -2.517432655402382542e-03
-2.566553106950780760e-03 -2.102653392625048259e-03
-2.426244294627697383e-03 -1.780623188786719605e-03
-2.063541970485177797e-03 -1.621845405218242005e-03
-1.527830013199744669e-03 -1.663410473565257687e-03
-8.999798936861860051e-04 -1.901812583301021320e-03
-2.773428528586234336e-04 -2.293507491750318168e-03
2.443584771469429085e-04 -2.763107880892060574e-03
5.888166658537524875e-04 -3.217665209029739459e-03
7.132431277275955508e-04 -3.564333219372587628e-03
6.161251346258393670e-04 -3.728066680374373960e-03
3.371742770002873800e-04 -3.666001097909702376e-03
-5.051702227046935435e-05 -3.375786601140885312e-03
-4.546190284490714056e-04 -2.896293150845967966e-03
-7.813236740147259766e-04 -2.300547978846822616e-03
-9.533503121536019559e-04 -1.682236298302576798e-03
-9.247835519443609693e-04 -1.138314457006612754e-03
-6.899292270153361498e-04 -7.510202478866118744e-04
-2.845082276838663835e-04 -5.726788340694735028e-04
2.210401580784367452e-04 -6.161731785897903331e-04
7.348785256865405287e-04 -8.528752564695903657e-04
1.161192993829652381e-03 -1.218421761614654720e-03
1.418416132481235218e-03 -1.625232987178385369e-03
1.454798235308979101e-03 -1.979397277661284517e-03
1.258375070953055442e-03 -2.198717612943127016e-03
8.594404410549338381e-04 -2.228497856025506412e-03
3.250504262964203236e-04 -2.052075393498704100e-03
-2.534055470048895216e-04 -1.694102944941931407e-03
-7.772193934587394394e-04 -1.215956499928977363e-03
-1.158749543630901513e-03 -7.041384022032337034e-04
-1.337702223545790894e-03 -2.538720447282258276e-04
-1.292233025800869090e-03 4.900382094750522534e-05
-1.042773700739844933e-03 1.444100949155283260e-04
-6.478663311783413497e-04 9.567224271581596662e-06
-1.928000783685158569e-04 -3.364898836868213464e-04
2.267919316059826282e-04 -8.362823988192753886e-04
5.232642378808036610e-04 -1.404511506633282633e-03
6.337433253482436602e-04 -1.943930713311238382e-03
5.321824925425895809e-04 -2.363468058068569563e-03
2.344017556863377998e-04 -2.595174035579505926e-03
-2.048433399697185725e-04 -2.606793560912914250e-03
-7.022096195234063965e-04 -2.407588893888108501e-03
-1.161571028283014083e-03 -2.046318106588763085e-03
-1.492286113561429144e-03 -1.601758473964180187e-03
-1.626466905247643795e-03 -1.167574999627562365e-03
-1.531976101996954283e-03 -8.344041172421376180e-04
-1.218687484507484245e-03 -6.725489453196569975e-04
-7.368192932240863902e-04 -7.185656830763994824e-04
-1.676506119409467094e-04 -9.682829062213831961e-04
3.916274196327883391e-04 -1.377576335114831648e-03
8.460634608808201415e-04 -1.870751973658566240e-03
1.120670277241084516e-03 -2.354948707353613120e-03
1.174371848500456754e-03 -2.737830597871085229e-03
1.007538777060335011e-03 -2.945215297452482943e-03
6.616913956059601587e-04 -2.935296343671505749e-03
2.114327030865808762e-04 -2.706761375088762370e-03
-2.498560120895350085e-04 -2.299263467936120582e-03
-6.278437686974983403e-04 -1.786150090725868896e-03
-8.452232859624370879e-04 -1.260819628660782765e-03
-8.564233783423795977e-04 -8.192816675760490651e-04
-6.562730415376010189e-04 -5.422159311803387543e-04
-2.809761159141043255e-04 -4.799198682024163019e-04
1.987876912155150748e-04 -6.429883390634375277e-04
6.913278748631088676e-04 -1.000484078531020497e-03
1.101422553400179969e-03 -1.485939963591516181e-03
1.348499501699311834e-03 -2.010052010787421323e-03
1.382072393869545951e-03 -2.477656107421773255e-03
1.191504877434055448e-03 -2.805771441201622852e-03
8.082485368441022847e-04 -2.939292766621713626e-03
3.001253656620135710e-04 -2.861359980994295296e-03
-2.412687103913727289e-04 -2.596442397337825857e-03
-7.176605563731895546e-04 -2.205555541534994467e-03
-1.042466192260110098e-03 -1.774518915374594368e-03
-1.156955790544944053e-03 -1.397481750931376223e-03
-1.041162885711880131e-03 -1.158840673878487257e-03
-7.174780832192935616e-04 -1.116978542479413194e-03
-2.462520784714510979e-04 -1.292909674362838646e-03
2.857549832800300319e-04 -1.665988319122059047e-03
7.818871565375090735e-04 -2.177500330858740327e-03
1.153939961240314001e-03 -2.741465657851993587e-03
1.338865718876787155e-03 -3.260614048504987574e-03
1.310673354386231561e-03 -3.644516751146887300e-03
1.085269975814630956e-03 -3.826448419770043033e-03
7.173289125577814434e-04 -3.775793273604470188e-03
2.897794835617301459e-04 -3.503652412765438911e-03
-1.020884030989156451e-04 -3.060595554177300125e-03
-3.688912703478894632e-04 -2.526986846663842497e-03
-4.443273081693595002e-04 -1.997719459371144653e-03
-2.980023894578899936e-04 -1.564251268285099007e-03
5.852770498509889379e-05 -1.297343902736409994e-03
5.736494169886175408e-04 -1.233773096369225825e-03
1.165166430430312084e-03 -1.369525180767220112e-03
1.735570474025555001e-03 -1.660765312220578846e-03
2.190223388294287171e-03 -2.032390416929804287e-03
2.455014510178289092e-03 -2.392542704324850718e-03
2.490156355251644388e-03 -2.650330023520316557e-03
2.297512110304710496e-03 -2.733391200659387055e-03
1.920072312285537805e-03 -2.601972996367654320e-03
1.433683658189818452e-03 -2.256845173811694583e-03
9.325989929186961338e-04 -1.739546536494626303e-03
5.115866077055522933e-04 -1.124906870637220040e-03
2.479876494979377146e-04 -5.072525072590497886e-04
1.871194066252633223e-04 1.710037507232208681e-05
3.337877425006412603e-04 3.677571756978978770e-04
6.515141417825098423e-04 4.951762945914059064e-04
1.069621001524606596e-03 3.897994229534205773e-04
1.496829821106667336e-03 8.365721344849878695e-05
1.838792819773466675e-03 -3.558493376437731168e-04
2.016232940736495827e-03 -8.388110400713221990e-04
1.980251343043300943e-03 -1.269878661888073756e-03
1.721897259432498065e-03 -1.566304340547383829e-03
1.274181086397160791e-03 -1.673540405380962793e-03
7.061422068155344140e-04 -1.575443465924324235e-03
1.100874985484964091e-04 -1.297154351700726500e-03
-4.155901055397985501e-04 -9.001125732813361436e-04
-7.847662330673768139e-04 -4.701545001109638973e-04
-9.396433319838694200e-04 -1.009550915969739410e-04
-8.614771775309977477e-04 1.240444632936814340e-04
-5.739450780507251385e-04 1.477935743087922674e-04
-1.385217646859609390e-04 -4.919371627471803322e-05
3.572585322584138304e-04 -4.447714174532759954e-04
8.164292320940734786e-04 -9.789792586666434902e-04
1.150958410317435947e-03 -1.565030454941560793e-03
1.298377884076065041e-03 -2.105396727857272981e-03
1.233526681790534383e-03 -2.509952095973109858e-03
9.731872578509350802e-04 -2.712746458546501805e-03
5.727395173152839865e-04 -2.684238660212700731e-03
1.154701036116601357e-04 -2.436677633877631314e-03
-3.034339106469983267e-04 -2.021616764965069105e-03
-5.951703957327099566e-04 -1.520035267679400223e-03
-6.944178086442869642e-04 -1.026939188925657821e-03
-5.719971027226151148e-04 -6.333587784061819491e-04
-2.406951711060028188e-04 -4.091507140614849061e-04
2.468600759633326341e-04 -3.898599930065413562e-04
8.078777051573187437e-04 -5.701263427451130081e-04
1.344809002105786661e-03 -9.048796157225366850e-04
1.763569170986938788e-03 -1.318092714618147301e-03
1.991130759856411542e-03 -1.717428657536269800e-03
1.989162297118616651e-03 -2.012001601473523138e-03
1.761133659758676740e-03 -2.129881500656809114e-03
1.351545954963850622e-03 -2.032020361375723016e-03
8.374341169405614743e-04 -1.719955623981156683e-03
3.137527561884081561e-04 -1.235824701705205610e-03
-1.245869018173105958e-04 -6.546809018354302675e-04
-4.006280432693667005e-04 -7.055906751094224386e-05
-4.698372276290767964e-04 4.210767684295682318e-04
-3.283940440727139845e-04 7.411857645182222745e-04
-1.373522784734056666e-05 8.419271723927044052e-04
4.027455131989323865e-04 7.155677138289431817e-04
8.294546000771247946e-04 3.958358381919809725e-04
1.172201915814550816e-03 -4.853153435479873106e-05
1.352310798425913939e-03 -5.268268492437740320e-04
1.321798775426801225e-03 -9.435256883206785206e-04
1.072747592592347135e-03 -1.216309617399789333e-03
6.390814041918749591e-04 -1.291547870404580536e-03
9.040978289110576595e-05 -1.154309958838351229e-03
-4.809048267207938080e-04 -8.310179251996654450e-04
-9.770120948264450662e-04 -3.842415251279497060e-04
-1.312907156871326135e-03 9.937197236770781736e-05
-1.432365255489717604e-03 5.257412455725186257e-04
-1.318463977392541654e-03 8.114092582821052536e-04
-9.967032945231433291e-04 8.995900127550172281e-04
-5.301342322464740360e-04 7.711581490402980932e-04
-7.419173025041876385e-06 4.484936105820500930e-04
4.739157304430085876e-04 -8.553070432271300209e-06
8.258660689138403160e-04 -5.138167287309068371e-04
9.864933808218588184e-04 -9.709874696379021137e-04
9.314983361160507954e-04 -1.291737022571354558e-03
6.786353243655149402e-04 -1.412372740456030755e-03
2.841371916346266315e-04 -1.305868344754073556e-03
-1.681675016798240033e-04 -9.869949871998556518e-04
-5.829780661320086701e-04 -5.095816288707489313e-04
-8.718267302645042738e-04 4.357706333872972111e-05
-9.700925152078715722e-04 5.762560726027730028e-04
-8.494957567093899429e-04 9.968398683008270877e-04
-5.237009407405502281e-04 1.235454778929129726e-03
-4.596071153430516306e-05 1.256954731902001909e-03
5.007586567616681807e-04 1.067307203302356698e-03
1.019305778899773536e-03 7.121766424535268128e-04
1.416590753466515865e-03 2.679806687522505362e-04
1.621098358079501017e-03 -1.728799360504946255e-04
1.596354295736432220e-03 -5.198130048945157197e-04
1.347796284414871492e-03 -7.014719498664600704e-04
9.217496398652533663e-04 -6.795287778036139320e-04
3.967010910401312803e-04 -4.561682516993806986e-04
-1.314780335275906199e-04 -7.387780369655328958e-05
-5.675633670283583218e-04 3.924326811307846542e-04
-8.348525766115467810e-04 8.494939464279321114e-04
-8.895032068111323855e-04 1.203264409292342536e-03
-7.286230814130742733e-04 1.376713971633963720e-03
-3.905866304656111995e-04 1.324439016399608406e-03
5.247695269831772731e-05 1.041341851634998948e-03
5.085951334499066480e-04 5.637305992500028350e-04
8.836223733000842353e-04 -3.737042010314473874e-05
1.099316804789464159e-03 -6.694359209292841291e-04
1.108393747491890485e-03 -1.235682081119210624e-03
9.036992287443767341e-04 -1.653076242085759276e-03
5.197604757456520449e-04 -1.867709663388143846e-03
2.641437412240858480e-05 -1.864629306202477896e-03
-4.842843209360967360e-04 -1.670274539812536489e-03
-9.153999016912514044e-04 -1.347065463089641008e-03
-1.183417900281315618e-03 -9.811759388219077303e-04
-1.234048960890816310e-03 -6.658150040684420292e-04
-1.052542838345263063e-03 -4.831906980080271242e-04
-6.665594305797467155e-04 -4.885795385096679006e-04
-1.410520337889562968e-04 -6.995256979657894347e-04
4.338705060142731174e-04 -1.092221961478626307e-03
9.598075550767998666e-04 -1.605763851919210592e-03
1.348467176188854200e-03 -2.153476557232153737e-03
1.538123937455125861e-03 -2.639173999156113181e-03
1.505023188786550926e-03 -2.975274363792365998e-03
1.267578450878549447e-03 -3.099343751886474152e-03
8.825737044290517599e-04 -2.985936095725077837e-03
4.340966248188532581e-04 -2.651486986781911599e-03
1.730540496953794985e-05 -2.151333120573003903e-03
-2.798899456035377088e-04 -1.569418873252797705e-03
-3.937562676883275478e-04 -1.002635020578721003e-03
-2.970639225013855817e-04 -5.427498971853220514e-04
-4.471408770515949288e-06 -2.593481923603934130e-04
4.300570236825481838e-04 -1.870009855337376181e-04
9.233164182830592114e-04 -3.190888211717875017e-04
1.378506761876942439e-03 -6.094394246605480767e-04
1.703499528947709013e-03 -9.814616916467644794e-04
1.828268098268403478e-03 -1.343038091748769997e-03
1.718182268063393053e-03 -1.604347408983907829e-03
1.380649159670204861e-03 -1.695235227798367640e-03
8.638416134338826411e-04 -1.578835740215379230e-03
2.477523919926097676e-04 -1.258858942296795999e-03
-3.707353772331439942e-04 -7.791575358658744000e-04
-8.959390040770919645e-04 -2.156505651312477442e-04
-1.251208032322064694e-03 3.378709670578074653e-04
-1.393126531571813433e-03 7.873717525747326012e-04
-1.319403167586212294e-03 1.056297110339875353e-03
-1.068961914597339486e-03 1.100039575568050173e-03
-7.142232843938985630e-04 9.144072661469444373e-04
-3.470447340747234450e-04 5.364887176353319142e-04
-6.098947213460366532e-05 3.774747824307226273e-05
6.671212278428471400e-05 -4.893499981013848870e-04
-9.913571997951890757e-06 -9.486461039835605152e-04
-2.966059117212047416e-04 -1.258271279074379967e-03
-7.575440377463722947e-04 -1.365892764732744204e-03
-1.321928052143253466e-03 -1.258352541912244153e-03
-1.897224785490289004e-03 -9.638768205147119593e-04
-2.386572733344386084e-03 -5.464461702375266773e-04
-2.707052174317390973e-03 -9.339972815436821353e-05
-2.805361593735438992e-03 3.013721699587046626e-04
-2.667931576495888475e-03 5.554576469261626823e-04
-2.323559548459919188e-03 6.137550639990957445e-04
-1.838063930020204751e-03 4.591036424343278343e-04
-1.301966468650372303e-03 1.156953276940962195e-04
-8.135307887175623155e-04 -3.553819021125605333e-04
-4.603637451723327847e-04 -8.676281848550027867e-04
-3.030576687445055411e-04 -1.325470599319736884e-03
-3.639646731072631106e-04 -1.642363569898698528e-03
-6.232221482995277048e-04 -1.757223071643046128e-03
-1.022775445638954631e-03 -1.646081207460617238e-03
-1.477629542082277772e-03 -1.326751642468371401e-03
-1.892192843130848998e-03 -8.556187526953977019e-04
-2.178612378684349413e-03 -3.171538192432246141e-04
-2.273622989776863217e-03 1.918620385264336713e-04
-2.150715035279713271e-03 5.804268670469921350e-04
-1.825312291730071465e-03 7.803002580951654043e-04
-1.351976077317710570e-03 7.586704673634384489e-04
-8.141623889778699897e-04 5.241149342774854576e-04
-3.084698821251261091e-04 1.247327408785634797e-04
7.363936993210590774e-05 -3.611904631253572400e-04
2.631849271464530016e-04 -8.402110226164338953e-04
2.267933635231949262e-04 -1.221597820927232923e-03
-2.688349456240644256e-05 -1.434655864730893619e-03
-4.486759294557297710e-04 -1.442218304815762360e-03
-9.580479494645273561e-04 -1.247748656509549327e-03
-1.458165147441486302e-03 -8.947058750681758862e-04
-1.854031128332335986e-03 -4.582910716684228175e-04
-2.070264203842763894e-03 -3.113836674746263888e-05
-2.065154432319455009e-03 2.943397709543018248e-04
-1.838345558065161266e-03 4.436077689118761696e-04
-1.430693583344922089e-03 3.743167174238607418e-04
-9.163349691374804299e-04 8.455511296292096517e-05
-3.884722792405235570e-04 -3.865266044979466997e-04
5.842581879701106568e-05 -9.658417620040436833e-04
3.466350195218943862e-04 -1.559900742656133554e-03
4.299820556266470374e-04 -2.072196534742779678e-03
3.026407529152140780e-04 -2.421158170887705973e-03
2.495217832495458948e-07 -2.555280256005069191e-03
-4.068629167863293834e-04 -2.462571360672358503e-03
-8.270615712782714620e-04 -2.172539502984274264e-03
-1.164864405982959971e-03 -1.750345680874774903e-03
-1.339169425051761012e-03 -1.284238944917697953e-03
-1.298795778765541144e-03 -8.686580516255311239e-04
-1.032392628350293270e-03 -5.862044906109243909e-04
-5.708351017366761638e-04 -4.919044095905464146e-04
1.835147850205530841e-05 -6.027424387468115295e-04
6.434890714252664359e-04 -8.944509974553938644e-04
1.205805958183992551e-03 -1.306163656666942336e-03
1.617833862060938420e-03 -1.752050902699374239e-03
1.819666501490835352e-03 -2.137733348144296979e-03
1.790007830872127536e-03 -2.378361602804699229e-03
1.549924527637980450e-03 -2.414935201011952741e-03
1.158598314820914396e-03 -2.225765269455888366e-03
7.018880734772662763e-04 -1.830904211563881816e-03
2.758727062279271898e-04 -1.288696706706938828e-03
-3.150437992665579799e-05 -6.850977165445613871e-04
-1.572094456865804745e-04 -1.177724787457914198e-04
-7.513172678436748006e-05 3.220186917208739180e-04
1.989412093857539660e-04 5.663286440020071609e-04
6.103294013397494696e-04 5.830310769888118324e-04
1.075878630774274123e-03 3.815671774066058185e-04
1.499816983011714516e-03 1.085058793182260397e-05
1.792045156084678742e-03 -4.502656454953580514e-04
1.885393950639976859e-03 -9.081488501930514920e-04
1.748576947864438364e-03 -1.272297402250259502e-03
1.392380604844861832e-03 -1.472606608933926505e-03
8.679137475444541772e-04 -1.472717340149154192e-03
2.572414592574381355e-04 -1.276917962614517853e-03
-3.418299315384309024e-04 -9.292922022580471899e-04
-8.339426894900288248e-04 -5.052752159851433070e-04
-1.143914965616942090e-03 -9.721902248470209399e-05
-1.230655648336918210e-03 2.032959907050311795e-04
-1.094638564755092509e-03 3.230495482599957287e-04
-7.775270740035856738e-04 2.213340321141004470e-04
-3.540260310092775719e-04 -1.020150012656210765e-04
8.249065519691766704e-05 -6.062378270444262465e-04
4.378506895259591069e-04 -1.216998616558630057e-03
6.350644899147362375e-04 -1.840078946354378091e-03
6.290088981807596047e-04 -2.378831831434613953e-03
4.150310156018307585e-04 -2.752099349226032679e-03
2.984195217367027406e-05 -2.909209030917896122e-03
-4.554686781073377481e-04 -2.839217101305972074e-03
-9.489735414328265067e-04 -2.572655662914023235e-03
-1.355437227620715380e-03 -2.175459806125641313e-03
-1.594511929265307344e-03 -1.736230670227774820e-03
-1.616149257772500278e-03 -1.349251419500796609e-03
-1.410304629040038619e-03 -1.096476206665132798e-03
-1.009090727793897444e-03 -1.031905455816797997e-03
-4.809658737704493596e-04 -1.171307657650439435e-03
8.194896539497759091e-05 -1.489234168145540764e-03
5.810297673242986608e-04 -1.923891223918914282e-03
9.295431875356341715e-04 -2.388944319412572830e-03
1.068798074424509885e-03 -2.790016243520607522e-03
9.790026719341418746e-04 -3.042750278317120534e-03
6.827775345587287423e-04 -3.089012851699331208e-03
2.406644186926115855e-04 -2.908161605238450756e-03
-2.605135036370287600e-04 -2.521238763797924512e-03
-7.242317920068638316e-04 -1.987288957930506868e-03
-1.062642305173192199e-03 -1.392491605567913564e-03
-1.213265915271844256e-03 -8.341583088326934596e-04
-1.150838213918285594e-03 -4.026179591397573880e-04
-8.920649230301551597e-04 -1.644123456669046700e-04
-4.923873195383373595e-04 -1.499772776055344030e-04
-3.537191662122745814e-05 -3.481354297432357478e-04
3.832637302377702696e-04 -7.084379710700135918e-04
6.739605701567888928e-04 -1.150906621148519706e-03
7.704913215274790048e-04 -1.581327383471763451e-03
6.427402264254174127e-04 -1.909197022136646096e-03
3.026634452721098725e-04 -2.064922230748634027e-03
-1.977048293108128827e-04 -2.013014229937900787e-03
-7.758294676361668927e-04 -1.758781093547179177e-03
-1.334027802535945684e-03 -1.347252517023898259e-03
-1.777698663118155737e-03 -8.545435843302548982e-04
-2.032981748670590911e-03 -3.732966747765108836e-04
-2.060509624606925508e-03 5.037229444662541869e-06
-1.862653984364060020e-03 2.077173568755645312e-04
-1.482898993254339309e-03 1.947087721649944135e-04
-9.974644678957548995e-04 -3.350190702728576136e-05
-5.007683079926827496e-04 -4.357575614806972184e-04
-8.748330469981362763e-05 -9.377836142065575521e-04
1.654125484595585661e-04 -1.446019786768109857e-03
2.131928054859125220e-04 -1.865118147936844660e-03
5.179040342523420857e-05 -2.115800466657817135e-03
-2.815340194449780222e-04 -2.149699407270133557e-03
-7.153873711266286149e-04 -1.958378656024074675e-03
-1.157937007980305161e-03 -1.574828560257119031e-03
-1.514504206061880517e-03 -1.067157700907697768e-03
-1.705721865379407559e-03 -5.256774298192808635e-04
-1.682812727786935428e-03 -4.582626752822939204e-05
-1.437089169292796263e-03 2.898324020042125377e-04
-1.001869416147963812e-03 4.271315715375137954e-04
-4.464407668462894727e-04 3.504039069185897054e-04
1.367937211305252109e-04 8.525718815236406432e-05
6.495577147227656056e-04 -3.064994335845190989e-04
1.006074416971560175e-03 -7.388124682233688633e-04
1.149096314216165949e-03 -1.117954323347577225e-03
1.060561518922604118e-03 -1.360562507392705598e-03
7.648631570180532482e-04 -1.409724987720593035e-03
3.241162346455727186e-04 -1.246058623594403303e-03
-1.736791352291592932e-04 -8.916755781150896305e-04
-6.313351394405768277e-04 -4.062793106506321214e-04
-9.608719789605297970e-04 1.238778361601521787e-04
-1.100129064578414051e-03 6.020914846779808205e-04
-1.024447797855476943e-03 9.393149828930304332e-04
-7.512161822920279067e-04 1.070858703542968294e-03
-3.364179820836819975e-04 9.685216953215853219e-04
1.361561168203556508e-04 6.458623833164765186e-04
5.709876904752885039e-04 1.556130699760682095e-04
8.791500502262990149e-04 -4.202705539835141046e-04
9.953931963541369585e-04 -9.860402814712242430e-04
8.907528114794707221e-04 -1.450145540422317046e-03
5.782891799995861512e-04 -1.742378368146872084e-03
1.108627595260636080e-04 -1.826930020005381947e-03
-4.286388558542884386e-04 -1.708891317379608848e-03
-9.427782235985808588e-04 -1.432971301310797391e-03
-1.337824727125222490e-03 -1.074683094154788238e-03
-1.541338960650019772e-03 -7.256729133971150103e-04
-1.515759771599693197e-03 -4.759777328454897370e-04
-1.265424989164204341e-03 -3.965790610220751820e-04
-8.356992698391320189e-04 -5.255644961818903456e-04
-3.043760096025393321e-04 -8.605256658263704976e-04
2.330178482494429850e-04 -1.358640184574974596e-03
6.812318221024462554e-04 -1.944429987483133363e-03
9.632077887957039885e-04 -2.523734391271536572e-03
1.034511659590943390e-03 -3.001258840913812245e-03
8.915514287288384306e-04 -3.298382469102351458e-03
5.720296414617868398e-04 -3.367857686762584443e-03
1.475495509336340202e-04 -3.202622489144766812e-03
-2.902193820218199743e-04 -2.837059775369191444e-03
-6.471909130779466548e-04 -2.340466896948981915e-03
-8.449778835868848766e-04 -1.803972344237973237e-03
-8.360374886269918192e-04 -1.323375954040543947e-03
-6.129712736330591603e-04 -9.811596299142315639e-04
-2.102120248037041609e-04 -8.310714298053985868e-04
3.022285558838568292e-04 -8.881975039514453194e-04
8.317738674861357203e-04 -1.126396250567691807e-03
1.280599769690757631e-03 -1.483574162084523194e-03
1.563981452368931688e-03 -1.873797301672004830e-03
1.626200265739185169e-03 -2.203937476025462534e-03
1.451002086601526145e-03 -2.391693144624180110e-03
1.064629467913206541e-03 -2.381564585723963332e-03
5.308549083644929821e-04 -2.155750158439764461e-03
-6.104393208879659938e-05 -1.737892326659654617e-03
-6.130908974014250348e-04 -1.188956327997826943e-03
-1.037019319043001788e-03 -5.960145566038696193e-04
-1.270798549070205384e-03 -5.605370373796354690e-05
-1.290153458162650660e-03 3.421350378921084266e-04
-1.112900246850823203e-03 5.345584830340069718e-04
-7.952829065279558036e-04 4.939768128423252698e-04
-4.210099882806919496e-04 2.349507317989103609e-04
-8.507404160027637070e-05 -1.889737556988597121e-04
1.245756620581869520e-04 -6.954096267301548839e-04
1.440298324790921167e-04 -1.188682350851509237e-03
-5.414009982065374343e-05 -1.577849776079843277e-03
-4.553598377661613635e-04 -1.793779651998436914e-03
-1.005501033601142926e-03 -1.802055499561978913e-03
-1.620843751858930433e-03 -1.609272331340086144e-03
-2.203672003163398199e-03 -1.261536132068201161e-03
-2.660554429905255362e-03 -8.354578757325777701e-04
-2.919852933410681771e-03 -4.233545107541268984e-04
-2.945147275131847382e-03 -1.154665634644572170e-04
-2.742036006471915664e-03 1.743299140541257689e-05
-2.357027269964112950e-03 -6.226185339563636290e-05
-1.868729777585917710e-03 -3.515835619723858742e-04
-1.373011186751560333e-03 -8.072864713231776932e-04
-9.649322999884323666e-04 -1.353794451905043078e-03
-7.208749653534617021e-04 -1.897301480605547439e-03
-6.842439209207198513e-04 -2.343359969121465523e-03
-8.574452966889648193e-04 -2.614630348340639052e-03
-1.201655374462352877e-03 -2.665433787109110567e-03
-1.644417645721084256e-03 -2.490354068427404113e-03
-2.093623551600166770e-03 -2.125260243570978834e-03
-2.455223252079368097e-03 -1.640555665345701849e-03
-2.651306300719845702e-03 -1.127929860384301953e-03
-2.635122016397668104e-03 -6.831189141792212835e-04
-2.400188962922193518e-03 -3.879348425194259053e-04
-1.981762532859192294e-03 -2.949619010190434980e-04
-1.450377156159874618e-03 -4.178119620353747858e-04
-8.986809677943187599e-04 -7.287778150888877746e-04
-4.240515485729241156e-04 -1.164322011631189688e-03
-1.102809710722461953e-04 -1.637355000709110999e-03
-1.179546345036878476e-05 -2.053970710792492587e-03
-1.433960516059457069e-04 -2.331463792743014660e-03
-4.774622340776858405e-04 -2.414210228312124815e-03
-9.491487535124975422e-04 -2.284397880810881340e-03
-1.468593112437739483e-03 -1.965569219314061179e-03
-1.937824937717810836e-03 -1.518300182131232176e-03
-2.269178793723251788e-03 -1.028829089644316044e-03
-2.401728047980828187e-03 -5.927854698700908307e-04
-2.312632733047339205e-03 -2.970975690414544377e-04
-2.021257973018851083e-03 -2.035032407707020475e-04
-1.585288954801664183e-03 -3.367863421313902188e-04
-1.089584251154960106e-03 -6.799670448965724253e-04
-6.298844553162452533e-04 -1.177358856621432085e-03
-2.944671663873607830e-04 -1.744916734132487225e-03
-1.472279800177420800e-04 -2.285921211920475746e-03
-2.153967855195574634e-04 -2.709034055291008672e-03
-4.842205869807290463e-04 -2.945312646650435733e-03
-8.996244957018182612e-04 -2.960968015229776228e-03
-1.378351272887568977e-03 -2.763457755437263939e-03
-1.823662932826391851e-03 -2.399767429236221786e-03
-2.143633739175189630e-03 -1.947213390533540775e-03
-2.268572130175239895e-03 -1.498516129391449245e-03
-2.164272923599926211e-03 -1.143977979835799318e-03
-1.838589641032259891e-03 -9.541469249786348195e-04
-1.340080675626961065e-03 -9.662555418167722860e-04
-7.489829642421691079e-04 -1.177008476493663323e-03
-1.622187624566462111e-04 -1.543088819768943885e-03
3.247298682354345578e-04 -1.989291200432606078e-03
6.356518933754293959e-04 -2.422744254102851720e-03
7.277728667546344392e-04 -2.750530954504153830e-03
5.995790142350629305e-04 -2.897370642645271440e-03
2.908245761731548338e-04 -2.820013581001552978e-03
-1.252726714205736286e-04 -2.515620073893613980e-03
-5.561635708602909308e-04 -2.022534105660518840e-03
-9.077450934858542070e-04 -1.413300614118462393e-03
-1.102410721504152495e-03 -7.812433789502886165e-04
-1.093949827003143360e-03 -2.231390541495697219e-04
-8.764693418038073175e-04 1.787386517287178770e-04
-4.856436512651314628e-04 3.718120522780182964e-04
7.947760553838559977e-06 3.427609126525867555e-04
5.121361471927581488e-04 1.196500726591904129e-04
9.306131132807470355e-04 -2.337711384177388002e-04
1.181210464215093695e-03 -6.305099043556507132e-04
1.211548441405031241e-03 -9.771475525279722015e-04
1.009087688969864324e-03 -1.191841794944350922e-03
6.036788898025274115e-04 -1.220097920399606855e-03
6.212361647229403113e-05 -1.045316587879522967e-03
-5.242281818920448925e-04 -6.921159872532422477e-04
-1.056500758118333883e-03 -2.217955387298278379e-04
-1.446717609379816498e-03 2.792023787824236001e-04
-1.634146245073010446e-03 7.156490327457588549e-04
-1.596474195416933139e-03 1.001607013283037926e-03
-1.353706767992686032e-03 1.076804643418088989e-03
-9.640554020085155724e-04 9.182042048017419102e-04
-5.126021375499103952e-04 5.445701013288473027e-04
-9.489347499398270540e-05 1.316758825676693804e-05
2.014232761892712680e-04 -5.907881505376491550e-04
3.134379050700952189e-04 -1.169940936963841539e-03
2.150957652883418118e-04 -1.632874046147839327e-03
-7.770249953684474613e-05 -1.911046137038542418e-03
-5.099893841598241492e-04 -1.971383761378624373e-03
-9.980629377818752389e-04 -1.822154241693605325e-03
-1.445308330668700287e-03 -1.511015207165880255e-03
-1.760513136396453168e-03 -1.115618398401041619e-03
-1.875207490007256821e-03 -7.285549591324369566e-04
-1.756743781007667239e-03 -4.395003831750308792e-04
-1.414636238959848368e-03 -3.179467959103620799e-04
-8.989561257255582367e-04 -3.997980892768932069e-04
-2.910817699341133186e-04 -6.803708870719299287e-04
3.114503426391615720e-04 -1.115130164118240683e-03
8.131307718758605529e-04 -1.628022534796098051e-03
1.138261459197788738e-03 -2.125830344081984687e-03
1.244978214927975040e-03 -2.515828390801970113e-03
1.132862814952475183e-03 -2.723398521986664100e-03
8.427100013031541860e-04 -2.706264166488257534e-03
4.485001189320339315e-04 -2.462645897366503873e-03
4.310388642172135413e-05 -2.031789339975791867e-03
-2.795676108932243411e-04 -1.486760329151328103e-03
-4.425819556571691186e-04 -9.208657591536805517e-04
-4.007563664709574720e-04 -4.302649320815731373e-04
-1.493793686486341284e-04 -9.605701542303359680e-05
2.747716610078646980e-04 3.077096202831861201e-05
8.003120703373317341e-04 -6.130699923487085718e-05
1.334728793259373205e-03 -3.424727398567771041e-04
1.781904284105974160e-03 -7.474957044297275872e-04
2.060366198158415998e-03 -1.188349290092040886e-03
2.118804961083190636e-03 -1.571116274669262600e-03
1.945917723282972276e-03 -1.813976447183573938e-03
1.572710709143072122e-03 -1.862865654669413739e-03
1.066819374660386800e-03 -1.701837592387572037e-03
5.199167410869964985e-04 -1.356163977916465544e-03
3.058859768844432274e-05 -8.875849719624613263e-04
-3.140877990215619172e-04 -3.826091816538690392e-04
-4.547797568452704737e-04 6.392032924261957516e-05
-3.708821041728234749e-04 3.668802179422238222e-04
-8.417389852075172086e-05 4.671196309833690677e-04
3.455373010395084614e-04 3.428300782262901601e-04
8.319530071279066311e-04 1.387462593164785849e-05
1.278813202045860683e-03 -4.617489268601782863e-04
1.598282862200030036e-03 -9.986473118227196313e-04
1.727709908684221633e-03 -1.499946514615419554e-03
1.641578075686775731e-03 -1.875375302612265847e-03
1.356389044601830855e-03 -2.058100478889258751e-03
9.275481868957259363e-04 -2.017133285453820684e-03
4.388435482151322115e-04 -1.762964925330793436e-03
-1.348875382194082619e-05 -1.345370889380820105e-03
-3.390935748637346862e-04 -8.438059410882507196e-04
-4.707469207673684606e-04 -3.522136566894416322e-04
-3.772574924205219843e-04 3.886900889692450779e-05
-6.957249980151284340e-05 2.595205154057601262e-04
4.010733223636709136e-04 2.736963146869881951e-04
9.526205963249934506e-04 8.603108268142234047e-05
1.487474342089834672e-03 -2.591063488935445303e-04
1.910730521373029843e-03 -6.861252144082662010e-04
2.147895301075797465e-03 -1.102678065239696189e-03
2.158748281414653997e-03 -1.417336684910927829e-03
1.944730972118273449e-03 -1.557127488409726455e-03
1.548467584661756061e-03 -1.481601097414212472e-03
1.045514554654123837e-03 -1.190766368652207722e-03
5.299060391393179987e-04 -7.253802507948868897e-04
9.623645649973946309e-05 -1.595316113942153399e-04
-1.783242136172320802e-04 4.130842417946616356e-04
-2.486750032396248906e-04 8.966092804418182398e-04
-1.103144962709191358e-04 1.210889619247868844e-03
1.998579678484911377e-04 1.306390002670474023e-03
6.106213362768532537e-04 1.173338862963618865e-03
1.030050080618387636e-03 8.433785975707117598e-04
1.363088714443905659e-03 3.834140000044752600e-04
1.529752496518892516e-03 -1.171718761528151281e-04
1.480503838521263910e-03 -5.635102923286670548e-04
1.205888002569633971e-03 -8.732279743613124111e-04
7.385980869675957006e-04 -9.920109870968072709e-04
1.475723228925011237e-04 -9.038043981783739755e-04
-4.747650291056566721e-04 -6.337176395630438053e-04
-1.029709963583537360e-03 -2.430876852684249164e-04
-1.430681087622499154e-03 1.823619569992573713e-04
-1.619340438372705686e-03 5.490202010519764980e-04
-1.576386873923805434e-03 7.734161314434469161e-04
-1.324984362603533975e-03 7.983560004352875054e-04
-9.261813319255708925e-04 6.041070859807210185e-04
-4.671928455113392824e-04 2.125031765092703700e-04
-4.476784583791709564e-05 -3.168137902072969939e-04
2.532066335645055070e-04 -8.973126843912209317e-04
3.643795452618198150e-04 -1.431593699370775803e-03
2.637304752699557667e-04 -1.829485274755885847e-03
-3.174790892909197786e-05 -2.024798787338466955e-03
-4.663646846471133445e-04 -1.987575988794646961e-03
-9.564126480433988000e-04 -1.729516854184773213e-03
-1.406191528282478738e-03 -1.301565812129962859e-03
-1.726334447497449628e-03 -7.841179947531900585e-04
-1.850962845943483282e-03 -2.717033190339100592e-04
-1.750416294663155285e-03 1.449494094515344292e-04
-1.437140936364909600e-03 3.960713093050636678e-04
-9.636152121819641873e-04 4.459864157366815124e-04
-4.126988922358381892e-04 2.997335421868914645e-04
1.177741482119894082e-04 1.925674839190611148e-06
5.332490540575754358e-04 -3.719335668807437537e-04
7.600996258267425079e-04 -7.300276239910604911e-04
7.593389780874012455e-04 -9.819330873328297078e-04
5.338010198112687083e-04 -1.056095228081510660e-03
1.274381103341357710e-04 -9.137569291840603666e-04
-3.831278681835603413e-04 -5.566958870801160236e-04
-9.031980070985053989e-04 -2.729685331792587252e-05
-1.337967241873980716e-03 5.990632732471613819e-04
-1.610469817585207008e-03 1.227884225595623179e-03
-1.676101464884828486e-03 1.763047429043297426e-03
-1.530969646505951501e-03 2.124650856044823198e-03
-1.212492875923871540e-03 2.263804157854980292e-03
-7.921386492273863262e-04 2.171589330720927018e-03
-3.616788818156412748e-04 1.880495938434025190e-03
-1.556990003038507230e-05 1.458063714231610380e-03
1.672015269566558965e-04 9.939396712047670040e-04
1.383629701327494712e-04 5.828025612965823414e-04
-1.102008350460396621e-04 3.063888048518848949e-04
-5.446016890775181619e-04 2.180229578732839537e-04
-1.095054599752510712e-03 3.325804238183153669e-04
-1.668788121146468550e-03 6.237804723063394320e-04
-2.167320763603821591e-03 1.029318663436449861e-03
-2.504838957429988272e-03 1.462862493559982050e-03
-2.624203075792854931e-03 1.830633720381366234e-03
-2.507556562026442941e-03 2.049431622608341615e-03
-2.179534336652922885e-03 2.062677986359649079e-03
-1.702467039130217121e-03 1.851438667305829256e-03
-1.164492161453208269e-03 1.438327345840532956e-03
-6.628250506523039902e-04 8.835445916022557867e-04
-2.853580772273181694e-04 2.737944871214473470e-04
-9.407172087188739838e-05 -2.938301136340841545e-04
-1.133971995089637103e-04 -7.299495072689973427e-04
-3.257317288108887033e-04 -9.695651619844655863e-04
-6.749522744309021955e-04 -9.841434535969571275e-04
-1.077258379406736272e-03 -7.868317842419353782e-04
-1.437286238357121226e-03 -4.298230146585798727e-04
-1.666437531043906545e-03 5.630345023846636179e-06
-1.699946701308781803e-03 4.246601987481010828e-04
-1.509448864695469780e-03 7.367608759804908760e-04
-1.108662198905267749e-03 8.728981244334835807e-04
-5.511022644003357555e-04 7.985117223489651608e-04
7.974560241308187791e-05 5.199528421705034310e-04
6.859415343617936622e-04 8.314126540250163424e-05
1.173362526449295458e-03 -4.352985502854986788e-04
1.469276183630858611e-03 -9.427387948936897556e-04
1.535894523716721570e-03 -1.348297430279363392e-03
1.377345930026501863e-03 -1.580267997973452574e-03
1.038748671437744958e-03 -1.599923123450801505e-03
5.975638863409363667e-04 -1.409071138115421465e-03
1.488666467573914517e-04 -1.049927996365543651e-03
-2.126758226724908456e-04 -5.973218719637355323e-04
-4.107072727093678474e-04 -1.446999686536741764e-04
-4.015788536489235585e-04 2.134188004311489287e-04
-1.825156728165692327e-04 3.992278830219898834e-04
2.079892412148512653e-04 3.662907991657700368e-04
6.976238470855015408e-04 1.083003313580880797e-04
1.194133532022149859e-03 -3.397172393339023197e-04
1.602992270291444957e-03 -9.079800066333622256e-04
1.845516859916052164e-03 -1.505065325841256629e-03
1.873988496213954517e-03 -2.035080079377983228e-03
1.680912443006231426e-03 -2.415637918648251212e-03
1.300656392859616227e-03 -2.593243223846312430e-03
8.031511630543464956e-04 -2.553173344359618673e-03
2.808404988623791686e-04 -2.321993116906033092e-03
-1.686545838592431405e-04 -1.962231388185602197e-03
-4.608793847352193537e-04 -1.560234024068634859e-03
-5.404277958141333500e-04 -1.209500469884796075e-03
-3.913591204238188979e-04 -9.926664965009947359e-04
-4.017917948689496074e-05 -9.655522658987304978e-04
4.491775971352125730e-04 -1.146303715231216042e-03
9.874148100515180940e-04 -1.511690597221105464e-03
1.476705557833038474e-03 -2.001269023243816125e-03
1.829103658024523217e-03 -2.528626687275407989e-03
1.983051373697727708e-03 -2.997587122191430059e-03
1.914861601111402965e-03 -3.320309383770912205e-03
1.643004643435747383e-03 -3.433859470995877759e-03
1.224392607193022569e-03 -3.312117862090329084e-03
7.433701568877072860e-04 -2.970769377272473519e-03
2.955019162664161356e-04 -2.464430299374082908e-03
-3.076742805720894015e-05 -1.876455482269391269e-03
-1.711010615983591179e-04 -1.303353255172460569e-03
-9.768258323149042396e-05 -8.367559416318537694e-04
1.753038121457938924e-04 -5.463555985942968474e-04
5.941694508795053583e-04 -4.670307522535767104e-04
1.075726638362272053e-03 -5.925953509256221257e-04
1.522913868940812838e-03 -8.773463935745412154e-04
1.843086255966096048e-03 -1.245109357983434882e-03
1.965511052933781137e-03 -1.604060386505800923e-03
1.854757630335774959e-03 -1.864510093051275231e-03
1.517447586785744670e-03 -1.956273012552711167e-03
1.001086880717048109e-03 -1.842325358492759692e-03
3.852001717108353139e-04 -1.526157024179891370e-03
-2.335557321969980557e-04 -1.051418471678915688e-03
-7.594831811527774906e-04 -4.939230021762528377e-04
-1.115717585800290014e-03 5.248661367293302495e-05
-1.258503720491140065e-03 4.935353619274023516e-04
-1.185176202442392085e-03 7.522483439527088284e-04
-9.343387350015520780e-04 7.834628630263885951e-04
-5.782144799603615654e-04 5.823734823471925313e-04
-2.086228225255602449e-04 1.854920377310074922e-04
8.075501415960464977e-05 -3.361603108893790803e-04
2.124561814617443667e-04 -8.903421833833470491e-04
1.402314844121579484e-04 -1.380849363804981982e-03
-1.418906549255356635e-04 -1.725477293388293261e-03
-5.981943972408541692e-04 -1.871293013337088380e-03
-1.157793744091839203e-03 -1.804331289806756665e-03
-1.727847940944904044e-03 -1.551886256984311152e-03
-2.210976855735093376e-03 -1.176972618681298554e-03
-2.523581852289021477e-03 -7.660136014455479463e-04
-2.611605143366211614e-03 -4.120955845833802018e-04
-2.460744554509159028e-03 -1.969687497247922872e-04
-2.099189452017868884e-03 -1.752102532226475738e-04
-1.592358718049754519e-03 -3.635564330696087251e-04
-1.030635146335529863e-03 -7.374310819333679485e-04
-5.124158893729922502e-04 -1.235333369433508225e-03
