1.197745911429052949e-03 -4.601256676641719725e-04
1.618361331520453902e-03 -2.328377004254371125e-04
1.743447046980986992e-03 -1.073387509141418561e-04
1.534490953968080645e-03 -1.226471097168492464e-04
1.013032277123867989e-03 -2.870359121818920247e-04
2.568450135086974818e-04 -5.765393651558053771e-04
-6.144518027244444403e-04 -9.396618513981140662e-04
-1.461639840040196946e-03 -1.307392377490604199e-03
-2.151800186528862388e-03 -1.606620016396485958e-03
-2.582971772633943681e-03 -1.774399965001950599e-03
-2.702912248677824883e-03 -1.770356964993120841e-03
-2.518421633306108364e-03 -1.584864006074166408e-03
-2.093476536144083053e-03 -1.241432986902890135e-03
-1.536541701483877921e-03 -7.928491368836928415e-04
-9.794748033463249355e-04 -3.117651621174378357e-04
-5.520318441009179882e-04 1.224799330307565961e-04
-3.568128484147553049e-04 4.383371995680633701e-04
-4.494032169470420571e-04 5.850931428643228738e-04
-8.274810996856773841e-04 5.420278668481942922e-04
-1.430962002845097454e-03 3.219642403523656103e-04
-2.153160315453741570e-03 -3.145336613212838459e-05
-2.860859589914776634e-03 -4.522269761322684567e-04
-3.419494598874277778e-03 -8.646098876168696688e-04
-3.718678230421892938e-03 -1.197457987581559144e-03
-3.693238881999669210e-03 -1.397608795755349905e-03
-3.335781988624861999e-03 -1.439756193800208889e-03
-2.698392171503388726e-03 -1.330954859764206088e-03
-1.883146780842288003e-03 -1.108907710106266228e-03
-1.023228406169364359e-03 -8.343690995824106296e-04
-2.582024656101490883e-04 -5.791127732088599024e-04
2.918704704607188397e-04 -4.117552098278908250e-04
5.485983444916146725e-04 -3.841326450807947988e-04
4.895138501548033406e-04 -5.208264884174254854e-04
1.517374970608951438e-04 -8.138366265538362308e-04
-3.756323671496040518e-04 -1.223427902865576811e-03
-9.689481725670460142e-04 -1.685006316473620057e-03
-1.493947417198855567e-03 -2.120739486068318365e-03
-1.831648715871420910e-03 -2.453736913414775438e-03
-1.901295393838416418e-03 -2.622119804848328187e-03
-1.675992849348013425e-03 -2.590329674127766352e-03
-1.188070934142156044e-03 -2.355546005021367465e-03
-5.231499268566880672e-04 -1.948007278066880800e-03
1.959704585991788235e-04 -1.425181752205849665e-03
8.325505912666296676e-04 -8.608964535476470222e-04
1.261878700530347404e-03 -3.314848901182972660e-04
1.395047991699179760e-03 9.842412854753378789e-05
1.196036943526338370e-03 3.877888689566555674e-04
6.888526931642100556e-04 5.264640923222335504e-04
-4.662291305920041951e-05 5.365617276945544231e-04
-8.893076013315835823e-04 4.676157271328199938e-04
-1.699345764592762476e-03 3.864793028699064115e-04
-2.344054075211578214e-03 3.638819738793945893e-04
-2.722485973048348676e-03 4.602077728677789106e-04
-2.783977417364804155e-03 7.132045145245802199e-04
-2.537176086538423924e-03 1.129969059063800924e-03
-2.047857971202944171e-03 1.684744130826155420e-03
-1.425957905230950144e-03 2.322961735793161765e-03
-8.042821346723958700e-04 2.970784955951271018e-03
-3.129449944374619597e-04 3.548357936901632044e-03
-5.438013333306846754e-05 3.984270524513227815e-03
-8.366645233680476690e-05 4.228512436405039952e-03
-3.979009012256803143e-04 4.261475944860373781e-03
-9.366354106966584374e-04 4.097312044546110379e-03
-1.593298262252866712e-03 3.781011776581609269e-03
-2.235438213734484286e-03 3.379769860675194658e-03
-2.729956972143609932e-03 2.970267649830561716e-03
-2.968548926680636846e-03 2.624282280608490354e-03
-2.888525750218581996e-03 2.395343068996315470e-03
-2.485075443578951132e-03 2.308955300752272167e-03
-1.812625587581954446e-03 2.358233697060208977e-03
-9.750422328694055823e-04 2.505761393306170197e-03
-1.065086302064186842e-04 2.691309617843700482e-03
6.533081666293819641e-04 2.843941956758459354e-03
1.185113877770411486e-03 2.896195575939574090e-03
1.411984455192678498e-03 2.797637516227282663e-03
1.313352924089991863e-03 2.525211866481302803e-03
9.283506718985324582e-04 2.088400999375863987e-03
3.478834091001984903e-04 1.528206140334324075e-03
-3.030457749906978601e-04 9.101233849077073647e-04
-8.894083096206905834e-04 3.124291846776258664e-04
-1.292049603168819987e-03 -1.880211883704971734e-04
-1.430504298854743447e-03 -5.298060652294101598e-04
-1.278401405026826938e-03 -6.781183312212412046e-04
-8.685384755643925240e-04 -6.310063766718073883e-04
-2.866622557883783534e-04 -4.194993924018308533e-04
3.448662514176211932e-04 -1.015967085203536960e-04
8.904268684272501847e-04 2.487399797480058608e-04
1.227088754816948405e-03 5.555091236597662751e-04
1.268232653496504953e-03 7.548748609204131892e-04
9.803659021083710456e-04 8.069726931228047954e-04
3.899366311219035599e-04 7.030890211413634572e-04
-4.211541130114730366e-04 4.668661674983609101e-04
-1.330504621262550017e-03 1.493174600063990141e-04
-2.197810835365041158e-03 -1.813896160798095984e-04
-2.890845131333616251e-03 -4.534324843503006758e-04
-3.309910076719379656e-03 -6.055428705680119227e-04
-3.406150284999307290e-03 -5.992198021702528675e-04
-3.190267994734458969e-03 -4.266175456202249568e-04
-2.730004286308733517e-03 -1.125991632899137193e-04
-2.136874020606056336e-03 2.894481240486275280e-04
-1.544676071516240014e-03 7.072572510778826413e-04
-1.083856212300320565e-03 1.062971502447601115e-03
-8.565835512059202708e-04 1.287574621383351121e-03
-9.172643768327506508e-04 1.333736904926822358e-03
-1.262185667464596917e-03 1.184650934843085087e-03
-1.830249729124570554e-03 8.571874292886312585e-04
-2.514659232886096076e-03 3.987745651467022368e-04
-3.183336425928252889e-03 -1.214100520052128172e-04
-3.704204539040415606e-03 -6.252712595908679503e-04
-3.970536969894076715e-03 -1.040229049537268538e-03
-3.921565391827426528e-03 -1.312528214375545399e-03
-3.554434285039879699e-03 -1.416915635509271004e-03
-2.925226808374402528e-03 -1.360865382704044835e-03
-2.138855395761641177e-03 -1.182565535146695409e-03
-1.329718326835037899e-03 -9.430628991868027526e-04
-6.367716858532838399e-04 -7.140687038084999726e-04
-1.777235946212344861e-04 -5.637502892435777803e-04
-2.722416203819379849e-05 -5.432151221600894399e-04
-2.031686897108273947e-04 -6.762619721389360235e-04
-6.636964158364376271e-04 -9.543546810333113735e-04
-1.315443137330880733e-03 -1.337783949780390995e-03
-2.031476623816910396e-03 -1.762809429227822503e-03
-2.675512001127602034e-03 -2.153440282007312856e-03
-3.127817039772472392e-03 -2.435632050366910370e-03
-3.307899296820960167e-03 -2.551217848420593917e-03
-3.189678488643638184e-03 -2.468939716190627492e-03
-2.806272488330880353e-03 -2.190492439933143347e-03
-2.243494063578789326e-03 -1.750433861365444056e-03
-1.623295069116735198e-03 -1.209974432790014058e-03
-1.080300102913846899e-03 -6.458151968992229420e-04
-7.358818185619806461e-04 -1.361385827030588223e-04
-6.746970369690731290e-04 2.536066057370519591e-04
-9.281380679147402477e-04 4.824474969116348839e-04
-1.467845204200036394e-03 5.409479510426719795e-04
-2.210521920435727650e-03 4.522666258136197261e-04
-3.033154484717570914e-03 2.670284602091487760e-04
-3.795767644231998715e-03 5.299753766916905562e-05
-4.367420806044080769e-03 -1.184763420231806736e-04
-4.650534959906539242e-03 -1.866545025769069223e-04
-4.598955789609374470e-03 -1.135456247736176590e-04
-4.226343324607412591e-03 1.083314420588817181e-04
-3.603308744725440549e-03 4.540416394785914706e-04
-2.843848022853899277e-03 8.705571080346825386e-04
-2.083646862819968013e-03 1.286501166933558564e-03
-1.454368521236366072e-03 1.625475314863754784e-03
-1.058794604297517679e-03 1.820450750031555025e-03
-9.515252527729093149e-04 1.826501689497768248e-03
-1.128890327835683528e-03 1.629469027663367400e-03
-1.529977065751178230e-03 1.248910746339039826e-03
-2.048572855785511706e-03 7.347746470695580871e-04
-2.553753274895984200e-03 1.584151499157150894e-04
-2.915206991672145056e-03 -4.003554452870124744e-04
-3.028490910814858432e-03 -8.677420020793721704e-04
-2.835421068427918575e-03 -1.189241389059084381e-03
-2.335725021430151357e-03 -1.339219271627779730e-03
-1.587735568056938568e-03 -1.324992275293348544e-03
-6.979804073184983290e-04 -1.184660018553591312e-03
1.983750381698893249e-04 -9.791152465693320293e-04
9.625420542287389455e-04 -7.797625280459397979e-04
1.477856651777112364e-03 -6.542879938209171953e-04
1.671397494607083402e-03 -6.531906567315013193e-04
1.527390694254596084e-03 -7.996403030475821537e-04
1.089871934314832168e-03 -1.084595396298250122e-03
4.541086744026084075e-04 -1.468116519738782823e-03
-2.515885062875107938e-04 -1.886635601427861077e-03
-8.902186071316774184e-04 -2.264811088588809720e-03
-1.341995073621337449e-03 -2.529728377472448015e-03
-1.526899175722812568e-03 -2.624758099333639877e-03
-1.419614922980969246e-03 -2.520446950831747943e-03
-1.054023091519333197e-03 -2.220374949057178984e-03
-5.164107783866682963e-04 -1.760863478007970977e-03
7.130870586390298822e-05 -1.204580373465454976e-03
5.751777859055094656e-04 -6.292416339418090967e-04
8.751014395073222285e-04 -1.135358243024085605e-04
8.881607463477875350e-04 2.770785185799128905e-04
5.849054067433698181e-04 5.020293845318550075e-04
-4.473447175782577917e-06 5.525515599956619048e-04
-7.952726896605150824e-04 4.525777813565035469e-04
-1.663751063500427127e-03 2.534495242351505074e-04
-2.470030326571419875e-03 2.346606076886447725e-05
-3.084099289236063354e-03 -1.657329612001020745e-04
-3.410007635990240128e-03 -2.533576975437893926e-04
-3.403677750425571861e-03 -2.015303078934013161e-04
-3.080969529894868678e-03 -2.923099113516167136e-06
-2.514476923019540438e-03 3.174837808125652349e-04
-1.819666580209112691e-03 7.068658134947982058e-04
-1.132984995072003603e-03 1.094399082358371014e-03
-5.860791607655618709e-04 1.404625557606579457e-03
-2.810095724159096271e-04 1.571808314036521890e-03
-2.711444849933441689e-04 1.552556218908882199e-03
-5.513466980823457028e-04 1.334322709780255602e-03
-1.059302879045388376e-03 9.381620421068736322e-04
-1.687734085152072004e-03 4.152114308163694150e-04
-2.305164518058459584e-03 -1.624465510952185685e-04
-2.781304034468522722e-03 -7.148246204234581314e-04
-3.012225596577442713e-03 -1.168520158014519804e-03
-2.940557243995485168e-03 -1.469925708997712500e-03
-2.566852041517289715e-03 -1.594675795326806842e-03
-1.949970084305996951e-03 -1.551558101011014847e-03
-1.196387689360842860e-03 -1.380165072294458218e-03
-4.404463186379040844e-04 -1.142746641915784456e-03
1.807295909884906997e-04 -9.118218427955458597e-04
5.529059354434921096e-04 -7.559088243291067245e-04
6.061499239986228946e-04 -7.260874512409477540e-04
3.279305625166662082e-04 -8.459491383353203321e-04
-2.345678683179062713e-04 -1.106845105642926229e-03
-9.833553632495953267e-04 -1.469338711158939834e-03
-1.788081804479340958e-03 -1.870590371377637510e-03
-2.510528108329833103e-03 -2.236277751526017689e-03
-3.030509697310931460e-03 -2.494792625652638221e-03
-3.268293595737098781e-03 -2.591022213880339771e-03
-3.199292363995767403e-03 -2.497099062755581134e-03
-2.858262036599298547e-03 -2.218075266666902010e-03
-2.332219979986126061e-03 -1.791435835786027702e-03
-1.743435541919136945e-03 -1.280530767513586316e-03
-1.225726872690702587e-03 -7.631553806491126607e-04
-8.985652702214548451e-04 -3.174260165210195713e-04
-8.439037372530789130e-04 -7.609595637556314414e-06
-1.090130493079328588e-03 1.274260693588338171e-04
-1.606198652937598391e-03 8.097045243799525036e-05
-2.307055717044964333e-03 -1.208269940701298529e-04
-3.069355894767152471e-03 -4.244278941540957704e-04
-3.754489966820860093e-03 -7.595002590911808854e-04
-4.234580294185035648e-03 -1.052619864314150496e-03
-4.416525393264365655e-03 -1.241473231087095955e-03
-4.259545896327160061e-03 -1.286864868631124904e-03
-3.782912191207040472e-03 -1.180249466164241725e-03
-3.062391030333839418e-03 -9.453594642767674215e-04
-2.216082348509659360e-03 -6.336189330910656399e-04
-1.382324417509050215e-03 -3.142137307266026349e-04
-6.938453354175309982e-04 -6.070221487031494337e-05
-2.530477447737051154e-04 6.329177123336291334e-05
-1.130974115312870665e-04 1.658585985410355925e-05
-2.683858683988496821e-04 -2.112329830295554345e-04
-6.561611349992986812e-04 -5.972493157843134122e-04
-1.169004925542901831e-03 -1.088927685404276688e-03
-1.675780352387631639e-03 -1.613402054266120352e-03
-2.047069942846866004e-03 -2.090603641206994524e-03
-2.180273562509368879e-03 -2.447758261127865390e-03
-2.019600566977845183e-03 -2.632524939401219809e-03
-1.567157920470599927e-03 -2.622304427730966312e-03
-8.830229305345344264e-04 -2.427970635013265710e-03
-7.427621630393013534e-05 -2.091332775763191532e-03
7.249376431664484189e-04 -1.676821548602259321e-03
1.378553768793572016e-03 -1.258984465995221895e-03
1.774179679637708385e-03 -9.081668879642450665e-04
1.844294784722986689e-03 -6.770965628069884829e-04
1.579044235162973230e-03 -5.909159743628960475e-04
1.028204206125643691e-03 -6.425514255113479395e-04
2.919439360452584682e-04 -7.942946809738198359e-04
-4.978709234564553760e-04 -9.852940286315873923e-04
-1.202300106818862679e-03 -1.143530099165715377e-03
-1.701222064650649264e-03 -1.200000144118816385e-03
-1.915606056057087610e-03 -1.102414043316262814e-03
-1.821957248565966988e-03 -8.257957613268195572e-04
-1.456212140396955044e-03 -3.779682154837803523e-04
-9.063599197685548578e-04 2.011330399617600163e-04
-2.952005301850216647e-04 8.462044250029032363e-04
2.434820699775024685e-04 1.478117861064325239e-03
5.908063314351575659e-04 2.018095400263520377e-03
6.658245959778141647e-04 2.401848760600784876e-03
4.413263788988445058e-04 2.591023609120523142e-03
-5.059009159732660854e-05 2.579797764849375234e-03
-7.242429354283937571e-04 2.395398698476861390e-03
-1.456312589153567483e-03 2.092455334381970473e-03
-2.108995905940119590e-03 1.742264567767763889e-03
-2.555988809391647812e-03 1.419013473373730190e-03
-2.706380253280192376e-03 1.185572084169983888e-03
-2.521933573913164462e-03 1.081550270843305815e-03
-2.024481260568173659e-03 1.115880849011408136e-03
-1.292029107250905300e-03 1.265331342171718658e-03
-4.443016251277443016e-04 1.479221670226731067e-03
3.795419144674757597e-04 1.689447494962793362e-03
1.046810574196642939e-03 1.823902023776332974e-03
1.455909892527157889e-03 1.820743441396944703e-03
1.555043588272943689e-03 1.640793097854906235e-03
1.351460436427723028e-03 1.275701864396095895e-03
9.095088151670712752e-04 7.503220288946281080e-04
3.378809835924103571e-04 1.188183180649237097e-04
-2.315239716258249078e-04 -5.447634226081128671e-04
-6.691029582515126226e-04 -1.159702033249566814e-03
-8.725759492088385914e-04 -1.653098441785853323e-03
-7.867868645238952196e-04 -1.972936445029828748e-03
-4.145186763329418043e-04 -2.097249488071852713e-03
1.837338837597167181e-04 -2.037671822986194398e-03
9.009980461083554916e-04 -1.836713848106540960e-03
1.603941252060815800e-03 -1.559287594663094070e-03
2.158067778768859787e-03 -1.280094713078200287e-03
2.453223983015673237e-03 -1.069270282535989599e-03
2.424581947291826450e-03 -9.790035067942348245e-04
2.065125470233720572e-03 -1.033668848459649067e-03
1.427269403676690055e-03 -1.225333923282889703e-03
6.132990274733489920e-04 -1.515489892540329911e-03
-2.435687277127015094e-04 -1.842669448295687802e-03
-1.003926278551529752e-03 -2.134500406478305554e-03
-1.548045406129067939e-03 -2.321901004642748772e-03
-1.797990372479987354e-03 -2.352715733026882264e-03
-1.731800294619525527e-03 -2.202195074189563020e-03
-1.387068967949282991e-03 -1.878319117954486929e-03
-8.532579240724763679e-04 -1.420940701218839381e-03
-2.542115437961144845e-04 -8.948937572339724783e-04
2.758023442119019418e-04 -3.783554056440719673e-04
6.179779129656925432e-04 5.135042390557907014e-05
6.918708405907577274e-04 3.318346507030570103e-04
4.709666529985584004e-04 4.269572145199691153e-04
-1.203757832086657133e-05 3.332433826435150662e-04
-6.712441657896384053e-04 8.019731716818478701e-05
-1.383724236602618595e-03 -2.755385603756020717e-04
-2.012786074561049091e-03 -6.610669019426549785e-04
-2.433936572435926610e-03 -1.001097594499594573e-03
-2.558617980415923802e-03 -1.232163392921238609e-03
-2.351221322280018771e-03 -1.314499300494848411e-03
-1.836148931546655689e-03 -1.239340837563289791e-03
-1.093580924561939408e-03 -1.030266124731431514e-03
-2.447377077570831632e-04 -7.383366625126447065e-04
5.705818425277013779e-04 -4.319678192965663603e-04
1.219945403297241580e-03 -1.834596199258997510e-04
1.602815588888205399e-03 -5.475216543939301350e-05
1.669030609617032151e-03 -8.511788268106463846e-05
1.427751436694821687e-03 -2.831367638831363458e-04
9.451947011598737635e-04 -6.244900836688898563e-04
3.315934540463979542e-04 -1.056006252205022667e-03
-2.801332290264400750e-04 -1.505208108966916937e-03
-7.599520175562148819e-04 -1.893568359446741890e-03
-1.005676950212795219e-03 -2.150976456791759556e-03
-9.625864769151832104e-04 -2.228689257783609406e-03
-6.339751811136267552e-04 -2.108323010270407409e-03
-8.063778332277301338e-05 -1.805191690006064916e-03
5.906193905266390399e-04 -1.365364914653760054e-03
1.247264674847013873e-03 -8.570054114654682359e-04
1.756282419862374537e-03 -3.576266521482633913e-04
2.009586562965503913e-03 6.031876568233520385e-05
1.944788992552651426e-03 3.427958540878414803e-04
1.557382990568101236e-03 4.639671216954554958e-04
9.020258616959113320e-04 4.305532069335339706e-04
8.266737859454837073e-05 2.799600669662374018e-04
-7.666185814451769972e-04 7.254064446394055355e-05
-1.506482475392294067e-03 -1.205289424697122535e-04
-2.018135999870503561e-03 -2.314471295740281242e-04
-2.225298965869567606e-03 -2.093535678317404083e-04
-2.108114129940972820e-03 -3.067889103996199532e-05
-1.706408386672102727e-03 2.956990470112283139e-04
-1.111695215211991675e-03 7.294852431764258134e-04
-4.494440468839316482e-04 1.206004481552568541e-03
1.450161385574205101e-04 1.647927095211320367e-03
5.523878466728129096e-04 1.979476151630803378e-03
6.921814701432367793e-04 2.140436967728219075e-03
5.380593748614221966e-04 2.097325187002916334e-03
1.228392122644076778e-04 1.849605352511447375e-03
-4.677919973526711611e-04 1.429786601375280901e-03
-1.111661843595001045e-03 8.973788610164377261e-04
-1.673489325965391841e-03 3.278527716219563847e-04
-2.030823171461862246e-03 -2.013100612808688432e-04
-2.097623443488035207e-03 -6.248415295745401478e-04
-1.841012679048383872e-03 -9.015016867437999296e-04
-1.288014534049147872e-03 -1.021257649150874572e-03
-5.209924003018750506e-04 -1.006480542218335036e-03
3.373609922293909717e-04 -9.069486620619134076e-04
1.146654258480327843e-03 -7.896191521496883324e-04
1.774777172283057130e-03 -7.251220469432737318e-04
2.122324429448591791e-03 -7.735517423972787781e-04
2.140852589185462083e-03 -9.722641739325281300e-04
1.841526523086017657e-03 -1.328007977113422047e-03
1.292530513094073807e-03 -1.814896626789846458e-03
6.057453074348033992e-04 -2.378621522362733397e-03
-8.477657015649466520e-05 -2.946122859339949697e-03
-6.484536643364047963e-04 -3.438899968811356695e-03
-9.830750635673689546e-04 -3.787451668939139596e-03
-1.034237681625258323e-03 -3.944120966276714636e-03
-8.056387830953535504e-04 -3.891918152263419174e-03
-3.582747729653922193e-04 -3.647655259496911020e-03
2.013001105925055450e-04 -3.258799324074267145e-03
7.414280629163161763e-04 -2.794638546921342746e-03
1.130636068840436791e-03 -2.333429625698902558e-03
1.262962299975113611e-03 -1.947952907113988932e-03
1.078515595600399021e-03 -1.692201058404241894e-03
5.753641724108970578e-04 -1.591710126789914158e-03
-1.895097384227910440e-04 -1.639350275650562194e-03
-1.110383211779634354e-03 -1.797358162492367637e-03
-2.052181325362934655e-03 -2.005209924375930385e-03
-2.875423988371717150e-03 -2.191827065961970619e-03
-3.462021158763181009e-03 -2.289786740821358069e-03
-3.737045674148536077e-03 -2.248828386202729977e-03
-3.682373857670062645e-03 -2.046082276032572516e-03
-3.339622889003759486e-03 -1.691067002121919051e-03
-2.801839289184036939e-03 -1.224494509860507129e-03
-2.195521284192949313e-03 -7.110953275860129163e-04
-1.656386317803041188e-03 -2.278107083652311667e-04
-1.303477410927343953e-03 1.504222359105084582e-04
-1.216514581719316734e-03 3.646082486617831025e-04
-1.420781027653974030e-03 3.827203294529911686e-04
-1.882405009968494969e-03 2.057293268305594508e-04
-2.514927947007595307e-03 -1.325052650353001770e-04
-3.195910255165666965e-03 -5.714655354108599122e-04
-3.790424025229279306e-03 -1.035152161769154399e-03
-4.176975951891813074e-03 -1.446099653383500902e-03
-4.270942301618078397e-03 -1.739586054313850723e-03
-4.041067539446897491e-03 -1.875358434616509811e-03
-3.515890593714151007e-03 -1.844667532402710381e-03
-2.778869148441039192e-03 -1.671294458481241505e-03
-1.953111872093922681e-03 -1.406390968882348033e-03
-1.178596041002706075e-03 -1.118126819268440517e-03
-5.861710747422799878e-04 -8.781211894815820537e-04
-2.732576290309671283e-04 -7.472438720086278232e-04
-2.858317411375548185e-04 -7.634906047197815432e-04
-6.100946786551392914e-04 -9.342431512687085710e-04
-1.175396658344320458e-03 -1.234393096467468857e-03
-1.867853396710303761e-03 -1.610696346320211010e-03
-2.552071634331722939e-03 -1.991543599873224143e-03
-3.096866311877819779e-03 -2.300304390086455736e-03
-3.400098283544934763e-03 -2.469723301180171571e-03
-3.407930018754217784e-03 -2.454645273362042295e-03
-3.124855699901928682e-03 -2.240660751755089389e-03
-2.612610912369786077e-03 -1.847031464162888961e-03
-1.978174570083970994e-03 -1.323338083567092991e-03
-1.353142751567115720e-03 -7.404774188153467884e-04
-8.683893243034053206e-04 -1.777044914036930105e-04
-6.288219636263988385e-04 2.918382244554338333e-04
-6.930251730906471751e-04 6.143773765261846239e-04
-1.061657372961259454e-03 7.650553993700433828e-04
-1.676812070762086476e-03 7.519750464328562537e-04
-2.432477300948420861e-03 6.139920388164364466e-04
-3.194125966975667422e-03 4.126901244672862034e-04
-3.823740369427301201e-03 2.200742677594090535e-04
-4.205544517027964141e-03 1.043279551983998478e-04
-4.267582767902496597e-03 1.163462912399866904e-04
-3.995068510385788377e-03 2.796084271496073349e-04
-3.432983309396408361e-03 5.853189715923400385e-04
-2.677440491090260152e-03 9.937484313390294085e-04
-1.857452532617546526e-03 1.441526755621432660e-03
-1.110556509982167780e-03 1.853514455782387426e-03
-5.569126732788457716e-04 2.157006512437795263e-03
-2.767782341364145599e-04 2.295580028749888077e-03
-2.956173669895782383e-04 2.239961516175597439e-03
-5.796606644307963690e-04 1.993851562288040825e-03
-1.042747002428778651e-03 1.593597086171268887e-03
-1.563142946804679367e-03 1.101764134349270726e-03
-2.007144278845185859e-03 5.958170892149137815e-04
-2.254978924852021720e-03 1.540349916885938152e-04
-2.224093927514136579e-03 -1.586826540938144270e-04
-1.885403796203234976e-03 -3.024484610626849675e-04
-1.269409974575881356e-03 -2.692718314396479965e-04
-4.610190068003107607e-04 -8.390884675993457321e-05
4.159728510524843660e-04 2.014668257239874750e-04
1.221803569620051252e-03 5.177466528405302512e-04
1.826749089575151674e-03 7.925232213506584527e-04
2.135293715877539453e-03 9.642832758836060230e-04
2.103899614868428095e-03 9.944576862071963404e-04
1.749018080440547639e-03 8.750358982884338986e-04
1.143830954205747163e-03 6.302944486229460769e-04
4.043423868092517557e-04 3.123059992641443838e-04
-3.325445676870675401e-04 -8.924465504803972410e-06
-9.348165590383272295e-04 -2.588296863599906777e-04
-1.300124032246532642e-03 -3.726232933950816536e-04
-1.374855181233286105e-03 -3.078961164876593565e-04
-1.163905293630778347e-03 -5.307394629635870786e-05
-7.293004764842043065e-04 3.698736597791702635e-04
-1.779465927476055903e-04 9.089975180084470478e-04
3.591654313851415782e-04 1.491544025413791110e-03
7.523480801588601410e-04 2.037018729799347505e-03
8.983791160686604733e-04 2.471680611365424836e-03
7.406589130974025343e-04 2.741739482270939311e-03
2.805327557377488602e-04 2.822775059705990609e-03
-4.223793767427359283e-04 2.723611880472404101e-03
-1.260921184058181807e-03 2.483933788193540184e-03
-2.100185748663776879e-03 2.166106500489880550e-03
-2.802613595945780810e-03 1.842772420225514225e-03
-3.253660891787656974e-03 1.582580942415097230e-03
-3.383185950753491052e-03 1.436768744306214911e-03
-3.178511052539341984e-03 1.429141468794932869e-03
-2.686690739381487718e-03 1.551361768509211796e-03
-2.005559313670061787e-03 1.764441360058747847e-03
-1.265252698494619479e-03 2.006157366421265024e-03
-6.037013524332595499e-04 2.202988802479039724e-03
-1.407304702700357384e-04 2.284310537673704070e-03
4.433449056785439095e-05 2.196152043415403477e-03
-7.267560846453105690e-05 1.911908162549462529e-03
-4.566207444332253795e-04 1.437963937284713820e-03
-1.020178264513367213e-03 8.131564196648859502e-04
-1.640887595661758144e-03 1.021614783459716110e-04
-2.184873111738109153e-03 -6.159576520905966739e-04
-2.532740086380038443e-03 -1.261888428288327401e-03
-2.602726930011405211e-03 -1.770234135376135085e-03
-2.366716473766176075e-03 -2.101041868840153141e-03
-1.856061553186702821e-03 -2.246528455280180116e-03
-1.156109468180545764e-03 -2.231748225869671035e-03
-3.904507218450177096e-04 -2.109092802427935207e-03
3.021356247117176113e-04 -1.947679728445818976e-03
7.936832891006654961e-04 -1.819653016679393179e-03
9.910704867843313053e-04 -1.786001578325040369e-03
8.535368318218160798e-04 -1.884590707634910094e-03
4.003718026356263169e-04 -2.122680452801022858e-03
-2.926799528362418815e-04 -2.475352621121703657e-03
-1.107616926655510207e-03 -2.890146736640829619e-03
-1.906297522697952568e-03 -3.297026907938615560e-03
-2.556292870091146641e-03 -3.621789480731487862e-03
-2.955587755202005937e-03 -3.800367264016402298e-03
-3.051461541190471013e-03 -3.791313947725057434e-03
-2.849984378872631903e-03 -3.584094725390619875e-03
-2.414342139095695776e-03 -3.201601303913166000e-03
-1.852319622297740956e-03 -2.696401460888369749e-03
-1.295325037916983304e-03 -2.141418363266252550e-03
-8.729406801782867414e-04 -1.616788627157499190e-03
-6.878318372030925183e-04 -1.195371067955194183e-03
-7.957778643022277772e-04 -9.296333808572486467e-04
-1.194618932161677863e-03 -8.423832692722042943e-04
-1.824222979082082245e-03 -9.230831680739591538e-04
-2.577489663282655878e-03 -1.130431409707009522e-03
-3.320316941600739459e-03 -1.400707448005360624e-03
-3.916757267798903590e-03 -1.660288984793480919e-03
-4.254605965099611184e-03 -1.839960847817734063e-03
-4.266580522727225940e-03 -1.888298403334372471e-03
-3.943082314335434081e-03 -1.781585916669103280e-03
-3.334123921112816698e-03 -1.528388896918446514e-03
-2.540054552321330521e-03 -1.167914294794883314e-03
-1.692835028063110168e-03 -7.624712366229769887e-04
-9.314012609702394460e-04 -3.854645026179163840e-04
-3.757727400280587091e-04 -1.072011596379050195e-04
-1.047986113906552476e-04 1.879301628147727297e-05
-1.417438977903342102e-04 -3.365469754409197278e-05
-4.504328875661309023e-04 -2.579184714707537067e-04
-9.426670528595052986e-04 -6.152998106408098279e-04
-1.495499663728655547e-03 -1.041802385615995608e-03
-1.975082840056788420e-03 -1.459688617582730833e-03
-2.262558518362471453e-03 -1.791645647396152008e-03
-2.277078292045116911e-03 -1.974894091100294884e-03
-1.991581486125736968e-03 -1.972583294754604380e-03
-1.438333058921401368e-03 -1.780329702855556508e-03
-7.031631415258580119e-04 -1.426673345475471628e-03
9.050916244722273041e-05 -9.673774593124301628e-04
8.048490719949836017e-04 -4.746601706597988052e-04
1.313593252658547782e-03 -2.340464278764589970e-05
1.525932706903408882e-03 3.230361208151843154e-04
1.403769701889386479e-03 5.247493572803734992e-04
9.690794752338518061e-04 5.726323029266713795e-04
2.999789752629485311e-04 4.898287159905599045e-04
-4.837588445107928251e-04 3.269652350925910354e-04
-1.243010077029276308e-03 1.520970491272300253e-04
-1.845210255375361388e-03 3.727636648341537892e-05
-2.188974839516967009e-03 4.429863308259363378e-05
-2.222779921170646954e-03 2.123388561535385390e-04
-1.954178779901030900e-03 5.498339000345798568e-04
-1.447822439305727297e-03 1.032163699809241809e-03
-8.126724850263013092e-04 1.605586996959045909e-03
-1.808406877942007537e-04 2.196703206452509105e-03
3.179250162786584778e-04 2.725665561716292783e-03
5.812649968274226451e-04 3.120659902760244183e-03
5.539933252628680919e-04 3.330922967756883360e-03
2.388877834174406387e-04 3.335849373773020019e-03
-3.035671461279101490e-04 3.148475517582134241e-03
-9.664425887797491047e-04 2.812691484831552919e-03
-1.616505541589943968e-03 2.394717511285216621e-03
-2.119426783184954165e-03 1.970465172073645067e-03
-2.365284515634346468e-03 1.611180149472413430e-03
-2.289533698025345704e-03 1.370086143241830250e-03
-1.885467448028358816e-03 1.272557204421380329e-03
-1.205805754998863022e-03 1.311674981146479903e-03
-3.531035033557942309e-04 1.450005156980743812e-03
5.392149299733031090e-04 1.627247361488624259e-03
1.331613939324713001e-03 1.772298522738625448e-03
1.904321653990083060e-03 1.817432042106475760e-03
2.179434975429969494e-03 1.711892930498364355e-03
2.135082559557601595e-03 1.432318348277626706e-03
1.808977770719026167e-03 9.879931763254446407e-04
1.290702628537972012e-03 4.199276973475546534e-04
7.041972086205354996e-04 -2.060858780156592587e-04
1.837828998119907156e-04 -8.111409177942090296e-04
-1.517286474244585077e-04 -1.317415607065988356e-03
-2.219277479006392245e-04 -1.662231168143164881e-03
-3.561651042457807115e-07 -1.809321590118822968e-03
4.802381471225437674e-04 -1.755193643470100064e-03
1.133942002163563795e-03 -1.529383566836214296e-03
1.837873888819524558e-03 -1.188570189424134485e-03
2.455472078190449985e-03 -8.056650518352746846e-04
2.862464403667414059e-03 -4.559485657091845402e-04
2.970600309607741678e-03 -2.028778696637784529e-04
2.744647369130156361e-03 -8.625146193065970964e-05
2.209427788335474076e-03 -1.149667387588263400e-04
1.445554413311984617e-03 -2.657343302371174918e-04
5.746637770232314530e-04 -4.879828363757644132e-04
-2.630690068818167292e-04 -7.140133075249731473e-04
-9.348884266727186792e-04 -8.724669704224456528e-04
-1.339987967146745017e-03 -9.025408608699945004e-04
-1.427979899131640680e-03 -7.662432751750502830e-04
-1.207822200985015845e-03 -4.563513444452342387e-04
-7.455261200468987900e-04 1.453543966843575536e-06
-1.510917658199438984e-04 5.526943104199172601e-04
4.428420124975263289e-04 1.123689842578366217e-03
9.065793986473677426e-04 1.634829818090926135e-03
1.138327028016907546e-03 2.015034158905767633e-03
1.083796414124464473e-03 2.214672739331853546e-03
7.467307793495481412e-04 2.214510673927500440e-03
1.883579738527143979e-04 2.028994950401586100e-03
-4.841300602077740840e-04 1.703267300455294170e-03
-1.137891000530773808e-03 1.304473637542561716e-03
-1.639691736723261368e-03 9.090177379527582821e-04
-1.881328022336442411e-03 5.881721696648290398e-04
-1.800386081602400358e-03 3.947679262188600420e-04
-1.392408169461633021e-03 3.534774477647123969e-04
-7.121499706934284434e-04 4.565229132950395343e-04
1.363184150394756522e-04 6.656122109357166979e-04
1.018805052432086031e-03 9.197238289864992410e-04
1.795860796990171159e-03 1.147252771132945340e-03
2.348621175475997403e-03 1.280202549079625333e-03
2.600746038032638804e-03 1.267719980106613324e-03
2.532316362368989583e-03 1.086393461343559009e-03
2.183070117295711834e-03 7.453481377644711157e-04
1.644377027217286185e-03 2.851568905545057413e-04
1.041483368006343013e-03 -2.292422797470558679e-04
5.093990517494896824e-04 -7.202959876859299244e-04
1.670016441708967007e-04 -1.112040754055778659e-03
9.426796629879714666e-05 -1.344085671335146833e-03
3.169499709710875673e-04 -1.382734476716365214e-03
8.016001548808761052e-04 -1.227148545455320622e-03
1.461890154269993025e-03 -9.093889587996698822e-04
2.175025836856487454e-03 -4.883323036708119794e-04
2.805148442808021517e-03 -3.861229576550278967e-05
3.229286544134026514e-03 3.633214179204019524e-04
3.360938675114962144e-03 6.533926085878151609e-04
3.166813314626684174e-03 7.916567346553400998e-04
2.673546938210579274e-03 7.694114366757898301e-04
1.963117144911684549e-03 6.103245505418350815e-04
1.157807387056682992e-03 3.653793115378086657e-04
3.975574925445073387e-04 1.026083820878462977e-04
-1.860245011313633144e-04 -1.064240323345459933e-04
-4.940816067748841911e-04 -2.008164132807605624e-04
-4.787475129346789593e-04 -1.424966669406840889e-04
-1.517654400257039109e-04 7.595841179902976508e-05
4.181340490775506359e-04 4.293470483454404516e-04
1.118589202780461605e-03 8.640985220362104764e-04
1.815159044557070707e-03 1.307968750246034850e-03
2.376982739068710885e-03 1.683351260026671667e-03
2.701682005067749560e-03 1.921692906641426449e-03
2.734787453322057652e-03 1.976292362328204918e-03
2.480008603220337955e-03 1.831063266533218851e-03
1.998403104205632996e-03 1.503605512079200530e-03
1.396604654212210521e-03 1.042003292629375922e-03
8.063428387389706773e-04 5.159537460508377372e-04
3.591389017470764805e-04 3.900954935619443779e-06
1.609766786064010646e-04 -4.213959939141374888e-04
2.717542337798797055e-04 -7.061379283617090323e-04
6.934179230572731865e-04 -8.251016120684124058e-04
1.369037750275758870e-03 -7.857895228797525788e-04
2.193012051153882605e-03 -6.263424725568892369e-04
3.030482785914353702e-03 -4.076261936579057550e-04
3.742298933990382236e-03 -2.010068207710764224e-04
4.210814823775741421e-03 -7.414673161590780784e-05
4.361651648230950931e-03 -7.752688434321537269e-05
4.177313977420675853e-03 -2.342636780168213606e-04
3.700094253168573037e-03 -5.351636656114905789e-04
3.023725263083022492e-03 -9.399664798832359919e-04
2.275369652727178473e-03 -1.384553120082266352e-03
1.591363519131623258e-03 -1.792765434680821052e-03
1.091311920176277813e-03 -2.090607437159459642e-03
8.554441790569657783e-04 -2.220145751642925176e-03
9.095175030078238559e-04 -2.150480895662495746e-03
1.220126007663671760e-03 -1.883713040534269051e-03
1.701299847575745133e-03 -1.454770923022069128e-03
2.231139332127925895e-03 -9.251318618496583070e-04
2.675326884738263994e-03 -3.716149361922192708e-04
2.913055677990525165e-03 1.276401394849271259e-04
2.860454703999535005e-03 5.073651789592916860e-04
2.487062868327154057e-03 7.268529243282524470e-04
1.822219908333281343e-03 7.769452960810958615e-04
9.501505025384876860e-04 6.810134431196073661e-04
-5.341520681447300706e-06 4.897610165700359407e-04
-9.036847398952730639e-04 2.708521162178173535e-04
-1.613551884461492721e-03 9.534536982161770889e-05
-2.037159661527774591e-03 2.352002561407083320e-05
-2.128267807106673688e-03 9.279432621633291068e-05
-1.900480342478803311e-03 3.100391545940416873e-04
-1.424286824591623583e-03 6.497562601850545225e-04
-8.134117805068221459e-04 1.058478177832606563e-03
-2.030631608117761848e-04 1.464566864839603839e-03
2.757974164905689640e-04 1.791563576477751742e-03
5.212886659782312894e-04 1.972567599829221606e-03
4.798456549835795372e-04 1.962924009503421493e-03
1.562177268575272362e-04 1.748818048224969881e-03
-3.876604831772439410e-04 1.350146038416100364e-03
-1.044704906146334865e-03 8.171137422503405717e-04
-1.683337713705780917e-03 2.211981970460856982e-04
-2.172841979257880089e-03 -3.578260655665258406e-04
-2.408603368808789544e-03 -8.463524223936411996e-04
-2.332447189303850886e-03 -1.190174544649429947e-03
-1.944207004560580092e-03 -1.363996022161739156e-03
-1.302320831464962025e-03 -1.375433409608272338e-03
-5.133283752220725582e-04 -1.262772166391302108e-03
2.877555130844246635e-04 -1.086918066880454819e-03
9.624879385301515333e-04 -9.190855723378616067e-04
1.394735276264584805e-03 -8.265713189603120584e-04
1.512238631140348918e-03 -8.593225689151838802e-04
1.299934034751587661e-03 -1.039858729700099231e-03
8.025136987556600286e-04 -1.358467623261345233e-03
1.157501303024460195e-04 -1.774597601711434304e-03
-6.317692286943733500e-04 -2.224191338649493359e-03
-1.303035442431320877e-03 -2.631579740327159595e-03
-1.778519969071786031e-03 -2.923688437831431508e-03
-1.978681869983097644e-03 -3.043868778586073139e-03
-1.878822082277624428e-03 -2.962733622140025207e-03
-1.513477562375386111e-03 -2.683942685867650793e-03
-9.695305660304477961e-04 -2.243835876391693605e-03
-3.693467605527960321e-04 -1.704975472955681413e-03
1.528546808561064224e-04 -1.144809163601837694e-03
4.769131738095707188e-04 -6.415878695500004669e-04
5.200021703635744705e-04 -2.601905078704099938e-04
2.528477869293299131e-04 -4.052424289814203669e-05
-2.941936474321537806e-04 9.319730295241092886e-06
-1.036363175746497431e-03 -8.612426027692141181e-05
-1.850055069108066247e-03 -2.750578754580657341e-04
-2.595767837966574728e-03 -4.889195836344096668e-04
-3.144116096866243944e-03 -6.560206227283815533e-04
-3.399988184967814991e-03 -7.157194054959088465e-04
-3.320284045320435508e-03 -6.304371600475009363e-04
-2.921881720788004240e-03 -3.932280958121417728e-04
-2.278329153546463249e-03 -2.946110484325814745e-05
-1.505890854012848466e-03 4.077128566560480347e-04
-7.415926176834353352e-04 8.472545755022333012e-04
-1.174205733035125435e-04 1.213620878695570622e-03
2.644430260385457251e-04 1.441105284485489236e-03
3.506631537778651976e-04 1.486417235816673340e-03
1.464755103416088937e-04 1.337113147419705149e-03
-2.857423898160509285e-04 1.014275537301468320e-03
-8.387718912679711925e-04 5.689233958053584736e-04
-1.381385148241767551e-03 7.282193854026808538e-05
-1.783751484434506485e-03 -3.945813253628877504e-04
-1.942594434456758725e-03 -7.606351323707696843e-04
-1.801322562798412857e-03 -9.726516204549015901e-04
-1.361308807027282550e-03 -1.007284945588333763e-03
-6.821693774640622248e-04 -8.743616602105548858e-04
1.290232468975584701e-04 -6.144533959397283172e-04
9.375624868732028525e-04 -2.906665802113167886e-04
1.606222305138114027e-03 2.378213923884329832e-05
2.020918114776511666e-03 2.598394849405457176e-04
2.112062713652175169e-03 3.660244127842637515e-04
1.867579373320570274e-03 3.184241231913946795e-04
1.335112004359418920e-03 1.253774065138088100e-04
6.130158165311374750e-04 -1.740462751274710106e-04
-1.681658011943749096e-04 -5.174863868926372294e-04
-8.702331431702657778e-04 -8.312408205490219755e-04
-1.373230072277088635e-03 -1.044460035976968026e-03
-1.597814133874341219e-03 -1.102893070162817585e-03
-1.519869261795740983e-03 -9.795750982376913094e-04
-1.174603892918552658e-03 -6.804231124200530714e-04
-6.493695946709085540e-04 -2.436684125710529493e-04
-6.657216637869254683e-05 2.667801457098699955e-04
4.400760365948619803e-04 7.728004081285768604e-04
7.514524759355108380e-04 1.196193901873677645e-03
7.861523903867937780e-04 1.472835309122235217e-03
5.164555748893597236e-04 1.564172042534218727e-03
-2.590436512811392956e-05 1.463913065603940746e-03
-7.552729739500426602e-04 1.198656378889444325e-03
-1.547873697642685332e-03 8.223512769269608830e-04
-2.264890871375534100e-03 4.056574757017492277e-04
-2.778474564698938613e-03 2.222777472336238264e-05
-2.995749894312665397e-03 -2.654785398293608815e-04
-2.876289347383239117e-03 -4.181576923575903689e-04
-2.439742408320818515e-03 -4.271285455213034033e-04
-1.762178408748658930e-03 -3.158881615177884647e-04
-9.618335692779067612e-04 -1.354609934047215820e-04
-1.769574433987508143e-04 4.557535158920247766e-05
4.600520487304904198e-04 1.544942863296869858e-04
8.473349291494597802e-04 1.287089137436766987e-04
9.324116245700200117e-04 -7.177009707853712964e-05
7.216244036202009837e-04 -4.560782398778010600e-04
2.784019134647329518e-04 -1.000019678958536957e-03
-2.893117812416555641e-04 -1.649853130363083563e-03
-8.500699286895620557e-04 -2.331641018122323702e-03
-1.274385110103179669e-03 -2.964409277502880365e-03
-1.459805622504341694e-03 -3.474644075855837493e-03
-1.350844666752182895e-03 -3.809398573362174009e-03
-9.499760685382336277e-04 -3.945545584772808256e-03
-3.176027730724255730e-04 -3.893440896021484621e-03
4.390064054174271460e-04 -3.694319052066569967e-03
1.185725959389720982e-03 -3.411928555243904076e-03
1.786747376924292330e-03 -3.120002250925310236e-03
2.130156193164167190e-03 -2.887945121432086877e-03
2.149072927466921974e-03 -2.767456907218049118e-03
1.834356384896970726e-03 -2.782627504192086709e-03
1.236463397881792763e-03 -2.925382962061242112e-03
4.561102211035179496e-04 -3.157144149898914644e-03
-3.745008759623722947e-04 -3.416381130042141136e-03
-1.116341796664910117e-03 -3.630627294296721527e-03
-1.649444754764617252e-03 -3.730670322737311435e-03
-1.895123029760133453e-03 -3.664222483529013235e-03
-1.830330400312687750e-03 -3.406469265686357974e-03
-1.491452897716070199e-03 -2.965484611728623487e-03
-9.668282266934032868e-04 -2.381471554087020211e-03
-3.794230059660577692e-04 -1.719955117989258346e-03
1.370383343290682530e-04 -1.060198788194209813e-03
4.639594764867531647e-04 -4.810199669437630792e-04
5.208584731868184155e-04 -4.667248559464402032e-05
2.810897228289375386e-04 2.045479147433740567e-04
-2.226863881526852749e-04 2.668338663425527755e-04
-9.043316373272141957e-04 1.673108815286575746e-04
-1.640260608777365046e-03 -3.967477071733690184e-05
-2.292644952295945591e-03 -2.833318720820885653e-04
-2.735402156691321435e-03 -4.902142083988059087e-04
-2.878050443604389386e-03 -5.984068230840789782e-04
-2.682913308381860290e-03 -5.694182420228764870e-04
-2.172414325039432985e-03 -3.955253381786108524e-04
-1.425077128248709033e-03 -1.011811661011081205e-04
-5.609821482935284072e-04 2.617771700810988741e-04
2.805738215754145781e-04 6.242071421618253842e-04
9.669944185705777124e-04 9.131091534714695299e-04
1.396980308023832926e-03 1.065887704374966511e-03
1.519160174850006303e-03 1.042712682148128024e-03
1.341241155773562413e-03 8.346262566607125276e-04
9.279594542541053700e-04 4.658451879202021276e-04
3.882327880653873263e-04 -1.019342773765828333e-05
-1.460391506290706744e-04 -5.203107506618843883e-04
-5.454990098502485087e-04 -9.848109505757522524e-04
-7.083354673373690397e-04 -1.331964268635793232e-03
-5.800204561712707808e-04 -1.511021537822274542e-03
-1.640325206409187688e-04 -1.501310252910930537e-03
4.784728770124866901e-04 -1.315702757293736591e-03
1.239990739434895968e-03 -9.978109556741192841e-04
1.986852028442464418e-03 -6.134477814061362316e-04
2.584448476182225202e-03 -2.379789669315063435e-04
2.922721702210329467e-03 5.803558149872754292e-05
2.937089510593913436e-03 2.221901465739944091e-04
2.620844142084052635e-03 2.300444700076059636e-04
2.026670023878688470e-03 8.954335293473957274e-05
1.256986871696094514e-03 -1.607866612196907647e-04
4.449381711101154172e-04 -4.595141870270819237e-04
-2.703851680435466823e-04 -7.343899055863444165e-04
-7.698058892299602073e-04 -9.165430347117345953e-04
-9.761216827966157300e-04 -9.540859125492470207e-04
-8.682023235414792995e-04 -8.225360785703134635e-04
-4.844666184630102624e-04 -5.300669454222814133e-04
8.490594172801043402e-05 -1.165768332462621530e-04
7.155411782994607929e-04 3.532635092801797503e-04
1.272875455498373963e-03 8.016843421629305747e-04
1.638043383102258735e-03 1.152016207019852714e-03
1.730735952883105059e-03 1.342740607088708116e-03
1.524692116969247240e-03 1.338744400169881391e-03
1.052883266522344459e-03 1.137657955752419299e-03
4.014034759242898244e-04 7.700859978165282933e-04
-3.067811700252580354e-04 2.936942208328458220e-04
-9.351486827601277439e-04 -2.177242518488208553e-04
-1.359587352294863629e-03 -6.881304660449499323e-04
-1.492092812732787304e-03 -1.053441550515950113e-03
-1.297704451227942599e-03 -1.273367105815122148e-03
-8.014678304597242517e-04 -1.338644610952757948e-03
-8.409657954258783173e-05 -1.272311924488564623e-03
7.328546443989955497e-04 -1.124786186357121373e-03
1.509509817983019451e-03 -9.636931030826308142e-04
2.113632024324816304e-03 -8.603862482663500628e-04
2.445122176176850112e-03 -8.757240643056169631e-04
2.454430635679310906e-03 -1.047813758576451957e-03
2.151409048016858245e-03 -1.384059437900472811e-03
1.602939598064953087e-03 -1.859037024075249189e-03
9.198033315636389195e-04 -2.418615022783615533e-03
2.352859174518613433e-04 -2.989557019248032747e-03
-3.204173693915355128e-04 -3.492802883713359580e-03
-6.451416053002904764e-04 -3.857927805981061550e-03
-6.843068872735709983e-04 -4.036053597659542899e-03
-4.413789555513440797e-04 -4.008777779438440700e-03
2.274911756046610421e-05 -3.791437740898093677e-03
6.013392394603494411e-04 -3.430097434428728241e-03
1.162161553208784434e-03 -2.992830073661808567e-03
1.572762694744487752e-03 -2.556947654198628815e-03
1.725860378543855184e-03 -2.194592883221627762e-03
1.560049733691906259e-03 -1.959416563753104377e-03
1.071892690148023436e-03 -1.876855481062409282e-03
3.170916791701415983e-04 -1.939841821546899395e-03
-5.994856379517064056e-04 -2.110744674195835779e-03
-1.543054028945944466e-03 -2.329162369323459474e-03
-2.373799342287638559e-03 -2.524075095797585766e-03
-2.972709250891590084e-03 -2.628040481447447337e-03
-3.263469096369396149e-03 -2.590727194855684239e-03
-3.226290874922013892e-03 -2.389206550032296240e-03
-2.901070488819282745e-03 -2.033035930297027657e-03
-2.379288377772671020e-03 -1.563154373984059625e-03
-1.786199076004243297e-03 -1.044783086812555058e-03
-1.256692742599751448e-03 -5.556599607333022805e-04
-9.094083874733060492e-04 -1.718222090712637424e-04
-8.240078124635550651e-04 4.638263735953903830e-05
-1.025918898167515417e-03 6.541819429519064345e-05
-1.481440521465923711e-03 -1.152854854578240235e-04
-2.104137318000410140e-03 -4.633036917992170117e-04
-2.771312652500878583e-03 -9.193193636416592497e-04
-3.347437757074482947e-03 -1.408201318016294489e-03
-3.710095826059450937e-03 -1.852964320428750720e-03
-3.773521745911449093e-03 -2.188973838165381158e-03
-3.505271659284213935e-03 -2.375714414065019375e-03
-2.932855872804518167e-03 -2.403904132999446202e-03
-2.139067723188662739e-03 -2.296620819912161687e-03
-1.246880352038498519e-03 -2.104241146156173720e-03
-3.967578581288574383e-04 -1.894166681900821478e-03
2.793368425662347016e-04 -1.737299001730446824e-03
6.823297698013713755e-04 -1.693842111478176173e-03
7.642151331765039508e-04 -1.801138035809474831e-03
5.365969946977358239e-04 -2.065856237026918087e-03
6.798825690594329646e-05 -2.462032571127202238e-03
-5.296104492816468452e-04 -2.935344947676026515e-03
-1.122300940922815043e-03 -3.412830657305623936e-03
-1.579950482096886388e-03 -3.816218325231055322e-03
-1.801061968571827845e-03 -4.076361071234057415e-03
-1.732137721307625087e-03 -4.146046707521312824e-03
-1.377867989082152619e-03 -4.008765643866385626e-03
-8.002146941635172959e-04 -3.681779939832026914e-03
-1.065657321099525975e-04 -3.212913291108609407e-03
5.707933325155969745e-04 -2.671667934152262454e-03
1.099997342499908336e-03 -2.136345974445485671e-03
1.374907831540836921e-03 -1.679606674106514253e-03
1.335606587996807960e-03 -1.355185067776315446e-03
9.801854955212032337e-04 -1.188275328113655308e-03
3.655885871179104111e-04 -1.171386634313816922e-03
-4.026656274219038954e-04 -1.266441652843159835e-03
-1.189948536433844961e-03 -1.412704609915134977e-03
-1.857500232102294625e-03 -1.539021359845047648e-03
-2.288206254086152386e-03 -1.578036999170841226e-03
-2.408304296301921801e-03 -1.479682125661568566e-03
-2.200922847984692135e-03 -1.221357697423412162e-03
-1.708899344588961150e-03 -8.128743092044627035e-04
-1.026354036791955488e-03 -2.951960495262378852e-04
-2.806233596361661976e-04 2.667863628529631471e-04
3.920197199959038958e-04 7.960961603673084516e-04
8.722563560684989774e-04 1.217892180592053614e-03
1.080318417275002996e-03 1.473385810768852461e-03
9.910117609560314521e-04 1.530822666157540847e-03
6.383230119518046655e-04 1.391451640805672560e-03
1.087410715082063467e-04 1.089350460141347765e-03
-4.754366053945548328e-04 6.851375095310064138e-04
-9.796447287827862900e-04 2.547548196017229098e-04
-1.282971536677435503e-03 -1.245619897937479690e-04
-1.301542250461242174e-03 -3.884804752386412669e-04
-1.004925443188412447e-03 -4.972587775150010469e-04
-4.224433428634193988e-04 -4.427242536985132319e-04
3.618218378114979299e-04 -2.492366726532612266e-04
1.224393363028669027e-03 3.153088038443580855e-05
2.025241148009721773e-03 3.309892171378485664e-04
2.633786722034708871e-03 5.772236917527156282e-04
2.953160356568657659e-03 7.091892487188210812e-04
2.938128747178660877e-03 6.888070875136982673e-04
2.603308900431138429e-03 5.086585107070619753e-04
2.020121718581634456e-03 1.938065354897252962e-04
1.303069233014045357e-03 -2.026106057048603591e-04
5.879391454479967419e-04 -6.091887424225729455e-04
6.066904364223800125e-06 -9.496193107353939752e-04
-3.404700327216258083e-04 -1.157077667978774569e-03
-3.980297239252232003e-04 -1.186915750029763749e-03
-1.713268196895287830e-04 -1.025255123695757069e-03
2.777763207854242432e-04 -6.918501449403770135e-04
8.423726372769628403e-04 -2.366733519427609744e-04
1.391207138887480500e-03 2.691384809619631110e-04
1.794038330008280654e-03 7.462735808777809770e-04
1.946850656105550718e-03 1.121722424341881422e-03
1.792131533874966563e-03 1.342015549670499226e-03
1.330360328983173435e-03 1.382730404922438228e-03
6.205202399328110883e-04 1.252483010371726897e-03
-2.304775542661608638e-04 9.906649741770281493e-04
-1.087468460231762928e-03 6.593707849138156357e-04
-1.812095366114901962e-03 3.310600560836410864e-04
-2.288522748594565975e-03 7.430629021707400861e-05
-2.444946058706763334e-03 -5.965499926767654781e-05
-2.266833225185491997e-03 -4.701869877007567276e-05
-1.799399016272558525e-03 1.037792947342872389e-04
-1.138849947680873166e-03 3.534535610661470391e-04
-4.140617583687003760e-04 6.392065113719109810e-04
2.378390025351076464e-04 8.866271631374842820e-04
6.973656072307884675e-04 1.023900658438484622e-03
8.851336951468786150e-04 9.956376799428495912e-04
7.766466130564032540e-04 7.737022242387806741e-04
4.066100769330121103e-04 3.629819167274436981e-04
-1.380328779145213085e-04 -1.989998526063490713e-04
-7.350182553601527710e-04 -8.485670041637414498e-04
-1.250414687813198580e-03 -1.507254079031465372e-03
-1.564523348760369715e-03 -2.095912554698901083e-03
-1.595107088014011349e-03 -2.548905012158872614e-03
-1.313536850338642946e-03 -2.825716438714752712e-03
-7.507843121099616818e-04 -2.917801676221686534e-03
7.887630591669634803e-06 -2.849390298448720854e-03
8.385444259671729792e-04 -2.672114179910711068e-03
1.601564458697424861e-03 -2.454492101531305457e-03
2.167648055809069923e-03 -2.268278584183743354e-03
2.441936321661888551e-03 -2.174276578497051204e-03
2.381681590516640436e-03 -2.210313536056358798e-03
2.004130565758674952e-03 -2.383668871423450138e-03
1.383132569073777492e-03 -2.669395848653373024e-03
6.351182254966131896e-04 -3.014862507056381789e-03
-1.028954735428937910e-04 -3.349656173139587204e-03
-6.991101238708370561e-04 -3.598977872123516365e-03
-1.051677979619156621e-03 -3.697989414569197164e-03
-1.107683447861535549e-03 -3.604392806867247161e-03
-8.727870983548725089e-04 -3.306853672648072014e-03
-4.097150527166409516e-04 -2.827664779401917270e-03
1.741097683734627391e-04 -2.219134082289604595e-03
7.474408482107907075e-04 -1.554367915023953167e-03
1.180620778617207231e-03 -9.141795201798922060e-04
1.370708321335258311e-03 -3.725854329898862800e-04
1.261548428974292426e-03 1.638132444229279273e-05
8.549713385377119123e-04 2.280621573539858655e-04
2.109868134221351251e-04 2.710077205866399204e-04
-5.630760785295453076e-04 1.845482195304475948e-04
-1.332439265510238511e-03 3.057627553235139710e-05
-1.960004479093405139e-03 -1.188857657111029196e-04
-2.331991887767546380e-03 -1.959654114800264690e-04
-2.379241675549774362e-03 -1.503498562140724408e-04
-2.090151035019096725e-03 4.072384526819180801e-05
-1.512800861462538799e-03 3.677984297795176567e-04
