-2.076245256660262054e-03
-2.037167477331199624e-03
-1.955026164369290213e-03
-1.832078343537171805e-03
-1.671889247964384023e-03
-1.479210227973846948e-03
-1.259815839353314783e-03
-1.020305803724630249e-03
-7.678787620014222975e-04
-5.100857268253052024e-04
-2.545718478358370042e-04
-8.815509868606444602e-06
2.201261255309458400e-04
4.258562536918234181e-04
6.028538937780697667e-04
7.466581793996879008e-04
8.540150581080817836e-04
9.229813045536380779e-04
9.529822499599264595e-04
9.448212542812780938e-04
9.006406400518887374e-04
8.238355091842933372e-04
7.189235161768621051e-04
5.913752154424231199e-04
4.474109826557750289e-04
2.937716816994293987e-04
1.374711689048108045e-04
-1.446063740289906452e-05
-1.552350638410294548e-04
-2.785532946378223469e-04
-3.788375248599285547e-04
-4.514365019997468309e-04
-4.927982026102682104e-04
-5.006035439703616658e-04
-4.738563980462874841e-04
-4.129267083654649013e-04
-3.195451560954153114e-04
-1.967495219466917824e-04
-4.878458589981711935e-05
1.190409622285697709e-04
3.005356188826296547e-04
4.888378519885517529e-04
6.766531439584711621e-04
8.565070076158180822e-04
1.021005126869025878e-03
1.163091520612571494e-03
1.276295693844882364e-03
1.354960122083554309e-03
1.394440100458106723e-03
1.391268953373023297e-03
1.343282810578989243e-03
1.249700568487586722e-03
1.111156222118504008e-03
9.296824183017793168e-04
7.086457863358328621e-04
4.526362884761630633e-04
1.673144403300883681e-04
-1.407782758600538615e-04
-4.644391955465971742e-04
-7.960467892613104024e-04
-1.127817061851836946e-03
-1.452065091685935099e-03
-1.761462590405599073e-03
-2.049282505634609196e-03
-2.309622145239212040e-03
-2.537597056316664816e-03
-2.729498918589617039e-03
-2.882911974337574318e-03
-2.996783971154689911e-03
-3.071449188724270120e-03
-3.108602800552144781e-03
-3.111227527339054631e-03
-3.083475210622564546e-03
-3.030507514892937307e-03
-2.958301398234620180e-03
-2.873426225492723991e-03
-2.782800390775508944e-03
-2.693436032993611756e-03
-2.612180843988890899e-03
-2.545466069054383006e-03
-2.499069580786681798e-03
-2.477902376920678405e-03
-2.485826029666034394e-03
-2.525507526949244408e-03
-2.598316632970684367e-03
-2.704269402634371620e-03
-2.842019864024573558e-03
-3.008900191982887169e-03
-3.201007993256173127e-03
-3.413337669316784950e-03
-3.639951274789348171e-03
-3.874182901720057016e-03
-4.108869441339039336e-03
-4.336599646810841875e-03
-4.549972775284074136e-03
-4.741857747965040962e-03
-4.905643744869210045e-03
-5.035473447140180296e-03
-5.126450744005733168e-03
-5.174815612410940679e-03
-5.178080023925848117e-03
-5.135120095509902033e-03
-5.046221230418011967e-03
-4.913074639366986351e-03
-4.738725332459594632e-03
-4.527473369717858499e-03
-4.284731792944107033e-03
-4.016846176733219337e-03
-3.730882078723819165e-03
-3.434387791576944300e-03
-3.135140662388415621e-03
-2.840885819037540505e-03
-2.559076407252214563e-03
-2.296624387676486113e-03
-2.059670570877631182e-03
-1.853381893044274463e-03
-1.681782979769358031e-03
-1.547627843262440765e-03
-1.452316151718869609e-03
-1.395856947679949495e-03
-1.376881029779333234e-03
-1.392701507539484277e-03
-1.439420351592158448e-03
-1.512077150969762859e-03
-1.604834811387668720e-03
-1.711195635486697760e-03
-1.824240163129822994e-03
-1.936880354284045225e-03
-2.042118196635691989e-03
-2.133300632408823960e-03
-2.204361830447038560e-03
-2.250044275855339962e-03
-2.266090894730782637e-03
-2.249401449610193525e-03
-2.198147696540003748e-03
-2.111843243124634541e-03
-1.991365637764207913e-03
-1.838929897786909917e-03
-1.658014389517276912e-03
-1.453241646724012532e-03
-1.230218296703535809e-03
-9.953396999963365355e-04
-7.555661500388139969e-04
-5.181784794435838988e-04
-2.905216450031021633e-04
-7.974528848803087103e-05
1.074496200461984340e-04
2.650491592829229545e-04
3.879414782553805476e-04
4.721009018345402423e-04
5.147346394825299534e-04
5.143869239952308372e-04
4.709968957306057916e-04
3.859081658753848445e-04
2.618296829554576932e-04
1.027492308137046987e-04
-8.619745603746049520e-05
-2.988974205105682149e-04
-5.284651208678162876e-04
-7.674738581086533234e-04
-1.008205934968743134e-03
-1.242912833306501806e-03
-1.464076346353450180e-03
-1.664661569348813326e-03
-1.838352937619640260e-03
-1.979765095198567429e-03
-2.084621258776552313e-03
-2.149892880272646477e-03
-2.173895766675550643e-03
-2.156339340581664606e-03
-2.098327365596483300e-03
-2.002310159992318640e-03
-1.871990020189391851e-03
-1.712183213250909270e-03
-1.528643417280481972e-03
-1.327852837139966531e-03
-1.116788353024360031e-03
-9.026709315489392805e-04
-6.927071125751888426e-04
-4.938316595908993911e-04
-3.124604174587722761e-04
-1.542620603141417641e-04
-2.395674699313282176e-05
7.485124505934013552e-05
1.398010307354434316e-04
1.698582966655720443e-04
1.653512298433973491e-04
1.279579357269767462e-04
6.064578969926573675e-05
-3.243514616535741590e-05
-1.461008957567525458e-04
-2.743193036989075213e-04
-4.104262061290629053e-04
-5.473644413521970304e-04
-6.779373004881989774e-04
-7.950675089412035214e-04
-8.920526325554320284e-04
-9.628079245964056088e-04
-1.002088066940192042e-03
-1.005679995758184666e-03
-9.705600127412390308e-04
-8.950096321080935110e-04
-7.786860575258381561e-04
-6.226447710487614026e-04
-4.293133926197550271e-04
-2.024176748384455245e-04
5.313782619751012196e-05
3.314302758547066070e-04
6.257147106928562155e-04
9.286489939714093200e-04
1.232539748683322747e-03
1.529600704659030228e-03
1.812214460895920313e-03
2.073188543957862808e-03
2.305996842274222851e-03
2.504998007479686609e-03
2.665623219663139885e-03
2.784526785308257500e-03
2.859694337256221946e-03
2.890504889637575750e-03
2.877744615426839486e-03
2.823571903499079352e-03
2.731434956630525695e-03
2.605944852067458486e-03
2.452708543926957353e-03
2.278127687221592149e-03
2.089170357655847649e-03
1.893123687688405381e-03
1.697336104545829269e-03
1.508958216616941746e-03
1.334691438329088566e-03
1.180553168694554837e-03
1.051666754868452614e-03
9.520835997551381838e-04
8.846436425232889755e-04
8.508790924611567014e-04
8.509647771920583834e-04
8.837168291359056519e-04
9.466397366307125784e-04
1.036020087817561726e-03
1.147063695771579923e-03
1.274071269901121302e-03
1.410646444737531299e-03
1.549928840356421499e-03
1.684843948660572945e-03
1.808361047464971273e-03
1.913750060523412323e-03
1.994828316280288123e-03
2.046188510017373820e-03
2.063399830872934739e-03
2.043175153932520749e-03
1.983498385340757338e-03
1.883707443547446257e-03
1.744529913495902491e-03
1.568070068347194191e-03
1.357747657122500805e-03
1.118190546735554208e-03
8.550849240554555131e-04
5.749882512183163499e-04
2.851114732654095024e-04
-6.921944436599926755e-06
-2.933317584333639374e-04
-5.664425591854723493e-04
-8.189421355859800725e-04
-1.044127586635653845e-03
-1.236130602149225011e-03
-1.390114061972987959e-03
-1.502433105691912104e-03
-1.570755067075815022e-03
-1.594134106040376005e-03
-1.573037955285220071e-03
-1.509325873512754046e-03
-1.406178603557282827e-03
-1.267982812083902474e-03
-1.100174078955630215e-03
-9.090439531652746855e-04
-7.015178476346007729e-04
-4.849115632234367269e-04
-2.666749773093597979e-04
-5.413187820581591685e-05
1.457749421244630694e-04
3.267244127121982089e-04
4.832353020280641702e-04
6.108541025981983593e-04
7.063061172854294932e-04
7.676044758072579242e-04
7.941132877507889537e-04
7.865627488519523263e-04
7.470157041811291681e-04
6.787868759938743514e-04
5.863176256345475771e-04
4.750106797826199453e-04
3.510306567970038877e-04
2.210774296813718879e-04
9.214031617534875580e-05
-2.875823976622893675e-05
-1.348204609295480154e-04
-2.197234169560735194e-04
-2.778527699169505965e-04
-3.045118386091388765e-04
-2.960985990310518231e-04
-2.502443616487156925e-04
-1.659092088187028892e-04
-4.343079103975118135e-05
1.154752845381212291e-04
3.077635429962301879e-04
5.291535779495369499e-04
7.742685625376018350e-04
1.036812534046545071e-03
1.309780290771655207e-03
1.585692595067282650e-03
1.856848487656817840e-03
2.115585916348191459e-03
2.354541588422735809e-03
2.566900980446963632e-03
2.746629781252738281e-03
2.888678691370666872e-03
2.989154432607924253e-03
3.045451002147098706e-03
3.056336595149583037e-03
3.021993169697682717e-03
2.944007283711514572e-03
2.825312537224953721e-03
2.670085645414992277e-03
2.483599788777680721e-03
2.272040380047035419e-03
2.042289700554546315e-03
1.801687945731124006e-03
1.557779042288036375e-03
1.318050129462876047e-03
1.089673815031656518e-03
8.792622159357883597e-04
6.926413769037821893e-04
5.346539429720163945e-04
4.089969684840770187e-04
3.181005107967317148e-04
2.630512248106031160e-04
2.435635947720777520e-04
2.579997679269192866e-04
3.034372491421742733e-04
3.757820363243991784e-04
4.699231822039003168e-04
5.799233147008018598e-04
6.992383865750381776e-04
8.209588996009519954e-04
9.380640950374584354e-04
1.043680147093852461e-03
1.131333255368978993e-03
1.195188710800699355e-03
1.230267501247254373e-03
1.232632810205855529e-03
1.199539817763795816e-03
1.129543499681241910e-03
1.022560593426803622e-03
8.798835074083731630e-04
7.041456352294750204e-04
4.992392414823784274e-04
2.701887496200805093e-04
2.298382751012337894e-05
-2.356219224889079472e-04
-4.983396541360098856e-04
-7.575933714855998587e-04
-1.005778766557293910e-03
-1.235523760767522853e-03
-1.439941647367144837e-03
-1.612867987954547631e-03
-1.749072981861797766e-03
-1.844441883034710072e-03
-1.896117154973917061e-03
-1.902597391286001442e-03
-1.863789540579108631e-03
-1.781012606889702775e-03
-1.656952693360469030e-03
-1.495570958072413824e-03
-1.301967697172810813e-03
-1.082207304065482606e-03
-8.431102207179313416e-04
-5.920191501961553698e-04
-3.365476979744167364e-04
-8.432022191736499679e-05
1.572880243462827505e-04
3.814013833122013321e-04
5.818761804894525365e-04
7.535069032095411540e-04
8.921989892120699758e-04
9.951022152734374099e-04
1.060700058933873331e-03
1.088851951080764113e-03
1.080786989625082649e-03
1.039049386849473684e-03
9.673976155516881203e-04
8.706608425407117748e-04
7.545577354729144422e-04
6.254840479664705750e-04
4.902764821840091851e-04
3.559611592808891128e-04
2.294955671532957061e-04
1.175130828995122039e-04
2.607907634331397325e-05
-3.953280594438327977e-05
-7.503628518661011743e-05
-7.729311781334846643e-05
-4.443310752272875731e-05
2.407078956832668648e-05
1.273749423820694920e-04
2.632861108194875380e-04
4.283304007898996275e-04
6.178677280025851072e-04
8.262478125001805314e-04
1.047002267465198646e-03
1.273066077747645776e-03
1.497020730294517732e-03
1.711350496434138526e-03
1.908702901506170897e-03
2.082144266923981364e-03
2.225401378697621987e-03
2.333080818830461298e-03
2.400858274944692519e-03
2.425631191712930394e-03
2.405629408461349220e-03
2.340479895801161024e-03
2.231223308899001924e-03
2.080281759797177228e-03
1.891378917020651888e-03
1.669415207800885922e-03
1.420302468205683014e-03
1.150763804290772397e-03
8.681056434149978050e-04
5.799699264894332988e-04
2.940750851275350996e-04
1.795483815055388260e-05
-2.412960839917973515e-04
-4.772604231868720682e-04
-6.844127775508844838e-04
-8.583024229376194116e-04
-9.956982171590968503e-04
-1.094690561859730125e-03
-1.154746902668722869e-03
-1.176718877009700747e-03
-1.162800913694617654e-03
-1.116441789782386760e-03
-1.042212298522698141e-03
-9.456337197722749621e-04
-8.329731571873899305e-04
-7.110129666567053261e-04
-5.868024071927148595e-04
-4.674002670795592918e-04
-3.596175327051253550e-04
-2.697691641686085018e-04
-2.034437205767805189e-04
-1.652989501872946521e-04
-1.588905482338769885e-04
-1.865401203569605221e-04
-2.492470128972327278e-04
-3.466471311425866481e-04
-4.770202169350843541e-04
-6.373453556662465533e-04
-8.234027892505996508e-04
-1.029918485525898458e-03
-1.250746412682734185e-03
-1.479082142420444631e-03
-1.707700304004346149e-03
-1.929207571877869986e-03
-2.136302321398142988e-03
-2.322031849838259669e-03
-2.480038141371650878e-03
-2.604783552482661454e-03
-2.691748494213272187e-03
-2.737594165348169496e-03
-2.740284611816080386e-03
-2.699163809469128095e-03
-2.614985040184843092e-03
-2.489891499820081310e-03
-2.327348782477455576e-03
-2.132031569058589690e-03
-1.909668450194915634e-03
-1.666850278237711619e-03
-1.410808718744641652e-03
-1.149172714126452371e-03
-8.897113443030594312e-04
-6.400720443131103577e-04
-4.075233001846696778e-04
-1.987107863589761443e-04
-1.943543610660942219e-05
1.255388327755335535e-04
2.326410541921335390e-04
2.996074025180092866e-04
3.255496872263690831e-04
3.109758074375968285e-04
2.577615031391704238e-04
1.690744455040924530e-04
4.925337763383324553e-05
-9.635340930314826311e-05
-2.615845563109370220e-04
-4.396901419572473487e-04
-6.235763017915230133e-04
-8.060613481968069514e-04
-9.801343766475149530e-04
-1.139207259964691420e-03
-1.277351166777909112e-03
-1.389509285783814508e-03
-1.471678274410031075e-03
-1.521052049804300175e-03
-1.536122863135037410e-03
-1.516736098632473148e-03
-1.464096864024572609e-03
-1.380728132061533270e-03
-1.270381894332608085e-03
-1.137906438918068067e-03
-9.890744047390770486e-04
-8.303776437408050010e-04
-6.687960889546987892e-04
-5.115487411261748774e-04
-3.658355168960770575e-04
-2.385790253839482466e-04
-1.361753460729107695e-04
-6.426256891100309409e-05
-2.751523843866321949e-05
-2.947193920538196746e-05
-7.240210143235389223e-05
-1.572167343868316816e-04
-2.834262583036773094e-04
-4.491469577536579428e-04
-6.511558778509640624e-04
-8.849922892269744285e-04
-1.145102217675607412e-03
-1.425021026907400410e-03
-1.717587710751429736e-03
-2.015183441088496275e-03
-2.309986068678643052e-03
-2.594231715611304383e-03
-2.860474349922906626e-03
-3.101834303689410786e-03
-3.312227083130207632e-03
-3.486564509386449844e-03
-3.620921197480283030e-03
-3.712660594574905375e-03
-3.760516214516384896e-03
-3.764625274138336773e-03
-3.726513602993891672e-03
-3.649032403668013482e-03
-3.536249124863184452e-03
-3.393296315006171827e-03
-3.226183793942940126e-03
-3.041580762879865941e-03
-2.846575523161108678e-03
-2.648421255949087207e-03
-2.454276800027810519e-03
-2.270951536791883732e-03
-2.104663344011447040e-03
-1.960818118359105525e-03
-1.843818607141163189e-03
-1.756909258825062803e-03
-1.702062535937867282e-03
-1.679910677108051873e-03
-1.689725298501192291e-03
-1.729445544622176378e-03
-1.795753793319707428e-03
-1.884196249601835819e-03
-1.989344186099099333e-03
-2.104990159964615498e-03
-2.224372306736363807e-03
-2.340418824297925849e-03
-2.446004049176071088e-03
-2.534207117933397549e-03
-2.598564112715593191e-03
-2.633304815393474035e-03
-2.633565731315591456e-03
-2.595571872668122736e-03
-2.516780883787960929e-03
-2.395984408225628956e-03
-2.233363093751110535e-03
-2.030493254410627516e-03
-1.790304901314036367e-03
-1.516992556756965177e-03
-1.215881919891446689e-03
-8.932569985126714591e-04
-5.561537064439406580e-04
-2.121271009492751406e-04
1.309996415881422302e-04
4.653957731856648108e-04
7.834839720950086215e-04
1.078192701387209332e-03
1.343191140304439380e-03
1.573098509668564935e-03
1.763660508262560522e-03
1.911886727702807095e-03
2.016144278587813938e-03
2.076204392810773822e-03
2.093240412183186138e-03
2.069777274293891061e-03
2.009594303237056956e-03
1.917584746042172873e-03
1.799577008113253246e-03
1.662123879748946594e-03
1.512267163973193178e-03
1.357285974291694156e-03
1.204437539540364902e-03
1.060699611802138481e-03
9.325235133865053885e-04
8.256064822113440933e-04
7.446912948154997200e-04
6.934001865131560974e-04
6.741088825253727448e-04
6.878651445566693300e-04
7.343546736295022189e-04
8.119155468571104522e-04
9.176006615214317864e-04
1.047285974066065016e-03
1.195820713502317558e-03
1.357214274625641271e-03
1.524853208019962426e-03
1.691740666251081819e-03
1.850749875990096490e-03
1.994882711747266064e-03
2.117524265760294816e-03
2.212684446726801736e-03
2.275218092667694557e-03
2.301015834405379865e-03
2.287158969622735474e-03
2.232032867377674139e-03
2.135394875140195214e-03
1.998394294011175774e-03
1.823543666935834202e-03
1.614642330601464074e-03
1.376654854532699318e-03
1.115548572049246791e-03
8.380958418228187743e-04
5.516479155067949931e-04
2.638882829724895074e-04
-1.742591283917561702e-05
-2.847253798052668764e-04
-5.308839835168561788e-04
-7.494589565739305731e-04
-9.349076364696064147e-04
-1.082773178283367435e-03
-1.189832772938418390e-03
-1.254203212828386383e-03
-1.275400138255761325e-03
-1.254348918093432189e-03
-1.193346809630223618e-03
-1.095977746432255564e-03
-9.669827595541830240e-04
-8.120905885378789258e-04
-6.378144300048657015e-04
-4.512219545442421736e-04
-2.596866555870273939e-04
-7.062924436502100679e-05
1.087418498960959724e-04
2.716817877770165424e-04
4.121436394425517661e-04
5.249875193107426084e-04
6.061572246254763856e-04
6.528182091443601384e-04
6.634520814136379060e-04
6.379043438108270405e-04
5.773837301798347794e-04
4.844131989219989344e-04
3.627343352887280156e-04
2.171685518725407810e-04
5.343999259900463232e-05
-1.220336102628496826e-04
-3.023747515436886663e-04
-4.804964001687041784e-04
-6.493598594323347212e-04
-8.022311541547761131e-04
-9.329269088412740947e-04
-1.036041048364711673e-03
-1.107144324101674111e-03
-1.142949620347658750e-03
-1.141437194864040839e-03
-1.101935411552517610e-03
-1.025154083307848810e-03
-9.131692043979584361e-04
-7.693595560442423927e-04
-5.982973564975970892e-04
-4.055967386847478479e-04
-1.977253179489986130e-04
1.821459232057424699e-05
2.347274936843293152e-04
4.441805220216311282e-04
6.390646471929153135e-04
8.122521356785203546e-04
9.572412869564548600e-04
1.068379897296472310e-03
1.141059646894099959e-03
1.171874621851196887e-03
1.158738435857078379e-03
1.100955863633179760e-03
9.992464885787528343e-04
8.557195448829667738e-04
6.738008408735941769e-04
4.581143257731907842e-04
2.143224476392688316e-04
-5.106910946887747993e-05
-3.309354765787823806e-04
-6.177776015373050112e-04
-9.039796332660859045e-04
-1.182069690074835167e-03
-1.444974898451502560e-03
-1.686261792878249914e-03
-1.900353683428815084e-03
-2.082717408082268920e-03
-2.230012962435653709e-03
-2.340200803103718689e-03
-2.412603106864310946e-03
-2.447916883466886087e-03
-2.448178529335375084e-03
-2.416681112958598589e-03
-2.357847340866521361e-03
-2.277062707627982522e-03
-2.180474729794155617e-03
-2.074765353210694750e-03
-1.966904563943229142e-03
-1.863893892233843812e-03
-1.772508853329353689e-03
-1.699049406274379158e-03
-1.649107230538031507e-03
-1.627358030497673587e-03
-1.637386200008271453e-03
-1.681548044303757868e-03
-1.760878404083916294e-03
-1.875044004232128509e-03
-2.022345210540460111e-03
-2.199766179532484066e-03
-2.403071688490686017e-03
-2.626947294624275633e-03
-2.865177951370091215e-03
-3.110858859412085967e-03
-3.356631197467028517e-03
-3.594934502915208760e-03
-3.818266885629668407e-03
-4.019443980450948875e-03
-4.191847584420458489e-03
-4.329655282715611300e-03
-4.428043029701925377e-03
-4.483353595434102015e-03
-4.493224980241202968e-03
-4.456674298957675334e-03
-4.374134192909591955e-03
-4.247440487408032234e-03
-4.079771517100402693e-03
-3.875541231371816813e-03
-3.640249807875080984e-03
-3.380296987593727799e-03
-3.102764647576595255e-03
-2.815176201991397096e-03
-2.525241230792138990e-03
-2.240594249760319897e-03
-1.968536737949661344e-03
-1.715791421564997251e-03
-1.488277381150912571e-03
-1.290913816810726348e-03
-1.127459299688712358e-03
-1.000392092407633533e-03
-9.108356802149625113e-04
-8.585320687557952864e-04
-8.418637292360283200e-04
-8.579233659722153337e-04
-9.026290047223931110e-04
-9.708803115099451462e-04
-1.056750606562687628e-03
-1.153707787131762240e-03
-1.254856360161668441e-03
-1.353192046542991706e-03
-1.441859978894893726e-03
-1.514407389902663057e-03
-1.565021882549429578e-03
-1.588746880315731590e-03
-1.581666656812314624e-03
-1.541054412270266571e-03
-1.465478161406394853e-03
-1.354860677948178981e-03
-1.210491353642325881e-03
-1.034989517365772233e-03
-8.322204638521807840e-04
-6.071671018195243111e-04
-3.657616897422408448e-04
-1.146835295286685802e-04
1.388703152037493085e-04
3.874332606577830253e-04
6.235277204820095787e-04
8.399248518972872272e-04
1.029896435833819318e-03
1.187450068346844511e-03
1.307539421485645137e-03
1.386242201507664274e-03
1.420899560398769263e-03
1.410212063570616316e-03
1.354288835176566510e-03
1.254648139522903782e-03
1.114169355205045639e-03
9.369979983796788026e-04
7.284070934464001749e-04
4.946197158386474342e-04
2.425988891399031265e-04
-2.018784020789721279e-05
-2.860209427220395946e-04
-5.471897551481475809e-04
-7.962525452500510614e-04
-1.026286727781829979e-03
-1.231120514297092804e-03
-1.405537931678002648e-03
-1.545450078865185945e-03
-1.648026675483327610e-03
-1.711783348384058288e-03
-1.736621653774327251e-03
-1.723820489189904987e-03
-1.675979253058774640e-03
-1.596914800284842794e-03
-1.491515860925115167e-03
-1.365560078915639252e-03
-1.225500136718465135e-03
-1.078226513851726198e-03
-9.308152446150734071e-04
-7.902695642988523481e-04
-6.632645454143711082e-04
-5.559037185760237233e-04
-4.734962503599565156e-04
-4.203625275677948681e-04
-3.996749991810378579e-04
-4.133398888913682612e-04
-4.619239558435823869e-04
-5.446288994388009085e-04
-6.593143311596712285e-04
-8.025685310325937974e-04
-9.698245283090503599e-04
-1.155517454046392500e-03
-1.353277663298012388e-03
-1.556152867410244209e-03
-1.756851496541061552e-03
-1.947998764737396502e-03
-2.122396460954720059e-03
-2.273277355024551621e-03
-2.394545292499227623e-03
-2.480992550066252536e-03
-2.528486816401749084e-03
-2.534121224146834196e-03
-2.496322149985972898e-03
-2.414910976349754664e-03
-2.291117618331021434e-03
-2.127545306588464469e-03
-1.928087822208280396e-03
-1.697802042962626504e-03
-1.442740223865587607e-03
-1.169747843608377877e-03
-8.862340530039210891e-04
-5.999227197870414053e-04
-3.185927424314142272e-04
-4.981668029644672428e-05
1.992931947156957335e-04
4.223225807532521693e-04
6.137682892188167519e-04
7.692194352073033776e-04
8.855003815793937357e-04
9.607704831268617639e-04
9.945771906607892010e-04
9.878607085192136952e-04
9.429100957041568762e-04
8.632724011682689578e-04
7.536180681025731213e-04
6.195673728158507948e-04
4.674840273114320858e-04
3.042432231878170173e-04
1.369822877796916349e-04
-2.715726977585268282e-05
-1.812872458668273595e-04
-3.190207056868869014e-04
-4.347017018172341131e-04
-5.236086699800860094e-04
-5.821243495584249019e-04
-6.078662529495669833e-04
-5.997730937994206557e-04
-5.581441310666857177e-04
-4.846300394686093704e-04
-3.821756192002282067e-04
-2.549163492268273577e-04
-1.080324096374796292e-04
5.243470731092707933e-05
2.197965631095440684e-04
3.869555923123995105e-04
5.466580261721065790e-04
6.917530386398292128e-04
8.154490112228909892e-04
9.115579107517764179e-04
9.747191873723635861e-04
1.000595314582973776e-03
9.860320838565776822e-04
9.291779986238434463e-04
8.295585429763956044e-04
6.881026792640529974e-04
5.071206004923646104e-04
2.902334695076507322e-04
4.225755761184436538e-05
-2.309532084057455649e-04
-5.227008257291403028e-04
-8.256661915340236324e-04
-1.132153716361021393e-03
-1.434349058013041547e-03
-1.724580999703054143e-03
-1.995578351019516861e-03
-2.240712924487489772e-03
-2.454220127980516822e-03
-2.631389496901968394e-03
-2.768718542447196843e-03
-2.864024576506681973e-03
-2.916510644878959890e-03
-2.926783306887422234e-03
-2.896821684953420316e-03
-2.829898913117337780e-03
-2.730458779168316950e-03
-2.603951922585415798e-03
-2.456637364991080125e-03
-2.295356361718428346e-03
-2.127286529943830506e-03
-1.959684896769983958e-03
-1.799628895571002505e-03
-1.653764407357171274e-03
-1.528069693500816407e-03
-1.427643505677691051e-03
-1.356524807978002657e-03
-1.317550434661804394e-03
-1.312255673940535342e-03
-1.340821260191463063e-03
-1.402068627014193625e-03
-1.493503578653719750e-03
-1.611406836951700776e-03
-1.750968274747680652e-03
-1.906460112238687324e-03
-2.071442984004231991e-03
-2.238997629195411867e-03
-2.401974056267825331e-03
-2.553249418200197185e-03
-2.685985525964533754e-03
-2.793876937912097638e-03
-2.871380890378804306e-03
-2.913920968724971299e-03
-2.918057336005836812e-03
-2.881617506363710023e-03
-2.803783031054479097e-03
-2.685129008392541511e-03
-2.527614980744179521e-03
-2.334527484142668100e-03
-2.110376209487660904e-03
-1.860747359291366892e-03
-1.592119283604630361e-03
-1.311646800547832965e-03
-1.026921704466942330e-03
-7.457177996714841033e-04
-4.757293407288671434e-04
-2.243119923566913284e-04
1.764665065422457713e-06
1.965444614067187075e-04
3.550838761518007028e-04
4.736162554771857934e-04
5.496752963354871934e-04
5.821735117922377783e-04
5.714329667909237662e-04
5.191672432595289058e-04
4.284152995195826628e-04
3.034295715474766893e-04
1.495222638217558056e-04
-2.712476078869225076e-05
-2.196798105871978091e-04
-4.209031947271320209e-04
-6.234025664189235972e-04
-8.198928232746708917e-04
-1.003451452483542210e-03
-1.167760371932102630e-03
-1.307325795396449466e-03
-1.417668423804485395e-03
-1.495477308161279311e-03
-1.538722006461354852e-03
-1.546719122022808526e-03
-1.520150912812269842e-03
-1.461035344328861065e-03
-1.372648663487994547e-03
-1.259403237934893661e-03
-1.126684975893811917e-03
-9.806560609685085594e-04
-8.280299545039018988e-04
-6.758265924973512343e-04
-5.311164004547759901e-04
-4.007621436072539463e-04
-2.911677077204501141e-04
-2.080426646059702718e-04
-1.561909248217027875e-04
-1.393309372497860375e-04
-1.599537907931310697e-04
-2.192242460309866674e-04
-3.169282208315186110e-04
-4.514686263291985829e-04
-6.199097553690935316e-04
-8.180687238699549998e-04
-1.040650816193056886e-03
-1.281424046322710833e-03
-1.533426871409796811e-03
-1.789201831197283991e-03
-2.041046976797137018e-03
-2.281276327117759579e-03
-2.502480272865520178e-03
-2.697776847628470271e-03
-2.861045103120080611e-03
-2.987132450098798492e-03
-3.072028735916366125e-03
-3.113000992229200594e-03
-3.108684161407880130e-03
-3.059124649432374936e-03
-2.965775202642652146e-03
-2.831441307837572786e-03
-2.660181010251034574e-03
-2.457161672503269459e-03
-2.228478702676741762e-03
-1.980942608478431129e-03
-1.721841840477596804e-03
-1.458689731911305860e-03
-1.198964395954476084e-03
-9.498506842825500240e-04
-7.179932347184644946e-04
-5.092692434332636922e-04
-3.285889023265078836e-04
-1.797304692139009303e-04
-6.521572140727373984e-05
1.376987515077005876e-05
5.740951911934323408e-05
6.723885399318309079e-05
4.608178489485842584e-05
-2.059375141515401401e-06
-7.215553363226539976e-05
-1.583388599833769920e-04
-2.541205998417037462e-04
-3.526309774976380527e-04
-4.468727258149387096e-04
-5.299793043155052790e-04
-5.954687007004424775e-04
-6.374838650428590620e-04
-6.510112937513500182e-04
-6.320700457840235835e-04
-5.778645096723440244e-04
-4.868955103863380034e-04
-3.590258054173259446e-04
-1.954976184962272040e-04
1.098458931806994485e-06
2.269021629264472532e-04
4.769071440259516938e-04
7.451251661930091350e-04
1.024785212844836653e-03
1.308560569660167190e-03
1.588815971072700482e-03
1.857866191663611099e-03
2.108237059795577129e-03
2.332919782952950442e-03
2.525609705460238677e-03
2.680921161456845461e-03
2.794570920225471038e-03
2.863523817988323106e-03
2.886095491674520522e-03
2.862008629637119005e-03
2.792400779332391593e-03
2.679783445641136658e-03
2.527953916480901037e-03
2.341862904972282985e-03
2.127442641789770422e-03
1.891401433348570155e-03
1.640991872743491689e-03
1.383760809838572876e-03
1.127289822404173476e-03
8.789352594598110174e-04
6.455769394847059870e-04
4.333842795168405372e-04
2.476080171358954231e-04
9.240478744690643238e-05
-2.929933700294073615e-05
-1.159016034745709474e-04
-1.671684274849726416e-04
-1.842327725489398531e-04
-1.695432018199415905e-04
-1.267664375905247411e-04
-6.064689539716843977e-05
2.317183146404117131e-05
1.183572267522981772e-04
2.181224220921138479e-04
3.154768077496151058e-04
4.034838449183710527e-04
4.755169886055833476e-04
5.255046965789999820e-04
5.481558826996686066e-04
5.391578589072005320e-04
4.953397751026756418e-04
4.147957763706909638e-04
2.969635099833013801e-04
1.426551809141051981e-04
-4.595998073279243361e-05
-2.654212722486261550e-04
-5.110878376421324355e-04
-7.772918943258412972e-04
-1.057528536513532673e-03
-1.344675500074841165e-03
-1.631235220639814772e-03
-1.909590732352518111e-03
-2.172266466340092364e-03
-2.412184832819691191e-03
-2.622909614964042888e-03
-2.798867661150792122e-03
-2.935541118981739670e-03
-3.029623482974825883e-03
-3.079133992081076968e-03
-3.083486368877156117e-03
-3.043509488439528204e-03
-2.961419245604515315e-03
-2.840742595683014900e-03
-2.686196415953210313e-03
-2.503525414817882669e-03
-2.299304747051441819e-03
-2.080714226928488588e-03
-1.855292023017394770e-03
-1.630676434293351455e-03
-1.414344761904911879e-03
-1.213358389899148876e-03
-1.034122968018089898e-03
-8.821720580512169060e-04
-7.619817808058974851e-04
-6.768229124390773028e-04
-6.286555648250978165e-04
-6.180700908714623423e-04
-6.442762345876499198e-04
-7.051408540739090769e-04
-7.972728427098897371e-04
-9.161522193624540298e-04
-1.056298810375596491e-03
-1.211474558700545391e-03
-1.374912317387920252e-03
-1.539563057078729416e-03
-1.698352772598835147e-03
-1.844440034864077479e-03
-1.971465112911357717e-03
-2.073781887728332485e-03
-2.146664384251593602e-03
-2.186480639242698032e-03
-2.190827769489975870e-03
-2.158623466728016617e-03
-2.090150675080330433e-03
-1.987053850108646581e-03
-1.852286898098820219e-03
-1.690014590459693825e-03
-1.505470881604028567e-03
-1.304779072164368933e-03
-1.094740099820916586e-03
-8.825963603963212162e-04
-6.757793229272095453e-04
-4.816497739645043659e-04
-3.072397883390493717e-04
-1.590054668577619082e-04
-4.259910784026963576e-05
3.733119786115978757e-05
7.730751597968430963e-05
7.514773344586504061e-05
3.004651789124523215e-05
-5.739128553284016283e-05
-1.851660143416290760e-04
-3.499467950097690221e-04
-5.471811970274884996e-04
-7.712471258228212074e-04
-1.015641668410561345e-03
-1.273200313449962323e-03
-1.536338905544858005e-03
-1.797309899298731809e-03
-2.048463979666380504e-03
-2.282507928997774133e-03
-2.492749754362241776e-03
-2.673322536596825678e-03
-2.819379209340990185e-03
-2.927251495925391103e-03
-2.994567488641707020e-03
-3.020323804594929849e-03
-3.004909844227762403e-03
-2.950083356925509159e-03
-2.858898224048371777e-03
-2.735587043518805574e-03
-2.585402683065376496e-03
-2.414424405925085729e-03
-2.229335412894224277e-03
-2.037179644644870544e-03
-1.845106413154865791e-03
-1.660111855539162439e-03
-1.488786312656095864e-03
-1.337076524781321456e-03
-1.210071014767766283e-03
-1.111816213741571163e-03
-1.045169804106565493e-03
-1.011696447311874036e-03
-1.011609575303934168e-03
-1.043761307011402883e-03
-1.105680861297326373e-03
-1.193660134791253713e-03
-1.302883456578085141e-03
-1.427596979931754174e-03
-1.561311778534955810e-03
-1.697033529742784713e-03
-1.827510731966425911e-03
-1.945492749971435703e-03
-2.043988633713640646e-03
-2.116517625492285188e-03
-2.157342557783155194e-03
-2.161677940063733323e-03
-2.125865416391821850e-03
-2.047510415507374816e-03
-1.925575171862642290e-03
-1.760424821724690912e-03
-1.553824919887166096e-03
-1.308890422071608186e-03
-1.029987876250982801e-03
-7.225942033955224438e-04
-3.931169671622624360e-04
-4.868237960602728198e-05
3.031015811301899870e-04
6.543986945332005284e-04
9.974058343073604303e-04
1.324613016480920887e-03
1.629053103536115977e-03
1.904532471982935387e-03
2.145834618050482430e-03
2.348889624380235720e-03
2.510903606545818005e-03
2.630443659987779376e-03
2.707475386422042787e-03
2.743351739349596079e-03
2.740753632778872989e-03
2.703584445949286808e-03
2.636822170548165038e-03
2.546334429105412151e-03
2.438662892001822527e-03
2.320784690338272439e-03
2.199859225307570533e-03
2.082969283548848517e-03
1.976865564428601472e-03
1.887723602412655355e-03
1.820921629986512911e-03
1.780847189301091845e-03
1.770739289718393930e-03
1.792571659150717480e-03
1.846981193321474641e-03
1.933244119434666128e-03
2.049300714874621732e-03
2.191827716210664918e-03
2.356355878728759110e-03
2.537428560668516381e-03
2.728795764904597566e-03
2.923636824504559969e-03
3.114803911110851885e-03
3.295077811753996909e-03
3.457426986221413118e-03
3.595260798688140226e-03
3.702668018127535602e-03
3.774632195040233951e-03
3.807216329306070245e-03
3.797710317202191311e-03
3.744735967246334146e-03
3.648305858918912681e-03
3.509833933486730152e-03
3.332097395507216831e-03
3.119151207946616218e-03
2.876198123483374516e-03
2.609418751340118227e-03
2.325767558348018280e-03
2.032741895865179584e-03
1.738132088847811358e-03
1.449761286708697730e-03
1.175224134348797599e-03
9.216333633433212947e-04
6.953831262445604256e-04
5.019373110347062801e-04
3.456501984510946136e-04
2.296256928460123446e-04
1.556200070965791608e-04
1.239911611512403006e-04
1.336970153755418812e-04
1.823418613446851737e-04
2.662698936320744480e-04
3.807022459893606237e-04
5.199127515657171912e-04
6.774362328534462791e-04
8.463019903045896752e-04
1.019284278857485355e-03
1.189160969754092436e-03
1.348971311742032386e-03
1.492263740950052582e-03
1.613325041151786494e-03
1.707382813423327303e-03
1.770774153305265100e-03
1.801074621573908610e-03
1.797182989962287959e-03
1.759358796740120206e-03
1.689211404505700344e-03
1.589640955764580780e-03
1.464733311168656127e-03
1.319612671452076186e-03
1.160257070477346006e-03
9.932832312947439610e-04
8.257083539934410897e-04
6.646972156327503800e-04
5.173034802355485837e-04
3.902143225484927449e-04
2.895073558030633815e-04
2.204284250120141326e-04
1.871980984181143351e-04
1.928536861086397290e-04
2.391323716781231477e-04
3.263996037166801666e-04
4.536253092430895043e-04
6.184088165136543023e-04
8.170516685986474285e-04
1.044675831506493551e-03
1.295383210235510419e-03
1.562450938672936204e-03
1.838555655462457278e-03
2.116018961760753395e-03
2.387065513812504976e-03
2.644084759531067485e-03
2.879887199332847349e-03
3.087946241861619541e-03
3.262617228290213764e-03
3.399325996981694166e-03
3.494720425473203315e-03
3.546779681697763680e-03
3.554877395716577251e-03
3.519796575170058665e-03
3.443695775698204543e-03
3.330027742592191892e-03
3.183413402187569661e-03
3.009475642762697838e-03
2.814638730270984258e-03
2.605900404875511125e-03
2.390584657913968382e-03
2.176083862200186344e-03
1.969599297890480341e-03
1.777889168584660283e-03
1.607032936073051962e-03
1.462220226530016069e-03
1.347571696179564833e-03
1.265998120840183946e-03
1.219102630684869683e-03
1.207129496108982816e-03
1.228961235903198871e-03
1.282164122280033455e-03
1.363080458169294408e-03
1.466964360135700630e-03
1.588156252835814207e-03
1.720289921658769549e-03
1.856524826730152674e-03
1.989795493881556243e-03
2.113069197613096431e-03
2.219602858557832240e-03
2.303190103754918384e-03
2.358389781256647281e-03
2.380727869213282964e-03
2.366865650876022898e-03
2.314728208303100301e-03
2.223588677554295956e-03
2.094105258109486660e-03
1.928309624835621624e-03
1.729547094039234848e-03
1.502370586293557374e-03
1.252392048557379213e-03
9.860964898419175700e-04
7.106250960542425700e-04
4.335349746926678988e-04
1.625439007619939842e-04
-9.473103715219535368e-05
-3.310317757569467131e-04
-5.397055892210242097e-04
-7.149307818175255555e-04
-8.519138879723329658e-04
-9.470515021215068861e-04
-9.980510970988706269e-04
-1.004006623632642918e-03
-9.654262646977068100e-04
-8.842113915571850943e-04
-7.635874747222433194e-04
-6.079893829844893599e-04
-4.229050982808633778e-04
-2.146833275765744993e-04
9.688245715352991421e-06
2.428263032002866777e-04
4.772083053931140792e-04
7.054330032306366715e-04
9.204759325024277315e-04
1.115930955926799310e-03
1.286229410052097373e-03
1.426829202368101561e-03
1.534367260331874787e-03
1.606770021416065956e-03
1.643318126647814147e-03
1.644663087779769549e-03
1.612795383872289625e-03
1.550965147587380754e-03
1.463558265159437596e-03
1.355932278506715967e-03
1.234217888448408502e-03
1.105093065059789938e-03
9.755377325268619303e-04
8.525776777587935115e-04
7.430267105808822589e-04
6.532361652926969202e-04
5.888605765608860261e-04
5.546477960210027119e-04
5.542609594409370673e-04
5.901385978644355101e-04
6.633978489297635405e-04
7.737842134069689796e-04
9.196696698745060374e-04
1.098099264559358312e-03
1.304884593127435266e-03
1.534740946219248503e-03
1.781463358431245245e-03
2.038135434942260540e-03
2.297363678937116779e-03
2.551529146731450204e-03
2.793047647471771401e-03
3.014629401862103496e-03
3.209529090164815746e-03
3.371777553199566298e-03
3.496387049550553870e-03
3.579522895295892890e-03
3.618635486963292860e-03
3.612548092957886328e-03
3.561497344901648314e-03
3.467125014005920276e-03
3.332421360839128450e-03
3.161622039984615662e-03
2.960062164796123212e-03
2.733992634871529239e-03
2.490365147524604538e-03
2.236593408249516485e-03
1.980298885635045896e-03
1.729049994311126354e-03
1.490103816458670637e-03
1.270159380247983145e-03
1.075131105535869543e-03
9.099503175596188737e-04
7.784017430960145888e-04
6.830006751789060703e-04
6.249150650455268831e-04
6.039352235400212345e-04
6.184921439934689498e-04
6.657237531587838295e-04
7.415867158755413795e-04
8.410098216822191027e-04
9.580835235647116406e-04
1.086278931526302258e-03
1.218688531104206510e-03
1.348280135525897891e-03
1.468155116577359379e-03
1.571801809690814671e-03
1.653335158490710274e-03
1.707714147113420337e-03
1.730929348106419532e-03
1.720153962296908697e-03
1.673853007947562199e-03
1.591846784895149369e-03
1.475326343733306469e-03
1.326820374224636128e-03
1.150114631984650417e-03
9.501266883182962709e-04
7.327403565228747615e-04
5.046055640253739160e-04
2.729106537626763336e-04
4.513506768299852261e-05
-1.712089438409127658e-04
-3.688365547686990684e-04
-5.409434346753440054e-04
-6.814428021223025919e-04
-7.851781611721479846e-04
-8.481042703644785501e-04
-8.674300027958256176e-04
-8.417180874793254129e-04
-7.709382292598928460e-04
-6.564717344343159316e-04
-5.010674647774768188e-04
-3.087506445084907359e-04
-8.468769322626822950e-05
1.649882047462572477e-04
4.333847117030945528e-04
7.130838862288512532e-04
9.963935230403221394e-04
1.275607514379744310e-03
1.543266150980589745e-03
1.792407285320355217e-03
2.016799602448337853e-03
2.211149872815353773e-03
2.371276975180629243e-03
2.494246643803918473e-03
2.578462271877222239e-03
2.623708644225082771e-03
2.631147122697763754e-03
2.603262509560983970e-03
2.543763507909095958e-03
2.457440324343091419e-03
2.349984460874386671e-03
2.227777067617810886e-03
2.097653328907901019e-03
1.966651194431117723e-03
1.841753314418332742e-03
1.729631274708675649e-03
1.636401145287019829e-03
1.567398957601323119e-03
1.526984025548191928e-03
1.518377047028636418e-03
1.543538701701993934e-03
1.603093038811220176e-03
1.696298376550303688e-03
1.821066766507156015e-03
1.974031371704299941e-03
2.150659424436220622e-03
2.345406829432905137e-03
2.551909014970248774e-03
2.763201360678612262e-03
2.971961490626472569e-03
3.170764950243456365e-03
3.352345312796246868e-03
3.509849602029153741e-03
3.637080077821700039e-03
3.728713905701272046e-03
3.780493002188416336e-03
3.789377389241581698e-03
3.753656666036163467e-03
3.673015670299830358e-03
3.548552003148950241e-03
3.382744774718724097e-03
3.179375633881287213e-03
2.943404814235596641e-03
2.680806501864546436e-03
2.398369252970818793e-03
2.103468411585731040e-03
1.803818456283221060e-03
1.507213905938651439e-03
1.221267813491608550e-03
9.531569594336717580e-04
7.093826204541056743e-04
4.955552416254860662e-04
3.162105018726594618e-04
1.746631616339881267e-04
7.290375717192263023e-05
1.154170433367201001e-05
-1.020325167653602684e-05
5.539002211288703882e-06
5.537611482251943249e-05
1.347844579689997345e-04
2.382796815340644135e-04
3.596206067209939232e-04
4.920392611048629876e-04
6.284889448662121444e-04
7.619015877601375934e-04
8.854453330467518561e-04
9.927732790980525746e-04
1.078254621883502004e-03
1.137180061059756865e-03
1.165934237226649330e-03
1.162129126340765350e-03
1.124693688691891236e-03
1.053916606174293497e-03
9.514405889729348875e-04
8.202084334908336201e-04
6.643627077553936186e-04
4.891025692666575156e-04
3.005027261983439892e-04
1.053008832447791389e-04
-8.933887841314951464e-05
-2.760784904223143260e-04
-4.476652028785641315e-04
-5.971887071775828929e-04
-7.183270498242103454e-04
-8.055727001111683168e-04
-8.544308265152115132e-04
-8.615828071207438888e-04
-8.250092143768513690e-04
-7.440679314634286896e-04
-6.195246268471132651e-04
-4.535344802708625878e-04
-2.495757590525165149e-04
-1.233752841170595270e-05
2.524346154278007915e-04
5.381294316341080509e-04
8.374909014714525864e-04
1.142861387070253244e-03
1.446438614133391904e-03
1.740537527050101596e-03
2.017847894912203500e-03
2.271678696326329995e-03
2.496180774452661909e-03
2.686540015131772853e-03
2.839134333604871694e-03
2.951649023005107134e-03
3.023146476080180046e-03
3.054087889402618428e-03
3.046306240649566174e-03
3.002931535478725079e-03
2.928270991319572615e-03
2.827648402500375358e-03
2.707208359287254472e-03
2.573692222587285663e-03
2.434193743202539735e-03
2.295902925037701658e-03
2.165847140676057866e-03
2.050638600928729547e-03
1.956237054079277074e-03
1.887736053520792500e-03
1.849180303149433905e-03
1.843420497314677414e-03
1.872010754634214616e-03
1.935152248744711556e-03
2.031685016526429619e-03
2.159128232383745669e-03
2.313767535091406508e-03
2.490786341188929148e-03
2.684436533847765587e-03
2.888242532706416805e-03
3.095231576862431458e-03
3.298182131158714728e-03
3.489881687431313061e-03
3.663384899886185098e-03
3.812262978910071782e-03
3.930835570931280262e-03
4.014376962815760334e-03
4.059289346319877069e-03
4.063237029902970650e-03
4.025236851381570023e-03
3.945701577620952180e-03
3.826434723009592385e-03
3.670576919194313593e-03
3.482505664879828166e-03
3.267691916980815584e-03
3.032518495858155857e-03
2.784066614814673102e-03
2.529877960606486103e-03
2.277700608319249264e-03
2.035227620548428745e-03
1.809837437554626550e-03
1.608345102940926140e-03
1.436772990593190163e-03
1.300149016406188050e-03
1.202339356588979450e-03
1.145921486796292127e-03
1.132101945275467000e-03
1.160681658087936137e-03
1.230070000095181016e-03
1.337347060102991609e-03
1.478371892079440725e-03
1.647932925785425924e-03
1.839935235835853892e-03
2.047618079792712115e-03
2.263795058511901357e-03
2.481108462660412683e-03
2.692288875731816203e-03
2.890410923295531551e-03
3.069136196930445995e-03
3.222934834437885324e-03
3.347277989606462813e-03
3.438794448654173934e-03
3.495385910606055128e-03
3.516296901104046767e-03
3.502136882582817037e-03
3.454853802527287597e-03
3.377660026809751678e-03
3.274913277114308886e-03
3.151956771587124083e-03
3.014924200716626469e-03
2.870516405822608197e-03
2.725757622112945019e-03
2.587739867185460951e-03
2.463364473904813834e-03
2.359089869108257995e-03
2.280694482985557575e-03
2.233063145816552818e-03
2.220004507532759123e-03
2.244105930064983507e-03
2.306630990677221299e-03
2.407463242427809909e-03
2.545098257820576498e-03
2.716684290377410511e-03
2.918110185543170906e-03
3.144137516709318535e-03
3.388572372229160540e-03
3.644470829407233780e-03
3.904370970283746467e-03
4.160543362995150485e-03
4.405251284202914459e-03
4.631011615267204354e-03
4.830847319519445716e-03
4.998522701053083675e-03
5.128753246644229130e-03
5.217382740676651531e-03
5.261521487163266231e-03
5.259640833045665757e-03
5.211620715267121715e-03
5.118748597112138601e-03
4.983669859427865279e-03
4.810291410029659057e-03
4.603641910371001136e-03
4.369693535122360500e-03
4.115151524528982800e-03
3.847218914216666251e-03
3.573344693090694212e-03
3.300964216798246871e-03
3.037240971704251429e-03
2.788818733109514267e-03
2.561592793331132246e-03
2.360508263185506685e-03
2.189392497932272745e-03
2.050827499247085805e-03
1.946066740341610701e-03
1.874999301171129291e-03
1.836162539451318809e-03
1.826802819173275853e-03
1.842982131186975733e-03
1.879726829351544871e-03
1.931213227194266855e-03
1.990983505802712203e-03
2.052184319159093551e-03
2.107819685626240169e-03
2.151009251765797613e-03
2.175242824729948371e-03
2.174622198781421198e-03
2.144081745538382270e-03
2.079579980756352670e-03
1.978255336809682519e-03
1.838540623908763248e-03
1.660232110550495825e-03
1.444510744027739570e-03
1.193914709290608148e-03
9.122642302755572816e-04
6.045411922196928514e-04
2.767277477796149169e-04
-6.439049154516204810e-05
-4.114498345449682710e-04
-7.567546128034955549e-04
-1.092535431090632973e-03
-1.411210562147697731e-03
-1.705641369642344222e-03
-1.969372849596141752e-03
-2.196850899140694383e-03
-2.383608733880790073e-03
-2.526415952981193695e-03
-2.623385056593050338e-03
-2.674031707665471685e-03
-2.679286647441925934e-03
-2.641458864365246219e-03
-2.564151320491292983e-03
-2.452132198133040019e-03
-2.311166184221139994e-03
-2.147811706310235897e-03
-1.969191223367006659e-03
-1.782742614792317670e-03
-1.595960369623749793e-03
-1.416135631479261900e-03
-1.250104191164051314e-03
-1.104011236713968967e-03
-9.831010798936950720e-04
-8.915391995237052867e-04
-8.322728062815996485e-04
-8.069347806235124820e-04
-8.157943126256943234e-04
-8.577559332315089734e-04
-9.304069280621132115e-04
-1.030111427133798170e-03
-1.152147826026635614e-03
-1.290884673668630384e-03
-1.439988812222527635e-03
-1.592658422891449340e-03
-1.741872757456896896e-03
-1.880649749660424312e-03
-2.002302423666780552e-03
-2.100685058506856183e-03
-2.170420426135551053e-03
-2.207100083982771292e-03
-2.207450647383663728e-03
-2.169460159948275770e-03
-2.092460078974933343e-03
-1.977159949397185035e-03
-1.825633498937529863e-03
-1.641256590975706531e-03
-1.428599160412435736e-03
-1.193274872335329650e-03
-9.417537269870219401e-04
-6.811441353948474156e-04
-4.189520624508329127e-04
-1.628256406381995130e-04
7.970583028504168478e-05
3.014893824729958198e-04
4.959933822859098704e-04
6.575314744389558312e-04
7.814576411566225272e-04
8.643255580608321265e-04
9.040066759469678366e-04
8.997629001826373298e-04
8.522713266661265889e-04
7.636001695051601460e-04
6.371367221017938936e-04
4.774698703747245554e-04
2.902312656673415939e-04
8.190070982150402272e-05
-1.404174446720993208e-04
-3.692390644059850412e-04
-5.969576212499311208e-04
-8.161052028158876943e-04
-1.019608031199965761e-03
-1.201027569496603215e-03
-1.354778803495803588e-03
-1.476318088505435954e-03
-1.562294020252273045e-03
-1.610656086836134444e-03
-1.620717340245635737e-03
-1.593168939066444889e-03
-1.530046102188464905e-03
-1.434646717382960252e-03
-1.311405508854465805e-03
-1.165728226092866641e-03
-1.003791717951255493e-03
-8.323169517379013166e-04
-6.583229853288943530e-04
-4.888705676540912402e-04
-3.308044059984624691e-04
-1.905031846724570838e-04
-7.364614712549117162e-05
1.499552794148074908e-05
7.173519608261375892e-05
9.410883018296412224e-05
8.096983199628845010e-05
3.253720538427731096e-05
-4.960463896802862899e-05
-1.625544802193554673e-04
-3.021896195727133546e-04
-4.633046416490500764e-04
-6.397887738587395342e-04
-8.248356569226654618e-04
-1.011178200683653886e-03
-1.191340316928040819e-03
-1.357896726043706639e-03
-1.503731747837460265e-03
-1.622288018777706762e-03
-1.707796427215714334e-03
-1.755479212548502563e-03
-1.761719110904455023e-03
-1.724188615956476992e-03
-1.641934817354343554e-03
-1.515416832191699998e-03
-1.346494502484336638e-03
-1.138368735768830256e-03
-8.954755569356501188e-04
-6.233375580495262519e-04
-3.283779224786781111e-04
-1.770350797189842095e-05
3.011354454419977499e-04
6.204006005784076534e-04
9.324268963578287613e-04
1.229880893434521279e-03
1.506007084771453924e-03
1.754853587509237452e-03
1.971469356808638190e-03
2.152066061850298976e-03
2.294139003819822657e-03
2.396542892045810686e-03
2.459519877155805310e-03
2.484678913706175971e-03
2.474927230578420970e-03
2.434356365739328946e-03
2.368086813924920667e-03
2.282076785643888557e-03
2.182901832802780408e-03
2.077513116191508254e-03
1.972982837298091398e-03
1.876245805267117003e-03
1.793846243573225590e-03
1.731698755469521841e-03
1.694871869000751053e-03
1.687401788812269892e-03
1.712142920956680756e-03
1.770660445592453199e-03
1.863168736144920961e-03
1.988517813906101345e-03
2.144228340602522508e-03
2.326573947270720814e-03
2.530708035580983041e-03
2.750830625803760057e-03
2.980389418669493994e-03
3.212308035749843714e-03
3.439233446845828875e-03
3.653793916728298972e-03
3.848858431149304333e-03
4.017788506397553666e-03
4.154673549774941070e-03
4.254541511022267609e-03
4.313537426871656179e-03
4.329063582357118439e-03
4.299876353992573320e-03
4.226136314437558585e-03
4.109409812759931904e-03
3.952621941612642804e-03
3.759962503110067435e-03
3.536748229345465511e-03
3.289246043734500840e-03
3.024463512090730302e-03
2.749913779797309287e-03
2.473363183436821412e-03
2.202570330530697479e-03
1.945025738419634215e-03
1.707701102373375456e-03
1.496816924492783748e-03
1.317636590726671856e-03
1.174294055949996578e-03
1.069661119038061055e-03
1.005258882504544678e-03
9.812164431653583926e-04
9.962782056928778419e-04
1.047859507813630065e-03
1.132148553953605998e-03
1.244251032633118901e-03
1.378372298672033390e-03
1.528030686639945306e-03
1.686294433033389169e-03
1.846033859532982511e-03
2.000179937291465294e-03
2.141980131174130945e-03
2.265242520949446118e-03
2.364559610160322893e-03
2.435503948283838926e-03
2.474788682744705724e-03
2.480387389645437139e-03
2.451608962516720926e-03
2.389124916833846538e-03
2.294948139161246108e-03
2.172363815001711156e-03
2.025814948968688266e-03
1.860746485897877417e-03
1.683413496058919559e-03
1.500660150731949723e-03
1.319677241798078091e-03
1.147746754638402167e-03
9.919824610464368989e-04
8.590756419879246779e-04
7.550548738574780353e-04
6.850683225404978309e-04
6.531962042224050309e-04
6.623000180003980452e-04
7.139138698605933253e-04
8.081817355169329965e-04
9.438429025378351246e-04
1.118266146413846246e-03
1.327531489804942115e-03
1.566556728899336053e-03
1.829264343961947183e-03
2.108782997646307163e-03
2.397676614012550066e-03
2.688193065852188899e-03
2.972523811689410916e-03
3.243065440751089976e-03
3.492674017694424784e-03
3.714903371280653659e-03
3.904219033640785909e-03
4.056180389586012264e-03
4.167584708689794568e-03
4.236568067602754575e-03
4.262659679488699921e-03
4.246787778703293818e-03
4.191236904721580732e-03
4.099558130438434901e-03
3.976435426715874827e-03
3.827512889738413516e-03
3.659188926595352814e-03
3.478384649582020281e-03
3.292294630537775067e-03
3.108128781564280241e-03
2.932854436156153224e-03
2.772947694360631057e-03
2.634162767444337035e-03
2.521327423198028560e-03
2.438171714699920601e-03
2.387196005280844621e-03
2.369582921609005542e-03
2.385156323642478957e-03
2.432388728776802532e-03
2.508456925729436304e-03
2.609343821203621242e-03
2.729982938487071631e-03
2.864440488787154630e-03
3.006128615805841921e-03
3.148042318097290463e-03
3.283011720549182128e-03
3.403960825098833586e-03
3.504163640517796597e-03
3.577488679858433634e-03
3.618623218856703225e-03
3.623269415059386309e-03
3.588305370947765527e-03
3.511905450411671997e-03
3.393615583634797608e-03
3.234380870834832437e-03
3.036524465165502985e-03
2.803678420924594211e-03
2.540668875254138964e-03
2.253359530829971910e-03
