-9.872354686452067783e-04 -7.306835180150687576e-04
-1.000033880045773232e-03 -9.638861616392508736e-04
-9.079144396988363770e-04 -1.053857954160290549e-03
-7.478625480186086453e-04 -9.716442620287305508e-04
-5.686968522958865810e-04 -7.207564027968271650e-04
-4.216341187681640272e-04 -3.366749851419885702e-04
-3.504349093261312654e-04 1.196981886610173418e-04
-3.829977943611944909e-04 5.734024238588408037e-04
-5.259946549992528669e-04 9.494458453944702898e-04
-7.635629023448953830e-04 1.186844985960090531e-03
-1.060301388775509871e-03 1.250020358496178614e-03
-1.368001041202239086e-03 1.135392597421670553e-03
-1.634833283532337615e-03 8.719322989982714132e-04
-1.815253203752969103e-03 5.155612839863433312e-04
-1.878738436995510113e-03 1.384669315072851103e-04
-1.815704647664182284e-03 -1.846458803624015680e-04
-1.639472677357953255e-03 -3.907611524045094716e-04
-1.383909743655864976e-03 -4.405259211484149656e-04
-1.097186027658013027e-03 -3.257246359838441479e-04
-8.328235079855675696e-04 -7.083853270301916248e-05
-6.397267158552780164e-04 2.716049203644004114e-04
-5.530780988609649120e-04 6.310112943688723835e-04
-5.878173416771130620e-04 9.321367201707865795e-04
-7.359352205582043571e-04 1.109401905732315631e-03
-9.680908978436263872e-04 1.119390919035839673e-03
-1.239243618106339664e-03 9.491665102412858400e-04
-1.497230402395133492e-03 6.188256977149602820e-04
-1.692664315957866615e-03 1.778097917305871962e-04
-1.788278663569562495e-03 -3.043344854027063280e-04
-1.765948220359363392e-03 -7.509954926908463070e-04
-1.630059291840380530e-03 -1.092871639416617994e-03
-1.406592546148705382e-03 -1.280960934643619268e-03
-1.138095087661357982e-03 -1.295707427917344246e-03
-8.754972670939146226e-04 -1.150574387169585149e-03
-6.683277238684876389e-04 -8.893691773176748546e-04
-5.551838945965914670e-04 -5.778277206353972170e-04
-5.562671848271167653e-04 -2.910531522637924964e-04
-6.694012857260667453e-04 -9.918805994932474671e-05
-8.702926991473207072e-04 -5.403392658943537673e-05
-1.116989262590599094e-03 -1.791518043104664342e-04
-1.357697427797206020e-03 -4.653188577709228054e-04
-1.540482780165364739e-03 -8.722010832691948906e-04
-1.623021276026213704e-03 -1.335925298330883828e-03
-1.580558537251268783e-03 -1.781116299658181204e-03
-1.410573213901495076e-03 -2.135119441638311417e-03
-1.133263789648285150e-03 -2.341714921210747390e-03
-7.877682343544580371e-04 -2.371726167137154159e-03
-4.248330206265510888e-04 -2.228512740574232782e-03
-9.731940948669531941e-05 -1.947306729062983155e-03
1.496565188881835784e-04 -1.588517354235632374e-03
2.870851800679396376e-04 -1.226270668513368151e-03
3.073458583169870299e-04 -9.343535068035402867e-04
2.254136075680692516e-04 -7.722224325304119117e-04
7.576650111118803273e-05 -7.737262015078356708e-04
-9.441624717325956036e-05 -9.406765880594247136e-04
-2.344719749637601009e-04 -1.242484547406995897e-03
-3.001369590121268191e-04 -1.621930419540037419e-03
-2.622162644279460225e-04 -2.005975620816368484e-03
-1.123932867470331474e-04 -2.319568886930530038e-03
1.349271815475622119e-04 -2.499833326470774376e-03
4.450973476263235442e-04 -2.507948641104803221e-03
7.695627464760082873e-04 -2.336479482190807928e-03
1.054862095967084483e-03 -2.010763364445855052e-03
1.252591424662617085e-03 -1.584096521023037113e-03
1.328449969683120468e-03 -1.127630525116384312e-03
1.268658390255080187e-03 -7.168940268848229651e-04
1.082536444511090091e-03 -4.174929301936263285e-04
8.007534485376812490e-04 -2.726977982915153786e-04
4.695831337043520400e-04 -2.952698257244886978e-04
1.422500452422578178e-04 -4.650740498443318950e-04
-1.309956455645402626e-04 -7.329325856341743425e-04
-3.121981875322107566e-04 -1.029989044950664970e-03
-3.826498551853016309e-04 -1.280811664969743521e-03
-3.461656686495933255e-04 -1.417754614844527524e-03
-2.280640641694458431e-04 -1.393858534701065749e-03
-7.005202241657835865e-05 -1.191847729222066197e-03
7.801085307349530078e-05 -8.275202615326850402e-04
1.679034508841441569e-04 -3.468885798746489525e-04
1.625288372963202763e-04 1.823887064399971468e-04
4.329154239847909317e-05 6.836626866342068775e-04
-1.860373517931669250e-04 1.085642801182338298e-03
-4.997059905939133483e-04 1.335723244650615987e-03
-8.545518980327621375e-04 1.409765903303895982e-03
-1.197897251840002912e-03 1.316489747721092188e-03
-1.477279802398603469e-03 1.095637959559622948e-03
-1.650181600677109311e-03 8.102722695920265561e-04
-1.691917216582507384e-03 5.346559526083054801e-04
-1.600190652607716597e-03 3.400221410450991483e-04
-1.395459925915134864e-03 2.809244572569326174e-04
-1.117041088861410892e-03 3.847566273713968988e-04
-8.156891867231072209e-04 6.464276129061633045e-04
-5.440597629141641920e-04 1.029202501091672824e-03
-3.468549065064528659e-04 1.471551782779714291e-03
-2.525167022897927731e-04 1.898713799791059559e-03
-2.680371603563377414e-04 2.236782507336874861e-03
-3.778629049461039685e-04 2.426654282679934892e-03
-5.470969565058063713e-04 2.435193894220968967e-03
-7.283857690054756310e-04 2.261505923760978760e-03
-8.711814561903670094e-04 1.937124285746646317e-03
-9.316190857409352519e-04 1.520083634331831617e-03
-8.811322873068886405e-04 1.083994463302303222e-03
-7.121693194421068991e-04 7.041893535958617138e-04
-4.399209432122197570e-04 4.435620693050515992e-04
-9.972694919176084902e-05 3.407790951783585057e-04
2.593531034546044567e-04 4.030937664347116877e-04
5.835925017874856596e-04 6.051214508894626164e-04
8.245635217524233292e-04 8.938053564541738067e-04
9.481335460302975663e-04 1.198630219783905927e-03
9.407904397553519754e-04 1.445147375554627685e-03
8.121012587596801013e-04 1.569247681428972887e-03
5.928395629951714856e-04 1.529477197811450169e-03
3.291358007999511297e-04 1.315061184446868984e-03
7.375734129071252060e-05 9.481146814248745443e-04
-1.238326255681359645e-04 4.796188069041378140e-04
-2.267576673687366189e-04 -2.007750626229740142e-05
-2.175979133204237765e-04 -4.744338261603749910e-04
-1.015503125227561567e-04 -8.150794068264157833e-04
9.471450649519526019e-05 -9.946414226864477934e-04
3.282773918652144595e-04 -9.956123862616464686e-04
5.482832815989356796e-04 -8.335785415955317352e-04
7.057619980571647536e-04 -5.541984470419415460e-04
7.630923872017352384e-04 -2.245040241353398760e-04
7.013126139333802044e-04 7.982896278495548847e-05
5.238874638713492170e-04 2.888312028928869258e-04
2.562146778298035133e-04 3.514945669845896421e-04
-5.904041317400719161e-05 2.454226654494290902e-04
-3.699022178729140698e-04 -1.894868998021767732e-05
-6.248304335314698848e-04 -4.003587088572298767e-04
-7.824106902240360057e-04 -8.345748225860338300e-04
-8.191567190328246295e-04 -1.246603184980075735e-03
-7.339471785386293950e-04 -1.564942733772143463e-03
-5.482566189628436566e-04 -1.735182140606559426e-03
-3.021355760435724138e-04 -1.730363438383432590e-03
-4.669885746251184792e-05 -1.556148407593290102e-03
1.654585106387996369e-04 -1.249807987843147691e-03
2.901064863632560830e-04 -8.732246934448437831e-04
2.996262758904479052e-04 -5.012317597424438553e-04
1.881007425727670751e-04 -2.074958556914040502e-04
-2.771011591628125704e-05 -5.061546351613178344e-05
-3.116883813903281340e-04 -6.306636664687602280e-05
-6.153386302547899766e-04 -2.450868120757865440e-04
-8.871028619174429813e-04 -5.646598562792199631e-04
-1.082241362577698613e-03 -9.635962019952956474e-04
-1.171404023118581507e-03 -1.368566010230658214e-03
-1.146264961277650065e-03 -1.704991368413360468e-03
-1.021149843958972210e-03 -1.911169675583933303e-03
-8.303446780559369227e-04 -1.949954674932295653e-03
-6.215932407341391488e-04 -1.815784459373417968e-03
-4.470127778813311756e-04 -1.535726901149678161e-03
-3.531473037546962535e-04 -1.164345768625698685e-03
-3.720420436840910124e-04 -7.733607976154649498e-04
-5.150301555152596127e-04 -4.380606522529074910e-04
-7.704102401816603860e-04 -2.230424247463171214e-04
-1.105457333316878883e-03 -1.699787085587254644e-04
-1.472390349839935953e-03 -2.897292294827750851e-04
-1.817170518608262784e-03 -5.602912586393905912e-04
-2.089469891816111893e-03 -9.309773474339515503e-04
-2.251927920404082732e-03 -1.332029670238556694e-03
-2.286949211907211756e-03 -1.687850717284298217e-03
-2.199761346188034566e-03 -1.931345181569077158e-03
-2.017159830660981978e-03 -2.016657308000179873e-03
-1.782183837341026061e-03 -1.927891591478821803e-03
-1.545736670560813935e-03 -1.682165037346860202e-03
-1.356743116271155562e-03 -1.326412274002813614e-03
-1.252712445138402710e-03 -9.285474605545334737e-04
-1.252498507407629261e-03 -5.646552452531060796e-04
-1.352631712031948782e-03 -3.046347389561874976e-04
-1.527920619461302018e-03 -1.990132547549251091e-04
-1.736211604564256387e-03 -2.694250033940336466e-04
-1.926406810680450152e-03 -5.045559815304776190e-04
-2.048222686595447314e-03 -8.623213439876227689e-04
-2.061840801443256491e-03 -1.277861571164888533e-03
-1.945621993409388196e-03 -1.675842144836008074e-03
-1.700420592566718797e-03 -1.984726800282540348e-03
-1.349678258421542184e-03 -2.150320965319624418e-03
-9.352752082064767509e-04 -2.146020426283062020e-03
-5.099191670152781889e-04 -1.977824355183953851e-03
-1.275073068862490086e-04 -1.683163413091573208e-03
1.667202358621007680e-04 -1.323764956816702101e-03
3.443775430171181818e-04 -9.739066387906856808e-04
3.989355460052070859e-04 -7.062830913337340196e-04
3.465897767819291556e-04 -5.781625615069853428e-04
2.228357481693203374e-04 -6.204556987013595815e-04
7.540700964393887780e-05 -8.317675406036025400e-04
-4.508069188538201726e-05 -1.178560443398088148e-03
-9.500182475360280897e-05 -1.601398857326330125e-03
-4.623548586379531630e-05 -2.026095491686345177e-03
1.082949616192691207e-04 -2.377650536492254517e-03
3.531097756298643689e-04 -2.594346885257668364e-03
6.529775382443061193e-04 -2.639334827422725512e-03
9.595076364152656072e-04 -2.507515014274201703e-03
1.220283245717195247e-03 -2.226418639932107278e-03
1.388805424820977776e-03 -1.850920187091496631e-03
1.433364265884986459e-03 -1.452785621223846076e-03
1.343155177787725687e-03 -1.107036545259485177e-03
1.130479074607143369e-03 -8.777134646257154149e-04
8.286059276523825888e-04 -8.057348554183787169e-04
4.857015668331584853e-04 -9.011516606224266547e-04
1.559624319955987392e-04 -1.141264322500671691e-03
-1.103688523380532294e-04 -1.474959116426998113e-03
-2.762226715516874270e-04 -1.832442626046503365e-03
-3.244171198636708765e-04 -2.138530740785711017e-03
-2.606032640467410540e-04 -2.326975175480514892e-03
-1.118897289623414977e-04 -2.353113716408929135e-03
7.858669904097021950e-05 -2.202447453641534665e-03
2.601104415256683773e-04 -1.893519141291157351e-03
3.842510634934790878e-04 -1.474545590692594079e-03
4.142690861807511618e-04 -1.014439413608175062e-03
3.322784307700248812e-04 -5.899176296759472580e-04
1.428058396962532568e-04 -2.711355159797380334e-04
-1.279292558739879467e-04 -1.085633116957077614e-04
-4.368796969121321047e-04 -1.235880991050216033e-04
-7.322599192196334317e-04 -3.046178933339996299e-04
-9.633277500408851278e-04 -6.094232231716284172e-04
-1.090005469107063968e-03 -9.732705336581496097e-04
-1.090516544421461613e-03 -1.321305212438636609e-03
-9.655894088366927860e-04 -1.582837571791696372e-03
-7.384289522474449165e-04 -1.704825030129841421e-03
-4.504571452671313051e-04 -1.661996200344714779e-03
-1.536247902160478075e-04 -1.461698725018534782e-03
9.925475888304739454e-05 -1.142552044333669135e-03
2.643248099804518768e-04 -7.671596229296018948e-04
3.148035876217980100e-04 -4.102603361497106794e-04
2.458697541398432518e-04 -1.445626746078590387e-04
7.539545357668621210e-05 -2.694456455252700576e-05
-1.596068247548068652e-04 -8.763274326843326859e-05
-4.101460609204482782e-04 -3.244117848914512391e-04
-6.246629214807762360e-04 -7.029607885633852495e-04
-7.589030223185922949e-04 -1.163255690310297614e-03
-7.843809479886912307e-04 -1.630826802953468406e-03
-6.938303814982252522e-04 -2.030741972438304330e-03
-5.026072130817210715e-04 -2.301669718434421440e-03
-2.457796498723378614e-04 -2.407361605472024303e-03
2.854313439292537817e-05 -2.343381728296630318e-03
2.683792072415295063e-04 -2.137811075305352110e-03
4.278007796406522664e-04 -1.845795283679432710e-03
4.757372801086928076e-04 -1.538969939926344496e-03
4.019842745685618755e-04 -1.291767406946374690e-03
2.192764797554291965e-04 -1.167199530079711736e-03
-3.897202499812651283e-05 -1.204809684593563957e-03
-3.248371897022227011e-04 -1.413076691349663587e-03
-5.848007452928813497e-04 -1.767709948922479776e-03
-7.697291871424062019e-04 -2.216159369310670684e-03
-8.440315647327491407e-04 -2.687486642151120687e-03
-7.922670398917171361e-04 -3.105728880749456747e-03
-6.219558184826564241e-04 -3.404224116600592428e-03
-3.620655663779541499e-04 -3.538185693361888852e-03
-5.746374262374612951e-05 -3.493143923364782841e-03
2.396105240703381967e-04 -3.287655695103293071e-03
4.794378259609030635e-04 -2.969767943194553169e-03
6.241986991782589797e-04 -2.607903532989076876e-03
6.550659864450374473e-04 -2.277894226485879456e-03
5.756668179943110267e-04 -2.048614984412003986e-03
4.112600298031993400e-04 -1.968938748608031839e-03
2.037869801565748984e-04 -2.058480869842032289e-03
3.735877190487663698e-06 -2.303884834281538785e-03
-1.396362111666049296e-04 -2.661351766085006364e-03
-1.878679080617732177e-04 -3.064934010760080822e-03
-1.208287740365213093e-04 -3.439021779493600314e-03
5.920679822020555230e-05 -3.712658002518178998e-03
3.277240204152658811e-04 -3.832970519246706610e-03
6.423451829880600381e-04 -3.775178055231668758e-03
9.505973064369312425e-04 -3.547275425903939627e-03
1.199605252564625319e-03 -3.188511169052767220e-03
1.345880934401225484e-03 -2.761946490734802119e-03
1.363360832536109806e-03 -2.342505351913303120e-03
1.248175266410828533e-03 -2.002779437903679568e-03
1.019251064554549304e-03 -1.799276942176864132e-03
7.146374134172487399e-04 -1.761720073602087138e-03
3.842535680517509102e-04 -1.887418909204152803e-03
8.043367011311374198e-05 -2.141788001286214996e-03
-1.519399307787231627e-04 -2.464909020957945385e-03
-2.838464976922641160e-04 -2.782897905426732175e-03
-3.074883106338791548e-04 -3.021925225611282219e-03
-2.375902250598404002e-04 -3.122236050899943136e-03
-1.083939352951385150e-04 -3.049515589447508637e-03
3.308048162878112972e-05 -2.801449320416003752e-03
1.362256126208947322e-04 -2.408236064179568574e-03
1.567451054817049858e-04 -1.926957190216833579e-03
6.537957740317828798e-05 -1.430868178827914786e-03
-1.461983855314064398e-04 -9.956398306956628502e-04
-4.634430127062469850e-04 -6.851536119999567659e-04
-8.513224810861807178e-04 -5.395396819461695768e-04
-1.260589540474289999e-03 -5.677211901863707562e-04
-1.636755391573049313e-03 -7.458749343404175300e-04
-1.930074471774936330e-03 -1.022098038919413195e-03
-2.104655964925554804e-03 -1.326395093934759021e-03
-2.144982630198776982e-03 -1.584092682460407683e-03
-2.058607770125109575e-03 -1.730139185643866928e-03
-1.874524031366180295e-03 -1.721580067638629405e-03
-1.637516400758716895e-03 -1.545844262907806414e-03
-1.399571229972549962e-03 -1.223270414676096238e-03
-1.209969611928354751e-03 -8.033923744432361781e-04
-1.105941592885150955e-03 -3.556850589066922483e-04
-1.105650565835049511e-03 4.347927013648042677e-05
-1.204835051596008302e-03 3.251965933848456895e-04
-1.377741657307883505e-03 4.410004303439729535e-04
-1.582169608955573056e-03 3.719808407540756254e-04
-1.767667907919148827e-03 1.323278663144614739e-04
-1.885328446187064643e-03 -2.333705060302574612e-04
-1.897315533154093903e-03 -6.585636308799123605e-04
-1.784321620010010084e-03 -1.067309373072187519e-03
-1.549531242304790857e-03 -1.388601099174757974e-03
-1.218336085206882767e-03 -1.569738373921387552e-03
-8.338484760896363451e-04 -1.586210685879705902e-03
-4.490562107590530911e-04 -1.446224113760207278e-03
-1.170977749498511235e-04 -1.189015493426445833e-03
1.185067227695710203e-04 -8.772752266117360550e-04
2.318246958770891282e-04 -5.851155950690914258e-04
2.191762553381579695e-04 -3.838650489289890597e-04
9.961620871399982143e-05 -3.283807006592469541e-04
-8.885508335241146878e-05 -4.464732242945635733e-04
-2.966321036531165416e-04 -7.334491061570281049e-04
-4.720044053249098010e-04 -1.152806293419017525e-03
-5.710171704921852007e-04 -1.642954192230430648e-03
-5.658252376144607115e-04 -2.128688273579735796e-03
-4.499598259066028122e-04 -2.535249228002143911e-03
-2.395125508248271496e-04 -2.802307133271420350e-03
2.998488285325708318e-05 -2.895225137254743564e-03
3.103912267540671595e-04 -2.811472047975408992e-03
5.501992422928525788e-04 -2.580971467763997721e-03
7.044375781869679533e-04 -2.260322843424255723e-03
7.433511653681003492e-04 -1.921989724771213564e-03
6.582112491612899250e-04 -1.640503032386020701e-03
4.631494625576832846e-04 -1.478291913541305170e-03
1.926631395136107420e-04 -1.473824902091974134e-03
-1.047411615437331080e-04 -1.634306324844614616e-03
-3.755674392470505067e-04 -1.934310101600788612e-03
-5.713101218987290701e-04 -2.320608628427163651e-03
-6.575084613480981863e-04 -2.722281220356190332e-03
-6.201644440561767920e-04 -3.064186760936271452e-03
-4.683116737531421540e-04 -3.281248070012900489e-03
-2.322506814116661407e-04 -3.330841686779951669e-03
4.221414765970970834e-05 -3.200945384964942481e-03
3.024445582513908266e-04 -2.912498882889079030e-03
4.989042063848240453e-04 -2.515528820449179463e-03
5.944801927265889064e-04 -2.079769723930224336e-03
5.714273387019232816e-04 -1.681554847627179635e-03
4.346230362441347306e-04 -1.389457157688529527e-03
2.105197646300232194e-04 -1.251397555082465899e-03
-5.800238683221828058e-05 -1.285659853003650981e-03
-3.199040266901867144e-04 -1.477512556401352345e-03
-5.258051481650315249e-04 -1.782076129583838294e-03
-6.374899593257621474e-04 -2.132892138081852323e-03
-6.352929651899489900e-04 -2.454571277414982489e-03
-5.219626418414507031e-04 -2.677125228130774505e-03
-3.222661913293485580e-04 -2.749268683457387497e-03
-7.840561397143912497e-05 -2.648173093586683301e-03
1.578910762506246937e-04 -2.383825690622265112e-03
3.351095198866376932e-04 -1.997168962055930700e-03
4.116782350563747122e-04 -1.552373510625251404e-03
3.638473112168678024e-04 -1.124708188250449822e-03
1.902261230422748733e-04 -7.863051724914738505e-04
-8.787856117221210742e-05 -5.925163759035774339e-04
-4.303883278900568756e-04 -5.714457145444034247e-04
-7.859004692210768903e-04 -7.186404637188466239e-04
-1.101248744799235724e-03 -9.979480367483561151e-04
-1.331370059426099581e-03 -1.348377012663802077e-03
-1.447612458721890798e-03 -1.695664193855622899e-03
-1.442915717018184319e-03 -1.966358211506285657e-03
-1.332888587295262724e-03 -2.101753487157107664e-03
-1.152584242562406476e-03 -2.069036471996963007e-03
-9.495903441824849692e-04 -1.867533700685048174e-03
-7.747482168738830180e-04 -1.528878418714315181e-03
-6.722646079543569955e-04 -1.111063819650300131e-03
-6.710944330943684286e-04 -6.875082867449050332e-04
-7.792320021852803136e-04 -3.332023385899976183e-04
-9.819971082214704917e-04 -1.105594241050677790e-04
-1.244645428082471333e-03 -5.764867897129931015e-05
-1.518813279022876135e-03 -1.810366307864600451e-04
-1.751580071199469041e-03 -4.545920365160748596e-04
-1.895435401909554901e-03 -8.244788235386949372e-04
-1.917265640394217284e-03 -1.219390316522625702e-03
-1.804659636136519453e-03 -1.564085462813212231e-03
-1.568339866728649329e-03 -1.793662553809454146e-03
-1.240258006156578878e-03 -1.865866361726101208e-03
-8.677138453373854773e-04 -1.769097088998093908e-03
-5.046085110083202169e-04 -1.524603524302868725e-03
-2.014846378271168987e-04 -1.182444186099751438e-03
3.765005796555810115e-06 -8.119804742785841946e-04
9.276627404120648800e-05 -4.887014731654356747e-04
6.981500587288055936e-05 -2.798749562257598668e-04
-3.927935645195963841e-05 -2.317417360642667640e-04
-1.924321873633283604e-04 -3.606786097412697546e-04
-3.396052867899997736e-04 -6.500040168676205063e-04
-4.326289925122831946e-04 -1.053032370480427990e-03
-4.346581233747269773e-04 -1.501800090393922782e-03
-3.274646982084960319e-04 -1.919812654140406246e-03
-1.151804002838431725e-04 -2.236400788719712738e-03
1.762254598291353950e-04 -2.399969384260655907e-03
5.036385906681342412e-04 -2.387632479186341423e-03
8.147786248922174500e-04 -2.209412029020233273e-03
1.057956853669257333e-03 -1.906207556449097344e-03
1.191767670668975911e-03 -1.541923290169612245e-03
1.192880264750987955e-03 -1.191245699780590309e-03
1.060455905580902879e-03 -9.253879337909726686e-04
8.163541733374870884e-04 -7.985025950504659117e-04
5.010878857430649345e-04 -8.373376344678167818e-04
1.662904890143079243e-04 -1.036095882292861932e-03
-1.348809067942645509e-04 -1.357473181168123355e-03
-3.575936780158013974e-04 -1.739679862820713366e-03
-4.735790987817383910e-04 -2.108117015092650717e-03
-4.762083938043868239e-04 -2.389497220767154099e-03
-3.814503414367550376e-04 -2.525736192286103920e-03
-2.245355464386867975e-04 -2.484984713660320921e-03
-5.296564596296042733e-05 -2.267711412658574791e-03
8.280218329514337037e-05 -1.906683677961831802e-03
1.392250229740613294e-04 -1.460849129912908948e-03
8.822326779684417416e-05 -1.004274724845255094e-03
-7.721560967345120815e-05 -6.122361717128339993e-04
-3.414449320577803409e-04 -3.470897036744164483e-04
-6.688844842280832100e-04 -2.465992548961071663e-04
-1.010551887910331138e-03 -3.169269960310660368e-04
-1.313166237429053574e-03 -5.316120608866571444e-04
-1.529102674092680395e-03 -8.367283725044589353e-04
-1.625314587030940883e-03 -1.161242448048822266e-03
-1.589534724076845660e-03 -1.430607462034095851e-03
-1.432580850529956065e-03 -1.581017107772042475e-03
-1.186328323999061036e-03 -1.571617948477015440e-03
-8.977315673589733071e-04 -1.392365646412113515e-03
-6.200237379325769516e-04 -1.066035489455354184e-03
-4.027574286138965514e-04 -6.440047781018502001e-04
-2.825680035980214803e-04 -1.966042407467587000e-04
-2.764037787357732836e-04 2.001356665761703938e-04
-3.784997447818136645e-04 4.788347461181420724e-04
-5.616624334737053796e-04 5.934925688959930739e-04
-7.826171047273745504e-04 5.281872318486823458e-04
-9.903992689770013593e-04 3.000959513567880046e-04
-1.136196288671711442e-03 -4.373510213249290671e-05
-1.182770544091938259e-03 -4.352610570083794003e-04
-1.111675328821891710e-03 -7.982703241422591618e-04
-9.268931570808251579e-04 -1.062750009647965913e-03
-6.542042442644177471e-04 -1.178066260835319021e-03
-3.364021346357388325e-04 -1.122465570410803885e-03
-2.526054152397744614e-05 -9.070998015508559319e-04
2.282286180618632154e-04 -5.738147272814188640e-04
3.834978990271017377e-04 -1.871228310829263161e-04
4.181014335078779651e-04 1.781176381747948448e-04
3.320077984665160444e-04 4.509823601538043487e-04
1.476737950500619937e-04 5.780135732056379538e-04
-9.411756945611570563e-05 5.334414051671658268e-04
-3.418702356912333264e-04 3.241568179174375867e-04
-5.430018338555429782e-04 -1.150695899483991386e-05
-6.536656700855831550e-04 -4.109550590837404076e-04
-6.469130093430865711e-04 -7.991150668688014932e-04
-5.176552134365996691e-04 -1.102594012146508769e-03
-2.834913457210243184e-04 -1.263528107777974353e-03
1.875032073836994028e-05 -1.250502944870742102e-03
3.400970969897735598e-04 -1.064476289363474335e-03
6.287969165731804606e-04 -7.385816407607197469e-04
8.401863152476417209e-04 -3.318491890987639373e-04
9.451894416693882705e-04 8.196762790426521342e-05
9.358360976345319725e-04 4.283451698895608672e-04
8.267519925538245303e-04 6.460812710800090900e-04
6.523378317801432555e-04 6.988584507118748412e-04
4.601709843774404347e-04 5.820904032838207856e-04
3.018795651872757928e-04 3.237566556606992583e-04
2.232182107400583959e-04 -2.093139968068904409e-05
2.552268199418973637e-04 -3.800219097370734060e-04
4.081492630206616859e-04 -6.784837315956422643e-04
6.692671966757688523e-04 -8.524495917000271062e-04
1.005063467432419644e-03 -8.613433731924616168e-04
1.367310377080482560e-03 -6.955944629740112416e-04
1.701935428418801209e-03 -3.784778721314899664e-04
1.958991662832731181e-03 3.826865043750495672e-05
2.101850813868110651e-03 4.842207363077042021e-04
2.113884754949021602e-03 8.835855516669475747e-04
2.001376218855058231e-03 1.169539922040552888e-03
1.792113485840673157e-03 1.296873069402477291e-03
1.529940560866481546e-03 1.250539471873967582e-03
1.266299653236217966e-03 1.048501617420421507e-03
1.050371647806166379e-03 7.383234717043834919e-04
9.196850103884745328e-04 3.881586347163512476e-04
8.929740766563188173e-04 7.383841072791089057e-05
9.666408902689719879e-04 -1.354965714076583096e-04
1.115491512614031223e-03 -1.905017898078977239e-04
1.297607419298551926e-03 -7.099102516163510301e-05
1.462428679519343130e-03 2.102162580892078230e-04
1.560516530969064362e-03 6.096898102374446928e-04
1.553144051094520767e-03 1.061571430907060120e-03
1.419895280142897823e-03 1.489995669191316978e-03
1.162829398983760950e-03 1.823396140182845715e-03
8.064161959223109391e-04 2.007988449730445206e-03
3.932491027847092669e-04 2.017876906087186228e-03
-2.365891423835843549e-05 1.859871735976185731e-03
-3.905446322405280992e-04 1.572105310709059466e-03
-6.627051123820478732e-04 1.216710244679036551e-03
-8.125988662875406046e-04 8.679468047672980226e-04
-8.347105488991229949e-04 5.980289396609154984e-04
-7.462646344588963997e-04 4.633342110552843935e-04
-5.836591225574683413e-04 4.936104248923331352e-04
-3.953001985447956350e-04 6.862245306547209382e-04
-2.321995964636872425e-04 1.006544771388281218e-03
-1.381192863453392823e-04 1.394385867616590923e-03
-1.411329818586374478e-04 1.775299071240244754e-03
-2.482047886488144639e-04 2.074571587673612778e-03
-4.438130726189646485e-04 2.231286824539396255e-03
-6.928806872875366632e-04 2.209785318208097159e-03
-9.474562942464058359e-04 2.006358209427959970e-03
-1.155880246953139550e-03 1.649907628413466599e-03
-1.272697090321882720e-03 1.196450437788635799e-03
-1.267434449548621861e-03 7.185072351355624529e-04
-1.130581907907250543e-03 2.913866747688859810e-04
-8.756329345806447475e-04 -2.103728073491850214e-05
-5.367977762830983398e-04 -1.783618768626512099e-04
-1.628144393797544801e-04 -1.712268383014233040e-04
1.919766469212664270e-04 -2.298720745594296996e-05
4.776107972017401169e-04 2.148282363456610025e-04
6.576472959699777203e-04 4.724119371479400882e-04
7.157619755729949804e-04 6.750508873540320056e-04
6.585421057987556320e-04 7.574443799012873157e-04
5.139602551834428906e-04 6.762531489662304421e-04
3.258214468310927526e-04 4.185014959423517984e-04
1.452397513899692568e-04 4.239011070861415688e-06
2.076220541368163121e-05 -5.170447411554245001e-04
-1.098673234049048902e-05 -1.075576470630115354e-03
6.763360366621564215e-05 -1.594295473776781609e-03
2.518516669933948534e-04 -2.003232050755312035e-03
5.153377726815598376e-04 -2.252548333404475953e-03
8.151785724314707755e-04 -2.321775005173040696e-03
1.100028769174537504e-03 -2.223497544110544441e-03
1.319894461450190183e-03 -2.000796387813535623e-03
1.435692774049950353e-03 -1.718927850169680183e-03
1.426774076728664666e-03 -1.452822832718946846e-03
1.294978251658065495e-03 -1.272771951278415430e-03
1.064452231938561042e-03 -1.231008769577276486e-03
7.772582448787144918e-04 -1.351732445113561481e-03
4.855989666447554595e-04 -1.626459515528654726e-03
2.421262663040130809e-04 -2.015585163566514359e-03
9.016311654673687167e-05 -2.455858223025935826e-03
5.568485985689387505e-05 -2.872354117328925795e-03
1.425731922595442278e-04 -3.192677942903426012e-03
3.320369721059144999e-04 -3.360707345119598802e-03
5.863055184988589380e-04 -3.347271699514920568e-03
8.558917056808231383e-04 -3.155743962104127619e-03
1.089046930581117137e-03 -2.821484604345058343e-03
1.241615770188455497e-03 -2.405240961570012312e-03
1.285423279889128098e-03 -1.981749727578301958e-03
1.213606572720700395e-03 -1.625698541377965751e-03
1.041881770810807470e-03 -1.397702666974140430e-03
8.055078881577187140e-04 -1.332949971177579702e-03
5.525247730770829107e-04 -1.434662274529645287e-03
3.345484582336953421e-04 -1.673609319981721839e-03
1.968703972384004078e-04 -1.993765717699822956e-03
1.697394047429735342e-04 -2.323038248436948023e-03
2.624815956040194020e-04 -2.587031045731733123e-03
4.615765537850817567e-04 -2.723241172288634257e-03
7.330590379623338950e-04 -2.692995828867505992e-03
1.028796550206423181e-03 -2.488870270069957081e-03
1.295459128754344099e-03 -2.136181439796637927e-03
1.484487756262364844e-03 -1.688274312485195080e-03
1.561178371252343409e-03 -1.216493493899580437e-03
1.511165502670590560e-03 -7.967392032478733685e-04
1.343081391433560571e-03 -4.951537247418967254e-04
1.086889991147295485e-03 -3.556492641732086814e-04
7.882134609589404621e-04 -3.916396462605970614e-04
4.997267629328484406e-04 -5.835424191281172405e-04
2.712502511660889104e-04 -8.825253853676027355e-04
1.404157667471510849e-04 -1.219789226737213409e-03
1.256722521390833333e-04 -1.519629611177179818e-03
2.229530330292297060e-04 -1.713806460993296497e-03
4.066327560939069722e-04 -1.754500443780374194e-03
6.345889777152857432e-04 -1.623404115247143158e-03
8.564055298579565257e-04 -1.335226877978317340e-03
1.023159350250437642e-03 -9.349504792414034364e-04
1.096932213401024614e-03 -4.893549165221100549e-04
1.058240596108415673e-03 -7.441933085987508098e-05
9.099709491579141205e-04 2.390166418755997535e-04
6.770693120824670518e-04 3.986163849915866451e-04
4.020382110500884455e-04 3.804048167206667760e-04
1.370878817248260564e-04 1.932558826716563932e-04
-6.557730429296618983e-05 -1.228398359431460518e-04
-1.635027768920012999e-04 -5.043983729399148215e-04
-1.319173126368683837e-04 -8.765118908480867702e-04
3.164245923259706526e-05 -1.167077847328613395e-03
3.068894635368159957e-04 -1.320492187747571763e-03
6.546074084365431341e-04 -1.308212372116547648e-03
1.024011340438255513e-03 -1.134188728440152331e-03
1.362253847987438416e-03 -8.341343379840283987e-04
1.624277967389254132e-03 -4.687704130035850797e-04
1.781153198917360394e-03 -1.123250025579219523e-04
1.825319230685575403e-03 1.615381697207226349e-04
1.771748394307761645e-03 2.936970989736912120e-04
1.654811471536141903e-03 2.508089831324631768e-04
1.521445732481771377e-03 3.168018282769793567e-05
1.421924818647829838e-03 -3.324375749466672498e-04
1.399984596172480040e-03 -7.836811972569127831e-04
1.484181331298094209e-03 -1.248436396395184809e-03
1.682125337299079752e-03 -1.651168551844684265e-03
1.978688768523308508e-03 -1.928606523324401419e-03
2.338533592684559695e-03 -2.041595064339892136e-03
2.712487477386852676e-03 -1.982373138428610536e-03
3.046566335640613077e-03 -1.775901734928732540e-03
3.291940632712519674e-03 -1.474991688940134257e-03
3.413963253983383263e-03 -1.150156147756537959e-03
3.398553719032998410e-03 -8.761113561747495802e-04
3.254733284452908815e-03 -7.174841690202000749e-04
3.012833382482337820e-03 -7.164349376222909575e-04
2.718718086398231627e-03 -8.845417058938914896e-04
2.425114976889227846e-03 -1.200484677031998749e-03
2.181695236494419522e-03 -1.613971484724391770e-03
2.025779588011700216e-03 -2.055161918509833523e-03
1.975427202637177956e-03 -2.447809206639859313e-03
2.026212587203579923e-03 -2.723630973550016533e-03
2.152296349274879575e-03 -2.835189870317101919e-03
2.311582028857184831e-03 -2.764845774771870508e-03
2.453976960501820948e-03 -2.528085000686842304e-03
2.531186985178108736e-03 -2.170596350742163942e-03
2.506184119696522935e-03 -1.759647545456074656e-03
2.360548046468406019e-03 -1.371394422692899951e-03
2.098284812885420608e-03 -1.076525054632103146e-03
1.745393221178116652e-03 -9.269558397946261238e-04
1.345254751497742445e-03 -9.460970961386324469e-04
9.507140123277824225e-04 -1.124529511159488415e-03
6.143438501971210889e-04 -1.421908038894906983e-03
3.787336142632281941e-04 -1.774730508374246316e-03
2.686354341147911308e-04 -2.108497619108094193e-03
2.864523948617164317e-04 -2.351959426958228142e-03
4.119206134034744714e-04 -2.450748319761912250e-03
6.060440534064914959e-04 -2.377814655714285182e-03
8.185366212995756141e-04 -2.138686688910404737e-03
9.973629249622043870e-04 -1.770556491723381150e-03
1.098572592617640641e-03 -1.335362724230369780e-03
1.094568294785479637e-03 -9.081779246628287564e-04
9.792449414148464600e-04 -5.630972527696089880e-04
7.690306322389049752e-04 -3.592989373211795227e-04
4.996365093790693318e-04 -3.299144394703960002e-04
2.191356449218705680e-04 -4.758146442914463342e-04
-2.131345537096935704e-05 -7.654878983586698143e-04
-1.773369287243162533e-04 -1.141032595372057368e-03
-2.199349091059564477e-04 -1.529129601825978541e-03
-1.411583810104020541e-04 -1.854917251937133246e-03
4.420661287184380001e-05 -2.056142385898095115e-03
3.012712702895887617e-04 -2.094908945734997620e-03
5.814989556075270908e-04 -1.964800805369101323e-03
8.317645257098504625e-04 -1.692031604488043045e-03
1.004306036974608437e-03 -1.330405493463638006e-03
1.065687104010731726e-03 -9.510447086151515390e-04
1.003074714005108142e-03 -6.288308776511918833e-04
8.266447858186062262e-04 -4.281292727508454214e-04
5.676601306346527225e-04 -3.905010491181812229e-04
2.725840638622865301e-04 -5.267321048902367121e-04
-5.657249126377462793e-06 -8.146898348592736781e-04
-2.176115200657727689e-04 -1.203415485615628219e-03
-3.265576131836006807e-04 -1.622679011623269756e-03
-3.153341253853368382e-04 -1.996188868495643760e-03
-1.894504237685209493e-04 -2.255956938692008605e-03
2.410438053607262174e-05 -2.355099841068742685e-03
2.821241523040582790e-04 -2.276653685425729639e-03
5.335186214607081680e-04 -2.036733889978310005e-03
7.291335232598791924e-04 -1.681442124016874250e-03
8.311935362846066024e-04 -1.278106106273545510e-03
8.205752083632675406e-04 -9.025107800658639309e-04
7.005283160988692599e-04 -6.245381826891808433e-04
4.961370862464876096e-04 -4.949344522102175565e-04
2.496199627566364813e-04 -5.357088414244137340e-04
1.235525197695077878e-05 -7.359817634142547986e-04
-1.648593302260132568e-04 -1.054067011891033192e-03
-2.414699915191303786e-04 -1.425392769782155488e-03
-1.949236385821469090e-04 -1.774760380381681891e-03
-2.504881407139173972e-05 -2.030618464169248270e-03
2.457701282896191351e-04 -2.138648350766597563e-03
5.766608218628938194e-04 -2.072087213186309118e-03
9.158054452048397954e-04 -1.836833043492439206e-03
1.210033610026745162e-03 -1.470363729872692805e-03
1.414653574372373972e-03 -1.034673898127219140e-03
1.501665224317055933e-03 -6.045660738730606210e-04
1.464805160323311714e-03 -2.535125939706076243e-04
1.320474428759101440e-03 -3.976492900774624036e-05
1.104379279142775035e-03 4.659496988629785626e-06
8.645271197917984681e-04 -1.199725053788136498e-04
6.519098685706038905e-04 -3.811686835548146191e-04
5.106445024355447601e-04 -7.203685704059297227e-04
4.694429557553502245e-04 -1.064034026142898770e-03
5.360312447235885801e-04 -1.337573981115673834e-03
6.955785915423132616e-04 -1.479467705525561085e-03
9.134372717572073570e-04 -1.452913403094499740e-03
1.141676845012002317e-03 -1.252797536586792299e-03
1.328177085817440223e-03 -9.066663194218635077e-04
1.426558537707371330e-03 -4.695164902184119880e-04
1.405070100382548211e-03 -1.339279061251125993e-05
1.252749640567901723e-03 3.862371093019455279e-04
9.816890753624393784e-04 6.647493538050490208e-04
6.249721149841153340e-04 7.805700172471127709e-04
2.306713810741801334e-04 7.230086124892893488e-04
-1.469630305392156965e-04 5.142351490746029617e-04
-4.574604044232110397e-04 2.050260453072464783e-04
-6.633522848034912028e-04 -1.349156687372527125e-04
-7.469214693626977965e-04 -4.302327706916519458e-04
-7.132059929815687824e-04 -6.142652344533984423e-04
-5.886962835639419564e-04 -6.417623308455164960e-04
-4.159791837945320259e-04 -4.975472987847242689e-04
-2.453498319396022896e-04 -1.994925711405202474e-04
-1.249862003871973944e-04 2.047593803074112639e-04
-9.155276528402913391e-05 6.467104192865107777e-04
-1.630179013562031102e-04 1.049870268540430184e-03
-3.350496903558982851e-04 1.344135412597805956e-03
-5.816764353998875228e-04 1.478962702643733026e-03
-8.600897680261695424e-04 1.432845205698542049e-03
-1.118682916465459695e-03 1.217297981743261336e-03
-1.306803192554008806e-03 8.746009700047235793e-04
-1.384372231873467075e-03 4.697281897010117209e-04
-1.329551629605361766e-03 7.799318601447546677e-05
-1.143000790380866143e-03 -2.292483563182018706e-04
-8.479181587959881000e-04 -3.981302213588264628e-04
-4.858545309702289668e-04 -4.024781173481778917e-04
-1.090868826852456883e-04 -2.487502532588107889e-04
2.290083146280462185e-04 2.522004985025289199e-05
4.837651400048976363e-04 3.574418868365403560e-04
6.273702535760024594e-04 6.735777054760253273e-04
6.538017271559532590e-04 9.011107866148777238e-04
5.796362191973082178e-04 9.831858069516245802e-04
4.405784054795200324e-04 8.895005517623507524e-04
2.843764324337897612e-04 6.221848651375778061e-04
1.614711609103551353e-04 2.155517916375979462e-04
1.151556147051732964e-04 -2.702340860250327477e-04
1.731132010945908703e-04 -7.603745300460251592e-04
3.419415077145086844e-04 -1.179420115350105587e-03
6.057023881102869189e-04 -1.465372276782365632e-03
9.287758325004710769e-04 -1.581237339258797364e-03
1.262479311087682035e-03 -1.521847397007892490e-03
1.554200370605460322e-03 -1.314659077195256837e-03
1.757313469449228336e-03 -1.014381426634797115e-03
1.840002663872879283e-03 -6.924525180287308904e-04
1.791318109145143521e-03 -4.233596611577342432e-04
1.623317345109135269e-03 -2.703956425394335407e-04
1.368882959030745311e-03 -2.735500402702085087e-04
1.075626222672358950e-03 -4.418301635956758955e-04
7.970268078199564850e-04 -7.514671361622054461e-04
5.824815016004391719e-04 -1.150347954930563358e-03
4.681409993341228591e-04 -1.567835092206867637e-03
4.702643352692070051e-04 -1.928114675118559451e-03
5.823436494286110716e-04 -2.164545729676587739e-03
7.765380889096101542e-04 -2.232293023257584004e-03
1.009139889391184441e-03 -2.116850667962945787e-03
1.229032541262429969e-03 -1.836841408975697140e-03
1.387534905123504955e-03 -1.440560160226114512e-03
1.447763356646380962e-03 -9.969146769589572101e-04
1.391736039073766329e-03 -5.824770046479871548e-04
1.223871618605855416e-03 -2.670956441998522789e-04
9.702184377671556554e-04 -1.007907950776926100e-04
6.735592074665745256e-04 -1.044120011191883085e-04
3.853181350851775269e-04 -2.658250595961249340e-04
1.558036241297959534e-04 -5.423480770945891816e-04
2.463559822218366023e-05 -8.689733111867309952e-04
1.317226214704483693e-05 -1.170815965143098651e-03
1.203731824215554082e-04 -1.377430826125790406e-03
3.228855003236445710e-04 -1.436284089282119803e-03
5.793409668488031872e-04 -1.322827842454437101e-03
8.380546188153725025e-04 -1.045268183862012442e-03
1.046672170782669050e-03 -6.431229591239510371e-04
1.161944446967085130e-03 -1.798413202790221635e-04
1.157783215282174151e-03 2.691180110465906110e-04
1.030078128320570559e-03 6.304927297413600792e-04
7.973675171525940750e-04 8.470173672097704425e-04
4.972404609140003559e-04 8.882048969195496671e-04
1.791553174907400665e-04 7.560676728329659068e-04
-1.049621758071131190e-04 4.846938765501076878e-04
-3.105583859879414827e-04 1.337589179182764251e-04
-4.088639238041873679e-04 -2.228005038945309133e-04
-3.922846099225133876e-04 -5.108061252567903335e-04
-2.757503666233689869e-04 -6.698980569778202913e-04
-9.376737528385730629e-05 -6.649737561823002800e-04
1.062667233694747143e-04 -4.928411039615396196e-04
2.732164133742914021e-04 -1.828268217732510921e-04
3.620942898167735322e-04 2.087740551130380250e-04
3.428037008425318267e-04 6.093558322665905067e-04
2.060781723097352748e-04 9.437482206760949149e-04
-3.451201022622828185e-05 1.148447461969837958e-03
-3.448714457335161896e-04 1.183637492813053140e-03
-6.765775334238000689e-04 1.040724756634040828e-03
-9.757970163039755666e-04 7.439599265314917036e-04
-1.193238767707327942e-03 3.458396059827047371e-04
-1.293264114746272512e-03 -8.284100049472947628e-05
-1.260435272422900065e-03 -4.664004390894318673e-04
-1.102267185662178864e-03 -7.386080858852085316e-04
-8.476664587814166773e-04 -8.552303823396608089e-04
-5.413570662365980351e-04 -8.024095989476226400e-04
-2.353516807443926224e-04 -5.992874981408178713e-04
2.091399800832887280e-05 -2.943759329081192854e-04
1.899143093606798800e-04 4.363957978960000426e-05
2.530663158205833686e-04 3.389231278682344273e-04
2.141308943305033014e-04 5.228736534993492320e-04
9.833963865283509268e-05 5.471493265324261276e-04
-5.258476599322353185e-05 3.928657254896176002e-04
-1.885685738981759041e-04 7.422682116892023296e-05
-2.609420473714012994e-04 -3.640983002476182000e-04
-2.319576495215598297e-04 -8.553560181614016777e-04
-8.226366380745502981e-05 -1.323259192648372322e-03
1.850878422177547507e-04 -1.696332305821732786e-03
5.448639779139441896e-04 -1.921334939491413721e-03
9.540693474048378506e-04 -1.973222556531375842e-03
1.359729930628530026e-03 -1.859759461488163547e-03
1.708575498379299139e-03 -1.619911675760550085e-03
1.956793936198573600e-03 -1.316325480502277857e-03
2.078016973243914083e-03 -1.023317485351382498e-03
2.068031271378403813e-03 -8.126521676526620146e-04
1.945328300180324248e-03 -7.398019222510742289e-04
1.747393625246569443e-03 -8.332934088584335788e-04
1.523442140313040552e-03 -1.089159664466187068e-03
1.324977811291858099e-03 -1.471550706172520271e-03
1.195967451150013435e-03 -1.919389236876038610e-03
1.164490121150107971e-03 -2.357813381970288568e-03
1.237443333001781928e-03 -2.712241871581322523e-03
1.399307429473504311e-03 -2.922400387621288710e-03
1.615200154712556364e-03 -2.953654969561824491e-03
1.837640187010093585e-03 -2.803508061741264573e-03
2.015735293599294885e-03 -2.502028479611884387e-03
2.105050919114260198e-03 -2.106134885254827734e-03
2.076285513640700915e-03 -1.688815862300968021e-03
1.921104275101796896e-03 -1.325328066876746294e-03
1.654020568669450908e-03 -1.078985750520904726e-03
1.309962323270691918e-03 -9.892319499487595494e-04
9.379775710383362946e-04 -1.064249255083334414e-03
5.922643275177663863e-04 -1.279508182326502151e-03
3.222167890625539637e-04 -1.582526614850332221e-03
1.633663842015266798e-04 -1.902937458355875551e-03
1.309272213031924346e-04 -2.165956329629974489e-03
2.171629098328859710e-04 -2.306697102850460267e-03
3.930688456428590126e-04 -2.282622424019632550e-03
6.140476986473931368e-04 -2.081769299297486341e-03
8.285005759184733108e-04 -1.725189731606540993e-03
9.877051404522858326e-04 -1.263141672688180509e-03
1.055109193316890312e-03 -7.657488909406976428e-04
1.013279826378521344e-03 -3.098956764881886277e-04
8.671930769395754142e-04 3.516468671172672585e-05
6.432428192048063450e-04 2.207650614792551090e-04
3.841590184846836384e-04 2.278923659285065099e-04
1.408007948485010441e-04 7.065319673742328447e-05
-3.761783100374269540e-05 -2.065173875143839458e-04
-1.130142938379952080e-04 -5.373740665642148286e-04
-6.583477632351422866e-05 -8.464925210966412188e-04
1.010435112535100011e-04 -1.063621376289454077e-03
3.626494547790555501e-04 -1.137036978704294814e-03
6.764363091172389533e-04 -1.043372301183822766e-03
9.901311049563660781e-04 -7.920591962055338218e-04
1.251434217095299690e-03 -4.235434517398349585e-04
1.417737447055714356e-03 -1.611468110486244653e-06
1.464024998342487857e-03 3.987174337235778704e-04
1.387465219786511959e-03 7.054391967948073173e-04
1.207826936305898217e-03 8.632543203147139202e-04
9.636440670118333026e-04 8.441045126133488305e-04
7.048564961902338815e-04 6.525597560031320965e-04
4.833215429443933186e-04 3.250338001974980694e-04
3.429927159314093968e-04 -7.702537058484703160e-05
3.116245871456922376e-04 -4.786827216436254128e-04
3.955728335871985758e-04 -8.056165144722443128e-04
5.786716693431002631e-04 -9.981037988809405345e-04
8.253981505778475820e-04 -1.022244641798125339e-03
1.087720508254866065e-03 -8.763013363494488468e-04
1.314329572975699370e-03 -5.909535736760481448e-04
1.460500703739972973e-03 -2.234223038928432659e-04
1.496713958634196540e-03 1.534242967727762893e-04
1.414395226128776226e-03 4.649194541183229138e-04
1.227686180357237360e-03 6.487784994543579998e-04
9.709029997242134020e-04 6.669264598042682051e-04
6.921603740740712388e-04 5.127331070687690239e-04
4.443637875400501284e-04 2.122858322813730428e-04
2.752718403990227257e-04 -1.805401575485713055e-04
2.185070200243603711e-04 -5.942801625137603518e-04
2.872143987780430762e-04 -9.534149187629628206e-04
4.715670963174426215e-04 -1.192678297432816191e-03
7.405897704118211914e-04 -1.269427504308717454e-03
1.047954631904917744e-03 -1.171732289950151544e-03
1.340653144735694594e-03 -9.206502233170381095e-04
1.568902917985424712e-03 -5.662559243156507034e-04
1.695416253041772152e-03 -1.781748647824828386e-04
1.702278488783894863e-03 1.675870008580353969e-04
1.594137628558966405e-03 4.030249731244788750e-04
1.397105862546961638e-03 4.810063340234956258e-04
1.153586104130272395e-03 3.841935648882188422e-04
9.140086661513796172e-04 1.283307881038023377e-04
7.270485217368136870e-04 -2.407287301678897229e-04
6.301813963930315201e-04 -6.556912522222658806e-04
6.423727371149640054e-04 -1.040546268912019220e-03
7.602895664970523229e-04 -1.324936433241255020e-03
9.587578666726461613e-04 -1.457453372833643346e-03
1.195383820120626090e-03 -1.415342544018796580e-03
1.418468269038974244e-03 -1.208780350372543055e-03
1.576719549206301394e-03 -8.789145900314006450e-04
1.628928621462957457e-03 -4.900403076086612712e-04
1.551776792054997047e-03 -1.173936870160747050e-04
1.344299082100264492e-03 1.671235632639037592e-04
1.028158679265072512e-03 3.085849560422145640e-04
6.436801448477936886e-04 2.794609224823427218e-04
2.423911604997103686e-04 8.484685111985132162e-05
-1.225172731690480840e-04 -2.384936152883252759e-04
-4.060090914673952171e-04 -6.290898647835973731e-04
-5.794449571823849249e-04 -1.012412842839515055e-03
-6.356919895300020690e-04 -1.315005701272907966e-03
-5.901395835529764985e-04 -1.478421185930813442e-03
-4.774352101533699245e-04 -1.470326688518177900e-03
-3.445649069273948946e-04 -1.290673908097693823e-03
-2.415955347271330086e-04 -9.717643164372769503e-04
-2.118386829712378327e-04 -5.721972088028797008e-04
-2.833055183789095393e-04 -1.658452429358912611e-04
-4.630771834177970078e-04 1.720562669811013645e-04
-7.356629116456668257e-04 3.790736792710830741e-04
-1.065662458698981782e-03 4.173124649790336616e-04
-1.404233831300888977e-03 2.805068948168338303e-04
-1.698146082027712951e-03 -4.878740216421892460e-06
-1.899706698363278368e-03 -3.847440877211592901e-04
-1.975686686804186375e-03 -7.876754631723996815e-04
-1.913555355302467079e-03 -1.138540835391876286e-03
-1.723845266678735192e-03 -1.372780955248442507e-03
-1.438199603820355943e-03 -1.448688753841334683e-03
-1.103470713988278064e-03 -1.355350167161819500e-03
-7.729853019220016275e-04 -1.114741217867202617e-03
-4.966272601890121818e-04 -7.775829154948782265e-04
-3.116120872251472006e-04 -4.137377624367729635e-04
-2.356950575769812270e-04 -9.896551449227789475e-05
-2.640937559012572987e-04 9.945443109156079133e-05
-3.707016876012833389e-04 1.355116765083654376e-04
-5.133567389539394569e-04 -6.757344350950453792e-06
-6.421602205676468474e-04 -3.101650817513251605e-04
-7.092645196135217295e-04 -7.275309076964530438e-04
-6.782693889237381658e-04 -1.190504765802809835e-03
-5.314412380119232227e-04 -1.622387194763836226e-03
-2.733823692383746500e-04 -1.952519995671241852e-03
6.955021506441038228e-05 -2.129524601585826554e-03
4.539714070531462972e-04 -2.130883550570129067e-03
8.274493589626556733e-04 -1.967053019425665360e-03
1.138233958603968770e-03 -1.679330016428966406e-03
1.344893150927562765e-03 -1.331880467300606977e-03
1.424034471019611572e-03 -9.994401281595271386e-04
1.374650870488814108e-03 -7.530196461491519330e-04
1.218268231153548341e-03 -6.463229917937257695e-04
9.948660074786468913e-04 -7.054533336766224483e-04
7.553418867460792111e-04 -9.238578004389410821e-04
5.519448565108025628e-04 -1.263470375374645908e-03
4.284849147648132949e-04 -1.661838277206837029e-03
4.121691992758549222e-04 -2.043883884066195061e-03
5.086057109447791489e-04 -2.336076158446736065e-03
7.009155208815792768e-04 -2.480328913306237022e-03
9.531160686758484825e-04 -2.444994604283664587e-03
1.217129263887976529e-03 -2.230871938890579154e-03
1.442081762264267771e-03 -1.871089407198133110e-03
1.584130947188380897e-03 -1.424886150339583005e-03
1.614950922155977860e-03 -9.664668646795322119e-04
1.527266962005085832e-03 -5.710399198623609431e-04
1.336386228643874621e-03 -3.006809731748165578e-04
1.077431206828271312e-03 -1.926971551861917254e-04
7.987966124199423956e-04 -2.526931944970661455e-04
5.530662895436677488e-04 -4.536503603143390156e-04
3.871083103112238138e-04 -7.411904538817882431e-04
3.332228944468701827e-04 -1.044025872450816527e-03
4.030192373909723428e-04 -1.287614761499578315e-03
5.851814444803606595e-04 -1.408433401088839175e-03
8.475481840971723453e-04 -1.366161155042270106e-03
1.143114663095027650e-03 -1.151468673371076239e-03
1.418823584345463556e-03 -7.879327188790442686e-04
1.625484324912773726e-03 -3.277133105318137348e-04
1.726946503701750268e-03 1.581897979443021990e-04
1.706795701019061043e-03 5.932576583068269399e-04
1.571308521990803005e-03 9.098285117600168545e-04
1.348112579007605585e-03 1.061808694607041179e-03
1.080810191521513900e-03 1.033311863449305193e-03
8.205887008584343556e-04 8.415910482044205304e-04
6.164106027637159630e-04 5.337084134199483743e-04
5.056452263288862842e-04 1.775730920256159031e-04
5.069195893196645633e-04 -1.509563982703191723e-04
6.165452667307026562e-04 -3.824636958498156894e-04
8.092003142585790570e-04 -4.671359306049610713e-04
1.042738853159095756e-03 -3.842037685532918162e-04
1.266218565822036304e-03 -1.458738080955901493e-04
1.429626224295234976e-03 2.049900931578548576e-04
1.493459011307924147e-03 6.029963233864370524e-04
1.436345842852538527e-03 9.726253657426739592e-04
1.259263172903236049e-03 1.242550991640891615e-03
9.855437735625137072e-04 1.359170101347177868e-03
6.566728307891728797e-04 1.296778481375957491e-03
3.246627170699803010e-04 1.062464966784690875e-03
4.244510514985313024e-05 6.947966844769197167e-04
-1.459058847357996977e-04 2.565438317374337820e-04
-2.132740669727063569e-04 -1.771788102007982734e-04
-1.543972145536516658e-04 -5.331084347530252662e-04
1.336244804206400578e-05 -7.536807620391115618e-04
2.535134603271715871e-04 -8.079045950672110237e-04
5.175288298995953974e-04 -6.972049520712772725e-04
7.541900785120749483e-04 -4.551278681881676738e-04
9.194079433704779956e-04 -1.409620861258203527e-04
9.846564497970914862e-04 1.715154567735990474e-04
9.424203654571328918e-04 4.080402530114623973e-04
8.076223653088014653e-04 5.079569805139282426e-04
6.147583396666112150e-04 4.357442449028548935e-04
4.112828515181325456e-04 1.877861553533001103e-04
2.484977286847570954e-04 -2.068904848795842305e-04
1.716705172778176542e-04 -6.920521105982741037e-04
2.112562984632189271e-04 -1.194837475197438933e-03
3.768883642716111667e-04 -1.639476247218459633e-03
6.552798223700384258e-04 -1.961549237970903331e-03
1.012438441912878956e-03 -2.120090041762167331e-03
1.399781012240483265e-03 -2.105236824957866688e-03
1.762995656386169433e-03 -1.939985799361776831e-03
2.051980608782749595e-03 -1.675714968652660059e-03
2.229984367149046801e-03 -1.382326528315557445e-03
2.280223412303758468e-03 -1.134875441698483161e-03
2.208731219978770678e-03 -9.992172429906360197e-04
2.042905658838745520e-03 -1.019394022200792276e-03
1.826036014534397189e-03 -1.209148626400784058e-03
1.608851651339681743e-03 -1.549175637201459423e-03
