-1.670596522429421658e-03 -7.997493716478539742e-04
-1.414972624107068994e-03 -1.633300983503668553e-04
-1.280106401889302692e-03 6.643359552118261423e-04
-1.300557016647107666e-03 1.536038536825054014e-03
-1.478495717859763412e-03 2.294774790526208155e-03
-1.783238484945162726e-03 2.803262210794912716e-03
-2.157061457936285728e-03 2.969758978124158351e-03
-2.526197979564604769e-03 2.765306928467306437e-03
-2.814933564366737303e-03 2.229135368013433240e-03
-2.960127158749881627e-03 1.461204421756349698e-03
-2.923405029855465770e-03 6.033004186797211827e-04
-2.698713099034885047e-03 -1.877378154812892616e-04
-2.313791340038979551e-03 -7.695941186398331645e-04
-1.825283800465566037e-03 -1.041254668881791889e-03
-1.308402143845741701e-03 -9.619256247718106518e-04
-8.430913129339848459e-04 -5.585118104486493052e-04
-4.993078319431623049e-04 7.975366472837673321e-05
-3.241890849134894436e-04 8.185052836180946919e-04
-3.335338754498464115e-04 1.504003219608055549e-03
-5.091984926644518633e-04 1.992568746204952980e-03
-8.028928907859476461e-04 2.178115544042331583e-03
-1.145650402896411990e-03 2.012555985584553279e-03
-1.461170956682265008e-03 1.515210700897944842e-03
-1.680505280352246949e-03 7.694322129758707869e-04
-1.755294771012157456e-03 -9.292511479782521264e-05
-1.667056412363253012e-03 -9.162546321784466622e-04
-1.430752332474215455e-03 -1.550485709492128127e-03
-1.091967184763589739e-03 -1.879369620853235234e-03
-7.182282754410660146e-04 -1.842410500975192374e-03
-3.861137520145318581e-04 -1.446290984830267065e-03
-1.665929304917397775e-04 -7.636301015097062992e-04
-1.113787304656197168e-04 8.069160404956435923e-05
-2.428816225958221409e-04 9.330518546396106630e-04
-5.496735563795044060e-04 1.640000585446793873e-03
-9.883279268048509626e-04 2.077097131895791135e-03
-1.491295070208130662e-03 2.172215368276005955e-03
-1.979330452909358086e-03 1.918909903907915424e-03
-2.376130907177011198e-03 1.377319078179329442e-03
-2.622416188799956815e-03 6.624409173060947240e-04
-2.686797996061083757e-03 -7.799046823434940909e-05
-2.571386581860749844e-03 -6.918311182280912274e-04
-2.311081080594234831e-03 -1.051684510124145178e-03
-1.966685032919563911e-03 -1.079360935966363570e-03
-1.613156953205355064e-03 -7.609997401641635170e-04
-1.325225922577233113e-03 -1.499835915555929391e-04
-1.163099923467215361e-03 6.429138329154557383e-04
-1.160975782941659710e-03 1.470287228106216017e-03
-1.320527792466868111e-03 2.175840402968018394e-03
-1.610608047385135881e-03 2.623859722406340998e-03
-1.973214051451306367e-03 2.724842333390611448e-03
-2.334591121019437103e-03 2.452428062045792102e-03
-2.619363587638284807e-03 1.848429150941920378e-03
-2.765014153646970681e-03 1.015004326231236809e-03
-2.733963889675249982e-03 9.545666129456235188e-05
-2.520958965566608232e-03 -7.527122999895867732e-04
-2.154358356126020481e-03 -1.387394366221549090e-03
-1.691071233999669188e-03 -1.708514510819931663e-03
-1.206094920410825033e-03 -1.676680454468065665e-03
-7.786264824251266838e-04 -1.320317445376242285e-03
-4.773698110594258408e-04 -7.299445859198908960e-04
-3.478124851498361810e-04 -4.068425365868192809e-05
-4.038740905791559678e-04 5.936755041488409436e-04
-6.255005055693580503e-04 1.030146225427476612e-03
-9.626535924365361898e-04 1.163944761992885112e-03
-1.344935744692545270e-03 9.486426309726314317e-04
-1.695022891612349512e-03 4.052366539024721079e-04
-1.943359652993264033e-03 -3.815830083186464534e-04
-2.041332669538633605e-03 -1.279266270442994862e-03
-1.970427688795830558e-03 -2.132344366728294426e-03
-1.745637882200347466e-03 -2.791759528970691028e-03
-1.412480765373665950e-03 -3.143031464304282645e-03
-1.038192546234277492e-03 -3.127927948877755413e-03
-6.987722921543658688e-04 -2.755535596287377910e-03
-4.643350062914462784e-04 -2.100632768284355252e-03
-3.855535902171283854e-04 -1.289669852887484177e-03
-4.837640329318320916e-04 -4.770076581681356558e-04
-7.466149848800791205e-04 1.840916880113550782e-04
-1.130093398579943773e-03 5.702342525199023161e-04
-1.566550806942082919e-03 6.109833055366296894e-04
-1.977218568893926963e-03 3.019030996486990817e-04
-2.286850168663001961e-03 -2.949048703927422766e-04
-2.437725442597516758e-03 -1.062866935170712337e-03
-2.400371831887278349e-03 -1.853311339389813409e-03
-2.178978683585507461e-03 -2.513907088480689042e-03
-1.810484654429496063e-03 -2.917775120211006136e-03
-1.357515258002662747e-03 -2.987752448253299265e-03
-8.965108630282362170e-04 -2.711208328830295132e-03
-5.032947529838040484e-04 -2.142601334950587286e-03
-2.388140851305656362e-04 -1.393288538275526487e-03
-1.377523427639171759e-04 -6.105129874917904990e-04
-2.021667424329787448e-04 5.045402553334986384e-05
-4.013513145750604314e-04 4.557420733757816620e-04
-6.779464200203979283e-04 5.183094901773978042e-04
-9.591316905559328599e-04 2.145538724021873057e-04
-1.170775931629615451e-03 -4.110426755735002713e-04
-1.251856871338792761e-03 -1.254116989442231270e-03
-1.166412006044937038e-03 -2.169928592093173757e-03
-9.107489918910836608e-04 -3.000476508694688987e-03
-5.145415775677504404e-04 -3.604101067092527026e-03
-3.559494999645727159e-05 -3.881972609800118414e-03
4.507367450400228694e-04 -3.796458966690263379e-03
8.654850851335270032e-04 -3.377901699910487200e-03
1.140723554278946696e-03 -2.718526245106256227e-03
1.232177376532017253e-03 -1.954647388265516855e-03
1.127405792669832277e-03 -1.240547605809025605e-03
8.480127584915683660e-04 -7.189819981469440513e-04
4.454713309158711120e-04 -4.939014776212441362e-04
-8.645282567116565307e-06 -6.105648736246429686e-04
-4.361754481948451872e-04 -1.046810522368162629e-03
-7.670657691581651534e-04 -1.717143862600309726e-03
-9.524718273710083838e-04 -2.488869824933634747e-03
-9.737856220821067624e-04 -3.207217025676364734e-03
-8.458848380972362312e-04 -3.724697002306593188e-03
-6.139942990221343953e-04 -3.929138613383184944e-03
-3.447604445525146452e-04 -3.765087410957782856e-03
-1.132361824565667396e-04 -3.244515040644445607e-03
1.175157956339017550e-05 -2.444806832167274215e-03
-1.892732068248519518e-05 -1.494403581876604893e-03
-2.249568063107008301e-04 -5.488101529191125386e-04
-5.924016131439034834e-04 2.384934517227648744e-04
-1.075910465997950531e-03 7.447385203641896691e-04
-1.606887556941548854e-03 9.007283188233478760e-04
-2.106093977105380835e-03 7.035530932657323676e-04
-2.498301178130087584e-03 2.167603915889535155e-04
-2.726228956399910468e-03 -4.420433882528790478e-04
-2.761134734080910366e-03 -1.123805028229154547e-03
-2.608053728300191790e-03 -1.676561660051218133e-03
-2.304701181060253307e-03 -1.974493450589134922e-03
-1.914246619665901147e-03 -1.941985364130065748e-03
-1.513329114055764072e-03 -1.568137491698056666e-03
-1.177582245351290434e-03 -9.089730098923900613e-04
-9.674076892643875252e-04 -7.692336751967209342e-05
-9.166879945665443695e-04 7.804195471494098420e-04
-1.026571497188276437e-03 1.508261128106872439e-03
-1.265500936830835478e-03 1.973976937985719160e-03
-1.575474228160160788e-03 2.092336959555001191e-03
-1.883344967615212251e-03 1.841801778505281189e-03
-2.115015233369354694e-03 1.268800574831743886e-03
-2.209824957207229268e-03 4.791752729387161488e-04
-2.132404526954790203e-03 -3.815957124565353179e-04
-1.879737515652644964e-03 -1.155656842240102879e-03
-1.482087599432765131e-03 -1.702364140018947005e-03
-9.976059783084645534e-04 -1.924608534483319543e-03
-5.016327893282341872e-04 -1.786897497320773069e-03
-7.271136536416724066e-05 -1.321779071377136763e-03
2.220426031380328845e-04 -6.233994946894287018e-04
3.394518500077290789e-04 1.705785786520124339e-04
2.683033895074226358e-04 9.052670344084790682e-04
3.137247529478041832e-05 1.438068705490125982e-03
-3.189372595797793151e-04 1.665825807044140185e-03
-7.105120180508825694e-04 1.544456430692470010e-03
-1.065127769545984142e-03 1.097358574138903187e-03
-1.313159307918581199e-03 4.109890850568815733e-04
-1.406616930803040403e-03 -3.815456209678742415e-04
-1.328046931152636161e-03 -1.125779131626352758e-03
-1.093616241916603015e-03 -1.675264315374106914e-03
-7.498036503516341492e-04 -1.919476166487748322e-03
-3.643312552243821206e-04 -1.804950540223160087e-03
-1.306088648226092983e-05 -1.345650910068219453e-03
2.346555369452226142e-04 -6.205941188545801776e-04
3.293899357744223873e-04 2.408221069073498272e-04
2.512685672079066406e-04 1.083019041128151835e-03
1.398796580294849393e-05 1.753389857190427092e-03
-3.375513130727313756e-04 2.130893578033941482e-03
-7.355517388508968921e-04 2.148683964401244817e-03
-1.101999526586665105e-03 1.806496436838195274e-03
-1.363322733521148264e-03 1.170454897142647090e-03
-1.464254835802326123e-03 3.603416041082823577e-04
-1.378281079835648373e-03 -4.732537514953689484e-04
-1.112690688050042885e-03 -1.177574203816473489e-03
-7.072781199672628898e-04 -1.626698142221383314e-03
-2.269378794420459601e-04 -1.745410089179642160e-03
2.504476476363311156e-04 -1.523418160492083940e-03
6.485378108825627305e-04 -1.017225802212580726e-03
9.067346521026151476e-04 -3.393042763354520413e-04
9.913723023535949818e-04 3.633818581497147773e-04
9.017829470855482851e-04 9.374269169930297876e-04
6.700981974387687241e-04 1.252298067631953853e-03
3.548313180445687677e-04 1.225355387598959242e-03
2.946361078841694013e-05 8.378344409964256579e-04
-2.317956836309756396e-04 1.387582452715995819e-04
-3.683714798129643581e-04 -7.639696172780057045e-04
-3.450796068536516204e-04 -1.723612255260064188e-03
-1.590446699814105237e-04 -2.581999485538893999e-03
1.595376748703070048e-04 -3.199100853154653989e-03
5.529443770890822736e-04 -3.479180313558045967e-03
9.467299678148717503e-04 -3.388588166144757777e-03
1.263750951943124270e-03 -2.961828768549045268e-03
1.438756909040168246e-03 -2.294761778570796572e-03
1.430786956094948085e-03 -1.526229971751402259e-03
1.231024364105899344e-03 -8.115969929205369554e-04
8.646206923741920226e-04 -2.932090556017473860e-04
3.861413029711465990e-04 -7.337583625600789007e-05
-1.305093723220073518e-04 -1.949875958464099539e-04
-6.057803552062229323e-04 -6.334384558650220029e-04
-9.691979987980932614e-04 -1.301383772852088890e-03
-1.172340400201057637e-03 -2.065428293441801035e-03
-1.197613513863777200e-03 -2.771581612400009133e-03
-1.061175608783105013e-03 -3.274656377587524536e-03
-8.094650570741585395e-04 -3.466037219310882760e-03
-5.099978041994278517e-04 -3.294556058547548887e-03
-2.381858971676083497e-04 -2.776514015886252709e-03
-6.268168704393441756e-05 -1.992944608114456326e-03
-3.203112855148452631e-05 -1.074628321552140815e-03
-1.651711510893960752e-04 -1.776876939661869732e-04
-4.475774069480331066e-04 5.456243541578829036e-04
-8.337978173529955609e-04 9.754197575930325173e-04
-1.255897067235329460e-03 1.046566096793319963e-03
-1.636216768450692201e-03 7.607401511199044430e-04
-1.902037600553736600e-03 1.858679994537670768e-04
-1.999368307435463437e-03 -5.569371073753201940e-04
-1.903250395608787476e-03 -1.316461648139140772e-03
-1.622625704021266350e-03 -1.940129068990391163e-03
-1.198842092672252127e-03 -2.302944324636529809e-03
-6.980757457588523908e-04 -2.331164740203400896e-03
-1.990992531248152154e-04 -2.016216014762295481e-03
2.212951086972662906e-04 -1.416220391772625344e-03
5.024643037771620545e-04 -6.448506777878726826e-04
6.110009428382898612e-04 1.503754012569314454e-04
5.466466194414928070e-04 8.162456189311595271e-04
3.419215052689448696e-04 1.223112353710958250e-03
5.554952437977754180e-05 1.289713577086082103e-03
-2.390668420985338260e-04 9.988486578279406544e-04
-4.681310459029704380e-04 4.009331404764226135e-04
-5.717832556039985489e-04 -3.952484452077331006e-04
-5.157563693205552847e-04 -1.242848686009296200e-03
-2.981434649199285730e-04 -1.984485142083622887e-03
5.001054689573683097e-05 -2.481785104441247124e-03
4.704098683331222317e-04 -2.641360020014676697e-03
8.884254346535824191e-04 -2.432297647454909062e-03
1.227164115554125285e-03 -1.891865116131681481e-03
1.422026168955436076e-03 -1.118347135495373823e-03
1.432993711345025662e-03 -2.523783140513127213e-04
1.252321272190549863e-03 5.496940084789919082e-04
9.061689431011716494e-04 1.145372100663795412e-03
4.498645442981034567e-04 1.432898219464596177e-03
-4.231342826564840794e-05 1.370382918405921475e-03
-4.909037977554890544e-04 9.835520497284621841e-04
-8.259819059830618383e-04 3.606494242372243388e-04
-1.000050933125789252e-03 -3.645347424262436551e-04
-9.966728912788088823e-04 -1.038290139529627742e-03
-8.332137874927721295e-04 -1.516408434965128491e-03
-5.571919200673906142e-04 -1.691822819106676961e-03
-2.369292983056511847e-04 -1.515223815618346737e-03
5.171550021231994480e-05 -1.004739787392961966e-03
2.400132793143599109e-04 -2.428409996091393042e-04
2.796450949086780541e-04 6.389546315062031873e-04
1.520773819233609122e-04 1.484685907501675063e-03
-1.277486208454271625e-04 2.143211179567506598e-03
-5.141152511353852669e-04 2.496595116767829671e-03
-9.391059048865827395e-04 2.482249863261538816e-03
-1.325438499222117168e-03 2.104642702513994778e-03
-1.601124800479747801e-03 1.434356966879949281e-03
-1.713178678481155036e-03 5.946865694004608953e-04
-1.637775295600844535e-03 -2.616961086852696156e-04
-1.384934040598188431e-03 -9.815809329940640773e-04
-9.968337111398151412e-04 -1.440109627801624452e-03
-5.400730498847536266e-04 -1.564246671390592466e-03
-9.333527697358171091e-05 -1.346391087515966646e-03
2.672151178106954529e-04 -8.455565494818537012e-04
4.820460501872982995e-04 -1.759019613326089581e-04
5.192176172049002385e-04 5.152094237404389841e-04
3.801208871640632540e-04 1.075460859464726039e-03
9.891716207055588437e-05 1.376786071086323962e-03
-2.642082623241277946e-04 1.339988557006653548e-03
-6.346930955729347418e-04 9.501063555192678202e-04
-9.379338752041325349e-04 2.596048014009526284e-04
-1.113590510671346161e-03 -6.212151604889268840e-04
-1.127146428481742586e-03 -1.544784377078206768e-03
-9.765319348833225496e-04 -2.353921091541175820e-03
-6.925542940013386384e-04 -2.911344432155245788e-03
-3.330518839162042348e-04 -3.125462841928894515e-03
2.812058419242503436e-05 -2.967558778403081923e-03
3.151886887221312921e-04 -2.477118848904281447e-03
4.649647487587787770e-04 -1.754301818643476136e-03
4.390132484696946682e-04 -9.409710168014214469e-04
2.311666317828007600e-04 -1.938817766477692311e-04
-1.310375309044356203e-04 3.449010837549518638e-04
-5.912766680999327531e-04 5.747572307989588965e-04
-1.074796114724705688e-03 4.553742843857581414e-04
-1.502242121831592111e-03 1.415388295352413596e-05
-1.804363766279348368e-03 -6.592361521269810443e-04
-1.934808293701849617e-03 -1.430125327447134050e-03
-1.878595446232651789e-03 -2.144643496427453295e-03
-1.654674235090892141e-03 -2.659169850305642159e-03
-1.312085576596939409e-03 -2.867843780891466202e-03
-9.204642222197592649e-04 -2.722920463510695305e-03
-5.566844162989847576e-04 -2.244108960195656793e-03
-2.901829196072532426e-04 -1.515117061093570160e-03
-1.697423403886297874e-04 -6.680499602120548198e-04
-2.142399013770605225e-04 1.413895344944350509e-04
-4.091144905570041164e-04 7.632088688807570857e-04
-7.092206310030247773e-04 1.081396582738968501e-03
-1.047527252989606614e-03 1.035806199448647278e-03
-1.348011178388259981e-03 6.335114315076307472e-04
-1.540299842254969510e-03 -5.251658365515248471e-05
-1.573285558881471488e-03 -8.971598796194411082e-04
-1.425127453389172551e-03 -1.746729908203961939e-03
-1.107740309743788197e-03 -2.447907956870250604e-03
-6.649127165514233731e-04 -2.876573707023309147e-03
-1.644025801811757419e-04 -2.961068130541317199e-03
3.145019151782857099e-04 -2.695491648895050052e-03
6.956093461495235688e-04 -2.140525989050686296e-03
9.198791952197883258e-04 -1.411631112418152041e-03
9.562505142851181411e-04 -6.568595937886458373e-04
8.072029587811748157e-04 -2.849714704757024160e-05
5.080049841000740512e-04 3.460927481194553748e-04
1.197986106285176466e-04 3.888914379948098417e-04
-2.821637621681509544e-04 8.628260640078616421e-05
-6.228982440609525306e-04 -5.081138368933306015e-04
-8.419578662913998913e-04 -1.283374794344925660e-03
-9.048867080616326917e-04 -2.092098953461535987e-03
-8.096902996572118670e-04 -2.778185291620303282e-03
-5.870980090906803388e-04 -3.206308921034712635e-03
-2.945700366219705592e-04 -3.287515464999069166e-03
-5.187444519035597310e-06 -2.996088836892966869e-03
2.064662415946035738e-04 -2.374498404098399334e-03
2.787526400588932057e-04 -1.525487477303196166e-03
1.750129159164372011e-04 -5.927987286411635307e-04
-1.090972076088707983e-04 2.658173218083141609e-04
-5.443687944111062771e-04 9.082044292141238989e-04
-1.073140519218470507e-03 1.234413676983165667e-03
-1.619782060096826987e-03 1.205294610361308787e-03
-2.104584111911366080e-03 8.495512419314072382e-04
-2.458433974495775626e-03 2.579344170384552295e-04
-2.635506682732549448e-03 -4.343218702930822200e-04
-2.621576998243625809e-03 -1.073486374256318442e-03
-2.436386188934120105e-03 -1.516810039034383962e-03
-2.129622460350063910e-03 -1.659908920893918933e-03
-1.771282153694907170e-03 -1.456857828608139338e-03
-1.438241624727982712e-03 -9.291826981296318717e-04
-1.199585865424599145e-03 -1.620425056743521547e-04
-1.103473878955303286e-03 7.116818698111075040e-04
-1.168028332619993172e-03 1.536383515178543812e-03
-1.377973533125703524e-03 2.163080375791197156e-03
-1.687655901358131290e-03 2.477565576208057545e-03
-2.029871266992816677e-03 2.422027592276229570e-03
-2.328822580803637313e-03 2.006045874007634199e-03
-2.514748524346255027e-03 1.304878032174793846e-03
-2.537446299753790425e-03 4.453599140119047259e-04
-2.376120657111718999e-03 -4.179156125517592473e-04
-2.043686384454001474e-03 -1.131635528711568209e-03
-1.584701377635642366e-03 -1.572526800591452813e-03
-1.067313232563092771e-03 -1.670400533457460333e-03
-5.707357730864125438e-04 -1.421123823475316629e-03
-1.706184470708323794e-04 -8.870706180727480411e-04
7.492920009234379022e-05 -1.849740241759978681e-04
1.360193456175438345e-04 5.365118350346697066e-04
1.635840860578392786e-05 1.125283851861112608e-03
-2.477008239951523330e-04 1.454896992856590139e-03
-5.942427949441780096e-04 1.448787701624534721e-03
-9.476632056696270099e-04 1.095020307963970015e-03
-1.233082432154296217e-03 4.487583926840856084e-04
-1.390567861333855040e-03 -3.780116708769653460e-04
-1.386472313688437777e-03 -1.237562843536721587e-03
-1.219743214198492623e-03 -1.974325776974015373e-03
-9.220108082529473352e-04 -2.454322029672135509e-03
-5.514428815042038022e-04 -2.590558852790761368e-03
-1.815348317883814589e-04 -2.359575659540502982e-03
1.130361683828532944e-04 -1.806006508607057269e-03
2.708075727386349179e-04 -1.034290998659203502e-03
2.554451539813222451e-04 -1.890984567362283849e-04
6.291051889519938371e-05 5.718333888018194058e-04
-2.774824901428735646e-04 1.107308458807456861e-03
-7.083303296207522047e-04 1.319131239535767820e-03
-1.154732435636829672e-03 1.170411828951256703e-03
-1.538215708883503875e-03 6.922585964539149702e-04
-1.791361131280677296e-03 -2.240114235390553701e-05
-1.870369295697213007e-03 -8.366947626338800065e-04
-1.763191166475433589e-03 -1.595980469843283952e-03
-1.491689239524728212e-03 -2.157362393305765035e-03
-1.107423588256894976e-03 -2.416949373333564417e-03
-6.818632334319185435e-04 -2.329690122473720548e-03
-2.928775365433884757e-04 -1.918024001702575525e-03
-1.006529972674306481e-05 -1.267705484778793544e-03
1.183020951272996260e-04 -5.115902544046421275e-04
7.425418572848602791e-05 1.955483704945348237e-04
-1.266832943127840436e-04 7.064042623422775620e-04
-4.386710058346902225e-04 9.091593654565366563e-04
-7.945075205279118584e-04 7.488324544539428501e-04
-1.118647714764309763e-03 2.379097788053115975e-04
-1.341815352094780089e-03 -5.457600208393433320e-04
-1.414434941758468522e-03 -1.473413788967899065e-03
-1.316331396995275857e-03 -2.389435259755383952e-03
-1.060852793883603753e-03 -3.140480989476870412e-03
-6.926277822562909060e-04 -3.604163258227767799e-03
-2.793748767836825892e-04 -3.711866536906817046e-03
1.006923777947319582e-04 -3.461385079871745051e-03
3.734858922357735516e-04 -2.916996633104171777e-03
4.829264870965310286e-04 -2.196966161596626988e-03
4.014663861355610881e-04 -1.450853384965352776e-03
1.352621891693488393e-04 -8.309280634356674012e-04
-2.769785656477030916e-04 -4.631119053629729511e-04
-7.712576563829396650e-04 -4.229546233471223084e-04
-1.270278793224416825e-03 -7.211973640695484074e-04
-1.697903482060161926e-03 -1.301660246981571969e-03
-1.993335942620974056e-03 -2.051856030115134250e-03
-2.122355462783632411e-03 -2.824321025936155430e-03
-2.083474846676325494e-03 -3.464623804377457445e-03
-1.907865461368512747e-03 -3.840746471701471203e-03
-1.653070602666188629e-03 -3.868272151745201330e-03
-1.391705751754926347e-03 -3.526605252954030049e-03
-1.197293924708164523e-03 -2.863148072961781837e-03
-1.129926960078770672e-03 -1.984636929809182899e-03
-1.224476580470249942e-03 -1.037271609334273559e-03
-1.483596215729352788e-03 -1.793932143677322462e-04
-1.876847301432538499e-03 4.481241361957513398e-04
-2.346123774955420453e-03 7.481698307908247244e-04
-2.816355334163392257e-03 6.854107708737333486e-04
-3.209469595597160083e-03 2.926201786765012750e-04
-3.458975085947203765e-03 -3.358693911533709026e-04
-3.522408205327636280e-03 -1.062342062764928211e-03
-3.389290518359994783e-03 -1.732055645541132841e-03
-3.083091643983024936e-03 -2.202783248242934713e-03
-2.656826841505724630e-03 -2.371940881198515531e-03
-2.183122374245981007e-03 -2.196160431551014494e-03
-1.740627876598995882e-03 -1.699598952715962842e-03
-1.399345213564956274e-03 -9.694092236260545923e-04
-1.207647096926451518e-03 -1.392288525437092696e-04
-1.183437523238055388e-03 6.361848208662735336e-04
-1.311120801720583621e-03 1.210369003350529257e-03
-1.544945239976812769e-03 1.473046011591647988e-03
-1.818079837937885967e-03 1.371204625007806793e-03
-2.055696275856638833e-03 9.193749869133381993e-04
-2.189569756398712479e-03 1.971450588154087307e-04
-2.171424606628724607e-03 -6.656183030050077856e-04
-1.982488469603145131e-03 -1.513052920934547779e-03
-1.637437338061285396e-03 -2.192499283246001837e-03
-1.181976488277473522e-03 -2.583092148194176922e-03
-6.845082288439560594e-04 -2.618339630723956479e-03
-2.234579011117467291e-04 -2.298421859632643425e-03
1.273474263945591862e-04 -1.689887559093531180e-03
3.124834421034541161e-04 -9.128126605614133356e-04
3.053057058067804985e-04 -1.178584920048213061e-04
1.129365690360685948e-04 5.424212296879973166e-04
-2.250816814246523498e-04 9.425874208497934297e-04
-6.442131913721659778e-04 1.008141180829725484e-03
-1.067030409645580106e-03 7.296546806104006570e-04
-1.417703456898325790e-03 1.645310567611844984e-04
-1.636138120580642565e-03 -5.739394082867985570e-04
-1.689091255224783351e-03 -1.338152896480662279e-03
-1.576165721081581412e-03 -1.974307558152197436e-03
-1.329557433896338655e-03 -2.351733105472756779e-03
-1.007610795270158467e-03 -2.387875709413497805e-03
-6.834115345671506157e-04 -2.064201169653845543e-03
-4.305857446679959254e-04 -1.429998255200767452e-03
-3.090027322555107371e-04 -5.933547240083418160e-04
-3.530971635083348260e-04 2.989929454204289959e-04
-5.650295470023877081e-04 1.089128512378469051e-03
-9.139873717231552976e-04 1.637550286362742750e-03
-1.341765756223769991e-03 1.849294883586401119e-03
-1.773576525780762910e-03 1.691651282474831248e-03
-2.132043538689537988e-03 1.200117779210294923e-03
-2.351737562190815613e-03 4.714798424088755837e-04
-2.391500609740400927e-03 -3.546753696450394462e-04
-2.242227026380672235e-03 -1.122503467455503081e-03
-1.928627712426929115e-03 -1.689476885860015636e-03
-1.504641997988412317e-03 -1.953386525360324352e-03
-1.043363295251069529e-03 -1.871657177117532758e-03
-6.233822529106671428e-04 -1.469319531310815403e-03
-3.141282997456694729e-04 -8.341307158043526244e-04
-1.629790402964222855e-04 -9.977000551974552411e-05
-1.865713172480977598e-04 5.797044883743067119e-04
-3.679514868815394676e-04 1.059296517838956113e-03
-6.600963551197685424e-04 1.230829229768477372e-03
-9.951297216524146710e-04 1.043756866469994129e-03
-1.297481017787522391e-03 5.150824975258619116e-04
-1.498486311481530067e-03 -2.735040675829685615e-04
-1.549659295441909107e-03 -1.190734444087013623e-03
-1.432112387973345866e-03 -2.080263404262512085e-03
-1.160337906337799083e-03 -2.789932799155037460e-03
-7.796281698111934104e-04 -3.200264184714226960e-03
-3.576189102001958980e-04 -3.246792171234748683e-03
2.844578883599781401e-05 -2.932016106303497217e-03
3.063175652067043168e-04 -2.324712698112197870e-03
4.224523896919529960e-04 -1.546744526096104468e-03
3.522276521095759607e-04 -7.498660705596055416e-04
1.047315908792920526e-04 -8.692177563609962236e-05
-2.787845646159227203e-04 3.171086668149645463e-04
-7.325026174013427255e-04 3.887349510851177345e-04
-1.178248381790837022e-03 1.197783498957762701e-04
-1.540011564683573322e-03 -4.312235981432045642e-04
-1.758032154504420193e-03 -1.150292566891667964e-03
-1.799793700482904373e-03 -1.889825663867924534e-03
-1.665850071586819775e-03 -2.496816054374724134e-03
-1.389390887263591487e-03 -2.842128054481289461e-03
-1.029636475987219047e-03 -2.845276330513272015e-03
-6.603214172394614688e-04 -2.490009571182475508e-03
-3.554552646899206613e-04 -1.827739819188661883e-03
-1.750639542180245159e-04 -9.681599377606184102e-04
-1.536182211846346323e-04 -5.881767767905947799e-05
-2.933456042902582179e-04 7.424938819061680960e-04
-5.636968527552932776e-04 1.297309119023453815e-03
-9.070710814662886470e-04 1.512433162574209180e-03
-1.249717709135336405e-03 1.357349457388342361e-03
-1.515751716382962144e-03 8.698006789580761764e-04
-1.641627965545851926e-03 1.484904134637265636e-04
-1.588332144991549174e-03 -6.657093980820576662e-04
-1.348977056630744050e-03 -1.416484950209158291e-03
-9.503618158312745427e-04 -1.961679563082127393e-03
-4.481935609422610075e-04 -2.200161010198866882e-03
8.312974948193553506e-05 -2.090871448402668517e-03
5.642479344936894960e-04 -1.660455603545361175e-03
9.254869656494812708e-04 -9.980266877534815003e-04
1.119661956221143593e-03 -2.380660363180313668e-04
1.130619441340519060e-03 4.652997299426397167e-04
9.759105753877354763e-04 9.677667467389942111e-04
7.030981186832111363e-04 1.162480096952190223e-03
3.804052157359788869e-04 1.000579399643740982e-03
8.348480727375358432e-05 5.007655001132906448e-04
-1.191776757822795695e-04 -2.539312414713217709e-04
-1.794578404821457404e-04 -1.131577039161227359e-03
-7.887848931936800988e-05 -1.976041762177055405e-03
1.677741097942799875e-04 -2.636315715257873948e-03
5.151914718576285123e-04 -2.994891255127888827e-03
8.961241613411867089e-04 -2.989840579042495061e-03
1.234178427235854605e-03 -2.626413657976276513e-03
1.458404062519347288e-03 -1.975963573446153261e-03
1.516908914614123124e-03 -1.162404950905280209e-03
1.386918573070821488e-03 -3.387706341473461363e-04
1.079371710113075956e-03 3.416945479133820084e-04
6.371751194037320433e-04 7.544308837248803277e-04
1.274420161089628682e-04 8.269826421183445846e-04
-3.708244508137491908e-04 5.525080284842051777e-04
-7.812787788505832533e-04 -9.173145829748357433e-06
-1.044266142689079160e-03 -7.431868047290033329e-04
-1.127692974087094856e-03 -1.501662651853641773e-03
-1.032686099497750641e-03 -2.132059094870454325e-03
-7.929781032311735648e-04 -2.506384070774030255e-03
-4.681441571376981263e-04 -2.545770812401751924e-03
-1.319791817212665115e-04 -2.235746993424130111e-03
1.417764358558319280e-04 -1.629297959145257612e-03
2.936532955204939829e-04 -8.371362080361014098e-04
2.899144402257535858e-04 -7.012249562680233916e-06
1.290875568085393318e-04 7.040223787582835287e-04
-1.576716670035319579e-04 1.159153843380492620e-03
-5.124552020629076238e-04 1.267558300103907446e-03
-8.616048144695982909e-04 1.001495432714331847e-03
-1.129756106747420571e-03 4.015093152533197405e-04
-1.254262623461159347e-03 -4.312466706552548932e-04
-1.197265011520810439e-03 -1.354107305154737644e-03
-9.531150193332907578e-04 -2.209800224628629978e-03
-5.497426605724268188e-04 -2.856065582789304308e-03
-4.370082276461608611e-05 -3.192385492953982162e-03
4.901819880737604126e-04 -3.178766398058542261e-03
9.725897203979106450e-04 -2.843023251307113218e-03
1.334345514329309847e-03 -2.275192409957463042e-03
1.529116375762099890e-03 -1.610138039478168238e-03
1.541799036025557484e-03 -1.001652970178062681e-03
1.391007831802199479e-03 -5.929659031081997538e-04
1.125201808000329557e-03 -4.892475625584205828e-04
8.131920136753678207e-04 -7.373299317550464915e-04
5.308332180927142216e-04 -1.316486747538489184e-03
3.464257274534191487e-04 -2.142028620211296631e-03
3.075960618501869057e-04 -3.081039145965218471e-03
4.321439662743348101e-04 -3.977278753075476868e-03
7.045908781467027622e-04 -4.680546219165258696e-03
1.079084054205738108e-03 -5.074942703644159253e-03
1.488105787685105492e-03 -5.100689812503418109e-03
1.855336694589853914e-03 -4.765372568541339365e-03
2.110234327106853651e-03 -4.142479363380299935e-03
2.201562549239193846e-03 -3.357515115558911550e-03
2.107304854105478565e-03 -2.564315716717943845e-03
1.839078636316516906e-03 -1.916046071546646671e-03
1.440207870638815588e-03 -1.536369540032862064e-03
9.778117298231464496e-04 -1.496243035989058704e-03
5.303992335667092424e-04 -1.800725850511779693e-03
1.733106574655053026e-04 -2.388293386476410870e-03
-3.524590886753932624e-05 -3.142778598284321975e-03
-6.492698353828595201e-05 -3.915672473837194557e-03
8.126937060904131007e-05 -4.554553184276215194e-03
3.678120258043795425e-04 -4.932253012756243268e-03
7.335712686911468336e-04 -4.971232609215879041e-03
1.103560881260044930e-03 -4.658539933660787308e-03
1.403260226949057995e-03 -4.048514536835524404e-03
1.572801427344109075e-03 -3.252718888116422347e-03
1.578333491758180740e-03 -2.418997770789283949e-03
1.418411025993155609e-03 -1.703626213413543533e-03
1.124198442017940993e-03 -1.241816063639693745e-03
7.534528095395446072e-04 -1.122163171327925828e-03
3.794276710651663239e-04 -1.369872177093852663e-03
7.680298466140184077e-05 -1.941935130677431218e-03
-9.268948533662469628e-05 -2.735178009039489645e-03
-9.221739738583117907e-05 -3.605653953171578455e-03
8.289419309331935194e-05 -4.395714763786954041e-03
4.039799729829364645e-04 -4.963639437637962920e-03
8.141586308865989777e-04 -5.210215331733385365e-03
1.238802252863780698e-03 -5.097245368997872436e-03
1.599376797868909622e-03 -4.654484104416987608e-03
1.828041067959675081e-03 -3.973696851452869667e-03
1.880247527896669124e-03 -3.190974503497214475e-03
1.742966053684323353e-03 -2.460660493381305360e-03
1.436979717036325835e-03 -1.925834469854005712e-03
1.012823275814016526e-03 -1.690949027807646778e-03
5.411377732862023438e-04 -1.801807782621915729e-03
9.927081596098610503e-05 -2.236682470850370232e-03
-2.433382664140277271e-04 -2.910256893447939718e-03
-4.382204068229801587e-04 -3.689655907497935323e-03
-4.669133313302294272e-04 -4.419528385624803615e-03
-3.442635753761788108e-04 -4.951437594953508707e-03
-1.153720437078010834e-04 -5.171995636368906767e-03
1.532340007505664692e-04 -5.024415107905448423e-03
3.865252546981001519e-04 -4.519396260994670497e-03
5.155370709170027871e-04 -3.733285905177881250e-03
4.908127740980640537e-04 -2.793853154938905677e-03
2.921699208281702256e-04 -1.856370747172241377e-03
-6.706832869090195888e-05 -1.074525344173373614e-03
-5.421867418200000156e-04 -5.716585686044342151e-04
-1.065145100638444390e-03 -4.177772324293609497e-04
-1.557080081453061059e-03 -6.166783015510979554e-04
-1.942883162692754951e-03 -1.105618535313249943e-03
-2.165102254171376132e-03 -1.767583189788134732e-03
-2.194542156460851500e-03 -2.453822504570974446e-03
-2.035563197532503157e-03 -3.012380646062316758e-03
-1.725080264669176262e-03 -3.317207461263446677e-03
-1.325456094073539353e-03 -3.292333568176664289e-03
-9.126375088036896071e-04 -2.926524739612146493e-03
-5.617826807014792692e-04 -2.275635086453936702e-03
-3.331011571207759519e-04 -1.452208715167442165e-03
-2.605866660872717530e-04 -6.042951123026873593e-04
-3.457735256277748781e-04 1.125129054929531296e-04
-5.576948750986034618e-04 5.645252369988755688e-04
-8.390453561601183934e-04 6.653087806184879074e-04
-1.117374948890612757e-03 3.921476797621194482e-04
-1.319187105092446992e-03 -2.095098863715615187e-04
-1.384263675249539820e-03 -1.034464166832159762e-03
-1.277495641619338408e-03 -1.937447495855488958e-03
-9.959705575648361998e-04 -2.760357824523895082e-03
-5.699655009765913424e-04 -3.361892069505881958e-03
-5.764829254760468595e-05 -3.643975480088180834e-03
4.655187480303439899e-04 -3.569990343171374012e-03
9.206747359437834682e-04 -3.171360347599365762e-03
1.240132649111586223e-03 -2.541251789128715077e-03
1.379876194537780132e-03 -1.816592089306011491e-03
1.327621206587363718e-03 -1.151817986741702745e-03
1.104920569595615803e-03 -6.893314063644725119e-04
7.629184265905304945e-04 -5.322639210034512888e-04
3.725607011261970552e-04 -7.247129057826465562e-04
1.111727820320206148e-05 -1.243196846879373067e-03
-2.524318864913365108e-04 -2.000951880824815808e-03
-3.703808319015529761e-04 -2.864258991175431830e-03
-3.251959921914900119e-04 -3.677712039489376260e-03
-1.326480793739222242e-04 -4.293642568246199519e-03
1.614102696138958941e-04 -4.600128918925149718e-03
4.900045318486462255e-04 -4.542283978089299915e-03
7.780321468804548548e-04 -4.132787341164553818e-03
9.568218441991171389e-04 -3.449663180096503631e-03
9.774933062761726778e-04 -2.621719238351769964e-03
8.205790185114592841e-04 -1.804398027996390388e-03
5.000779093485132948e-04 -1.150606167788776994e-03
6.116483131083421602e-05 -7.820382047542223485e-04
-4.280185772006358190e-04 -7.664172657828867245e-04
-8.889450402715052407e-04 -1.104954337966426552e-03
-1.247279790451649023e-03 -1.732393085214318715e-03
-1.446701827726919881e-03 -2.529624239827978505e-03
-1.459356834697320788e-03 -3.346473929246077637e-03
-1.290967074077396630e-03 -4.030344381127699653e-03
-9.796341660529548669e-04 -4.455277964874344160e-03
-5.885636527652345074e-04 -4.545936186482927611e-03
-1.940898176262500618e-04 -4.291949086277346143e-03
1.287323027296535197e-04 -3.749914984266476074e-03
3.202415704486013051e-04 -3.032670169304171708e-03
3.473228432359326372e-04 -2.287859855212481287e-03
2.094894849344121649e-04 -1.669868794638935732e-03
-6.124979071293759972e-05 -1.310428478697311808e-03
-4.067080666486480090e-04 -1.293469551187516851e-03
-7.538180978692858754e-04 -1.638985289149187587e-03
-1.028764061480365657e-03 -2.298966752661219318e-03
-1.171263407371001160e-03 -3.166185339942499243e-03
-1.146286480288894859e-03 -4.094166585087962232e-03
-9.509868141993747153e-04 -4.924580545231612046e-03
-6.155221209826886768e-04 -5.516870170361255592e-03
-1.976032059836407059e-04 -5.774515491314156923e-03
2.282038127983750564e-04 -5.662968525904910760e-03
5.844025132947345495e-04 -5.215870866306592489e-03
8.050871009305006227e-04 -4.528384325518065509e-03
8.483141769773413880e-04 -3.738904678249097002e-03
7.039860433696598380e-04 -3.002627450347311860e-03
3.957547897606406798e-04 -2.461976551527004457e-03
-2.341286856123419159e-05 -2.219499443177741678e-03
-4.811711301441322516e-04 -2.318364316310941690e-03
-8.993520043788599773e-04 -2.734154143470903051e-03
-1.208580071502543801e-03 -3.379512259638417851e-03
-1.361182408464234068e-03 -4.120759560190095580e-03
-1.339954768657989660e-03 -4.803335455182035883e-03
-1.161130555234812355e-03 -5.281242830932085519e-03
-8.709975028705453171e-04 -5.444918033575884241e-03
-5.368102940826067690e-04 -5.242244086640892448e-03
-2.337277429456579908e-04 -4.688722723193695235e-03
-3.025612186518969546e-05 -3.864872705125579552e-03
2.503688015275079386e-05 -2.901339816606742471e-03
-8.698621165718824644e-05 -1.954530074831860222e-03
-3.521404279875337863e-04 -1.177371704591114159e-03
-7.253697284347040627e-04 -6.907336228995713482e-04
-1.139084264266207718e-03 -5.609039608767451071e-04
-1.515810396072860521e-03 -7.873850056411178192e-04
-1.782762644281343139e-03 -1.303308054088488446e-03
-1.885581648851056107e-03 -1.988382791461848660e-03
-1.798638842971415084e-03 -2.691923261007496578e-03
-1.529957267838760477e-03 -3.261585497164677921e-03
-1.119815977901009217e-03 -3.572371504039126809e-03
-6.333001057134124683e-04 -3.550404992347165438e-03
-1.482037345122722569e-04 -3.186975418386270818e-03
2.594285095848619617e-04 -2.540190694475076300e-03
5.293891636462911892e-04 -1.723926331738649112e-03
6.283640490952881272e-04 -8.861652784386144606e-04
5.558707462930908855e-04 -1.808326819515192543e-04
3.439630542392638777e-04 2.615373651401525432e-04
5.076598179687981762e-05 3.587438188687622036e-04
-2.509257014228395027e-04 9.274068419541582793e-05
-4.878175548276962462e-04 -4.866636253357398134e-04
-6.003623224559114825e-04 -1.270937404448511769e-03
-5.543774970266416267e-04 -2.113066078691208747e-03
-3.478258987801649419e-04 -2.855077494878071817e-03
-1.146811941250613443e-05 -3.357648343739911938e-03
3.967431134740959705e-04 -3.526193772862317496e-03
8.024705749027590852e-04 -3.328507735113268948e-03
1.128959853105120526e-03 -2.800620792059341918e-03
1.311524328558948170e-03 -2.039772216798390464e-03
1.309806379954278491e-03 -1.185832149084094407e-03
1.115493088965604585e-03 -3.946955307064640463e-04
7.540241338773553308e-04 1.913112968871351002e-04
2.799659220172899575e-04 4.704058047380098653e-04
-2.330759018243057845e-04 4.005975995689120290e-04
-7.061004879623294841e-04 7.565410272973105768e-06
-1.069335017468169523e-03 -6.203273202292220985e-04
-1.275075456819859364e-03 -1.348931763501137141e-03
-1.306321538292552721e-03 -2.023924233165641171e-03
-1.179579677817353504e-03 -2.500273685029289275e-03
-9.413122449155721192e-04 -2.669980732381242641e-03
-6.587148513453867883e-04 -2.482829208544158704e-03
-4.065773107058017789e-04 -1.956213699189565669e-03
-2.527252688196555313e-04 -1.172174403483079632e-03
-2.448078053918828403e-04 -2.621926670249619161e-04
-4.009407402437142193e-04 6.173819934536330144e-04
-7.059843633966158541e-04 1.314628400245891962e-03
-1.114166338304605234e-03 1.710533944306518155e-03
-1.557557907733741033e-03 1.741272698346966498e-03
-1.958802042865895668e-03 1.410069279374789051e-03
-2.245685920678058400e-03 7.864075305064296192e-04
-2.364799727962441089e-03 -7.261475837880298654e-06
-2.291695560685909870e-03 -8.187915783037751213e-04
-2.035621554189520274e-03 -1.495184681867952822e-03
-1.637932145946707774e-03 -1.911542215985098311e-03
-1.164471409689782138e-03 -1.994643008499222530e-03
-6.933663515691120948e-04 -1.736684444627937390e-03
-3.005351395611226360e-04 -1.196587511529258012e-03
-4.564706876479659656e-05 -4.886221533502545580e-04
3.881516354330930701e-05 2.394887451822399647e-04
-4.667171509403560906e-05 8.348352383727219777e-04
-2.691478323393780474e-04 1.168597509818462572e-03
-5.697963169524409817e-04 1.160783554122636532e-03
-8.754556921017129893e-04 7.957355245668901395e-04
-1.112830075298912921e-03 1.254605575786941346e-04
-1.222698537934021256e-03 -7.398527755936707122e-04
-1.171425908145116643e-03 -1.652344769049579913e-03
-9.575891251088823565e-04 -2.454145902889683182e-03
-6.124590498917262607e-04 -3.006959070053225394e-03
-1.942421553229369815e-04 -3.217968328264395571e-03
2.228306989993852081e-04 -3.057174563048998227e-03
5.625041251148394077e-04 -2.562880707319570989e-03
7.609361544899253356e-04 -1.834291839326754846e-03
7.788394199342775926e-04 -1.012634059962660158e-03
6.090244065240441387e-04 -2.543688809879896331e-04
2.779131752653882150e-04 2.984244850200150779e-04
-1.592673087670131154e-04 5.448913212866370905e-04
-6.287072851196898442e-04 4.443871042019505342e-04
-1.051722299976125480e-03 2.401448739250498093e-05
-1.359358654965011660e-03 -6.267116631513994186e-04
-1.505138373685890223e-03 -1.373056005323574800e-03
-1.473538648069777461e-03 -2.060849995289072093e-03
-1.282608644573629249e-03 -2.545985108090944790e-03
-9.802366221703514779e-04 -2.722020083600304539e-03
-6.347823881582138721e-04 -2.540666940608110082e-03
-3.218566112127507978e-04 -2.021268617627180846e-03
-1.097574760552654525e-04 -1.247465436800862960e-03
-4.632854517814372595e-05 -3.516735341656607519e-04
-1.497315142538340220e-04 5.096933700965152565e-04
-4.048850231741690829e-04 1.185574067813305755e-03
-7.662465026199290164e-04 1.558630505124138565e-03
-1.166411680610623209e-03 1.567272170906098064e-03
-1.528903567990135687e-03 1.217168113928808904e-03
-1.782728322133435728e-03 5.800699905834710499e-04
-1.875939759540280142e-03 -2.198288241803422023e-04
-1.785640957939010898e-03 -1.029414069601742535e-03
-1.522524977643771637e-03 -1.695597784664238826e-03
-1.129089713737153802e-03 -2.094212003537797902e-03
-6.718587423497292179e-04 -2.153380456279445094e-03
-2.290742029183711888e-04 -1.866946470883886541e-03
1.238154576705315655e-04 -1.295419110607243761e-03
3.281329164039802288e-04 -5.542638749260123251e-04
3.527761484671520500e-04 2.082385988382999325e-04
1.998118837638840025e-04 8.393663685814882740e-04
-9.619254210088993770e-05 1.211182358829871516e-03
-4.749645218231342649e-04 1.245070883436462904e-03
-8.621547013330496450e-04 9.269303713050087296e-04
-1.183590416019861778e-03 3.101375178346723206e-04
-1.379449827993161270e-03 -4.942860654959564540e-04
-1.415668804304515485e-03 -1.338449857364188127e-03
-1.290417852590042269e-03 -2.065385537351669114e-03
-1.034421226065808646e-03 -2.538596505155935913e-03
-7.050576128206556938e-04 -2.667775196204534658e-03
-3.753606079232604353e-04 -2.425822114598573474e-03
-1.200042010137509444e-04 -1.853946326128083936e-03
-9.306264638599603609e-07 -1.053882699667740754e-03
-5.534672760189980004e-05 -1.686994398934719822e-04
-2.883674356523781984e-04 6.441712350644751778e-04
-6.717058286502186268e-04 1.242574931367653986e-03
-1.148665014404429141e-03 1.526340083423718833e-03
-1.644494443869473545e-03 1.455993871963286775e-03
-2.080158019884671521e-03 1.059950507601850351e-03
-2.386915730590383634e-03 4.288169960027405107e-04
-2.518966717151144979e-03 -3.020983898551641493e-04
-2.461768751313983712e-03 -9.787552430733188411e-04
-2.234467496129141639e-03 -1.457902411853776630e-03
-1.885983678897166496e-03 -1.634553485208387318e-03
-1.485506376394780297e-03 -1.462205640487431379e-03
-1.109198818393778568e-03 -9.619653877528188497e-04
-8.256391209878229239e-04 -2.188456364906512640e-04
-6.827566065519610761e-04 6.340717686215345235e-04
-6.987397622285838319e-04 1.440615405945526667e-03
-8.586383722514837622e-04 2.050920877979641593e-03
-1.117302680703104482e-03 2.349682478595850523e-03
-1.408101110430384382e-03 2.277913363892883607e-03
-1.655762607146745715e-03 1.844095647209531433e-03
-1.790907540236733389e-03 1.122609700887306199e-03
-1.763510349508023035e-03 2.397394913768280780e-04
-1.552738464320205670e-03 -6.500979009726125767e-04
-1.171297283974143425e-03 -1.393400559863812145e-03
-6.634504689091982529e-04 -1.866411615827326528e-03
-9.708170944640334503e-05 -1.998276972354165286e-03
4.487080448728516646e-04 -1.784152034621371962e-03
8.981287259010106239e-04 -1.285782449696919964e-03
1.192613006010983731e-03 -6.194561904757654768e-04
1.301486710804022765e-03 6.638403342188185959e-05
1.227386036345193363e-03 6.196209216707097844e-04
1.005403986801385379e-03 9.136343671689424678e-04
6.961350733480123039e-04 8.716330180034092233e-04
3.739416959404715142e-04 4.815305108143333023e-04
1.126692086897640660e-04 -2.014578695703353808e-04
-2.848159071295165799e-05 -1.064996505861821744e-03
-1.624705921382042003e-05 -1.960666751634500098e-03
1.503808248071486671e-04 -2.731881633559627310e-03
4.400060198261626860e-04 -3.243395991442030515e-03
7.948761647747133209e-04 -3.406826765185783611e-03
1.141978056016460007e-03 -3.197352326323156090e-03
1.407075388966997753e-03 -2.658428721941216016e-03
1.529025142830786306e-03 -1.893628502615374732e-03
1.471655394452093049e-03 -1.047145062105978757e-03
1.230948413417607377e-03 -2.766505992583599780e-04
8.361612491905277833e-04 2.763573156598238788e-04
3.446634468529212458e-04 5.131109944272163517e-04
-1.685391957254331417e-04 3.960076211248512914e-04
-6.246199124459838724e-04 -4.455983719347232121e-05
-9.554781005606427687e-04 -7.162618800451989783e-04
-1.116272286347139110e-03 -1.482626889214195241e-03
-1.093573865344346337e-03 -2.189193496062489131e-03
-9.076051587695952577e-04 -2.693061093831245357e-03
-6.081446675187576322e-04 -2.890235413739109492e-03
-2.648805177379749405e-04 -2.735583967104805725e-03
4.595688402798318688e-05 -2.251616092198770007e-03
2.561488131549698871e-04 -1.524419240102576440e-03
3.184714046636030488e-04 -6.875160946175810179e-04
2.156495050038264574e-04 1.033046151867722095e-04
-3.641305783734754675e-05 6.994205255912991836e-04
-3.917360619088579819e-04 9.874998346929167534e-04
-7.831073452061222684e-04 9.109923927535892082e-04
-1.134989821729177634e-03 4.809175336720548748e-04
-1.378041491523067028e-03 -2.260961203337935599e-04
-1.462492581133396962e-03 -1.082151035581937516e-03
-1.367839692655892312e-03 -1.932090374379786743e-03
-1.107013791742429221e-03 -2.622635906960142302e-03
-7.242250243295149641e-04 -3.031142981428569180e-03
-2.868845630538088181e-04 -3.088534422812573565e-03
1.268747943018348821e-04 -2.792077985269258988e-03
4.427240795011428364e-04 -2.205595559151520089e-03
6.039668006061005637e-04 -1.447072445511489881e-03
5.820593731401360908e-04 -6.660208880163632659e-04
3.818375500504541829e-04 -1.489186580473167779e-05
4.046441687984220822e-05 3.800443887304954475e-04
-3.796969026872856019e-04 4.428287821799891093e-04
-8.029336259974774112e-04 1.623797684405265274e-04
-1.154511529418631756e-03 -4.052673547039525783e-04
-1.374767829776417111e-03 -1.147476366082753659e-03
-1.430301371406351128e-03 -1.916293166375790651e-03
-1.320143663341539651e-03 -2.556467958740960521e-03
-1.075745942079761553e-03 -2.934911265675892861e-03
-7.547895160367828170e-04 -2.966005704094362965e-03
-4.299971625958294835e-04 -2.627978931926103559e-03
-1.750706351789658912e-04 -1.967234626788262782e-03
-5.042407270993928305e-05 -1.089817459729693853e-03
-9.142221975795398765e-05 -1.416231819801908542e-04
-3.013584989747926336e-04 7.189049659409340372e-04
-6.505108171722794735e-04 1.350430559497108702e-03
-1.081462306512769858e-03 1.655121719153328100e-03
-1.519687778903941163e-03 1.596802088375426365e-03
-1.887409112597138909e-03 1.207426545941628652e-03
-2.118103031912185654e-03 5.806636876486098546e-04
-2.168920248533143247e-03 -1.461919040741951155e-04
-2.028669391250319774e-03 -8.185452573341050380e-04
-1.719857917981449519e-03 -1.294072752868608445e-03
-1.294406428619109938e-03 -1.469934171533903615e-03
-8.238495451633918391e-04 -1.302466710023099730e-03
-3.858791647634694658e-04 -8.156270626726307323e-04
-4.977704181193714009e-05 -9.657929601576827842e-05
1.365074528083727329e-04 7.207386366954517424e-04
1.551913659480393939e-04 1.480959455091161378e-03
2.173620689507340352e-05 2.036743414476625477e-03
-2.184068848523522063e-04 2.276768865699926869e-03
-4.987617075818117371e-04 2.146954342356216690e-03
-7.447962052886708713e-04 1.660890365088993044e-03
-8.884322492081991960e-04 8.975010617003816591e-04
-8.813397380550210426e-04 -1.362736402686363555e-05
-7.044887554978660578e-04 -9.164798686671042768e-04
-3.721421580733896123e-04 -1.657826160348732820e-03
7.047600139222556228e-05 -2.115890648123716633e-03
5.554028658747935023e-04 -2.223057932468711258e-03
1.004500672119247161e-03 -1.978322543255936570e-03
1.343990173228373688e-03 -1.447133616852904012e-03
1.518207930120501602e-03 -7.486718692406514782e-04
1.499987809730767181e-03 -3.297556608739405769e-05
1.295705007039749720e-03 5.477463574263952270e-04
9.440301195337928025e-04 8.681761005603922787e-04
5.086302688681865452e-04 8.538158401265490138e-04
6.619888148305728796e-05 4.952487266136830664e-04
-3.079211556532288670e-04 -1.499711857276508605e-04
-5.538018652498184410e-04 -9.681597711407158562e-04
-6.380233769543179525e-04 -1.811022449280545949e-03
-5.597010059415168234e-04 -2.523777414231645130e-03
-3.503115909614094880e-04 -2.974555709116030039e-03
-6.735946198194738379e-05 -3.079508443957496965e-03
2.169104689455106870e-04 -2.818863239948701544e-03
4.296067401624377620e-04 -2.240884797825876389e-03
5.114149542633450668e-04 -1.452983982875156186e-03
4.282487468304368994e-04 -6.016524440207005704e-04
1.781129597343860576e-04 1.549850685387214183e-04
-2.081294765417930452e-04 6.768112873691319985e-04
-6.722408118505453960e-04 8.679456611506031899e-04
-1.139311714194760896e-03 6.946039977482217336e-04
-1.531665036053242186e-03 1.912148198443652369e-04
-1.783333556128770432e-03 -5.463581832722007358e-04
-1.852375207813511697e-03 -1.379197470943027389e-03
-1.728697439660737464e-03 -2.151830252284704821e-03
-1.435911325938654974e-03 -2.721821788640101710e-03
-1.026865118119520094e-03 -2.986855804475988495e-03
-5.737023112943556800e-04 -2.904171283628718264e-03
-1.543246681101112430e-04 -2.498673374799580994e-03
1.621799931749679739e-04 -1.858181851286861731e-03
3.283906453876995731e-04 -1.116717216676842411e-03
3.272585424556794182e-04 -4.289907050399548822e-04
1.750235269852989939e-04 5.906900338351409041e-05
-8.220378261894237498e-05 2.381680817483003768e-04
-3.775389235661171005e-04 5.660054836694274928e-05
-6.363688486629114332e-04 -4.696709496043451840e-04
-7.908668051466200433e-04 -1.259721703543930467e-03
-7.932197140456229319e-04 -2.182653497444637675e-03
-6.250547715653669316e-04 -3.082034801121526311e-03
-3.012719195036373844e-04 -3.805172997157776384e-03
1.324514792183262724e-04 -4.231684282695083801e-03
6.080186279952842386e-04 -4.295959836136804127e-03
1.047557894901333768e-03 -3.999282298072258553e-03
1.377965259277273138e-03 -3.409305776802477438e-03
1.544595233444096254e-03 -2.647004488911257510e-03
1.521510716509714848e-03 -1.863566938248307266e-03
1.316352347474575822e-03 -1.211615227363722338e-03
9.689053131373051965e-04 -8.162025029137540740e-04
5.436336333828179455e-04 -7.510824475519342364e-04
1.175929686281008729e-04 -1.024745382311707115e-03
-2.339930933130640297e-04 -1.578865136390733169e-03
-4.517669709524756855e-04 -2.299449751409048115e-03
-5.032296988334397951e-04 -3.038582521454959249e-03
-3.886173317032502717e-04 -3.642633540136361574e-03
-1.405556351509856241e-04 -3.981595735940864772e-03
1.824338889375988980e-04 -3.973985491227458207e-03
5.073389872454880239e-04 -3.602586846643145851e-03
7.608048610599564250e-04 -2.918051172038449090e-03
8.833383153423524960e-04 -2.029662996385371131e-03
8.408701714883322874e-04 -1.085012259728016003e-03
6.314789681767371196e-04 -2.424136166542067809e-04
2.859959504158963084e-04 3.587131217489736203e-04
-1.376291235780417407e-04 6.239009068333880442e-04
-5.651394021958887738e-04 5.212051185069369649e-04
-9.199162614031495665e-04 8.696500679457232902e-05
-1.137420709960943865e-03 -5.813278827295042649e-04
-1.177397978172642877e-03 -1.343698639274001731e-03
-1.031534684946864601e-03 -2.044356017343547383e-03
-7.251177062812335337e-04 -2.541305020530457322e-03
-3.123783119697303053e-04 -2.733295975824283960e-03
1.336004142122870775e-04 -2.579006581232601986e-03
5.345065040518531211e-04 -2.104825233554854548e-03
8.213784762311187714e-04 -1.399763361848417164e-03
9.473869525409634633e-04 -5.984626725672248038e-04
8.964054607833837462e-04 1.444814704139252759e-04
6.857553226883312657e-04 6.840139123512123994e-04
3.626131356562372395e-04 9.123403617951131653e-04
-5.230430929428726361e-06 7.796192456289441092e-04
-3.425022979015753238e-04 3.036994242561284318e-04
-5.809745675611161040e-04 -4.329478215219985816e-04
-6.726297727336577690e-04 -1.298529558076325693e-03
-5.989641977293787755e-04 -2.136575508449657743e-03
-3.746617740347982619e-04 -2.795267370725662993e-03
