1.790174290779366793e-03 8.228373075611812582e-04
1.408658626378299621e-03 4.733448140277144844e-04
8.540548072733902037e-04 4.200149488039679226e-04
2.208136877199832170e-04 6.986445046048719940e-04
-3.843068280546389119e-04 1.281153185715686255e-03
-8.623005392078592242e-04 2.080516327032883115e-03
-1.140459611699823090e-03 2.966877357748630342e-03
-1.185901322555379380e-03 3.791797652047873557e-03
-1.011518422704581720e-03 4.416060080342750112e-03
-6.732319497804700303e-04 4.735768932842644718e-03
-2.590727587830312013e-04 4.701810499338139257e-03
1.278343119168871313e-04 4.328994598873764019e-03
3.891548832252335723e-04 3.693149993106749785e-03
4.503259591968665834e-04 2.916726207682022749e-03
2.750321989067445148e-04 2.145629218803330948e-03
-1.275705871240989317e-04 1.521676930687774912e-03
-7.042593066281837210e-04 1.155888360554138726e-03
-1.367515428733599540e-03 1.107661212568937081e-03
-2.011820383738642960e-03 1.373776256627186896e-03
-2.533394186920565842e-03 1.889305041376149663e-03
-2.849644184280187165e-03 2.540242538007582776e-03
-2.914644798267000333e-03 3.185465303642630308e-03
-2.727719657689038624e-03 3.683849205540236198e-03
-2.333502440176582569e-03 3.921403158786725476e-03
-1.813465107096839642e-03 3.833271846047655619e-03
-1.270516756003973579e-03 3.416431729902606393e-03
-8.095874064401783468e-04 2.730666955545606699e-03
-5.178704298567564455e-04 1.887631276945625144e-03
-4.484612127718477087e-04 1.030058603981018773e-03
-6.104858748306081495e-04 3.050508462627784557e-04
-9.675843373812686044e-04 -1.635059515311435788e-04
-1.445029578628596661e-03 -2.981801480552413470e-04
-1.944129185082655318e-03 -8.249236086526256714e-05
-2.361176072955340974e-03 4.360689060259478021e-04
-2.607353690537079528e-03 1.155082600309390072e-03
-2.625820263986452553e-03 1.936569743574453276e-03
-2.402730922150224727e-03 2.633039362763179517e-03
-1.970104651287382398e-03 3.115275957267817347e-03
-1.399987603055562625e-03 3.296610319047413220e-03
-7.910128753124401595e-04 3.149082689863287252e-03
-2.498973593147843161e-04 2.708443649824504584e-03
1.286241845834419899e-04 2.067052826663592826e-03
2.796307577541613971e-04 1.356028013669283378e-03
1.802374429375481601e-04 7.200334468124673648e-04
-1.461054794379713093e-04 2.894902473917434788e-04
-6.340512069449666475e-04 1.554803839721508908e-04
-1.188693867862991756e-03 3.521054896198033777e-04
-1.703470933630181526e-03 8.496500784852100557e-04
-2.080243811090864460e-03 1.559852485872536675e-03
-2.247758081039173076e-03 2.352293674776239751e-03
-2.174992248071037394e-03 3.078808122857922339e-03
-1.876872190726827042e-03 3.601301085348619993e-03
-1.411274404042915133e-03 3.817710446057802007e-03
-8.678908575707698896e-04 3.681201511498062920e-03
-3.510694918805582800e-04 3.208963218630974876e-03
4.011480787140318631e-05 2.478941930226807172e-03
2.307795622893641253e-04 1.615131677285648040e-03
1.845565945509388631e-04 7.642051475599888647e-04
-8.940035082588559945e-05 6.790792942882998597e-05
-5.380535520773528342e-04 -3.635606300729406215e-04
-1.074458350440068381e-03 -4.721446953508290790e-04
-1.594192977059711485e-03 -2.626134861172006122e-04
-1.995132086303798465e-03 1.986882070543977488e-04
-2.196820784698618953e-03 7.967758744103385160e-04
-2.155780569234631155e-03 1.390189424152914405e-03
-1.873847875096799377e-03 1.838179771527620552e-03
-1.397964251028769624e-03 2.027760907006507640e-03
-8.114549417380039582e-04 1.895496045497800175e-03
-2.184435615107634728e-04 1.439883896521522476e-03
2.756504327634493219e-04 7.219915016564710901e-04
5.838435999857937006e-04 -1.457936996030690985e-04
6.538188763621536562e-04 -1.020769449746962692e-03
4.775869705421120683e-04 -1.756710188362823038e-03
9.275537884154984834e-05 -2.231376124572945034e-03
-4.248291919085553934e-04 -2.369534425182629953e-03
-9.756657564322004234e-04 -2.157135613247814637e-03
-1.455643700760046516e-03 -1.643961760064677636e-03
-1.775935304891086090e-03 -9.342446137660134721e-04
-1.879964161500682646e-03 -1.670283614396488817e-04
-1.754231774194886561e-03 5.100077597963890378e-04
-1.430948288782757068e-03 9.683146773480637726e-04
-9.819660212652598676e-04 1.122574689947935470e-03
-5.051621858462010308e-04 9.465816171508106489e-04
-1.058479962990156774e-04 4.779003539361660353e-04
1.232758230355246627e-04 -1.895683990435786015e-04
1.198207040998726727e-04 -9.237018154695634826e-04
-1.362848308258388704e-04 -1.579508409170623032e-03
-6.187632322537565217e-04 -2.026911812270013134e-03
-1.259696470941359513e-03 -2.175695478007452690e-03
-1.962088321531510037e-03 -1.992877003008548809e-03
-2.617907186185084757e-03 -1.509214905371959519e-03
-3.128199086959956507e-03 -8.136092814600304896e-04
-3.421468943521571195e-03 -3.645097275980406851e-05
-3.466856494747510252e-03 6.749324979540865426e-04
-3.279619013971788247e-03 1.184088313248020212e-03
-2.917889638358087644e-03 1.391243084074495536e-03
-2.471331912538803424e-03 1.252215519509607741e-03
-2.043845339258058141e-03 7.868553300127722507e-04
-1.733602861621952491e-03 7.540860780323548323e-05
-1.614206003752642485e-03 -7.565051268487119627e-04
-1.720531225878313419e-03 -1.561463776307777957e-03
-2.041952046734761550e-03 -2.197903528690818304e-03
-2.524223988057247917e-03 -2.556638439453915064e-03
-3.079678049949727270e-03 -2.581224465684744257e-03
-3.603794068042987485e-03 -2.278320006341632425e-03
-3.995016096044623315e-03 -1.716089716535555785e-03
-4.174056915532406604e-03 -1.010962675075178499e-03
-4.099034383703974507e-03 -3.052611439159580659e-04
-3.773570495194898504e-03 2.600553563332328073e-04
-3.246315540667294407e-03 5.723613922103518332e-04
-2.601982526385931017e-03 5.689376047948472778e-04
-1.945583859715142253e-03 2.490517642252717406e-04
-1.382848966985375776e-03 -3.257445202131200755e-04
-1.000524330170299769e-03 -1.043164273648642662e-03
-8.502794952856083249e-04 -1.761395482243349438e-03
-9.392597166097617790e-04 -2.335959156199137257e-03
-1.229067358360770666e-03 -2.647130294150401228e-03
-1.643358281774190931e-03 -2.622729026615788425e-03
-2.082608383827647298e-03 -2.251964608048195957e-03
-2.443248087432238827e-03 -1.587707842666968155e-03
-2.637535965203063187e-03 -7.367574022252786851e-04
-2.610403344383710640e-03 1.600623188362659691e-04
-2.350076044288610094e-03 9.542098518768051246e-04
-1.890458551683231025e-03 1.517167713359925856e-03
-1.304826654190843023e-03 1.764371315535724540e-03
-6.920213198415849868e-04 1.670803591896984335e-03
-1.577576205542969819e-04 1.275311731576355811e-03
2.054113620212393368e-04 6.728381344777666345e-04
3.356798805564813236e-04 -3.953845753722597459e-06
2.137913439443233938e-04 -6.101709671083266296e-04
-1.331819570509457746e-04 -1.016462539147915210e-03
-6.368015557230449373e-04 -1.133807621369887315e-03
-1.200033471233121624e-03 -9.306166394208517656e-04
-1.715414317858474091e-03 -4.389035344784166393e-04
-2.085178993862522260e-03 2.516446486088276492e-04
-2.239544809820788983e-03 1.010580858443871832e-03
-2.149696020938356069e-03 1.691392981943511207e-03
-1.833016087781187513e-03 2.159304878946435944e-03
-1.349582631471950463e-03 2.316918176381082758e-03
-7.905941237109511376e-04 2.122836969457711932e-03
-2.609246997640001604e-04 1.599745006185859190e-03
1.408851116543329051e-04 8.304009691597191841e-04
3.414089789399077281e-04 -5.769586596471383186e-05
3.063272488082698954e-04 -9.160730197445738103e-04
4.697933542657003591e-05 -1.602992744106977339e-03
-3.817662548769893229e-04 -2.009862596592993170e-03
-8.919215110592185452e-04 -2.081356981327889093e-03
-1.379096536908164423e-03 -1.825449213193083668e-03
-1.742358103382203247e-03 -1.311464287008739724e-03
-1.903466268146068643e-03 -6.565307312671077441e-04
-1.821843044545628110e-03 -3.006194682320887518e-06
-1.502434454230680821e-03 5.088400836985600053e-04
-9.949722844459457476e-04 7.677074964515917099e-04
-3.847698406774160019e-04 7.126103869961643040e-04
2.232112845640453567e-04 3.446429213262059039e-04
7.240123790656081190e-04 -2.730694245981810748e-04
1.032331602081651943e-03 -1.027225372787640484e-03
1.098464942139675687e-03 -1.775766808825095244e-03
9.175210439537268611e-04 -2.374805364042020285e-03
5.301700456087708301e-04 -2.705956532118166617e-03
1.478922707371328396e-05 -2.698902829235601177e-03
-5.275031237170552849e-04 -2.344909777094815635e-03
-9.920881145836814297e-04 -1.698730537032402130e-03
-1.290714764222320506e-03 -8.685326111454189785e-04
-1.368232411499520915e-03 4.252956708772261812e-06
-1.213017603590441995e-03 7.713521683621288143e-04
-8.591209764109890637e-04 1.305344222073833880e-03
-3.797283853524068518e-04 1.523397866153363561e-03
1.268239090815543126e-04 1.402562530970503886e-03
5.558293787610291397e-04 9.837278898206665810e-04
8.162271110664540922e-04 3.635109589573635980e-04
8.480589427158151915e-04 -3.243845823706317973e-04
6.340570529068776003e-04 -9.347993228813800994e-04
2.031620442597617667e-04 -1.338879031184814130e-03
-3.747008255242988226e-04 -1.448703091072963377e-03
-1.001604437939760534e-03 -1.234112447080371521e-03
-1.569909603889225493e-03 -7.285474506938832175e-04
-1.982404828417284534e-03 -2.278832392650463742e-05
-2.170488550690437193e-03 7.522171113229071757e-04
-2.106956693349563633e-03 1.450186183295535877e-03
-1.810979308160322668e-03 1.937290508640884118e-03
-1.344328365773788097e-03 2.117636281479240955e-03
-7.995744959045300582e-04 1.951606377150868522e-03
-2.824903448741743987e-04 1.463585473728976289e-03
1.080055506466235608e-04 7.375989074710735541e-04
2.985654859632229895e-04 -9.831607243449371793e-05
2.552454070790460090e-04 -8.960549052085706135e-04
-1.016501426016804682e-05 -1.515180180329642363e-03
-4.425122253452437615e-04 -1.849202633904098794e-03
-9.538973033640103360e-04 -1.845440731911433211e-03
-1.440528900214552155e-03 -1.514706765868105475e-03
-1.802614915104164012e-03 -9.289934513070487263e-04
-1.963521001644537994e-03 -2.076065391763187631e-04
-1.884562218589442987e-03 5.056241477300502888e-04
-1.572620511015852081e-03 1.069734554902321277e-03
-1.079138761506742532e-03 1.373426347396167028e-03
-4.906747706989443049e-04 1.356199099171433858e-03
8.720334646255693866e-05 1.019811357720374397e-03
5.496377909502920883e-04 4.278998987031050753e-04
8.120899804945721405e-04 -3.061697483948302816e-04
8.261304716650409068e-04 -1.040918532013559994e-03
5.884250733181268025e-04 -1.633738213552609871e-03
1.412199223312992713e-04 -1.968130374559744124e-03
-4.357627210521598945e-04 -1.976036522679343842e-03
-1.040480531160382048e-03 -1.651024479617353496e-03
-1.567907142461831722e-03 -1.049826955157676274e-03
-1.929885739014113900e-03 -2.819331342131185911e-04
-2.071740878475856161e-03 5.108042413079177772e-04
-1.982504135614258488e-03 1.180693568192005835e-03
-1.696819371604677820e-03 1.601847115251311526e-03
-1.288169793082917297e-03 1.693716108389342048e-03
-8.547130404707494735e-04 1.436069816196140509e-03
-5.004110982894757103e-04 8.725898030199784241e-04
-3.150336441515389028e-04 1.024055841454567435e-04
-3.568275876400758048e-04 -7.388195792485267909e-04
-6.411413362847377066e-04 -1.504666327387911041e-03
-1.137165163911055829e-03 -2.065715513117592772e-03
-1.773412360314566196e-03 -2.334025169272026072e-03
-2.450910617579949574e-03 -2.279692619357684760e-03
-3.061612838093735484e-03 -1.936366467237196328e-03
-3.508547797459805537e-03 -1.394667039989496565e-03
-3.723901106066201342e-03 -7.847647748977239733e-04
-3.681608148150447048e-03 -2.514202619372733327e-04
-3.402079035159663936e-03 7.378177172212194677e-05
-2.948164510367647095e-03 9.773985035532056255e-05
-2.413129345356916644e-03 -2.161155054834806074e-04
-1.902912281564527429e-03 -8.404578788669366581e-04
-1.516032600282861886e-03 -1.688789273177216527e-03
-1.324948204356478408e-03 -2.631367259249315065e-03
-1.362394390499382891e-03 -3.519328312652442083e-03
-1.615288477069808234e-03 -4.212448629165963833e-03
-2.027351893587972000e-03 -4.605294697984280844e-03
-2.509949703552507953e-03 -4.646820424412504563e-03
-2.959090603127762301e-03 -4.349707947449182009e-03
-3.275363098759184743e-03 -3.787690585099071864e-03
-3.383026935632881850e-03 -3.081370935317428918e-03
-3.244638359242607659e-03 -2.375224378889049474e-03
-2.868433217977382765e-03 -1.810145887238995797e-03
-2.307063140359401007e-03 -1.496740444508031604e-03
-1.647917406386049640e-03 -1.494415082814017385e-03
-9.968566697034705881e-04 -1.800230457149138742e-03
-4.584326532089432523e-04 -2.349620367183908459e-03
-1.163339994203155345e-04 -3.028838927645389600e-03
-1.775642037069339804e-05 -3.696773070147016654e-03
-1.646530404116092368e-04 -4.211983548127561441e-03
-5.135188391499342442e-04 -4.459846677720913193e-03
-9.837478860654051693e-04 -4.374649332537151880e-03
-1.472979493553295801e-03 -3.952444902584473577e-03
-1.876526824627355438e-03 -3.252227059411212824e-03
-2.107209377127740573e-03 -2.385189962882211696e-03
-2.111835300961805665e-03 -1.494099213253193784e-03
-1.881214859932940154e-03 -7.266703915668297487e-04
-1.451812097955654897e-03 -2.079869857885901455e-04
-8.987257729719182013e-04 -1.717199090639845438e-05
-3.213329954590399794e-04 -1.727228747124714449e-04
1.756811621071699327e-04 -6.292801683264483397e-04
5.023106783065183281e-04 -1.286436042682034516e-03
6.004419328516255421e-04 -2.007910614493528013e-03
4.550281018260639732e-04 -2.647461887987664561e-03
9.710283404838521322e-05 -3.076621678635103711e-03
-4.019430135169728977e-04 -3.209005694049962918e-03
-9.437429605628304668e-04 -3.016596231019480316e-03
-1.421465493732865584e-03 -2.534917420027617968e-03
-1.739952571984486156e-03 -1.856127418265033887e-03
-1.833676107168328044e-03 -1.111340925542725951e-03
-1.679114970213873431e-03 -4.455355244409027558e-04
-1.299210729679192147e-03 1.019959576509894481e-05
-7.590592615039941024e-04 1.638100154724105896e-04
-1.536538306416596630e-04 -1.995232391588516382e-05
4.100006859006602618e-04 -5.125061707617394133e-04
8.330178148819340897e-04 -1.226505371670024965e-03
1.043194940513255276e-03 -2.032040469900885278e-03
1.008502355047202672e-03 -2.780918169143256971e-03
7.429459886823122985e-04 -3.334429343624340653e-03
3.036986473012035555e-04 -3.589355165354528483e-03
-2.199514761942396616e-04 -3.497293827690726564e-03
-7.237364028561941477e-04 -3.073654155453135056e-03
-1.108377250138375091e-03 -2.394617757206080749e-03
-1.298599148109022983e-03 -1.582648088987462448e-03
-1.257585814874589546e-03 -7.832918874844958107e-04
-9.941312371586101190e-04 -1.376656937684156857e-04
-5.611290589409376889e-04 2.441641952117003765e-04
-4.568089134746961206e-05 3.038704593184080992e-04
4.473077753840734409e-04 4.570854890245472889e-05
8.149415944163778975e-04 -4.645328568883268184e-04
9.758103725567477370e-04 -1.112270121204441287e-03
8.854393911797630787e-04 -1.756132912274797680e-03
5.447904607307310935e-04 -2.255067751353577801e-03
2.039830014899379762e-07 -2.495396844048849462e-03
-6.652080695777651308e-04 -2.412700328163760316e-03
-1.347090620895770568e-03 -2.004370059377091895e-03
-1.939358251816176819e-03 -1.330449326581210900e-03
-2.354001699265707501e-03 -5.025910321658262495e-04
-2.537442829482225524e-03 3.367830601527858599e-04
-2.480347105222682064e-03 1.041183425785489978e-03
-2.219041930575350874e-03 1.487565173287370719e-03
-1.828279032573460784e-03 1.599448012912360476e-03
-1.406718225768929754e-03 1.361270557970793629e-03
-1.057888155825051964e-03 8.212641475166833739e-04
-8.702359853727131313e-04 8.230379964124502580e-05
-9.000503234364747637e-04 -7.175309863733200138e-04
-1.160497364057143290e-03 -1.431005827470001107e-03
-1.618852245940647673e-03 -1.929461390532865531e-03
-2.202455332728765411e-03 -2.126976719630583462e-03
-2.812270389443803989e-03 -1.996395523962192844e-03
-3.341481454198407496e-03 -1.574186761744303473e-03
-3.695610277493233467e-03 -9.532259356798229374e-04
-3.810347338673737445e-03 -2.648714225460047696e-04
-3.663721354016972846e-03 3.462623164217637495e-04
-3.280303104775744542e-03 7.500495693030138303e-04
-2.726646591405939516e-03 8.558541642986071309e-04
-2.098828614412449368e-03 6.300436644269100279e-04
-1.504442971285952640e-03 1.026921288975032789e-04
-1.042454487060630493e-03 -6.378059308471381627e-04
-7.847224634977797205e-04 -1.461198236871951881e-03
-7.626862953052041677e-04 -2.219803826139872885e-03
-9.617279702720892389e-04 -2.776288930006200542e-03
-1.324272148495148939e-03 -3.029535238252750295e-03
-1.761029832767294035e-03 -2.933706071404014112e-03
-2.168249605553107355e-03 -2.506902556676046494e-03
-2.447702976338061564e-03 -1.827771555169324528e-03
-2.525612898709163508e-03 -1.020706933581703828e-03
-2.366934951600344755e-03 -2.324441750847115393e-04
-1.982281089329835863e-03 3.955233831531479363e-04
-1.426169556036857751e-03 7.534885090473681345e-04
-7.869276303665434513e-04 7.840141011683425618e-04
-1.701551744566019014e-04 4.924855890519887983e-04
3.211229420837372669e-04 -5.425864647603118995e-05
6.058596262131401948e-04 -7.409511928888235129e-04
6.402709183222961026e-04 -1.426099104884616733e-03
4.261099164524090061e-04 -1.969153860263397372e-03
1.036180878452065690e-05 -2.257494178891782111e-03
-5.235841311609640411e-04 -2.228103607158476648e-03
-1.071616959222594645e-03 -1.879829546155007466e-03
-1.528475321342064128e-03 -1.273894253276197999e-03
-1.807506411806134722e-03 -5.225535317870040088e-04
-1.856876523631452794e-03 2.319560174384690306e-04
-1.669169413408748935e-03 8.442003562191529448e-04
-1.282561049700517344e-03 1.192994870255753483e-03
-7.733545501338752719e-04 1.204320715137311825e-03
-2.412951385613986690e-04 8.653731211179481464e-04
2.095480616672614057e-04 2.270818181480780025e-04
4.907074908853256093e-04 -6.053750235215782502e-04
5.462716054214342056e-04 -1.492270100586506974e-03
3.636531934806442896e-04 -2.285513906418373386e-03
-2.387162865622502027e-05 -2.856376517802757149e-03
-5.433381099513430413e-04 -3.119501892640162526e-03
-1.095815055672962101e-03 -3.048675164231014895e-03
-1.575078475226004320e-03 -2.681365646050835015e-03
-1.887702199754791917e-03 -2.111194132506336030e-03
-1.970761654397570981e-03 -1.469760056647806531e-03
-1.803797845993000692e-03 -9.012790413989043257e-04
-1.412774437709665709e-03 -5.348427479823973738e-04
-8.652759884043117241e-04 -4.595628853419091078e-04
-2.578531259046002756e-04 -7.073146407635846726e-04
3.020933250015910921e-04 -1.246355200787548252e-03
7.164638675485196506e-04 -1.987033090834672711e-03
9.148372525137078021e-04 -2.798513807140057784e-03
8.675989534507341869e-04 -3.533360236793838156e-03
5.913412776805118329e-04 -4.055317767821861770e-03
1.455184047041081959e-04 -4.265045660576376879e-03
-3.790048157259503885e-04 -4.118923489613233666e-03
-8.773369325169652752e-04 -3.637371120861764527e-03
-1.250580380512539931e-03 -2.901104904704548092e-03
-1.424693002679899801e-03 -2.036035838767793777e-03
-1.364615015885269457e-03 -1.189665000849090670e-03
-1.080982844889412419e-03 -5.034404688307823200e-04
-6.281556825143166890e-04 -8.630356192709581417e-05
-9.392651673893534091e-05 5.573980301623116321e-06
4.171350390499568004e-04 -2.209666119779899428e-04
8.035539004995391216e-04 -6.977778643996895326e-04
9.862708587527646738e-04 -1.308730479736586964e-03
9.237534637877151860e-04 -1.912123127445278020e-03
6.200320910253773014e-04 -2.367925057587407390e-03
1.241355338635053676e-04 -2.564684166225198337e-03
-4.789718518967319414e-04 -2.440996954871484798e-03
-1.084240857086153989e-03 -1.997467264189125170e-03
-1.586180463393792490e-03 -1.296882624514415945e-03
-1.898579758632535979e-03 -4.525692873155172944e-04
-1.970580317450318624e-03 3.928732992713590685e-04
-1.796061609828370799e-03 1.094434816714735803e-03
-1.414568080429326555e-03 1.532068408686170554e-03
-9.036080022875725556e-04 1.633394059144585098e-03
-3.637877711718746410e-04 1.387431331934837423e-03
1.003984169511469180e-04 8.467592053179315899e-04
4.004814493652004894e-04 1.176908442231439946e-04
4.808583996444148068e-04 -6.596807182206645276e-04
3.293700231842593617e-04 -1.337793241317225632e-03
-2.039025804329150024e-05 -1.789306937893640845e-03
-4.954742262219426338e-04 -1.930941052159115606e-03
-9.974723324314984600e-04 -1.738949787542707313e-03
-1.421271141525800620e-03 -1.253315527048910012e-03
-1.675120997054834306e-03 -5.698739603275631681e-04
-1.698210897490434962e-03 1.781290700134134848e-04
-1.472418531801055960e-03 8.455482456644486389e-04
-1.026005497140852546e-03 1.303078451844725963e-03
-4.285522713215049353e-04 1.461963650289101364e-03
2.219141589733864331e-04 1.290990033355252694e-03
8.171690764209012595e-04 8.225406626353957409e-04
1.258966462154977300e-03 1.465611838657177035e-04
1.477329448073316613e-03 -6.064235681274280547e-04
1.443498262644456621e-03 -1.290027818256283491e-03
1.175090521161209619e-03 -1.769777778762456587e-03
7.325028705556876516e-04 -1.948679274203022954e-03
2.072408928418044514e-04 -1.785736278474635286e-03
-2.956080151886511650e-04 -1.303910092718089204e-03
-6.774355899474943880e-04 -5.860072776127801374e-04
-8.649050828041500525e-04 2.407307234195920059e-04
-8.239135888486343604e-04 1.028424775111617907e-03
-5.660782851076846638e-04 1.636243241157780276e-03
-1.465171890756760483e-04 1.956740827823090674e-03
3.466553905953043851e-04 1.935872213369173832e-03
8.091284851828237090e-04 1.582899646364166208e-03
1.140305786875773835e-03 9.683273904258389575e-04
1.262554989177199286e-03 2.102628281709598298e-04
1.136145873872715373e-03 -5.482050147279041857e-04
7.670433704173138141e-04 -1.166318596412723417e-03
2.060739937154679072e-04 -1.532478195291798236e-03
-4.603830610488784361e-04 -1.585496208409935184e-03
-1.126424437832220567e-03 -1.326250442973411596e-03
-1.686342770966939991e-03 -8.175267800755389464e-04
-2.054311368208192306e-03 -1.720794418362682596e-04
-2.180312795744356481e-03 4.688303869936634016e-04
-2.059301630184637039e-03 9.623524538822679020e-04
-1.731872388875577758e-03 1.191322193408590659e-03
-1.276311748303185067e-03 1.086723919278609774e-03
-7.935450948424354386e-04 6.410840346675098465e-04
-3.878323484694664539e-04 -8.974773772621089628e-05
-1.468721486585632553e-04 -9.967733139517552781e-04
-1.250846326959036137e-04 -1.938058576610074673e-03
-3.332401979549931646e-04 -2.765164411814130183e-03
-7.363990463938895926e-04 -3.350800789533448301e-03
-1.260551687782231938e-03 -3.612476902781387722e-03
-1.806702037505452827e-03 -3.527678601871597937e-03
-2.269724402501638229e-03 -3.137708602154346688e-03
-2.558420592644242327e-03 -2.539471431519970106e-03
-2.612975097710945258e-03 -1.866767315352830300e-03
-2.416498058146861888e-03 -1.264644975966823515e-03
-1.998464563051383872e-03 -8.616766389543803126e-04
-1.429392795621877658e-03 -7.454107523932628800e-04
-8.077622419521282094e-04 -9.456548296036550692e-04
-2.416424821963097111e-04 -1.428756687207119545e-03
1.714952527065200134e-04 -2.103968258043435909e-03
3.629672362601484448e-04 -2.840686784144378588e-03
3.056287803507435046e-04 -3.493307054652260331e-03
1.877893612912268084e-05 -3.928975752198672622e-03
-4.357056077928784621e-04 -4.052988127898579304e-03
-9.652712009426661199e-04 -3.827012515819953019e-03
-1.464365442071164855e-03 -3.276685326661631006e-03
-1.834542499913025459e-03 -2.487131094386922387e-03
-2.003186272377266691e-03 -1.587247848805712312e-03
-1.937304710253178255e-03 -7.257247422604011121e-04
-1.649782882866334104e-03 -4.332385706979561928e-05
-1.196911286238845282e-03 3.533347895158958727e-04
-6.676588911051334861e-04 4.115307081994016951e-04
-1.667245165258514263e-04 1.420111125123328308e-04
2.054208635383791446e-04 -3.834329428165474465e-04
3.717176102356048104e-04 -1.045915039911822888e-03
2.932892607193221795e-04 -1.702277631353473278e-03
-2.299995502068157005e-05 -2.212463534724963109e-03
-5.256388984709512140e-04 -2.466246401967165779e-03
-1.128013547117403658e-03 -2.404254690435671075e-03
-1.724600023179856650e-03 -2.029305742344006055e-03
-2.210746148367339660e-03 -1.405902921383024671e-03
-2.502301236648027741e-03 -6.479915585762271524e-04
-2.551382180228396052e-03 1.027059691710793549e-04
-2.355294962010057083e-03 7.036705483372366092e-04
-1.956926080469724525e-03 1.038768800938110566e-03
-1.436532768897050326e-03 1.040485023047521638e-03
-8.964887385370213331e-04 7.029862646856943230e-04
-4.418753085157626267e-04 8.353920659603985069e-05
-1.605937663739769733e-04 -7.079974479212283517e-04
-1.067647449747364911e-04 -1.529623792035139651e-03
-2.905572197757699468e-04 -2.233728944906111617e-03
-6.763714076735817884e-04 -2.694685871468099556e-03
-1.189717092454562744e-03 -2.832294395078469897e-03
-1.731481459231873441e-03 -2.626642003740506815e-03
-2.196880421323533367e-03 -2.121576732358504587e-03
-2.495499869448473268e-03 -1.416142074941986653e-03
-2.568626368112993281e-03 -6.456023602430461172e-04
-2.400579721315179802e-03 4.434304927733597433e-05
-2.021895365116526105e-03 5.252699130614505319e-04
-1.503747700606200815e-03 7.104137222172803544e-04
-9.446641129329472891e-04 5.711099269357945967e-04
-4.520395226651070493e-04 1.421766775640408327e-04
-1.219464099576686705e-04 -4.847777664073045197e-04
-2.105874272978675889e-05 -1.178852846409022929e-03
-1.741087842079783610e-04 -1.794841286711537035e-03
-5.592489210778361095e-04 -2.200966025735795820e-03
-1.112194626530458750e-03 -2.304110171360421351e-03
-1.738362732266183260e-03 -2.067755634571377329e-03
-2.330706062254327658e-03 -1.519226160134390597e-03
-2.789867738722654790e-03 -7.448552501436952501e-04
-3.042840181499266352e-03 1.260144345407059388e-04
-3.056597909744496189e-03 9.451790201098997325e-04
-2.844125841105264729e-03 1.573304765828999370e-03
-2.461705465216320124e-03 1.906000014108467141e-03
-1.997977304425495836e-03 1.893298630837337735e-03
-1.556855963036559570e-03 1.548872733048605940e-03
-1.237538818553166487e-03 9.472365666770240535e-04
-1.115400385707000742e-03 2.094764544546381447e-04
-1.227397143298789581e-03 -5.197866922884723708e-04
-1.564753758629922444e-03 -1.099836918213580126e-03
-2.074322851821990520e-03 -1.420507310860280765e-03
-2.668367813971000459e-03 -1.422983227524846029e-03
-3.240922789185028338e-03 -1.110826750172744324e-03
-3.687637871747729678e-03 -5.491375631055870048e-04
-3.925356832737035215e-03 1.479867685637019001e-04
-3.907724422265198075e-03 8.393113444381177044e-04
-3.633871120862478769e-03 1.383499506566019440e-03
-3.148533029774281365e-03 1.666196873018007058e-03
-2.533585444882447812e-03 1.622027463022433823e-03
-1.892593654982476815e-03 1.247328610114880297e-03
-1.331305881002824154e-03 6.012048324406576777e-04
-9.377807333595012014e-04 -2.053074110981532180e-04
-7.659097703909111682e-04 -1.029920933414722826e-03
-8.254518586253067544e-04 -1.725717380009637565e-03
-1.080462098205827066e-03 -2.168672723531759640e-03
-1.456407781666820738e-03 -2.280884112006953141e-03
-1.854618291914662299e-03 -2.045106608849523843e-03
-2.171326549437056948e-03 -1.507852885309419154e-03
-2.317689649674476490e-03 -7.704735027135072500e-04
-2.236990479663359711e-03 3.008982908977108316e-05
-1.915755644926476261e-03 7.472314724552574271e-04
-1.386677008498763981e-03 1.252379484852756981e-03
-7.227764311763685418e-04 1.459219879752107849e-03
-2.391193731997770565e-05 1.339863022572321998e-03
6.018256343890191319e-04 9.298949226729875039e-04
1.058308200699324990e-03 3.213621580684703177e-04
1.279338657661725732e-03 -3.549749463484727641e-04
1.240993081995285909e-03 -9.547532683383812713e-04
9.660025456628153727e-04 -1.347719131081823608e-03
5.193464084077295756e-04 -1.442785762610887231e-03
-4.108009349104236110e-06 -1.205682101448900733e-03
-4.975794168236086700e-04 -6.658417251400310533e-04
-8.625581272131001113e-04 8.878180837626622416e-05
-1.027383105182340254e-03 9.280004042171582316e-04
-9.606956639071901997e-04 1.703702386432169331e-03
-6.772258339101813003e-04 2.277593431861795088e-03
-2.348200031997262419e-04 2.547121777549319482e-03
2.767223451316069122e-04 2.464685016329795034e-03
7.528833448467819704e-04 2.046487007293484005e-03
1.094463321884814972e-03 1.369372070575885624e-03
1.226618845753148787e-03 5.562388199949906600e-04
1.113290894440374700e-03 -2.472030365596619662e-04
7.642847646443792298e-04 -8.999319019012889768e-04
2.336549776178411955e-04 -1.292164065556902948e-03
-3.903048071098600747e-04 -1.365929799548651780e-03
-1.001576707689754786e-03 -1.125784016682907776e-03
-1.496315735412112732e-03 -6.376291065566311572e-04
-1.792365111868325991e-03 -1.587979041727702494e-05
-1.844697063773257468e-03 5.985916407616970539e-04
-1.653856884861478567e-03 1.065544787897451141e-03
-1.265811968764856462e-03 1.272356556759724790e-03
-7.632341634467951653e-04 1.155783265415771463e-03
-2.498651418384057604e-04 7.143692608191736220e-04
1.690765314430925413e-04 9.143152764397679579e-06
4.067392199405793496e-04 -8.475391592772092784e-04
4.109787556524619303e-04 -1.712900628354041815e-03
1.741055434704319883e-04 -2.440447677338353043e-03
-2.658029488324898867e-04 -2.907423772291064558e-03
-8.322680249554708981e-04 -3.037819540575593599e-03
-1.425054077312945576e-03 -2.816587218557621824e-03
-1.939313071263931189e-03 -2.292371485426820781e-03
-2.285598530691196513e-03 -1.568241959521580846e-03
-2.406953615756869842e-03 -7.821832530904795520e-04
-2.289832016474813593e-03 -8.103652429653266341e-05
-1.966778495568033414e-03 4.071750224607579346e-04
-1.510356805614353681e-03 5.972997178082532950e-04
-1.019470787803025040e-03 4.629401901655716672e-04
-6.006657173137236200e-04 4.116389541544717735e-05
-3.479484211165232137e-04 -5.748433846458306067e-04
-3.249461461996602362e-04 -1.253781957437276849e-03
-5.527822910117883778e-04 -1.851482678970308359e-03
-1.005965595890741422e-03 -2.238602232994903879e-03
-1.617072978390689860e-03 -2.325515714351815769e-03
-2.289341974259661086e-03 -2.079683714793788100e-03
-2.914791781934888710e-03 -1.532196353634547202e-03
-3.394445658764583089e-03 -7.722465730485871850e-04
-3.656830021000642868e-03 6.942867219961022405e-05
-3.671252333629431222e-03 8.450109226353765077e-04
-3.453348889584469637e-03 1.417340501940813572e-03
-3.061857616409434206e-03 1.685687016405980256e-03
-2.587232901545252588e-03 1.604674444383411523e-03
-2.134264382569025370e-03 1.192780297252990073e-03
-1.801997075954639557e-03 5.288013036882101801e-04
-1.664761038444792550e-03 -2.630447262692120177e-04
-1.757908237457199169e-03 -1.036560921296086468e-03
-2.070962384311661464e-03 -1.651121010242463530e-03
-2.549483122495485501e-03 -1.998113982608690307e-03
-3.105295104134673644e-03 -2.021281572617026050e-03
-3.633147696768172438e-03 -1.727103880063660633e-03
-4.030652400176117957e-03 -1.183273793356813715e-03
-4.217723303628607978e-03 -5.055570779760719001e-04
-4.151838884205026614e-03 1.644652381489278021e-04
-3.836233623837958379e-03 6.865488062643154438e-04
-3.319465749471896612e-03 9.486821214591601749e-04
-2.686439564425205460e-03 8.886255434736580958e-04
-2.042578231256577878e-03 5.060066891826721196e-04
-1.494139153950602063e-03 -1.373255392883883505e-04
-1.128393809068512161e-03 -9.287621694691157925e-04
-9.974188863121835006e-04 -1.726046577943470602e-03
-1.108561302024661235e-03 -2.384045752309763531e-03
-1.423375703596276021e-03 -2.782115431662946642e-03
-1.865228812146921137e-03 -2.846880404969206156e-03
-2.334124041324370496e-03 -2.566117982452918202e-03
-2.725932898425935565e-03 -1.991115883547111241e-03
-2.952385520184295457e-03 -1.227056845643093117e-03
-2.958029310405949248e-03 -4.132481551725733157e-04
-2.730939252787073328e-03 3.030640517209532824e-04
-2.305147313405017662e-03 7.943423571349387743e-04
-1.754327251095498530e-03 9.766384957365433373e-04
-1.177927981220588342e-03 8.251919965058596759e-04
-6.823795779023733013e-04 3.788013422913663738e-04
-3.609300354819411447e-04 -2.678515937591143523e-04
-2.759311716247268929e-04 -9.824617852437240052e-04
-4.469292972284020365e-04 -1.620479682029803917e-03
-8.468181557413496626e-04 -2.052794217116089143e-03
-1.406786054838619253e-03 -2.190470116653273763e-03
-2.029124870827264671e-03 -2.001847658914903717e-03
-2.605480742438850278e-03 -1.518759873731607849e-03
-3.037096473077308210e-03 -8.306836911083024513e-04
-3.253218939521703920e-03 -6.792734011481474550e-05
-3.224192541818294080e-03 6.229665233175842249e-04
-2.966766119887202617e-03 1.106947295445227146e-03
-2.540615253488953760e-03 1.286064007556423760e-03
-2.036745227426958304e-03 1.118105452149145695e-03
-1.559977172042766470e-03 6.247422580386321990e-04
-1.208839865818907853e-03 -1.123732612533475447e-04
-1.056680351386259228e-03 -9.668148836372903766e-04
-1.137575017835029722e-03 -1.791023541536340170e-03
-1.439713045888620611e-03 -2.443911703101285526e-03
-1.907508400808341411e-03 -2.817211646358940783e-03
-2.452042950233999756e-03 -2.855586820051089769e-03
-2.967864862721994283e-03 -2.566707019910260609e-03
-3.352962069228120762e-03 -2.019388854408767260e-03
-3.528128318122906656e-03 -1.330163014203852813e-03
-3.452053315611179618e-03 -6.408212277644639420e-04
-3.129277095293165473e-03 -9.120352471193621420e-05
-2.609499020818853952e-03 2.076128184633461733e-04
-1.978368033940785392e-03 1.946380358102510477e-04
-1.341493098003144037e-03 -1.292365868289619638e-04
-8.046959576283852465e-04 -7.012155801465246117e-04
-4.542393862570126475e-04 -1.408355938284571373e-03
-3.407684170426289200e-04 -2.108881205962488768e-03
-4.699988583329816304e-04 -2.659019647702928930e-03
-8.019098375171338335e-04 -2.940285742067960846e-03
-1.258587080063650835e-03 -2.882038832892099001e-03
-1.739225941907630510e-03 -2.475045572699023991e-03
-2.139447947949701424e-03 -1.773474802023013251e-03
-2.371268364408395980e-03 -8.849424728865204134e-04
-2.379929704072328463e-03 4.951431478899441865e-05
-2.154410243338635532e-03 8.817493155104976421e-04
-1.729615088261137433e-03 1.484131050099582547e-03
-1.179833110300159554e-03 1.773256867401684297e-03
-6.046977889640763222e-04 1.725276282154310096e-03
-1.103103172480010552e-04 1.379931826133422561e-03
2.108997026642118241e-04 8.325620909150402687e-04
2.977606715280858461e-04 2.155908818104336879e-04
1.320597043384829543e-04 -3.269831272895611443e-04
-2.578615308720524435e-04 -6.672570402798978914e-04
-8.023010726285947089e-04 -7.180071834673085098e-04
-1.403202428708613409e-03 -4.495233319337986564e-04
-1.952514590972442669e-03 1.044999196895370682e-04
-2.352435546757061010e-03 8.531350827998545206e-04
-2.533712076289122185e-03 1.665292004893968118e-03
-2.468536690673250270e-03 2.394456490587570235e-03
-2.175605433265023845e-03 2.906413978668732911e-03
-1.716384261593744114e-03 3.104708245118934125e-03
-1.183295894083852100e-03 2.949012494236085205e-03
-6.820682951876610740e-04 2.462930829208408862e-03
-3.115908552010519458e-04 1.729748171308805385e-03
-1.450955908380540792e-04 8.769275304784788540e-04
-2.162290910462519918e-04 5.228323807570842661e-05
-5.126540778692340386e-04 -6.036659320116077301e-04
-9.783928422819633802e-04 -9.839371820304617169e-04
-1.524468600908224182e-03 -1.034957907859031636e-03
-2.045828648297370617e-03 -7.663197201011004997e-04
-2.441342792276794509e-03 -2.485745910496735007e-04
-2.633087394208666679e-03 4.005005275288318466e-04
-2.581259824194852368e-03 1.038561211149874840e-03
-2.291894811066791035e-03 1.525977006836417476e-03
-1.815916495170189892e-03 1.752563855560024687e-03
-1.239700062373078103e-03 1.658699405454519592e-03
-6.689241629212968904e-04 1.246817804122279938e-03
-2.087655913859773772e-04 5.811034439153983872e-04
5.581960934940093620e-05 -2.245609723082729625e-04
7.600056191046596944e-05 -1.028111212124713150e-03
-1.518446711561004681e-04 -1.686208735905644386e-03
-5.855810648639966096e-04 -2.081441942559172920e-03
-1.145403730530840164e-03 -2.144668111163422399e-03
-1.729025021166053205e-03 -1.868261674870334496e-03
-2.231082830438260809e-03 -1.307755268933872856e-03
-2.563092811951568802e-03 -5.715567954805318967e-04
-2.670165186726707399e-03 1.993173836319674639e-04
-2.541320402769584735e-03 8.576633344093964866e-04
-2.211450906595194537e-03 1.277669969759728623e-03
-1.754558982426203135e-03 1.378445142772871277e-03
-1.269553363559540200e-03 1.139041267931798634e-03
-8.612972193981404062e-04 6.021437496432939171e-04
-6.205002046706542974e-04 -1.342680824771444134e-04
-6.062670303868561861e-04 -9.357008706929802015e-04
-8.346127740133338791e-04 -1.656804986687730437e-03
-1.275125915291647379e-03 -2.169045758815507478e-03
-1.856417654090000008e-03 -2.385143658162997352e-03
-2.479332514481089999e-03 -2.275652024285361886e-03
-3.035425608834719634e-03 -1.874531036006534587e-03
-3.427214549330916734e-03 -1.272661554129500983e-03
-3.586377713409825106e-03 -6.005273695915552823e-04
-3.486459029490299871e-03 -3.346656843081002516e-06
-3.147679053754495661e-03 3.866355095137573306e-04
-2.632946022276109500e-03 4.754428587164958794e-04
-2.035825992120233845e-03 2.254565921063443872e-04
-1.462752875723377383e-03 -3.371346051773047546e-04
-1.012849035448599479e-03 -1.126941175429283524e-03
-7.591787450315654138e-04 -2.015171525069671399e-03
-7.349846602078559908e-04 -2.853639840959593457e-03
-9.275129578176645028e-04 -3.502445558379444976e-03
-1.280594828979158455e-03 -3.856092115002873744e-03
-1.705492863744822053e-03 -3.863108210774690750e-03
-2.097954785890142424e-03 -3.535464966793284633e-03
-2.358240634426759987e-03 -2.946014120198370626e-03
-2.410325667503884252e-03 -2.214439886054464512e-03
-2.216636747609505246e-03 -1.484391050327292516e-03
-1.785525256442378229e-03 -8.961287005778977195e-04
-1.170054578866972384e-03 -5.598728556606223216e-04
-4.583245472594538704e-04 -5.348976147177223611e-04
2.428423412833089629e-04 -8.183345902352881507e-04
8.277709930554148342e-04 -1.345804662315162274e-03
1.211604337062131918e-03 -2.003756879249652019e-03
1.346055968161270202e-03 -2.651175104875612507e-03
1.228267555647285028e-03 -3.146537916717331851e-03
9.010988042738674736e-04 -3.374921484132728175e-03
4.447994511809765937e-04 -3.270107239395531572e-03
-3.835604641789711056e-05 -2.827501274776308103e-03
-4.435588238324947741e-04 -2.105411466224869216e-03
-6.833886659401873769e-04 -1.214432005039036994e-03
-7.043968947987588880e-04 -2.969361465477203879e-04
-4.972098917195553764e-04 4.994495082603612156e-04
-9.824200386711378144e-05 1.049376407773164278e-03
4.173037932280965960e-04 1.273107617666588117e-03
9.498187390855341531e-04 1.151244300087727723e-03
1.394327180756320828e-03 7.280647799938134079e-04
1.660571776608395656e-03 1.028511600078468652e-04
1.690336524589524346e-03 -5.891480171537974301e-04
1.468721644907802814e-03 -1.202509318004941433e-03
1.027229279946211774e-03 -1.609292893764064942e-03
4.380695353097824730e-04 -1.723328608012265201e-03
-1.992411081885968739e-04 -1.516530630817821681e-03
-7.764574316048949813e-04 -1.024152135198619622e-03
-1.196847390413708972e-03 -3.379871485948164524e-04
-1.393271223345618221e-03 4.111900947128497848e-04
-1.340679842338770135e-03 1.078619015844128805e-03
-1.060670657393694271e-03 1.533241887676618049e-03
-6.172419979687587734e-04 1.682838947967463077e-03
-1.045527420691646321e-04 1.491842486924554231e-03
3.709935458168211195e-04 9.884482433057347785e-04
7.109470356704649220e-04 2.596683416726900404e-04
8.434683642625539265e-04 -5.647470500796670763e-04
7.369121648445087517e-04 -1.336484514563760721e-03
4.057673231035850855e-04 -1.916370630672349987e-03
-9.216798483853010397e-05 -2.200367320332024309e-03
-6.668378861410189469e-04 -2.138945905383710881e-03
-1.213110065934718072e-03 -1.746179499180012910e-03
-1.630828636305868638e-03 -1.096839119266333849e-03
-1.843936632181815156e-03 -3.120490477379280923e-04
-1.815042232231479924e-03 4.637782177359983161e-04
-1.552665465855384164e-03 1.090357340110388552e-03
-1.109788019005385380e-03 1.458103389586821010e-03
-5.739754211816619272e-04 1.508831206493361447e-03
-5.093668784898980426e-05 1.246662540723941261e-03
3.553706508667906199e-04 7.370780057785065315e-04
5.623275753951906394e-04 9.429693360893157106e-05
5.242276996992938868e-04 -5.406204151392572915e-04
2.408925695356862280e-04 -1.026795971213092205e-03
-2.423009678930501936e-04 -1.250558565734776872e-03
-8.429851624567846584e-04 -1.147345423141224018e-03
-1.457335455107297041e-03 -7.143250695931838926e-04
-1.979633535199974356e-03 -1.134261641305060828e-05
-2.322156866901444860e-03 8.500009303929681329e-04
-2.431631450851206265e-03 1.727077118812132914e-03
-2.299136242011550792e-03 2.472850873153834353e-03
-1.961588219977699905e-03 2.963362117693539577e-03
-1.494531701612072808e-03 3.120872790597912019e-03
-9.976022501956263635e-04 2.928303481983963747e-03
-5.754227883271572632e-04 2.432232020876029088e-03
-3.175546772951694414e-04 1.733890932796560780e-03
-2.813057460555750972e-04 9.698719473693463537e-04
-4.806564887196724655e-04 2.861935215651724689e-04
-8.834071746303981485e-04 -1.893572286887496015e-04
-1.417091742022681027e-03 -3.713714453742566861e-04
-1.982543910697516336e-03 -2.328838033424285216e-04
-2.472551431917510353e-03 1.896827517062669392e-04
-2.792070307756398286e-03 8.036248323993283550e-04
-2.876174692498374187e-03 1.477767830330074719e-03
-2.702346054769951163e-03 2.067598078670488011e-03
-2.294775988515188742e-03 2.442951995110494504e-03
-1.719868105566965157e-03 2.513011253785369346e-03
-1.073789727985061896e-03 2.243862505116792690e-03
-4.644284319708159078e-04 1.665287735722952500e-03
8.832911578258474672e-06 8.654905522630545241e-04
2.736965868351461540e-04 -2.525169433421057576e-05
2.983719869417871592e-04 -8.589226529752154839e-04
9.730248793894745018e-05 -1.497488393475849503e-03
-2.718816332008354279e-04 -1.838763376126011182e-03
-7.196011662037211931e-04 -1.835529389459311612e-03
-1.141622332160023567e-03 -1.504292484713231530e-03
-1.439125993540582137e-03 -9.220238459176774903e-04
-1.537744670035770317e-03 -2.115044633804549377e-04
-1.401955880685790655e-03 4.819500723396158296e-04
-1.042099860562164170e-03 1.017977598973655385e-03
-5.126866304589799885e-04 1.287666858975241658e-03
9.769276036677109181e-05 1.234049918608327726e-03
6.829456045436331588e-04 8.627133290219453007e-04
1.139412486622221055e-03 2.405240270622151970e-04
1.385386433321074504e-03 -5.172824749815034409e-04
1.376522569743745487e-03 -1.269199550897612619e-03
1.114221660211827574e-03 -1.874540521878993206e-03
6.454002771480008048e-04 -2.220385285232591953e-03
5.369029570600984528e-05 -2.243271619320840946e-03
-5.562676889043387859e-04 -1.941515360886582331e-03
-1.078465706120144366e-03 -1.375818221154453047e-03
-1.425389088063769598e-03 -6.580400259338409392e-04
-1.544340399902784664e-03 6.974632884543686268e-05
-1.427140985022919053e-03 6.619583078361259820e-04
-1.111379033685009872e-03 9.969154424410878006e-04
-6.729741828869841057e-04 9.997740264684885740e-04
-2.114731693254278647e-04 6.566460300817751660e-04
1.691323752046628099e-04 1.723143653151410024e-05
3.804269313784655691e-04 -8.145331547445113559e-04
3.666330746110717676e-04 -1.700039078696114706e-03
1.154771130859541268e-04 -2.492080277847906391e-03
-3.392052677444939773e-04 -3.062503781010315722e-03
-9.236224177427722597e-04 -3.326204648472037492e-03
-1.537779031299019768e-03 -3.256927476620861441e-03
-2.074227534934212913e-03 -2.891889090942815262e-03
-2.438271271680589151e-03 -2.324354687430158634e-03
-2.565796353172512465e-03 -1.685581419507392598e-03
-2.435357061393004369e-03 -1.119557226475489595e-03
-2.072226735443619561e-03 -7.553272539269917114e-04
-1.543646370718487239e-03 -6.821571450993037418e-04
-9.461688615152397336e-04 -9.322452541004717323e-04
-3.874925672645003700e-04 -1.474266165928266904e-03
3.377952371941706639e-05 -2.218976520067521708e-03
2.466267263386339934e-04 -3.035829470543888447e-03
2.208481275894891554e-04 -3.777458788252139807e-03
-2.745046105535734783e-05 -4.307402484306344266e-03
-4.391531771986352832e-04 -4.525821263876427837e-03
-9.235840880467642957e-04 -4.388345504549821287e-03
-1.375936208982755926e-03 -3.914484180889193574e-03
-1.697373165431114404e-03 -3.184004158321309882e-03
-1.813991176239573323e-03 -2.321964617960376159e-03
-1.691045111877260672e-03 -1.475238056798600355e-03
-1.339739543280871843e-03 -7.849598987208644425e-04
-8.152940638249120886e-04 -3.601183250738981215e-04
-2.066450555578403761e-04 -2.572788055626345008e-04
3.802695068830576363e-04 -4.702751265404489425e-04
8.424796996249636844e-04 -9.318106600530517503e-04
1.099428067243895515e-03 -1.526657721147280837e-03
1.108207629170134120e-03 -2.113946285466762869e-03
8.717077893181349353e-04 -2.554311998986444864e-03
4.381243703019292246e-04 -2.736753235533342585e-03
-1.080757449840586256e-04 -2.600102186315481241e-03
-6.620276663125857636e-04 -2.145035155117811822e-03
-1.118177560265623321e-03 -1.434339214276903265e-03
-1.390100291105510156e-03 -5.813768214447049935e-04
-1.426678113924302735e-03 2.710743252396964490e-04
-1.221582282064998014e-03 9.776053661538280579e-04
-8.142677676278402277e-04 1.417517365146470434e-03
-2.822984252337302265e-04 1.517545713734990732e-03
2.735384639530102154e-04 1.265666983155770697e-03
7.485041105690077136e-04 7.133744792104781745e-04
1.053912134117975137e-03 -3.400925691255749102e-05
1.134071838966253624e-03 -8.371510321604619647e-04
9.769582921723054397e-04 -1.548907803341478600e-03
6.165851058377381025e-04 -2.041953654973016792e-03
1.266276111261347564e-04 -2.232607991644406948e-03
-3.934983801618087635e-04 -2.096360239859961991e-03
-8.374676214141232259e-04 -1.672159424671700685e-03
-1.112221031527779128e-03 -1.054665010446238262e-03
-1.155664973663638687e-03 -3.759354009053002613e-04
-9.485412094226313741e-04 2.199692831295584072e-04
-5.182173664878777673e-04 6.046518637535908906e-04
6.632321855829572408e-05 6.900628569327374104e-04
7.073477294541525608e-04 4.455227208007897770e-04
1.296664676348957199e-03 -9.614941247896636491e-05
1.735881157037484461e-03 -8.445680322062250681e-04
1.954796515761755751e-03 -1.668657392863619714e-03
1.924455472958658611e-03 -2.421281030565428614e-03
1.662395085974238251e-03 -2.966964829041285594e-03
1.229097861931219499e-03 -3.207466660895117241e-03
7.163281946379505220e-04 -3.100351940967794890e-03
2.295658783858290676e-04 -2.667057370340260650e-03
-1.321321605842449860e-04 -1.988914276693102071e-03
-2.950241987562235695e-04 -1.191881613447419485e-03
-2.247488385890693708e-04 -4.228753620681682725e-04
6.710363534399963088e-05 1.778288044233225420e-04
5.251604279709872012e-04 5.029002521806731803e-04
1.060766700313341701e-03 4.979918462785267851e-04
1.568829516643559414e-03 1.717257468919586132e-04
1.947815242370532808e-03 -4.062558394452101809e-04
2.119112194173071104e-03 -1.118797134534383134e-03
2.042089508830051414e-03 -1.823726247293246984e-03
1.721997149085142953e-03 -2.381075090682855180e-03
1.209206618024629950e-03 -2.679859410390673415e-03
5.899308633687512862e-04 -2.659340485366063368e-03
-2.982526012128392141e-05 -2.320735813994089132e-03
-5.440511413544891345e-04 -1.727155647636544186e-03
-8.665130063311570234e-04 -9.917728575545405392e-04
-9.467935414141082345e-04 -2.564628810536968492e-04
-7.795578543723720617e-04 3.350437524707336554e-04
-4.052975527008840758e-04 6.644134883840152866e-04
9.758190140915710118e-05 6.612056790061353849e-04
6.278265960533925723e-04 3.163509580640293337e-04
1.080694445823549184e-03 -3.159431148567313921e-04
1.367939779276407817e-03 -1.128224181585328091e-03
1.434634148105713193e-03 -1.979870703139821435e-03
1.269635128089238729e-03 -2.723416046491704788e-03
9.077185371010147719e-04 -3.232143738549521274e-03
4.229690355209297123e-04 -3.423736619907654429e-03
-8.531958840491847204e-05 -3.275510412367768978e-03
-5.115636773999852069e-04 -2.828356118594619988e-03
-7.640439945271638045e-04 -2.178653830937956042e-03
-7.824756092148988295e-04 -1.459698026744965125e-03
-5.496623663347074929e-04 -8.161600249250707071e-04
-9.502419823537828440e-05 -3.764310468781168276e-04
5.106762737704829015e-04 -2.280897949228958502e-04
1.168415539627998441e-03 -4.011458298298698540e-04
1.769328957739240045e-03 -8.622365228776066124e-04
2.214987487875540607e-03 -1.520880009245689779e-03
2.435698841146935120e-03 -2.246602390594093415e-03
2.403374475188552791e-03 -2.893696993002934509e-03
2.136532641130538430e-03 -3.328926988381095999e-03
1.696496492533348336e-03 -3.456924077168500864e-03
1.175513185686217045e-03 -3.238470991588864208e-03
6.790492462843763935e-04 -2.698201890795982882e-03
3.056195899220140455e-04 -1.920257296486506437e-03
1.279737498517436074e-04 -1.032709860971635710e-03
1.792048755245513776e-04 -1.837023944841378442e-04
4.464138785542901867e-04 4.861920668962770205e-04
8.731295015748938640e-04 8.701636719704625329e-04
1.370026161402331270e-03 9.149624277030448142e-04
1.831909259627163139e-03 6.305592515197098362e-04
2.157749925202186603e-03 8.785159550674559621e-05
2.269972767132590399e-03 -5.951427097182496661e-04
2.129340742170124801e-03 -1.275980512690516469e-03
1.742614134248616966e-03 -1.815072069281467538e-03
1.161528225371445677e-03 -2.102371277693563037e-03
4.732775530685911169e-04 -2.078417843463635246e-03
-2.156974991238485261e-04 -1.745742506750399452e-03
-7.995581186839221914e-04 -1.168472489881670646e-03
-1.192796922739012243e-03 -4.602098857116677976e-04
-1.346120998969679242e-03 2.375224743353030171e-04
-1.255487113261321772e-03 7.821857290843772011e-04
-9.625843400007659837e-04 1.057383782944677471e-03
-5.466782517765590059e-04 9.951301563565378462e-04
-1.093658202935865768e-04 5.890017770028803520e-04
2.448682047706563511e-04 -1.043170927227845667e-04
4.286084648115042004e-04 -9.754003521013510786e-04
3.881983192963937672e-04 -1.882400400428862596e-03
1.139995817972560329e-04 -2.677484515821228553e-03
-3.577207205126087339e-04 -3.234390940429889092e-03
-9.516335881314396143e-04 -3.471896643164749247e-03
-1.567624373136104581e-03 -3.368762926071012381e-03
-2.099796952105362560e-03 -2.967338514321153295e-03
-2.456604506241664293e-03 -2.365147021654601025e-03
-2.578291625070183897e-03 -1.696060166322512722e-03
-2.448340902224825470e-03 -1.104629197519219931e-03
-2.096751873633661504e-03 -7.184414895917410650e-04
-1.594526232561116171e-03 -6.237420811095416556e-04
-1.040398019056056099e-03 -8.489405027681056447e-04
-5.423157192441156824e-04 -1.359128863825629112e-03
-1.971769178162790029e-04 -2.062650839118946276e-03
-7.264716526707314971e-05 -2.828477991539798866e-03
-1.945003708550237850e-04 -3.511102123613104881e-03
-5.418729837440813043e-04 -3.978227829154320702e-03
-1.051326352023572832e-03 -4.136017860728056182e-03
-1.628944550924782148e-03 -3.947106021280706069e-03
-2.168174270379431227e-03 -3.437960580111539856e-03
-2.570026945305825365e-03 -2.694196672206445719e-03
-2.761816877475559064e-03 -1.844717178657414875e-03
-2.710887158394375239e-03 -1.037676305086467771e-03
-2.430725113814275178e-03 -4.128080497365945855e-04
-1.978310890018699850e-03 -7.534986957032606403e-05
-1.443203650991962267e-03 -7.648982381916642759e-05
-9.304351360993961487e-04 -4.040305091477735221e-04
-5.404536117538430960e-04 -9.850290567804988184e-04
-3.499203506931768473e-04 -1.699905542616572370e-03
-3.969998262335274353e-04 -2.405341563646433423e-03
-6.739343116407683692e-04 -2.961627394319235346e-03
-1.128314578508184118e-03 -3.259274950319461951e-03
-1.672811984157269961e-03 -3.239854008543787550e-03
-2.201535122912927356e-03 -2.907104218789164501e-03
-2.609919700871744797e-03 -2.326218054777087936e-03
-2.814390907912932716e-03 -1.611431077614748804e-03
-2.768080087814352164e-03 -9.042712940033364359e-04
-2.469623958118491447e-03 -3.465894227073678183e-04
-1.963383719551497781e-03 -5.348132131856504247e-05
-1.331045261850246665e-03 -9.123530220541049320e-05
-6.761928189787008757e-04 -4.644865359968437628e-04
-1.047779650181333453e-04 -1.115018215986898244e-03
