1.678242423426167971e-03
1.509766960507371615e-03
1.277544260511099053e-03
9.865359507623418754e-04
6.436207829500636361e-04
2.573639852279615333e-04
-1.622719059706924198e-04
-6.042646464062243102e-04
-1.056906534034944122e-03
-1.508202243697898386e-03
-1.946276357162322543e-03
-2.359776361166820470e-03
-2.738257046418229521e-03
-3.072532893473330258e-03
-3.354986154224632970e-03
-3.579819890947631787e-03
-3.743247164125764088e-03
-3.843609797942348916e-03
-3.881422620003301127e-03
-3.859341683059376062e-03
-3.782057639732656733e-03
-3.656118063197454082e-03
-3.489684995547398267e-03
-3.292236273992206128e-03
-3.074221153586679210e-03
-2.846682344926693229e-03
-2.620857760103168215e-03
-2.407775969025807098e-03
-2.217859586185616950e-03
-2.060550527392623031e-03
-1.943970306844981224e-03
-1.874627314024127469e-03
-1.857181360512678370e-03
-1.894273776709393120e-03
-1.986429038021522188e-03
-2.132031390074391568e-03
-2.327377310762952095e-03
-2.566801985816399498e-03
-2.842875377222596825e-03
-3.146661021395730489e-03
-3.468028491973322060e-03
-3.796008577776566629e-03
-4.119178725809201184e-03
-4.426065234807634134e-03
-4.705548094103393850e-03
-4.947254266136012421e-03
-5.141925612256148005e-03
-5.281748546439323649e-03
-5.360633839195182160e-03
-5.374436737447389409e-03
-5.321109654395702639e-03
-5.200782043193507946e-03
-5.015764617003200081e-03
-4.770477726329520364e-03
-4.471306359687502417e-03
-4.126386802607332274e-03
-3.745332382703515667e-03
-3.338907861204583674e-03
-2.918663829228323320e-03
-2.496543867202386663e-03
-2.084478179114915026e-03
-1.693977886334719534e-03
-1.335744141992783671e-03
-1.019305707200942636e-03
-7.526976329127171156e-04
-5.421922509583820479e-04
-3.920918451799037217e-04
-3.045902128665589972e-04
-2.797079135606289711e-04
-3.153034213199061141e-04
-4.071597381258896566e-04
-5.491433834611124561e-04
-7.334301407412556484e-04
-9.507896040759776686e-04
-1.190918510636203038e-03
-1.442811136836735092e-03
-1.695153740407964347e-03
-1.936729190635256594e-03
-2.156817575003628154e-03
-2.345578714590684441e-03
-2.494403157737969459e-03
-2.596219329456620276e-03
-2.645746053848136055e-03
-2.639681584571037035e-03
-2.576822506841549079e-03
-2.458108335515724226e-03
-2.286590241204936036e-03
-2.067324998741802960e-03
-1.807197876328455301e-03
-1.514680677396806636e-03
-1.199533423190951055e-03
-8.724601425739999475e-04
-5.447308472195464685e-04
-2.277829586801142928e-04
6.718382282551948158e-05
3.296049850599730956e-04
5.499270485244206691e-04
7.199485867553215073e-04
8.331144371467912382e-04
8.847527549887074455e-04
8.722465638869373846e-04
7.951337488915857397e-04
6.551319441561683811e-04
4.560873969974609324e-04
2.038495526695651480e-04
-9.392429428280017235e-05
-4.280274867243112321e-04
-7.880166226909982637e-04
-1.162567400972794015e-03
-1.539861276844279930e-03
-1.907989430726004902e-03
-2.255359945728189520e-03
-2.571093977178129202e-03
-2.845397082318923323e-03
-3.069892747899670860e-03
-3.237906476890753914e-03
-3.344690526680038981e-03
-3.387581469182200655e-03
-3.366085095512815102e-03
-3.281885731824685931e-03
-3.138779679442077648e-03
-2.942535148831076398e-03
-2.700683630138311486e-03
-2.422250042859426869e-03
-2.117431149582579743e-03
-1.797233528632192134e-03
-1.473083814407868215e-03
-1.156424882740190703e-03
-8.583121477460615512e-04
-5.890241293363786875e-04
-3.577009469815830688e-04
-1.720234132376358312e-04
-3.794397430768457931e-05
4.052107544263842433e-05
6.143082878055580731e-05
2.498558010307185343e-05
-6.648307521608031942e-05
-2.085974943856641704e-04
-3.950915875928107546e-04
-6.180352207698467000e-04
-8.681175322646963576e-04
-1.134979207492844457e-03
-1.407582037202609803e-03
-1.674602775778515074e-03
-1.924837461929623664e-03
-2.147601995101429927e-03
-2.333114889953302740e-03
-2.472848753748817848e-03
-2.559838125709515758e-03
-2.588932844949911639e-03
-2.556988021022139380e-03
-2.462983901520385006e-03
-2.308071386826697491e-03
-2.095541546875962294e-03
-1.830720157505934600e-03
-1.520790901235458386e-03
-1.174553377117374493e-03
-8.021243490447965176e-04
-4.145926514883362373e-04
-2.363979638623700790e-05
3.588604721381805649e-04
7.212496895550645024e-04
1.052485014375584629e-03
1.342518417880930390e-03
1.582641474041694869e-03
1.765783706793347309e-03
1.886754076896490946e-03
1.942417180546255999e-03
1.931798016984921911e-03
1.856111682555265478e-03
1.718716976312453749e-03
1.524995565425559365e-03
1.282160963841249722e-03
9.990040337754830125e-04
6.855839404945516212e-04
3.528753987373210461e-04
1.238457717701255947e-05
-3.242528780048558028e-04
-6.456776163997497014e-04
-9.412019400426758792e-04
-1.201180898617752301e-03
-1.417346132067429793e-03
-1.583090778375344969e-03
-1.693695482489910491e-03
-1.746487609623891858e-03
-1.740928110048002055e-03
-1.678623020845062402e-03
-1.563259233942751025e-03
-1.400466816438172661e-03
-1.197612745657963568e-03
-9.635333272680511249e-04
-7.082147157398748991e-04
-4.424327772092049075e-04
-1.773649614179999040e-04
7.581216799278946410e-05
3.063255915104497575e-04
5.041945188946839662e-04
6.605914288308756266e-04
7.681627584333338993e-04
8.212979513273814753e-04
8.163373823420290096e-04
7.517118186638161673e-04
6.280084765851450413e-04
4.479613056519295231e-04
2.163657879235333231e-04
-6.007881386741213345e-05
-3.729942819531120897e-04
-7.126075138439502210e-04
-1.068083930485679445e-03
-1.427898584645767056e-03
-1.780232008714149276e-03
-2.113376971863265789e-03
-2.416141931701612684e-03
-2.678237078669846657e-03
-2.890629478517307838e-03
-3.045854897999359951e-03
-3.138275413628125940e-03
-3.164273799828272622e-03
-3.122377904753697708e-03
-3.013310671817405473e-03
-2.839964066846982754e-03
-2.607297833545296761e-03
-2.322166630319753497e-03
-1.993081607388025572e-03
-1.629914776582358418e-03
-1.243556527107431316e-03
-8.455382785635066336e-04
-4.476334804445683676e-04
-6.145092240056695444e-05
3.019654146283890905e-04
6.325159690379563750e-04
9.213913967043028995e-04
1.161372470564327013e-03
1.347073607087000092e-03
1.475121523525938123e-03
1.544262805831636033e-03
1.555396660876509022e-03
1.511531750808665876e-03
1.417668669934663700e-03
1.280612232225574691e-03
1.108720198956949978e-03
9.115973048710954846e-04
6.997453594783387956e-04
4.841817404683113188e-04
2.760397047007536473e-04
8.616458004006904633e-05
-7.527995396372152981e-05
-1.991816419367234935e-04
-2.778124696140194406e-04
-3.051128018538647353e-04
-2.769168281704259982e-04
-1.911113597957835464e-04
-4.772235889746365665e-05
1.510738856484550134e-04
4.010153793902275759e-04
6.958926258898562572e-04
1.027755617781756295e-03
1.387182407584190832e-03
1.763599890182788836e-03
2.145645596620057889e-03
2.521557858836637016e-03
2.879580707791676471e-03
3.208369347899063702e-03
3.497382027171610716e-03
3.737244595707003500e-03
3.920074998609936016e-03
4.039756349729879854e-03
4.092149030651973801e-03
4.075234392219666962e-03
3.989185028771391646e-03
3.836359164405867515e-03
3.621219345943004885e-03
3.350178285789524955e-03
3.031377246858906610e-03
2.674404721732672775e-03
2.289965246702049557e-03
1.889509935030012772e-03
1.484841651638164634e-03
1.087708636585932569e-03
7.094007861693622536e-04
3.603627041704308715e-04
4.983704512395129189e-05
-2.144493928507547678e-04
-4.265458687741350598e-04
-5.824751206254450125e-04
-6.803611379197595840e-04
-7.204828573609131041e-04
-7.052519514699458550e-04
-6.391155415657466705e-04
-5.283872985780599081e-04
-3.810129056638805506e-04
-2.062781575004671557e-04
-1.446998181094602000e-05
1.834976813180108743e-04
3.764799752624873978e-04
5.535052609160217869e-04
7.041730708338772788e-04
8.190318825852444841e-04
8.899234185527189972e-04
9.102813535846892862e-04
8.753739109673684161e-04
7.824817950984907546e-04
6.310051770471814068e-04
4.224959373977934477e-04
1.606139921985451011e-04
-1.489908094012663831e-04
-4.988671164581097092e-04
-8.800142698123686628e-04
-1.282189453909528438e-03
-1.694259073845282145e-03
-2.104582071599019489e-03
-2.501411772813706951e-03
-2.873302202637655241e-03
-3.209504648958013372e-03
-3.500340589457025513e-03
-3.737537923479498578e-03
-3.914518731837042867e-03
-4.026628482480571099e-03
-4.071298648076183968e-03
-4.048137031169188153e-03
-3.958942622199434352e-03
-3.807644456514838738e-03
-3.600166596194849696e-03
-3.344223947759272439e-03
-3.049056047124347902e-03
-2.725108113682069358e-03
-2.383670520076926896e-03
-2.036489278509544688e-03
-1.695361157263072186e-03
-1.371727577145805642e-03
-1.076281477901966160e-03
-8.186008879584229930e-04
-6.068219931613149168e-04
-4.473631142808370646e-04
-3.447092175960634643e-04
-3.012644603869810145e-04
-3.172778880387448937e-04
-3.908448352866334807e-04
-5.179839307553754050e-04
-6.927869543543016713e-04
-9.076362441269325045e-04
-1.153481982279999998e-03
-1.420169592270310258e-03
-1.696805723517445840e-03
-1.972149949041644180e-03
-2.235018401444928589e-03
-2.474685155687131061e-03
-2.681267247661188631e-03
-2.846079792813203599e-03
-2.961948718815957983e-03
-3.023470113794486311e-03
-3.027207064684131824e-03
-2.971817053327600443e-03
-2.858105414028335595e-03
-2.689002950094510243e-03
-2.469468467525518136e-03
-2.206319618164303588e-03
-1.907997960043254781e-03
-1.584276451129428649e-03
-1.245919613317556093e-03
-9.043082655037846911e-04
-5.710419696439851100e-04
-2.575331182117090870e-04
2.539311208523851657e-05
2.678789174987816334e-04
4.613808059523083135e-04
5.989711484427463848e-04
6.755837613470520257e-04
6.881948957685928101e-04
6.359332702676170814e-04
5.201152666301589542e-04
3.442040277373558960e-04
1.136938603283573802e-04
-1.640760398227093450e-04
-4.801720486831612990e-04
-8.243720222464883708e-04
-1.185515973088047473e-03
-1.551889269180147446e-03
-1.911624971091525557e-03
-2.253111254607608350e-03
-2.565389688932538572e-03
-2.838530462163338982e-03
-3.063971454388520269e-03
-3.234809326216961378e-03
-3.346032472371373440e-03
-3.394687727248275888e-03
-3.379975030663400111e-03
-3.303266786025611801e-03
-3.168051281469698097e-03
-2.979802204581654280e-03
-2.745778870059273694e-03
-2.474764206258389231e-03
-2.176749726055143483e-03
-1.862578563441997853e-03
-1.543559124741359723e-03
-1.231062930852744059e-03
-9.361207785511826453e-04
-6.690314052083359050e-04
-4.389964004507375481e-04
-2.537941856630135037e-04
-1.195045102309244458e-04
-4.029314009138234426e-05
-1.826430166940108853e-05
-5.338606667536867009e-05
-1.434913038412227292e-04
-2.843541721924823951e-04
-4.698394798133629768e-04
-6.921196751638386199e-04
-9.419518644652801831e-04
-1.209005141674936081e-03
-1.482226750968633315e-03
-1.750234237367144421e-03
-2.001719826998265336e-03
-2.225852846533433148e-03
-2.412666056727273863e-03
-2.553412335445516546e-03
-2.640879181467323863e-03
-2.669649985407587193e-03
-2.636302876649202973e-03
-2.539540139951728878e-03
-2.380243625866180265e-03
-2.161454170080828914e-03
-1.888275697568450292e-03
-1.567707324675074367e-03
-1.208409293679341178e-03
-8.204108915147884660e-04
-4.147705360952637908e-04
-3.199888826545222798e-06
4.023348882692219172e-04
7.900208119884781933e-04
1.148600462198520831e-03
1.467755024700893949e-03
1.738454623983910936e-03
1.953263722835429320e-03
2.106590939544023509e-03
2.194874580093791883e-03
2.216697434144843451e-03
2.172826860801253292e-03
2.066178806402062425e-03
1.901707060159524808e-03
1.686221671084346630e-03
1.428142929564624576e-03
1.137199572313473718e-03
8.240818211505734816e-04
5.000614458551266850e-04
1.765921937773735342e-04
-1.350953863467113571e-04
-4.243905058480698872e-04
-6.816761676535049944e-04
-8.986675457463195755e-04
-1.068702843362622510e-03
-1.186976429655995421e-03
-1.250706080973270273e-03
-1.259228465749725068e-03
-1.214019530289157630e-03
-1.118639078082037412e-03
-9.786014954675159236e-04
-8.011771681293080325e-04
-5.951315652973245126e-04
-3.704111563551055271e-04
-1.377871911458123137e-04
9.153014479761713328e-05
3.062936474747178462e-04
4.956229651131943649e-04
6.493962319065858411e-04
7.586157003306428972e-04
8.157345160506146008e-04
8.149331385924011174e-04
7.523356731808932170e-04
6.261584827080106386e-04
4.367858199786234935e-04
1.867697761130993929e-04
-1.192455082885397581e-04
-4.746727697732577075e-04
-8.711985250001839541e-04
-1.299060407198089585e-03
-1.747375275930222044e-03
-2.204506660891348765e-03
-2.658458721961705091e-03
-3.097282978137637106e-03
-3.509483609825971712e-03
-3.884407188034530965e-03
-4.212603228500411828e-03
-4.486142989695449113e-03
-4.698885395167292853e-03
-4.846680811608231054e-03
-4.927505589541476827e-03
-4.941522697352614298e-03
-4.891066366647986614e-03
-4.780551326941921524e-03
-4.616309847262111896e-03
-4.406362328935014248e-03
-4.160129519046228998e-03
-3.888096456399463535e-03
-3.601439949670577102e-03
-3.311632661740697078e-03
-3.030037690257678454e-03
-2.767507863738872739e-03
-2.534003803469397735e-03
-2.338244140010399715e-03
-2.187400142506430202e-03
-2.086845458806651891e-03
-2.039969729379629160e-03
-2.048062595930252860e-03
-2.110272155102918198e-03
-2.223639295265612218e-03
-2.383206691674339892e-03
-2.582198615637470648e-03
-2.812265228449253428e-03
-3.063782767928979658e-03
-3.326199073698990656e-03
-3.588412305616089319e-03
-3.839169543826647692e-03
-4.067471259615042592e-03
-4.262967438074233457e-03
-4.416331423950747674e-03
-4.519598340640622151e-03
-4.566456171962425190e-03
-4.552479253577016924e-03
-4.475295937695389012e-03
-4.334684500350580519e-03
-4.132593874218463623e-03
-3.873088423674465527e-03
-3.562218640181557313e-03
-3.207822231960570473e-03
-2.819262521233548407e-03
-2.407113259674884681e-03
-1.982800851052159141e-03
-1.558216463565038207e-03
-1.145311570755558252e-03
-7.556910420440074482e-04
-4.002179915335375877e-04
-8.864418364609304331e-05
1.707210992371592691e-04
3.712921673606523094e-04
5.084282029167138187e-04
5.795869924592061701e-04
5.844057608045025946e-04
5.247063062324467363e-04
4.044242861997724477e-04
2.294651573374938223e-04
7.491840217523581223e-06
-2.523484316832125089e-04
-5.397484919164931587e-04
-8.436054715132730716e-04
-1.152412108852257514e-03
-1.454661422675161686e-03
-1.739250567452105180e-03
-1.995869722683437340e-03
-2.215362395863076060e-03
-2.390044524199133342e-03
-2.513971207543518223e-03
-2.583141743589085007e-03
-2.595635801806708484e-03
-2.551675988920215458e-03
-2.453614641267254370e-03
-2.305845337657442748e-03
-2.114642267152181364e-03
-1.887933117001344002e-03
-1.635013478084988529e-03
-1.366212816890570274e-03
-1.092523762402944354e-03
-8.252077437383134508e-04
-5.753908447909509031e-04
-3.536640864753967835e-04
-1.697021932651327208e-04
-3.191425403791989766e-05
5.286142960496268209e-05
7.960756224107486297e-05
4.531432009106462280e-05
-5.090452362956901164e-05
-2.077699351023291289e-04
-4.218719299517237949e-04
-6.877787059091874412e-04
-9.982168242033903367e-04
-1.344316174935626662e-03
-1.715911190143715962e-03
-2.101887795603447039e-03
-2.490563987795814220e-03
-2.870090742118947078e-03
-3.228859243717064481e-03
-3.555900208290544828e-03
-3.841261334802789119e-03
-4.076349695503005827e-03
-4.254227094398516963e-03
-4.369848070298933303e-03
-4.420232227189208052e-03
-4.404564872669140645e-03
-4.324222454014176042e-03
-4.182721913169609729e-03
-3.985595744483476366e-03
-3.740197138931007984e-03
-3.455442044896602036e-03
-3.141497182551941051e-03
-2.809424939182769351e-03
-2.470797580248988885e-03
-2.137294282707589196e-03
-1.820295095646185836e-03
-1.530486037610087960e-03
-1.277489146517571438e-03
-1.069530420550479383e-03
-9.131572576443012373e-04
-8.130152638302415562e-04
-7.716922175949024205e-04
-7.896346216290912965e-04
-8.651397273983321180e-04
-9.944232711092833819e-04
-1.171760504628529707e-03
-1.389695534778745412e-03
-1.639311589261821696e-03
-1.910552691177186489e-03
-2.192585421581284572e-03
-2.474188043939414602e-03
-2.744153304912021023e-03
-2.991690746316469536e-03
-3.206814380119664583e-03
-3.380702091351379772e-03
-3.506014124904426217e-03
-3.577159446575222876e-03
-3.590500596130994336e-03
-3.544489806627308410e-03
-3.439731574071966738e-03
-3.278969440386328166e-03
-3.066997410078407989e-03
-2.810499063983577274e-03
-2.517819969226007312e-03
-2.198681324338552616e-03
-1.863844840249544773e-03
-1.524740569342052359e-03
-1.193070696028270461e-03
-8.804031476474804847e-04
-5.977692443535325816e-04
-3.552794683817656757e-04
-1.617708015059994738e-04
-2.449797672885931088e-05
5.112054507987900433e-05
6.169297698888553602e-05
5.974315474589547356e-06
-1.150880536562495348e-04
-2.983848569595422360e-04
-5.387504833592093780e-04
-8.291398968707057449e-04
-1.160870729251319965e-03
-1.523922089171546703e-03
-1.907279640370346816e-03
-2.299314883119791056e-03
-2.688185377868083665e-03
-3.062241919030129177e-03
-3.410428426149325967e-03
-3.722660577485644839e-03
-3.990169958445899910e-03
-4.205801707961422456e-03
-4.364255277501013532e-03
-4.462259912699286478e-03
-4.498678756655178496e-03
-4.474537976591466334e-03
-4.392979944060185910e-03
-4.259142161118205198e-03
-4.079966227587972748e-03
-3.863943596454459065e-03
-3.620807079708164740e-03
-3.361178967898166819e-03
-3.096188146695870013e-03
-2.837069679625833698e-03
-2.594760939746611900e-03
-2.379508492962987935e-03
-2.200499557624072643e-03
-2.065531002361817563e-03
-1.980727526988358168e-03
-1.950318945860797818e-03
-1.976484419908028627e-03
-2.059269135154724942e-03
-2.196576384373476621e-03
-2.384235363506627750e-03
-2.616142338421807191e-03
-2.884470263485879905e-03
-3.179939531574749179e-03
-3.492140389661161325e-03
-3.809895740235442162e-03
-4.121651630092223670e-03
-4.415881754190241482e-03
-4.681491807503263339e-03
-4.908209519383300440e-03
-5.086946702913485406e-03
-5.210120628605572485e-03
-5.271923453381963456e-03
-5.268530252277411202e-03
-5.198238348065485279e-03
-5.061533037815403591e-03
-4.861077390999877547e-03
-4.601626450967254145e-03
-4.289868817265014844e-03
-3.934201127764241912e-03
-3.544443307743660836e-03
-3.131504525777253130e-03
-2.707011520814544322e-03
-2.282912280829904692e-03
-1.871068914744253037e-03
-1.482853935818754859e-03
-1.128764053202425087e-03
-8.180649530518770748e-04
-5.584794631996790968e-04
-3.559299738410113580e-04
-2.143440844586312708e-04
-1.355302308764742142e-04
-1.191275935900897465e-04
-1.626319853182266358e-04
-2.614967532760814357e-04
-4.093051032837021191e-04
-5.980077505945803141e-04
-8.182175139397325579e-04
-1.059550474917029779e-03
-1.311001694395482961e-03
-1.561342268178116718e-03
-1.799523758148264575e-03
-2.015075778646875562e-03
-2.198482759870903479e-03
-2.341526642153987994e-03
-2.437583451426667859e-03
-2.481863325017394459e-03
-2.471585541507856018e-03
-2.406082389041017209e-03
-2.286828203365202147e-03
-2.117392532472738269e-03
-1.903319046937471375e-03
-1.651934420666669335e-03
-1.372093864438193780e-03
-1.073872218156533007e-03
-7.682114192969240933e-04
-4.665366975148414926e-04
-1.803549451596517987e-04
7.915065810908854596e-05
3.015155532857278099e-04
4.773643922215049275e-04
5.987443080920941667e-04
6.594091682034916233e-04
6.550448252597934704e-04
5.834274472213830508e-04
4.445093475318696516e-04
2.404292747474200305e-04
-2.455323543221806654e-05
-3.441971846900085917e-04
-7.104882731455079529e-04
-1.113908647329951837e-03
-1.543758829735615828e-03
-1.988520598217741533e-03
-2.436248150507935341e-03
-2.874973899640342976e-03
-3.293114734860849453e-03
-3.679864567492785107e-03
-4.025559462793877608e-03
-4.322002620179581436e-03
-4.562737871617535829e-03
-4.743262172196420143e-03
-4.861169694617165256e-03
-4.916222535736140820e-03
-4.910345614337114153e-03
-4.847545994931094955e-03
-4.733759519527234311e-03
-4.576630175229320571e-03
-4.385229980984274752e-03
-4.169729259309752113e-03
-3.941028895391790292e-03
-3.710367515728075702e-03
-3.488917394910462204e-03
-3.287383291492487758e-03
-3.115618308437235508e-03
-2.982270274096395293e-03
-2.894471067055605449e-03
-2.857579800094786713e-03
-2.874988887816239558e-03
-2.947999815456232679e-03
-3.075772980372234837e-03
-3.255353378416652940e-03
-3.481771245968992394e-03
-3.748214138079845881e-03
-4.046264416169932654e-03
-4.366193822892466825e-03
-4.697304817574704354e-03
-5.028306703351807100e-03
-5.347713354259430417e-03
-5.644248590027946787e-03
-5.907244974787759055e-03
-6.127022042882574425e-03
-6.295230672558161690e-03
-6.405151511317755050e-03
-6.451936963772089174e-03
-6.432788227562593816e-03
-6.347061136215349092e-03
-6.196297059944424340e-03
-5.984177739148049437e-03
-5.716405588701289030e-03
-5.400513620825422335e-03
-5.045611598868985845e-03
-4.662077267413622210e-03
-4.261203427475854059e-03
-3.854813171821373872e-03
-3.454856710362671536e-03
-3.073003860207497613e-03
-2.720246426578563220e-03
-2.406524354221039816e-03
-2.140388696198576232e-03
-1.928713157328992584e-03
-1.776464268115940425e-03
-1.686538191508397261e-03
-1.659669831119254049e-03
-1.694417377428211876e-03
-1.787222786703942861e-03
-1.932546028470564061e-03
-2.123068354476693748e-03
-2.349957425799214204e-03
-2.603184969589046778e-03
-2.871885798900003679e-03
-3.144745582429864326e-03
-3.410403746523507293e-03
-3.657857364624895850e-03
-3.876851857976326872e-03
-4.058244796833427280e-03
-4.194330037466701203e-03
-4.279110823588947073e-03
-4.308512272740267456e-03
-4.280525795771148063e-03
-4.195280386317189192e-03
-4.055038283334054527e-03
-3.864115163417954080e-03
-3.628727667770264426e-03
-3.356773618463047230e-03
-3.057552640759876421e-03
-2.741436999855365909e-03
-2.419504208208199218e-03
-2.103144302394690385e-03
-1.803655579035891212e-03
-1.531842986627990084e-03
-1.297633279747838469e-03
-1.109720457266384283e-03
-9.752539473644042996e-04
-8.995805063991204210e-04
-8.860489184203334482e-04
-9.358843832581284668e-04
-1.048137040644804563e-03
-1.219706481301767410e-03
-1.445441434298127409e-03
-1.718311186533973307e-03
-2.029642777194457133e-03
-2.369415705517430217e-03
-2.726603874969727934e-03
-3.089552841551845321e-03
-3.446379196455768602e-03
-3.785378137051419959e-03
-4.095424992377966547e-03
-4.366356680055908344e-03
-4.589319773435392678e-03
-4.757073026266161672e-03
-4.864233796277485714e-03
-4.907459772940990159e-03
-4.885559679547462827e-03
-4.799529106206627989e-03
-4.652510251358011120e-03
-4.449677013030213166e-03
-4.198049484079746478e-03
-3.906244376429474953e-03
-3.584170141344622876e-03
-3.242677487482431824e-03
-2.893177558050612913e-03
-2.547241158274791278e-03
-2.216193084930325775e-03
-1.910715777809044065e-03
-1.640476182792172111e-03
-1.413788899275071967e-03
-1.237327409680445255e-03
-1.115893500400003515e-03
-1.052252940901145239e-03
-1.047043162517696888e-03
-1.098756152108190838e-03
-1.203797136854154902e-03
-1.356616977472080649e-03
-1.549913601216680592e-03
-1.774895383888412019e-03
-2.021597216515499951e-03
-2.279238143637632875e-03
-2.536608000970528437e-03
-2.782469461820372397e-03
-3.005961359642349024e-03
-3.196989107599630068e-03
-3.346588486518254670e-03
-3.447250004469503554e-03
-3.493192411698766656e-03
-3.480575735389800345e-03
-3.407646317409550318e-03
-3.274808720483831596e-03
-3.084621930730908641e-03
-2.841719937336391593e-03
-2.552659420428815985e-03
-2.225699833039719057e-03
-1.870523532877797681e-03
-1.497905721467198813e-03
-1.119345708339489816e-03
-7.466723747436984030e-04
-3.916376171985564954e-04
-6.551197440524125781e-05
2.213034332709531374e-04
4.596350917613581822e-04
6.418528929025891540e-04
7.621325124888579921e-04
8.166552026101076261e-04
8.037380241399886410e-04
7.238899795071870782e-04
5.797920991148610478e-04
3.762021961105223126e-04
1.197876404109168933e-04
-1.811079784069879279e-04
-5.167561167696122599e-04
-8.763822625489505564e-04
-1.248540763066015129e-03
-1.621512366199660089e-03
-1.983710552972350709e-03
-2.324082435619317412e-03
-2.632490189238037917e-03
-2.900059670843045147e-03
-3.119484032970559935e-03
-3.285271719458158178e-03
-3.393930183267828728e-03
-3.444078921801362828e-03
-3.436487905020831936e-03
-3.374040088921553306e-03
-3.261619369784607338e-03
-3.105927949836523750e-03
-2.915239560812360985e-03
-2.699097241685731018e-03
-2.467966311649798239e-03
-2.232854751148184713e-03
-2.004914347280603582e-03
-1.795036635166801821e-03
-1.613457850176160373e-03
-1.469386790889984622e-03
-1.370668690295313982e-03
-1.323496931126470809e-03
-1.332182764680172812e-03
-1.398991159582197970e-03
-1.524048589113362112e-03
-1.705326044034258508e-03
-1.938697920748304934e-03
-2.218074774523980976e-03
-2.535605337580161545e-03
-2.881940772884792126e-03
-3.246551951649179028e-03
-3.618088682217816734e-03
-3.984768345554505660e-03
-4.334780359418776742e-03
-4.656692335826251826e-03
-4.939843734040747641e-03
-5.174713246352972799e-03
-5.353247071031554116e-03
-5.469136593964004159e-03
-5.518035769747312892e-03
-5.497710602359018837e-03
-5.408115501140960124e-03
-5.251393846431217684e-03
-5.031802751145087252e-03
-4.755564657021439309e-03
-4.430650964189371960e-03
-4.066505270485017837e-03
-3.673715909256366520e-03
-3.263649247233844919e-03
-2.848056575310518260e-03
-2.438668346733770774e-03
-2.046789956980595709e-03
-1.682913202077248455e-03
-1.356356999362033199e-03
-1.074949926062382767e-03
-8.447656626233070610e-04
-6.699205709540607869e-04
-5.524404577305856018e-04
-4.922011460070151254e-04
-4.869448897034073069e-04
-5.323720057710888253e-04
-6.223044612032682405e-04
-7.489156289923877509e-04
-9.030181070563146660e-04
-1.074399458368740503e-03
-1.252194050377109912e-03
-1.425277906153294295e-03
-1.582672672950865850e-03
-1.713944494210217469e-03
-1.809583749759932549e-03
-1.861352299746666435e-03
-1.862586007179136034e-03
-1.808441881966758131e-03
-1.696081131020619592e-03
-1.524781646318772600e-03
-1.295975937062353268e-03
-1.013213126455611394e-03
-6.820462966097753238e-04
-3.098490832735862222e-04
9.443209622437252499e-05
5.205815402483764121e-04
9.574628882193149003e-04
1.393400692570786895e-03
1.816581598133129669e-03
2.215461099405593732e-03
2.579161647298777900e-03
2.897848176533643350e-03
3.163067912487564116e-03
3.368042564299793869e-03
3.507902675772799506e-03
3.579855928714848791e-03
3.583283503987491105e-03
3.519761122698986111e-03
3.393004025532817859e-03
3.208737809782918372e-03
2.974499638035208240e-03
2.699376768694739664e-03
2.393691551355432538e-03
2.068643902522149247e-03
1.735923763822669070e-03
1.407307093511334962e-03
1.094249516034487106e-03
8.074918336013437933e-04
5.566911853214615187e-04
3.500907382043762662e-04
1.942394417615929316e-04
9.377162151197717191e-05
5.125408792662489166e-05
6.710606981092282104e-05
1.395947277795554168e-04
2.649063538139532614e-04
4.372907097549214028e-04
6.492733939500111920e-04
8.919287409822450200e-04
1.155203638005198631e-03
1.428280857036963621e-03
1.699969118141740707e-03
1.959106162263281325e-03
2.194960657370880960e-03
2.397618803479434259e-03
2.558342039536699777e-03
2.669883269294607946e-03
2.726750478553082585e-03
2.725408461581133035e-03
2.664411545404929763e-03
2.544462620924615483e-03
2.368396374659260256e-03
2.141087273733506633e-03
1.869285496328195600e-03
1.561386527710682554e-03
1.227142469542979227e-03
8.773251558600375297e-04
5.233528612166083761e-04
1.768936657090222110e-04
-1.505406369537916908e-04
-4.479958672300773243e-04
-7.054579656455342834e-04
-9.142032750414552569e-04
-1.067104322974700729e-03
-1.158880383844505162e-03
-1.186284031786691024e-03
-1.148217134871395290e-03
-1.045772210206903034e-03
-8.821976716860837437e-04
-6.627881657955967450e-04
-3.947038128174224642e-04
-8.672465902609838729e-05
2.510510870553003251e-04
6.075544940739670188e-04
9.711268846482941797e-04
1.329921038394839793e-03
1.672308603412501777e-03
1.987279482843613831e-03
2.264819246067896041e-03
2.496251385646198681e-03
2.674532474273159238e-03
2.794489927503872144e-03
2.852994090013244444e-03
2.849058665120703538e-03
2.783866018599904894e-03
2.660716520392219370e-03
2.484903749503314559e-03
2.263519984816290444e-03
2.005198846785718938e-03
1.719804156408162154e-03
1.418075961359223109e-03
1.111246178749486762e-03
8.106373670417938880e-04
5.272587290451065780e-04
2.714135429120992545e-04
5.233181539880823151e-05
-1.221589345841286520e-04
-2.459131928214436554e-04
-3.146874420299535652e-04
-3.262928931946848261e-04
-2.806755796725575458e-04
-1.799209862046286749e-04
-2.818303265040189749e-05
1.684601136641287241e-04
4.022183556284715262e-04
6.638626818367232389e-04
9.430493171884522102e-04
1.228683650499973927e-03
1.509311183615659295e-03
1.773521796081608311e-03
2.010353149319770404e-03
2.209679080910284966e-03
2.362569362135594209e-03
2.461608192067368632e-03
2.501160244156556186e-03
2.477574915979865490e-03
2.389321595227337277e-03
2.237051169425019470e-03
2.023581588683363332e-03
1.753807949488894648e-03
1.434540210060494597e-03
1.074274181486445726e-03
6.829037749703845269e-04
2.713845421923006618e-04
-1.486397490256589861e-04
-5.652344676139977242e-04
-9.665815272058065656e-04
-1.341382624176415319e-03
-1.679244227569541212e-03
-1.971030882544808419e-03
-2.209174499472346676e-03
-2.387928843029210775e-03
-2.503560355577643445e-03
-2.554468679450736836e-03
-2.541232705384405439e-03
-2.466580582925590945e-03
-2.335284791810826946e-03
-2.153985997731085438e-03
-1.930951909621317266e-03
-1.675779631260355691e-03
-1.399051977805624127e-03
-1.111959838620864196e-03
-8.259038549521934697e-04
-5.520894030788033729e-04
-3.011291052197509043e-04
-8.266682361343885392e-05
9.496366283287755242e-05
2.250333185930160351e-04
3.026555061355034985e-04
3.249582940533424138e-04
2.911853711059938198e-04
2.027220239864588845e-04
6.304526620538419661e-05
-1.224001329362320572e-04
-3.463953700171976471e-04
-6.002042826621857737e-04
-8.738839713915713420e-04
-1.156638467338425751e-03
-1.437203033058026764e-03
-1.704245606741782099e-03
-1.946771296031634887e-03
-2.154515717497884099e-03
-2.318313365567542181e-03
-2.430428066700128162e-03
-2.484833900360816812e-03
-2.477436701394032659e-03
-2.406228338037537471e-03
-2.271368313176110217e-03
-2.075189781060257990e-03
-1.822129718451519654e-03
-1.518585645264895582e-03
-1.172703862194410251e-03
-7.941065713952908268e-04
-3.935673870110125870e-04
1.735344983369497993e-05
4.267014253478880210e-04
8.225339845570097796e-04
1.193326461434617708e-03
1.528363539366901433e-03
1.818102580059650746e-03
2.054496143903662697e-03
2.231262453692306295e-03
2.344094376368731879e-03
2.390799650302765072e-03
2.371367493027645712e-03
2.287959302052490224e-03
2.144823818990562996e-03
1.948139771689197993e-03
1.705791547659868748e-03
1.427085795941688022e-03
1.122418921469656031e-03
8.029071536451864739e-04
4.799921789469118079e-04
1.650361802501341783e-04
-1.310795068251476968e-04
-3.983380406121541902e-04
-6.279395670701256585e-04
-8.126101997976956006e-04
-9.468566543685361797e-04
-1.027157613183649803e-03
-1.052085117959731739e-03
-1.022351742768163717e-03
-9.407819051318988112e-04
-8.122083347912905293e-04
-6.432973460632880830e-04
-4.423090581942534490e-04
-2.188009911777280070e-04
1.671454784363517881e-05
2.531472499141631020e-04
4.792265230641988560e-04
6.839061697463054120e-04
8.567618014023650882e-04
9.883670205020427500e-04
1.070635141953981892e-03
1.097114431091972394e-03
1.063226462253740942e-03
9.664391933030919927e-04
8.063686375255770498e-04
5.848055150531156991e-04
3.056658937206162795e-04
-2.513250804778784271e-05
-3.998640793850660041e-04
-8.092524044941597347e-04
-1.242781728761275812e-03
-1.689051946992130987e-03
-2.136164731751244959e-03
-2.572127327870358908e-03
-2.985259919172378925e-03
-3.364592347062854167e-03
-3.700236332306634443e-03
-3.983720208016185496e-03
-4.208274483617411438e-03
-4.369058280372421776e-03
-4.463318748636346464e-03
-4.490477922896012747e-03
-4.452144010590925599e-03
-4.352046755760263438e-03
-4.195899176020452016e-03
-3.991190548149052553e-03
-3.746917923352798083e-03
-3.473265603843110616e-03
-3.181243832288803679e-03
-2.882299371305587030e-03
-2.587911631437296578e-03
-2.309188508715555137e-03
-2.056476099257030336e-03
-1.838995968264836101e-03
-1.664522681434059013e-03
-1.539112892106399635e-03
-1.466895467164785116e-03
-1.449929992060189181e-03
-1.488138595616938760e-03
-1.579313462476747160e-03
-1.719199745386389144e-03
-1.901650944083196123e-03
-2.118851275002300166e-03
-2.361597205528513481e-03
-2.619628250422824552e-03
-2.881995399131328291e-03
-3.137454221529262406e-03
-3.374868832571255913e-03
-3.583612513705206754e-03
-3.753950904178073381e-03
-3.877394284486368643e-03
-3.947006555864742555e-03
-3.957660035966689693e-03
-3.906227088644739949e-03
-3.791701818487367912e-03
-3.615247510980466959e-03
-3.380168100975178107e-03
-3.091804614389590932e-03
-2.757360157459380103e-03
-2.385659532241827911e-03
-1.986851848708086430e-03
-1.572066502323094146e-03
-1.153034521473206460e-03
-7.416885041424012238e-04
-3.497551152744167360e-04
1.164562107088939341e-05
3.323802365674489653e-04
6.036476685121162315e-04
8.182789639054064215e-04
9.709803711562231369e-04
1.058511333729936091e-03
1.079791178153504403e-03
1.035930784279671382e-03
9.301881511639079753e-04
7.678494353384405623e-04
5.560396463626998340e-04
3.034696459136825702e-04
2.012832511891427456e-05
-2.830692477419367165e-04
-5.946653778056928442e-04
-9.030615539767513321e-04
-1.196924444332677674e-03
-1.465581858780738017e-03
-1.699394816247248733e-03
-1.890092694468962055e-03
-2.031059737466035277e-03
-2.117562903544468762e-03
-2.146913095343903205e-03
-2.118554150860729214e-03
-2.034076508615704788e-03
-1.897155102382544912e-03
-1.713413698548172867e-03
-1.490220469096169460e-03
-1.236422004977057003e-03
-9.620251337300604784e-04
-6.778377359835952845e-04
-3.950811937250374027e-04
-1.249880985884142641e-04
1.216006340232615463e-04
3.346250775275467354e-04
5.051683410666527431e-04
6.257786134337872848e-04
6.907398684161555023e-04
6.962816951003518266e-04
6.407208502555779717e-04
5.245295231325250700e-04
3.503278720249911656e-04
1.228010467110892800e-04
-1.514564416120599711e-04
-4.641635938407931298e-04
-8.056352727457919555e-04
-1.165114175690182751e-03
-1.531140835880055772e-03
-1.891948722768420701e-03
-2.235870630150169069e-03
-2.551742142214787762e-03
-2.829288067334677879e-03
-3.059478323186821946e-03
-3.234840824140363270e-03
-3.349720425306507501e-03
-3.400474864571804458e-03
-3.385600848216720280e-03
-3.305785870133234883e-03
-3.163883953558821460e-03
-2.964816166586663193e-03
-2.715399395217721681e-03
-2.424109368159262437e-03
-2.100786227993744430e-03
-1.756292953148407866e-03
-1.402138583879076203e-03
-1.050079435482307536e-03
-7.117122500827319535e-04
-3.980735177063902171e-04
-1.192589781717939054e-04
1.159233946969075169e-04
3.002548010113499297e-04
4.283508901053421653e-04
4.968423476987523287e-04
5.044845084219169024e-04
4.521921962239757852e-04
3.429986170893676266e-04
1.819397913637105582e-04
-2.413137647568996784e-05
-2.667948260621775310e-04
-5.363680664146851240e-04
-8.222551694697010022e-04
-1.113327751497785552e-03
-1.398324541006372348e-03
-1.666255480559234933e-03
-1.906796151443946891e-03
-2.110658649844577954e-03
-2.269925869220576486e-03
-2.378337427004731820e-03
-2.431517169535615374e-03
-2.427134237903399733e-03
-2.364992007313403578e-03
-2.247041742006856534e-03
-2.077320448078480257e-03
-1.861815065165301061e-03
-1.608257721776740461e-03
-1.325859197440260734e-03
-1.024989903092255730e-03
-7.168195332578228230e-04
-4.129279949706967604e-04
-1.249012282115508554e-04
1.360739345123470733e-04
3.596016846481417568e-04
5.364422051548729461e-04
6.588369048599691715e-04
7.207825239900387485e-04
7.182445032065895053e-04
6.493021330998124604e-04
5.142203879502638391e-04
3.154459130373355423e-04
5.752728897375175392e-05
-2.530376535134961496e-04
-6.080221420948622984e-04
-9.977507020812537500e-04
-1.411429536979613188e-03
-1.837515506990243692e-03
-2.264110812474468513e-03
-2.679369591450641956e-03
-3.071902225288780305e-03
-3.431163229495157781e-03
-3.747809183897795379e-03
-4.014014208417435864e-03
-4.223731980067388890e-03
-4.372895161667740734e-03
-4.459545307279788942e-03
-4.483888746659139141e-03
-4.448276545678555433e-03
-4.357109300759433486e-03
-4.216670159621590738e-03
-4.034891975804116848e-03
-3.821066812289691805e-03
-3.585508029309844320e-03
-3.339176852245413253e-03
-3.093286559269525001e-03
-2.858898211431112977e-03
-2.646522142811134556e-03
-2.465739224872436856e-03
-2.324855224306214899e-03
-2.230600411909128885e-03
-2.187884992024954987e-03
-2.199618963509466195e-03
-2.266602762670042945e-03
-2.387492555416062274e-03
-2.558841426961336145e-03
-2.775215054629683736e-03
-3.029377835951970604e-03
-3.312542971899180410e-03
-3.614677760421786037e-03
-3.924853417133995596e-03
-4.231627175931232214e-03
-4.523443287384241659e-03
-4.789038866700973812e-03
-5.017840369244908928e-03
-5.200336796153651533e-03
-5.328416544159033687e-03
-5.395656083849027958e-03
-5.397550334842130676e-03
-5.331676645665736625e-03
-5.197786609097251181e-03
-4.997822468956357976e-03
-4.735857513357113330e-03
-4.417962509779447058e-03
-4.052002825793399668e-03
-3.647373305176000551e-03
-3.214680147506226125e-03
-2.765380893787982436e-03
-2.311395086263208758e-03
-1.864699195990566268e-03
-1.436919961057811935e-03
-1.038940332228777174e-03
-6.805317795170187038e-04
-3.700257881688612943e-04
-1.140359982482403237e-04
8.275933339348465201e-05
2.177669842911840285e-04
2.905553453343358468e-04
3.028553027460765667e-04
2.584854505693452102e-04
1.632043122139225939e-04
2.449480655773500146e-05
-1.487114326780177020e-04
-3.463601692043146601e-04
-5.576396273329454296e-04
-7.713716621386122480e-04
-9.764152798704498490e-04
-1.162068321300891750e-03
-1.318453187485782788e-03
-1.436873049198070500e-03
-1.510126018390524003e-03
-1.532766236086312902e-03
-1.501302694353559390e-03
-1.414328795185225245e-03
-1.272578079592339567e-03
-1.078904150842916170e-03
-8.381854757452861281e-04
-5.571583839570332488e-04
-2.441841051099338236e-04
9.104200123809756944e-05
4.378288383273271772e-04
7.848637304831198582e-04
1.120609232732390492e-03
1.433708679963491012e-03
1.713386253821780770e-03
1.949827533923656269e-03
2.134527180189905310e-03
2.260591541325580444e-03
2.322985560488623029e-03
2.318715297782689404e-03
2.246939642114421411e-03
2.109007263240684441e-03
1.908417471667752090e-03
1.650706317766897045e-03
1.343261878710968029e-03
9.950751609133152206e-04
6.164352997032069431e-04
2.185796880244159188e-04
-1.866887563289234121e-04
-5.874038253016603591e-04
-9.718437151314100481e-04
-1.328929948584290505e-03
-1.648603600638870025e-03
-1.922165699106867217e-03
-2.142569927190082942e-03
-2.304657426277627232e-03
-2.405325525821432660e-03
-2.443624541810670257e-03
-2.420779305090132918e-03
-2.340134717243501795e-03
-2.207027292608934772e-03
-2.028587236978227071e-03
-1.813478045832533610e-03
-1.571582792364476736e-03
-1.313648141388471186e-03
-1.050898604176663106e-03
-7.946345894645524821e-04
-5.558283709101158451e-04
-3.447321613765756687e-04
-1.705120570999710695e-04
-4.092070508657620967e-05
3.797981314476663213e-05
6.203515142391962528e-05
2.914829644323920464e-05
-6.064366163753575657e-05
-2.051682844918191386e-04
-4.001921156566049052e-04
-6.395679822214408571e-04
-9.154501044287508557e-04
-1.218569469729788128e-03
-1.538559812505021270e-03
-1.864322763836878151e-03
-2.184419359695654716e-03
-2.487474168900391004e-03
-2.762577856744920235e-03
-2.999674051860423858e-03
-3.189916930923323343e-03
-3.325986959056298313e-03
-3.402353687367964952e-03
-3.415476361759184863e-03
-3.363935273981836539e-03
-3.248489210699576947e-03
-3.072056944011890018e-03
-2.839623366894224957e-03
-2.558073516075543095e-03
-2.235960250550232849e-03
-1.883213677705831025e-03
-1.510802459517167264e-03
-1.130358816913455428e-03
-7.537803222018520143e-04
-3.928223827651837257e-04
-5.869564564232486112e-05
2.383176193913197436e-04
4.892147649741386897e-04
6.865793796998077153e-04
8.248325730083125177e-04
9.004201717943169196e-04
9.119293132385890548e-04
8.601303906043266268e-04
7.479429224524944105e-04
5.803265793400188156e-04
3.641012222456549603e-04
1.077022919169789723e-04
-1.791198490156241797e-04
-4.856460582296346067e-04
-8.005678864701284980e-04
-1.112387062340792088e-03
-1.409820972592560522e-03
-1.682199914629899052e-03
-1.919842189686527716e-03
-2.114393885093104712e-03
-2.259121434920935423e-03
-2.349146706539512533e-03
-2.381616378146779976e-03
-2.355799678405328876e-03
-2.273111073119856058e-03
-2.137057117316635939e-03
-1.953109351838647808e-03
-1.728507718396846355e-03
-1.472001404976333409e-03
-1.193536229140262353e-03
-9.038995431505147992e-04
-6.143351361668689375e-04
-3.361416628228373936e-04
-8.026870725843246804e-05
1.430753231108847223e-04
3.247896921907925550e-04
4.572093317929684046e-04
5.343828011210689181e-04
5.522904219273060133e-04
5.089948971519848899e-04
4.047190856803204763e-04
2.418481575902759178e-04
2.485600350919311974e-05
-2.398415743848250452e-04
-5.441017965840824018e-04
-8.783304851887728136e-04
-1.231808681561934096e-03
-1.593058907573534615e-03
-1.950238285235651259e-03
-2.291544787234869266e-03
-2.605622429370721849e-03
-2.881951251387844352e-03
-3.111208463908632718e-03
-3.285588147526039005e-03
-3.399068340277794538e-03
-3.447616190888080218e-03
-3.429324022824493251e-03
-3.344471572430639250e-03
-3.195512248433039076e-03
-2.986983919449805701e-03
-2.725347377575292138e-03
-2.418758157133902263e-03
-2.076779719612253852e-03
-1.710048066893802166e-03
-1.329899543375992694e-03
-9.479748738471644159e-04
-5.758133130818666361e-04
-2.244511259437940998e-04
9.596153863084986788e-05
3.765119645968801818e-04
6.098320797904993335e-04
7.903508131293423894e-04
9.144827758582681383e-04
9.807466793862271853e-04
9.898093677009390558e-04
9.444539521130901295e-04
8.494731987049371647e-04
7.114919410225687552e-04
5.387247803580407467e-04
3.406776061573027416e-04
1.278034400990107650e-04
-8.887528986077782803e-05
-2.981647608657516020e-04
-4.891040547610960194e-04
-6.513615268485798858e-04
-7.756093013429327240e-04
-8.538627165032504395e-04
-8.797727698289836739e-04
-8.488612601096337182e-04
-7.586903308110695254e-04
-6.089604179185569358e-04
-4.015331143898835577e-04
-1.403780948804134523e-04
1.685540938284415570e-04
5.175289725104675106e-04
8.972879504262015835e-04
1.297361973726038516e-03
1.706428059650199345e-03
2.112696270140622824e-03
2.504313609691152798e-03
2.869770736856924222e-03
3.198297277695913259e-03
3.480231926081183390e-03
3.707354396413836163e-03
3.873167627939952916e-03
3.973120379909817271e-03
4.004762442255363659e-03
3.967827044240482964e-03
3.864237591053878117e-03
3.698038506313104136e-03
3.475252614157767032e-03
3.203670064986475444e-03
2.892576203883241021e-03
2.552427916477812819e-03
2.194489788570233840e-03
1.830442820209861885e-03
1.471979392859780293e-03
1.130398666248439788e-03
8.162165627799021408e-04
5.388039826152558973e-04
3.060658998051022858e-04
1.241725539493075160e-04
-2.647876882790490410e-06
-7.224789372390814056e-05
-8.462576713630528234e-05
-4.191486211303904405e-05
5.170238342775941923e-05
1.901527648217524440e-04
3.656973046610904150e-04
5.692149989994720830e-04
7.905353196724289148e-04
1.018807766696177295e-03
1.242895465201096549e-03
1.451778957833125237e-03
1.634955985580973607e-03
1.782823190106253008e-03
1.887026303959562796e-03
1.940766499367033854e-03
1.939052102872097262e-03
1.878886798169906221e-03
1.759387665867735793e-03
1.581828868623550875e-03
1.349609396959340494e-03
1.068145953661637018e-03
7.446946797594292556e-04
3.881079206141808654e-04
8.534509210782138724e-06
-3.829259745525732408e-04
-7.746028943667730184e-04
-1.154654931104000509e-03
-1.511477145020674942e-03
-1.834100494548622073e-03
-2.112569840680218053e-03
-2.338287216421431648e-03
-2.504308354412964916e-03
-2.605582100092886620e-03
-2.639124335443420073e-03
-2.604120329445387769e-03
-2.501951935590417727e-03
-2.336148686438793958e-03
-2.112264498130672977e-03
-1.837684300664968202e-03
-1.521367361461137095e-03
-1.173536284320260675e-03
-8.053225658172966876e-04
-4.283811098269952396e-04
-5.448718511164550322e-05
3.048700772974300126e-04
6.388834322339104763e-04
9.377986793600057462e-04
1.193248262911415346e-03
1.398535661135149027e-03
1.548860641381431032e-03
1.641477531420725694e-03
1.675781007018050739e-03
1.653316437770496446e-03
1.577714478616417792e-03
1.454552250549089086e-03
1.291146027832089458e-03
1.096282750223767297e-03
8.798998232270355442e-04
6.527244820380018880e-04
4.258854121519525739e-04
2.105102918328711440e-04
1.732341479410886079e-05
-1.437424518063083832e-04
-2.639063184656984234e-04
-3.358586562175233225e-04
-3.540292567308814080e-04
-3.147938324346076337e-04
-2.166120677651139741e-04
-6.009223656778606495e-05
1.520199239965342158e-04
4.149277362292624980e-04
7.219425100459810844e-04
1.064709345332522832e-03
1.433491931127879289e-03
1.817506393930160826e-03
2.205292525538098472e-03
2.585109407751766310e-03
2.945341592990534905e-03
3.274901626534536259e-03
3.563614820757296433e-03
3.802572810040105462e-03
3.984443505392907051e-03
4.103726591962320557e-03
4.156945617193079194e-03
4.142769935702400250e-03
4.062062231212301006e-03
3.917849940177626882e-03
3.715221564806046872e-03
3.461151491689180675e-03
3.164259434160068135e-03
2.834512904106770755e-03
2.482883112158519850e-03
2.120966324089945589e-03
1.760583908894073528e-03
1.413375057953037903e-03
1.090396409029010302e-03
8.017425645075160721e-04
5.562007590222261145e-04
3.609517330152465717e-04
2.213272479488288987e-04
1.406326925875566597e-04
1.200409476243200196e-04
1.585611779040859825e-04
2.530835951458549910e-04
3.984985714099199827e-04
5.878858779104875927e-04
8.127673664397716937e-04
1.063414187757465981e-03
1.329197730702111292e-03
1.598971934445975272e-03
1.861473527899520095e-03
2.105726123260561085e-03
2.321433957062503384e-03
2.499351436481435547e-03
2.631615498336025132e-03
2.712029093374047125e-03
2.736285823340176178e-03
2.702127822857469143e-03
2.609431319973392130e-03
2.460216846246581802e-03
2.258583710568045147e-03
2.010571007880048236e-03
1.723950011458517430e-03
1.407955205125226714e-03
1.072963365269104588e-03
7.301319264029753481e-04
3.910092942359922295e-04
6.713075676781886381e-05
-2.303858478780412659e-04
-4.912305360930675595e-04
-7.062639696147501953e-04
-8.678399103977090662e-04
-9.700760273519575590e-04
-1.009063549214640927e-03
-9.830083974367112044e-04
-8.922988307974588510e-04
-7.394972054993367155e-04
-5.292561106296065796e-04
-2.681617860433100275e-04
3.548972482333946285e-05
3.719758801427201821e-04
7.304805146573492211e-04
1.099464661325388415e-03
1.467062368795957628e-03
1.821487689701542078e-03
2.151438624827375478e-03
2.446483916177777038e-03
2.697419184017513412e-03
2.896579978020135185e-03
3.038100823029169298e-03
3.118111232703248831e-03
3.134861873145446641e-03
3.088776506108775657e-03
2.982427941760685663e-03
2.820438893159279807e-03
2.609311255259227393e-03
2.357189838247346955e-03
2.073568880463145560e-03
1.768951669658132275e-03
1.454475242691156880e-03
1.141513355438391643e-03
8.412716739158195142e-04
5.643894077751330975e-04
3.205613789853535393e-04
1.181937996658944268e-04
-3.589415110518095857e-05
-1.367124696135381488e-04
-1.812776824257811194e-04
-1.687191809182275650e-04
-1.003107944963375821e-04
2.057351518576500116e-05
1.885782942363781103e-04
3.965554176226645730e-04
6.358164753338461624e-04
8.964398765416382777e-04
1.167621903656901458e-03
1.438059404502271734e-03
1.696350698603912898e-03
1.931400631842064130e-03
2.132815564894930023e-03
2.291274430294473925e-03
2.398862828258702378e-03
2.449358423516899506e-03
2.438457608841343438e-03
2.363935456262421676e-03
2.225733311967877017e-03
2.025970923861078552e-03
1.768882632930448987e-03
1.460679818387817901e-03
1.109344368808878357e-03
7.243603667767556245e-04
3.163933381632608936e-04
-1.030717466279427021e-04
-5.221210877231529171e-04
-9.288176533934287393e-04
-1.311607601949875586e-03
-1.659713341002022786e-03
-1.963499505394766895e-03
-2.214799083841923789e-03
-2.407188320203473321e-03
-2.536200809595417355e-03
-2.599473339205956440e-03
-2.596818414196091357e-03
-2.530220976625285976e-03
-2.403759479998456450e-03
-2.223454130763759772e-03
-1.997047658094193347e-03
-1.733726335213550164e-03
-1.443791066623809375e-03
-1.138290102592760594e-03
-8.286262839624751204e-04
-5.261526097389078015e-04
-2.417703258686489977e-04
1.445635810978849849e-05
2.336554040063623661e-04
4.084594710108545735e-04
5.332648690653709733e-04
6.044278568317269264e-04
6.203914008333145415e-04
5.817379529140132444e-04
4.911663994182516400e-04
3.533939964618152112e-04
1.749867380704601310e-04
-3.587588444824694502e-05
-2.696934707925280035e-04
-5.159843733193042199e-04
-7.636605046985794681e-04
-1.001424129195347887e-03
-1.218172701546986307e-03
-1.403397532223640398e-03
-1.547562271164023250e-03
-1.642447906408824303e-03
-1.681452144740941401e-03
-1.659832637475710648e-03
-1.574885480009218398e-03
-1.426052679766257091e-03
-1.214954774395783903e-03
-9.453474032938980875e-04
-6.230032989477618478e-04
-2.555237768648721411e-04
1.479137275521216896e-04
5.768632864386418445e-04
1.019962549789933757e-03
1.465316980014077630e-03
1.900902844823844015e-03
2.314974904843229014e-03
2.696464567125810702e-03
3.035354608947471531e-03
3.323017396075104296e-03
3.552504797502370297e-03
3.718779689614144183e-03
3.818880987646202860e-03
3.852016469497778969e-03
3.819580184893111175e-03
3.725093883001625444e-03
3.574074551412663794e-03
3.373832745629075196e-03
3.133208810380786954e-03
2.862256267203141212e-03
2.571883490739652976e-03
2.273466254372849635e-03
1.978444742980201444e-03
1.697919171227086754e-03
1.442258190918100204e-03
1.220733818968046695e-03
1.041195684379519386e-03
9.097960109423609918e-04
8.307749706350862472e-04
8.063139233619707764e-04
8.364616759846785383e-04
9.191363311140949947e-04
1.050202643627375001e-03
1.223622153331746119e-03
1.431670808470951548e-03
1.665216426364824701e-03
1.914046237395627438e-03
2.167233000411078470e-03
2.413526823025850636e-03
2.641758916750993821e-03
2.841243096038745339e-03
3.002160906957174538e-03
3.115916842630889368e-03
3.175451148786799863e-03
3.175499207076040806e-03
3.112788354299042375e-03
2.986165186703361799e-03
2.796648833381308943e-03
2.547408276149754243e-03
2.243664454275922683e-03
1.892520527777488779e-03
1.502726190426530682e-03
1.084384234810927949e-03
6.486095958631518665e-04
2.071527652263793035e-04
-2.279992816902433393e-04
-6.450307149003133142e-04
-1.032698802919192801e-03
-1.380716154585963969e-03
-1.680099903278028332e-03
-1.923475643428826506e-03
-2.105325512476524663e-03
-2.222171766078363721e-03
-2.272689452137673267e-03
-2.257744270807483973e-03
-2.180354326210051825e-03
-2.045577139400834871e-03
-1.860325907780135696e-03
-1.633121472073893830e-03
-1.373788701422962383e-03
-1.093107951230929157e-03
-8.024338191161747022e-04
-5.132945665718022460e-04
-2.369862477480229540e-04
1.582423145862765779e-05
2.354732174483676211e-04
4.136384734372401759e-04
5.436295647944413677e-04
6.206203033582312258e-04
6.418151227185699050e-04
6.065435750073485625e-04
5.162796617533172046e-04
3.745853484479731450e-04
1.869802722083929811e-04
-3.925775890210555282e-05
-2.953544484664119606e-04
-5.713536683174230257e-04
-8.564740226279363893e-04
-1.139494782326860639e-03
-1.409157621579341458e-03
-1.654570032637934845e-03
-1.865596235084344533e-03
-2.033221832455608773e-03
-2.149879388178252502e-03
-2.209723461422265656e-03
-2.208845413976133400e-03
-2.145420409495718030e-03
-2.019781402547925989e-03
-1.834417473493293697e-03
-1.593896516770153390e-03
-1.304714941640899373e-03
-9.750796030215414531e-04
-6.146295559782477070e-04
