-2.768501779112380982e-03
-2.672748048502418192e-03
-2.639372989399594444e-03
-2.667370665326765540e-03
-2.753414435466502736e-03
-2.891985950667444634e-03
-3.075581439450023220e-03
-3.294987994834871689e-03
-3.539620118054491796e-03
-3.797904662178806096e-03
-4.057700621439001842e-03
-4.306738990051256315e-03
-4.533067210446985358e-03
-4.725482569677481003e-03
-4.873939290026029110e-03
-4.969914981959469222e-03
-5.006723552170109365e-03
-4.979763536674193698e-03
-4.886693092959732039e-03
-4.727525456673418482e-03
-4.504641457187289963e-03
-4.222718594856308613e-03
-3.888579108940974811e-03
-3.510962306476039275e-03
-3.100229079241126166e-03
-2.668008915317073796e-03
-2.226801730103281692e-03
-1.789548428382974890e-03
-1.369185208437793911e-03
-9.781971927879887924e-04
-6.281869977525255441e-04
-3.294733346980525251e-04
-9.073368775547189027e-05
8.129642736543060341e-05
1.820570970904717388e-04
2.093223569181055978e-04
1.632777059236221583e-04
4.651407114480260972e-05
-1.360615726236286734e-04
-3.773958060561217933e-04
-6.685326632604622881e-04
-9.989232971480362967e-04
-1.356790584545680602e-03
-1.729535922356352680e-03
-2.104173991648393156e-03
-2.467780290374118127e-03
-2.807935791676651870e-03
-3.113153188971624387e-03
-3.373269837518931731e-03
-3.579793672288466601e-03
-3.726190032556416648e-03
-3.808099396991563006e-03
-3.823478456339278811e-03
-3.772659639255968294e-03
-3.658327066171532509e-03
-3.485409836058531510e-03
-3.260896448985399314e-03
-2.993576931771177105e-03
-2.693721768066442528e-03
-2.372708948961045443e-03
-2.042612278153314257e-03
-1.715765423104603825e-03
-1.404317052883757681e-03
-1.119792714821306410e-03
-8.726788647348362495e-04
-6.720436876782476688e-04
-5.252080551714128926e-04
-4.374782059300350023e-04
-4.119495718841272892e-04
-4.493886756315723912e-04
-5.481972868842271453e-04
-7.044601399058250581e-04
-9.120745825425410295e-04
-1.162957652944749320e-03
-1.447323363215726518e-03
-1.754020505220399602e-03
-2.070919169005037887e-03
-2.385332453191776197e-03
-2.684458609298365477e-03
-2.955828141574514019e-03
-3.187740205904281143e-03
-3.369673021858853382e-03
-3.492653918132264737e-03
-3.549576041622455082e-03
-3.535450624942761914e-03
-3.447585960849766044e-03
-3.285686795999819346e-03
-3.051870640775210600e-03
-2.750600399104609350e-03
-2.388535650388690611e-03
-1.974307762241568273e-03
-1.518226678041103422e-03
-1.031929613868473421e-03
-5.279839315566373743e-04
-1.945805706540066574e-05
4.805245698813151206e-04
9.592329371399001530e-04
1.404761668519335840e-03
1.806434876259401402e-03
2.155166565386765209e-03
2.443765021950243359e-03
2.667170581481727309e-03
2.822618509649823908e-03
2.909721352119968261e-03
2.930467933117769652e-03
2.889139103204898390e-03
2.792143253960818056e-03
2.647777428396680573e-03
2.465922462504936859e-03
2.257682904034240268e-03
2.034984388408476921e-03
1.810142640922815516e-03
1.595419266771394302e-03
1.402579951323278335e-03
1.242470606226211017e-03
1.124626365435537614e-03
1.056927181278934395e-03
1.045312134627270116e-03
1.093562512492006044e-03
1.203161293137482287e-03
1.373233997662159228e-03
1.600573011934902602e-03
1.879744553834839568e-03
2.203274560589597603e-03
2.561907001282144949e-03
2.944925577376371686e-03
3.340527548499770162e-03
3.736236589727482110e-03
4.119340214417500229e-03
4.477336431356693583e-03
4.798373976933631956e-03
5.071670683773137414e-03
5.287895309035399623e-03
5.439499421726340031e-03
5.520987694187713159e-03
5.529117097278600165e-03
5.463017986151834371e-03
5.324232796826177012e-03
5.116670957196044027e-03
4.846481548682319770e-03
4.521848133664453824e-03
4.152712888278445834e-03
3.750439654662587104e-03
3.327427664585734524e-03
2.896689412699474456e-03
2.471407411933820072e-03
2.064485301863621357e-03
1.688108977346087754e-03
1.353333052490717035e-03
1.069707086419753551e-03
8.449546034520400480e-04
6.847160901399210620e-04
5.923649098429461645e-04
5.689025207872247959e-04
6.129366053555069475e-04
7.207428140298169882e-04
8.864078987329900190e-04
1.102049159907144294e-03
1.358102459401235723e-03
1.643668650748022998e-03
1.946906233799985215e-03
2.255456423598958295e-03
2.556885690428621453e-03
2.839130218928312584e-03
3.090926670259000562e-03
3.302214114830760716e-03
3.464493017065806146e-03
3.571128662533677462e-03
3.617588368664438961e-03
3.601604144741283632e-03
3.523255083522196414e-03
3.384966583929970886e-03
3.191426423045108738e-03
2.949420613837130771e-03
2.667594800397311925e-03
2.356149556215172101e-03
2.026480271660338530e-03
1.690774262951359828e-03
1.361579238297844262e-03
1.051358264889692279e-03
7.720468576355382986e-04
5.346277402792610437e-04
3.487382141919282124e-04
2.223239312904028327e-04
1.613512450623641806e-04
1.695882644174862008e-04
2.484623308294351025e-04
3.969989642166945210e-04
6.118444709550259052e-04
8.873714782479048997e-04
1.215863755434551472e-03
1.587773906425907645e-03
1.992044965606801655e-03
2.416484691640686990e-03
2.848179508074526189e-03
3.273933651131180362e-03
3.680718202246583554e-03
4.056114336692662886e-03
4.388735322155142352e-03
4.668612545311861574e-03
4.887532104206751722e-03
5.039310235396871236e-03
5.119997986806543860e-03
5.128008024902012615e-03
5.064159191388251102e-03
4.931637304591264537e-03
4.735873633116473129e-03
4.484345351520836569e-03
4.186305018621245579e-03
3.852448603003298406e-03
3.494533730266719679e-03
3.124961567223655950e-03
2.756337028674533864e-03
2.401022748023525551e-03
2.070702467401590308e-03
1.775969168645517328e-03
1.525952395170921284e-03
1.327997837028234950e-03
1.187410415542145036e-03
1.107269874260085251e-03
1.088325337626651042e-03
1.128972527070940283e-03
1.225314423189823596e-03
1.371303234108863086e-03
1.558958676547832342e-03
1.778654897623127042e-03
2.019465955863904323e-03
2.269557723756900069e-03
2.516612443436968237e-03
2.748271019067373595e-03
2.952577504253857919e-03
3.118410162434577786e-03
3.235883945417780683e-03
3.296710233743277776e-03
3.294501177347364251e-03
3.225007913746666226e-03
3.086284255699926413e-03
2.878770049956464426e-03
2.605291221819016310e-03
2.270976438268921226e-03
1.883093243077765995e-03
1.450809338322020959e-03
9.848873091775301944e-04
4.973234209066581960e-04
9.430768448878893546e-07
-4.910329547321212393e-04
-9.654364119584314154e-04
-1.409597880994732308e-03
-1.811776032240995865e-03
-2.161554773252822442e-03
-2.450194462809167882e-03
-2.670924938159995737e-03
-2.819170143982122415e-03
-2.892696545639428761e-03
-2.891680177100286898e-03
-2.818690021841908054e-03
-2.678588353485352076e-03
-2.478351569155930016e-03
-2.226817830828513919e-03
-1.934370390718689967e-03
-1.612567726402398382e-03
-1.273733470977500906e-03
-9.305205280758024888e-04
-5.954646616977784688e-04
-2.805432151520637681e-04
3.245570907632827976e-06
2.462678977651383723e-04
4.405909047151689191e-04
5.802585375176815691e-04
6.614971338507892162e-04
6.828435376898293278e-04
6.451912736540339321e-04
5.517531879773735631e-04
4.079418940908987462e-04
2.211722451123049674e-04
5.927917353969669109e-07
-2.432443238011118905e-04
-4.987634261565329630e-04
-7.537819524968873783e-04
-9.959490348475672026e-04
-1.213190597202578463e-03
-1.394145314497260979e-03
-1.528576098409076050e-03
-1.607742630444322727e-03
-1.624721825929304310e-03
-1.574664935593228466e-03
-1.454982210530575241e-03
-1.265448593707392457e-03
-1.008226667919350991e-03
-6.878059892707952651e-04
-3.108608652335107490e-04
1.139685055103478728e-04
5.763639280904352168e-04
1.064676117967927171e-03
1.566318526503589778e-03
2.068194347488538139e-03
2.557141802033864424e-03
3.020382156630433725e-03
3.445954831066148829e-03
3.823124402674150761e-03
4.142745295333208171e-03
4.397571421355469037e-03
4.582499970039870772e-03
4.694740840780020456e-03
4.733905820470002759e-03
4.702014413394879112e-03
4.603416148430351275e-03
4.444632111023492059e-03
4.234121273688934775e-03
3.981979829615694792e-03
3.699584077269638289e-03
3.399189377503847569e-03
3.093499239515294739e-03
2.795219634249971382e-03
2.516614147058116903e-03
2.269075547574139415e-03
2.062728775148462562e-03
1.906079233022836463e-03
1.805718692562750848e-03
1.766099086041745484e-03
1.789382083614662671e-03
1.875369690737691214e-03
2.021518259598927784e-03
2.223035381743596745e-03
2.473056221573844728e-03
2.762893063672835006e-03
3.082349278612108931e-03
3.420086652059535406e-03
3.764033149813119337e-03
4.101816772458128160e-03
4.421210237412525473e-03
4.710570845291959553e-03
4.959260055142238055e-03
5.158028003286100824e-03
5.299349428429227932e-03
5.377699168243047639e-03
5.389757510228882810e-03
5.334538138065440804e-03
5.213434127701439130e-03
5.030180320104231731e-03
4.790733329146568652e-03
4.503073330874306050e-03
4.176934523148575877e-03
3.823473646277883616e-03
3.454888128077495801e-03
3.083997184665367847e-03
2.723800509263891653e-03
2.387029969723762808e-03
2.085709983777147246e-03
1.830741940445848462e-03
1.631527197092681822e-03
1.495641833690901715e-03
1.428574536212237752e-03
1.433536772993747582e-03
1.511351898891211002e-03
1.660427060563974318e-03
1.876808879108940583e-03
2.154320954968929388e-03
2.484778377279112885e-03
2.858271725879510481e-03
3.263510623490342103e-03
3.688214813176124516e-03
4.119539075162724322e-03
4.544517115504902172e-03
4.950508898414149664e-03
5.325635777379899606e-03
5.659188211620889974e-03
5.941991818752445816e-03
6.166718978039551977e-03
6.328135109925488340e-03
6.423271049689918341e-03
6.451515525762690009e-03
6.414624555535196684e-03
6.316647485259551179e-03
6.163772323693310524e-03
5.964095849094715532e-03
5.727326606825657029e-03
5.464431267741468382e-03
5.187236803281897179e-03
4.908002482137765327e-03
4.638976751271400509e-03
4.391954593843048517e-03
4.177850939675438469e-03
4.006305140867890205e-03
3.885330435781193456e-03
3.821020747032533981e-03
3.817325148651663780e-03
3.875897964612645512e-03
3.996029808728658594e-03
4.174662037328127559e-03
4.406484160696663883e-03
4.684110849494677736e-03
4.998332380220691165e-03
5.338429787140008126e-03
5.692543717242600811e-03
6.048084099322740582e-03
6.392166304272926640e-03
6.712058541423170967e-03
6.995624837920077707e-03
7.231748098688068650e-03
7.410718438192053989e-03
7.524573187739038403e-03
7.567376670947826602e-03
7.535429946120410921e-03
7.427403163785466916e-03
7.244385894839388239e-03
6.989853654641272479e-03
6.669551780579565520e-03
6.291300712292830291e-03
5.864729473587420097e-03
5.400946666811304309e-03
4.912160476021265425e-03
4.411260958152870594e-03
3.911379219113043232e-03
3.425438878106567761e-03
2.965715490340130323e-03
2.543419316186220757e-03
2.168316003833142998e-03
1.848398421181633418e-03
1.589621077935331195e-03
1.395706383376543649e-03
1.268029466162672860e-03
1.205585527906819074e-03
1.205040808850621134e-03
1.260865312995856566e-03
1.365542574343778020e-03
1.509849045820028934e-03
1.683193252655600363e-03
1.874002757945640541e-03
2.070145313196337586e-03
2.259369369584778367e-03
2.429748448341773233e-03
2.570113734852363593e-03
2.670459675435760301e-03
2.722308303787826164e-03
2.719019472515872386e-03
2.656036063301072357e-03
2.531055530463982572e-03
2.344121717132656435e-03
2.097633680244118635e-03
1.796271172221463111e-03
1.446839351316940060e-03
1.058038126812596742e-03
6.401641901915785561e-04
2.047561463346359262e-04
-2.358048430628907871e-04
-6.687249283557944630e-04
-1.081242903934263432e-03
-1.461075407787606681e-03
-1.796846393173025334e-03
-2.078485823452900193e-03
-2.297583615038720217e-03
-2.447686416983460046e-03
-2.524526814326586224e-03
-2.526176905805341093e-03
-2.453120852201927556e-03
-2.308243826711005829e-03
-2.096737723958514224e-03
-1.825926897195031011e-03
-1.505019991671028082e-03
-1.144796528231913947e-03
-7.572391741460069055e-04
-3.551245381156738841e-04
4.841322324106899421e-05
4.403307502221699308e-04
8.081201227231732658e-04
1.140234279315273987e-03
1.426478366895911126e-03
1.658353370653549734e-03
1.829340047687338716e-03
1.935113280602787341e-03
1.973679406420082803e-03
1.945431775711532838e-03
1.853122662429111363e-03
1.701752575978171360e-03
1.498380921029586043e-03
1.251864705933810207e-03
9.725345208577093354e-04
6.718192035994694639e-04
3.618324074744588793e-04
5.493561876307624658e-05
-2.367070057343247536e-04
-5.015663263112746066e-04
-7.291630430560616574e-04
-9.104450677356330356e-04
-1.038114174478047382e-03
-1.106890439617549526e-03
-1.113705164627790990e-03
-1.057815485910786144e-03
-9.408366233655512511e-04
-7.666906098126853673e-04
-5.414732742050714070e-04
-2.732441203888856703e-04
2.825355055534729907e-05
3.519324775171503374e-04
6.857493336397357765e-04
1.017127086682210503e-03
1.333397022172610807e-03
1.622244932525879115e-03
1.872145824835387030e-03
2.072771897947296976e-03
2.215359471771180359e-03
2.293021985917590745e-03
2.300998070448733064e-03
2.236825962723612213e-03
2.100438121446135745e-03
1.894172681794937738e-03
1.622701306080839108e-03
1.292875910767192970e-03
9.134995903695343087e-04
4.950297122310715579e-04
4.922353048035624278e-05
-4.112613205708751888e-04
-8.732975142297335399e-04
-1.323734870136853868e-03
-1.749847749073885723e-03
-2.139767390681620619e-03
-2.482884109352869080e-03
-2.770205320297791304e-03
-2.994656915768443770e-03
-3.151317496429008845e-03
-3.237577315311654554e-03
-3.253216429273551782e-03
-3.200399382950541542e-03
-3.083586673721628972e-03
-2.909366160717588145e-03
-2.686210384304693177e-03
-2.424168356524539908e-03
-2.134502676783693251e-03
-1.829284740295179356e-03
-1.520962272348479541e-03
-1.221914388083385899e-03
-9.440098112095851764e-04
-6.981837708640496829e-04
-4.940484375525341053e-04
-3.395505799631010763e-04
-2.406884657066880265e-04
-2.012979488756800901e-04
-2.229152586281715753e-04
-3.047213109279496047e-04
-4.435695044532686482e-04
-6.340960318100014731e-04
-8.689088412351675134e-04
-1.138848623454748361e-03
-1.433312670019327084e-03
-1.740630241900118598e-03
-2.048476277763145413e-03
-2.344308923573796676e-03
-2.615815526265906788e-03
-2.851351433555207593e-03
-3.040356190141110457e-03
-3.173732508845416612e-03
-3.244174696075962337e-03
-3.246434978810747163e-03
-3.177518353142760529e-03
-3.036799076182598606e-03
-2.826054666133387752e-03
-2.549416163523516871e-03
-2.213236338712813809e-03
-1.825880404140842747e-03
-1.397446503684300970e-03
-9.394257108424105673e-04
-4.643133861015995832e-04
1.481455249158471969e-05
4.847456624934740554e-04
9.325798195950591417e-04
1.346167206484459198e-03
1.714520164882665440e-03
2.028184542717903754e-03
2.279557586705148638e-03
2.463141302382248002e-03
2.575722463339149941e-03
2.616473019786336868e-03
2.586967443750993328e-03
2.491116456408943008e-03
2.335019510460034729e-03
2.126741244466441583e-03
1.876019787052451895e-03
1.593917173580779341e-03
1.292424162825791612e-03
9.840333353193424313e-04
6.812954626058394334e-04
3.963747188175804469e-04
1.406183423877771076e-04
-7.584415489897910166e-05
-2.444581740480311106e-04
-3.585450851030171256e-04
-4.135365997417867704e-04
-4.071342476255925252e-04
-3.393883728533629140e-04
-2.126938914564441632e-04
-3.170297209155264161e-05
1.968422824340481780e-04
4.643512676242725692e-04
7.606919373452236547e-04
1.074552701351584334e-03
1.393846444703329300e-03
1.706142473751441624e-03
1.999111211239826442e-03
2.260966012975866579e-03
2.480886576251889811e-03
2.649409052344389379e-03
2.758769139489043037e-03
2.803186077949137642e-03
2.779077537523308439e-03
2.685197807594085634e-03
2.522694385818631622e-03
2.295080919693015011e-03
2.008127385334328423e-03
1.669671287249978753e-03
1.289356430003498703e-03
8.783083505783915741e-04
4.487577199546053048e-04
1.362484616307583596e-05
-4.139202250369115443e-04
-8.209066595013730450e-04
-1.195005163174635548e-03
-1.524948249109043434e-03
-1.800913773539687072e-03
-2.014858356384375583e-03
-2.160789055158824322e-03
-2.234963822236645491e-03
-2.236013767933497411e-03
-2.164982988725616328e-03
-2.025284605137199056e-03
-1.822574586361907362e-03
-1.564547815777454168e-03
-1.260663572368744389e-03
-9.218100723696370964e-04
-5.599198466572876580e-04
-1.875494479243632528e-04
1.825617727852144306e-04
5.379383515879121707e-04
8.668052038086320864e-04
1.158498628742891078e-03
1.403837430914980141e-03
1.595441163658968282e-03
1.727984358184571313e-03
1.798377848810468185e-03
1.805870863976644786e-03
1.752070333295736816e-03
1.640876765813480435e-03
1.478338982008554599e-03
1.272432829274860577e-03
1.032771677906291902e-03
7.702588884630344902e-04
4.966944779391601434e-04
2.243498199953121463e-04
-3.447466268732986543e-05
-2.678932574919287712e-04
-4.648645629544471101e-04
-6.155918166805400028e-04
-7.118798591205397971e-04
-7.474361604994650410e-04
-7.181052973323290289e-04
-6.220285963082021995e-04
-4.597232852084763999e-04
-2.340783110625938458e-04
4.973309389733732676e-05
3.844211000781610609e-04
7.608214106780632376e-04
1.168203412925173474e-03
1.594633614234797388e-03
2.027381688096734514e-03
2.453354959359368460e-03
2.859546159710414301e-03
3.233478816577623795e-03
3.563634718782925093e-03
3.839848527286188976e-03
4.053655747363028861e-03
4.198581909361991799e-03
4.270362861650351533e-03
4.267088489439865850e-03
4.189264852449016592e-03
4.039792588939320438e-03
3.823862363550609676e-03
3.548771038905463963e-03
3.223665024466973710e-03
2.859219803448878258e-03
2.467266870452004823e-03
2.060381150748366932e-03
1.651443352360565039e-03
1.253192575944902642e-03
8.777848443817181344e-04
5.363730021211454181e-04
2.387226811712695861e-04
-7.122237439578446572e-06
-1.951129763894754541e-04
-3.213984866375088015e-04
-3.844502837147187584e-04
-3.851051650245334874e-04
-3.265243584260211964e-04
-2.140705839387190088e-04
-5.510738981730949407e-05
1.412721494151050836e-04
3.645778076625148193e-04
6.033039470955264827e-04
8.453471838081572619e-04
1.078445279445503337e-03
1.290621813836543338e-03
1.470620990063752943e-03
1.608317268454726497e-03
1.695085407602819590e-03
1.724117877822432419e-03
1.690678456807465048e-03
1.592283054058217431e-03
1.428801361489504072e-03
1.202475703141393142e-03
9.178563598203764995e-04
5.816555730739761182e-04
2.025252845158862771e-04
-2.092336587625333137e-04
-6.420206978721949105e-04
-1.083330970876112331e-03
-1.520183130095426657e-03
-1.939564622541753566e-03
-2.328878872630284376e-03
-2.676378735994118605e-03
-2.971571070449675715e-03
-3.205578278250791925e-03
-3.371444177408690519e-03
-3.464373506375950044e-03
-3.481896687605331563e-03
-3.423954090080342377e-03
-3.292896847275065229e-03
-3.093404206467306478e-03
-2.832320305619958310e-03
-2.518416092850206140e-03
-2.162084722070726009e-03
-1.774981084973709187e-03
-1.369618092631091346e-03
-9.589338311834976012e-04
-5.558447324514908432e-04
-1.728003862305582498e-04
1.786444404827780118e-04
4.882256188682924502e-04
7.473194805670425184e-04
9.492344342948014820e-04
1.089434207056186018e-03
1.165684939218411542e-03
1.178121033747462796e-03
1.129227509400266985e-03
1.023739535741980799e-03
8.684627319032361178e-04
6.720205892367405159e-04
4.445379331143578657e-04
1.972715814843288432e-04
-5.779879109771380381e-05
-3.084051803095607248e-04
-5.424358762161384569e-04
-7.483745374931151211e-04
-9.157182634065531238e-04
-1.035359947944235930e-03
-1.099921453164981250e-03
-1.104025863563332403e-03
-1.044499219594875435e-03
-9.204946016030236908e-04
-7.335341585612538493e-04
-4.874675538606211035e-04
-1.883482319761213292e-04
1.557682075037701650e-04
5.350965093289112825e-04
9.384556294456690212e-04
1.353652309180240331e-03
1.767900951069569437e-03
2.168265114661991223e-03
2.542105188937040725e-03
2.877516577358006557e-03
3.163743059722931572e-03
3.391550860441052296e-03
3.553550325325468759e-03
3.644453940386719205e-03
3.661261652281887213e-03
3.603366993032550494e-03
3.472580282283982064e-03
3.273068081670327256e-03
3.011211006130800911e-03
2.695384853629139918e-03
2.335672697582634461e-03
1.943518001416078174e-03
1.531330877409757063e-03
1.112061250145182471e-03
6.987538409824390522e-04
3.041005236327520324e-04
-5.999431016840187612e-05
-3.828201947305269210e-04
-6.552246546082903574e-04
-8.699221868415545674e-04
-1.021737391502712620e-03
-1.107773790292415975e-03
-1.127502478577211992e-03
-1.082767566779990667e-03
-9.777082839254333871e-04
-8.186005371905912204e-04
-6.136235441538144455e-04
-3.725597801546605002e-04
-1.064388197633224769e-04
1.728623830662103433e-04
4.530487058941373084e-04
7.218504571315204716e-04
9.674657583693375236e-04
1.178986148546775931e-03
1.346790438665793413e-03
1.462892960507342858e-03
1.521233953368124770e-03
1.517901863117463238e-03
1.451279716714687362e-03
1.322110399005611793e-03
1.133478503777870594e-03
8.907093579840297346e-04
6.011887241576072561e-04
2.741094694977311936e-04
-7.984594667166905295e-05
-4.488760621911748613e-04
-8.204711090890667987e-04
-1.181849439561809484e-03
-1.520404396169757312e-03
-1.824145971104171359e-03
-2.082121777543650704e-03
-2.284802576622071979e-03
-2.424418841149166177e-03
-2.495236548611876916e-03
-2.493762521190405132e-03
-2.418872095097162646e-03
-2.271854619147017744e-03
-2.056375157883630692e-03
-1.778353707079062063e-03
-1.445766116251056329e-03
-1.068373652862970348e-03
-6.573906400869600989e-04
-2.251017669310987723e-04
2.155575697622495702e-04
6.514432391305560992e-04
1.069651233980100508e-03
1.457957741286096051e-03
1.805235064179085526e-03
2.101828881833986938e-03
2.339883689708267128e-03
2.513605079371396094e-03
2.619449731060888298e-03
2.656236525509499818e-03
2.625174945737068603e-03
2.529809837528661492e-03
2.375884527677770384e-03
2.171127159077519079e-03
1.924967791179150707e-03
1.648196238968734550e-03
1.352572698483944097e-03
1.050404859304239318e-03
7.541063765061723151e-04
4.757522252207193204e-04
2.266465673737478627e-04
1.691831871707301371e-05
-1.448413696499397177e-04
-2.518869732671688913e-04
-2.995609766938830357e-04
-2.854622514825285937e-04
-2.095345021367132216e-04
-7.407165748094315938e-05
1.163600005586306468e-04
3.550802568077647461e-04
6.335283904480959027e-04
9.415634366654391293e-04
1.267820762199940113e-03
1.600112456848990601e-03
1.925857503123363937e-03
2.232526638342557500e-03
2.508086304218292567e-03
2.741426106631028158e-03
2.922754781904456176e-03
3.043950765347283073e-03
3.098855044652641146e-03
3.083495999337295540e-03
2.996238307048909762e-03
2.837850654900765830e-03
2.611489835909007635e-03
2.322601737537916683e-03
1.978742638754379599e-03
1.589327021917126504e-03
1.165310678528519092e-03
7.188201532163599611e-04
2.627414489189946805e-04
-1.897176577015870940e-04
-6.254764180609036304e-04
-1.032025369451016221e-03
-1.397850547451671196e-03
-1.712822854283760181e-03
-1.968539005410806404e-03
-2.158602173144053699e-03
-2.278832558486026255e-03
-2.327400576934120138e-03
-2.304878054455061775e-03
-2.214205701358490722e-03
-2.060578063728025003e-03
-1.851250041679673415e-03
-1.595271809763451707e-03
-1.303161481089570254e-03
-9.865270354341374587e-04
-6.576508063300635573e-04
-3.290511308009350967e-04
-1.303656210724856660e-05
2.787316972562701349e-04
5.356537770303402201e-04
7.485670003802259113e-04
9.100704300466648565e-04
1.014786707171906263e-03
1.059551992284608586e-03
1.043527341823565803e-03
9.682276111402439867e-04
8.374668694936268729e-04
6.572222426864252672e-04
4.354209619915418205e-04
1.816580935365432175e-04
-9.314514412438906245e-05
-3.771304802136558301e-04
-6.579254497451486345e-04
-9.230851622398846424e-04
-1.160537467281457565e-03
-1.359015880080989298e-03
-1.508465055359679580e-03
-1.600404556223219543e-03
-1.628238122730275763e-03
-1.587497551470954619e-03
-1.476012585874670680e-03
-1.294000806984380372e-03
-1.044074315319988740e-03
-7.311629080715765280e-04
-3.623563801253023133e-04
5.332859013076549082e-05
5.052488678928493014e-04
9.814921418267496048e-04
1.469278605125400820e-03
1.955393030592328298e-03
2.426632167605581938e-03
2.870251851657134451e-03
3.274398226666591291e-03
3.628508036105137884e-03
3.923664021662351051e-03
4.152893039811112255e-03
4.311396512108883403e-03
4.396705194150152436e-03
4.408752897748065280e-03
4.349866638335750553e-03
4.224673605324026117e-03
4.039928264722637830e-03
3.804265698715063489e-03
3.527889868132955912e-03
3.222207760470548448e-03
2.899422278449920263e-03
2.572098165901323587e-03
2.252716208356207381e-03
1.953231352322146001e-03
1.684650245491596879e-03
1.456643015116683383e-03
1.277202897484724844e-03
1.152365650075682984e-03
1.085998578511304961e-03
1.079666566406560935e-03
1.132579793369813733e-03
1.241624959402543938e-03
1.401478903307420022e-03
1.604800611139691347e-03
1.842494859576822991e-03
2.104038224759405447e-03
2.377855997797549345e-03
2.651736760477980959e-03
2.913270051407841447e-03
3.150291740278887611e-03
3.351321454619216392e-03
3.505976678910977841e-03
3.605348960651059975e-03
3.642328983281665090e-03
3.611869055487929546e-03
3.511173757451102953e-03
3.339812000487623993e-03
3.099746508945255309e-03
2.795279625823322324e-03
2.432917274978716599e-03
2.021155780255162737e-03
1.570198944951350538e-03
1.091615239004006897e-03
5.979470404637541323e-04
1.022855587226129083e-04
-3.821737293922370131e-04
-8.425796152967433362e-04
-1.266862009884009736e-03
-1.644141861579452753e-03
-1.965099834031081710e-03
-2.222290878881731310e-03
-2.410393732246885780e-03
-2.526386640915645465e-03
-2.569643206114136103e-03
-2.541945028464266849e-03
-2.447410749583366421e-03
-2.292344011584396615e-03
-2.085005693044901867e-03
-1.835318429410298831e-03
-1.554513794463853633e-03
-1.254734524449500292e-03
-9.486057374381066075e-04
-6.487901825529279612e-04
-3.675431088207786832e-04
-1.162823522595220031e-04
9.481129793901914293e-05
2.571494587539835050e-04
3.640347986877063083e-04
4.108925212943925764e-04
3.954265967652400258e-04
3.176952925442991151e-04
1.801033858594362335e-04
-1.268863547464692786e-05
-2.539351650505722226e-04
-5.350498441323379289e-04
-8.459150951614641386e-04
-1.175245928793705033e-03
-1.510995226031336229e-03
-1.840786241010899243e-03
-2.152357113752525336e-03
-2.434001759194362631e-03
-2.674991623956143524e-03
-2.865963471123713410e-03
-2.999259542491257424e-03
-3.069208115476424348e-03
-3.072334559898524595e-03
-3.007495434818697327e-03
-2.875930862358517560e-03
-2.681233279343101916e-03
-2.429233598398433495e-03
-2.127808705068710577e-03
-1.786616975160701740e-03
-1.416771020230988588e-03
-1.030459070467035481e-03
-6.405282060278412893e-04
-2.600439870566727827e-04
9.815813787943941052e-05
4.219139743116243242e-04
7.001488627735770204e-04
9.232584834048805124e-04
1.083438879383082781e-03
1.174954170164074427e-03
1.194332605184777714e-03
1.140484115819969269e-03
1.014735270150701838e-03
8.207804252634324452e-04
5.645508041005405271e-04
2.540060955920481461e-04
-1.011441126935783792e-04
-4.897793057944512581e-04
-8.997555407078405018e-04
-1.318327901996940027e-03
-1.732593121283169425e-03
-2.129936866037985058e-03
-2.498470043754823580e-03
-2.827438856695621387e-03
-3.107594266312303788e-03
-3.331507952747359350e-03
-3.493823733520430228e-03
-3.591435670759155711e-03
-3.623586668737019574e-03
-3.591884152881292744e-03
-3.500232330049966780e-03
-3.354683455810134225e-03
-3.163213375139120077e-03
-2.935429258859301865e-03
-2.682219836130409710e-03
-2.415360440120273202e-03
-2.147086768876078564e-03
-1.889652360878824565e-03
-1.654885356321288701e-03
-1.453760140771735970e-03
-1.295998946671136692e-03
-1.189717438323427325e-03
-1.141126764462464371e-03
-1.154302583136475151e-03
-1.231029215902968918e-03
-1.370724454447335696e-03
-1.570447715027463442e-03
-1.824991313699254273e-03
-2.127051720509200508e-03
-2.467474845897989558e-03
-2.835566815743910656e-03
-3.219459393795093358e-03
-3.606517292223031853e-03
-3.983773139900857740e-03
-4.338374905334653475e-03
-4.658030131054910483e-03
-4.931431444147845247e-03
-5.148648459710589501e-03
-5.301472367518167590e-03
-5.383701145991519506e-03
-5.391355423722684129e-03
-5.322817434613673696e-03
-5.178888203136352772e-03
-4.962760957064966429e-03
-4.679911696043390600e-03
-4.337910742839501226e-03
-3.946161868562763492e-03
-3.515578116629111422e-03
-3.058205664092220489e-03
-2.586808875566177189e-03
-2.114431060704568491e-03
-1.653946293587209120e-03
-1.217617961723006185e-03
-8.166794728835485677e-04
-4.609517680463197115e-04
-1.585109956955194684e-04
8.458205807244088305e-05
2.644813560469779293e-04
3.796768823794271358e-04
4.310336099792981285e-04
4.217468579319350996e-04
3.572156656442262903e-04
2.448386847403054073e-04
9.373980602664572833e-05
-8.556679806326686604e-05
-2.815604115654290703e-04
-4.821327800123033076e-04
-6.750276329954856989e-04
-8.482852562362831143e-04
-9.906764688350695215e-04
-1.092110733575691597e-03
-1.144004035826241827e-03
-1.139593577890606621e-03
-1.074188201164537294e-03
-9.453457027571855568e-04
-7.529707773498422064e-04
-4.993300991166266679e-04
-1.889839649572234905e-04
1.713631527695208892e-04
5.730879509492829791e-04
1.005941681688220192e-03
1.458401335398714022e-03
1.918066347637007460e-03
2.372086957065858669e-03
2.807609228632378627e-03
3.212221167784915649e-03
3.574384308936919344e-03
3.883835665933834530e-03
4.131945966331804221e-03
4.312021618640460990e-03
4.419539828816907573e-03
4.452308620313833593e-03
4.410546138974962178e-03
4.296876448002698128e-03
4.116241940161781410e-03
3.875735411959938762e-03
3.584357655545369978e-03
3.252709029999173180e-03
2.892625783280922125e-03
2.516773828394538223e-03
2.138214164685334640e-03
1.769955125455381032e-03
1.424507091607637478e-03
1.113455221746834176e-03
8.470651152187500497e-04
6.339351681860425341e-04
4.807077445506862182e-04
3.918492207582225696e-04
3.695065485488477526e-04
4.134452971862327859e-04
5.210712806028483697e-04
6.875349453367668277e-04
9.059147947587872785e-04
1.167473355535538545e-03
1.461976650593433541e-03
1.778065918103026444e-03
2.103668486149225855e-03
2.426433341906520866e-03
2.734176070330870088e-03
3.015317510873267298e-03
3.259300702947043153e-03
3.456971454044919373e-03
3.600909141749047623e-03
3.685696107635539828e-03
3.708116156021509530e-03
3.667275158110564360e-03
3.564639495176572578e-03
3.403990957197621913e-03
3.191299644778039860e-03
2.934519299536477235e-03
2.643312210546875599e-03
2.328713316479860598e-03
2.002745258159807987e-03
1.677997859491013816e-03
1.367186765709345157e-03
1.082706702825363566e-03
8.361950151676024977e-04
6.381207823248653127e-04
4.974139249639254832e-04
4.211473121937547599e-04
4.142830302849818697e-04
4.794917285402644329e-04
6.170514015616187804e-04
8.248291876404134203e-04
1.098346857884618640e-03
1.430927741777682271e-03
1.813919984750418136e-03
2.236988361897862456e-03
2.688464472783096745e-03
3.155743099396689146e-03
3.625710894355576881e-03
4.085192435908359398e-03
4.521398079869009233e-03
4.922357977469010715e-03
5.277327114432512137e-03
5.577147243291849521e-03
5.814553092438803222e-03
5.984412188681191916e-03
6.083889956696215615e-03
6.112534377211225126e-03
6.072277304245124810e-03
5.967352461545947714e-03
5.804133057150705557e-03
5.590894770497469544e-03
5.337512480082999382e-03
5.055101419705484121e-03
4.755615396571571084e-03
4.451416206825177350e-03
4.154829390741287924e-03
3.877701945657493175e-03
3.630977543028613471e-03
3.424304179312126321e-03
3.265688050348729624e-03
3.161205815458668737e-03
3.114785367535645270e-03
3.128062820837202926e-03
3.200320753222748484e-03
3.328509888031279049e-03
3.507353472563689949e-03
3.729530707869064144e-03
3.985932809951298061e-03
4.265982732858426482e-03
4.558007348757026067e-03
4.849649037379765229e-03
5.128302251758193667e-03
5.381559747485388859e-03
5.597652819739770691e-03
5.765870097982295217e-03
5.876940195426846349e-03
5.923364772914821094e-03
5.899690310477242843e-03
5.802709023909413157e-03
5.631581843000952117e-03
5.387879095795054980e-03
5.075537423826642809e-03
4.700734385784192601e-03
4.271685088708565559e-03
3.798367915718194390e-03
3.292188901685279539e-03
2.765596456303687049e-03
2.231659872324437931e-03
1.703626324482343957e-03
1.194471817379205020e-03
7.164617519522370730e-04
2.807364427374172203e-04
-1.030639562385688227e-04
-4.271220397975476844e-04
-6.857020156706378038e-04
-8.753358379130550017e-04
-9.949301507454402088e-04
-1.045790357371442769e-03
-1.031561030655827552e-03
-9.580848120450762527e-04
-8.331847991288592742e-04
-6.663781007774275495e-04
-4.685306479989721773e-04
-2.514654041330029199e-04
-2.753774771822598954e-05
1.908070517464903167e-04
3.914787210638669352e-04
5.631736105314460745e-04
6.957779065772375050e-04
7.807282751208335144e-04
8.113172768323326494e-04
7.829328350297394372e-04
6.932233522171291334e-04
5.421826810698845110e-04
3.321519685471931160e-04
6.773830916740903457e-05
-2.443469369310081411e-04
-5.955244860291997958e-04
-9.756498372797193890e-04
-1.373371718073013344e-03
-1.776533685438469066e-03
-2.172604784253006575e-03
-2.549124140873447724e-03
-2.894143878678865842e-03
-3.196654797168758250e-03
-3.446979856796396173e-03
-3.637121636596688662e-03
-3.761051541492073033e-03
-3.814930574531836833e-03
-3.797253884825302871e-03
-3.708913970637194198e-03
-3.553180265519492644e-03
-3.335595763654962409e-03
-3.063794246179485543e-03
-2.747244451323622386e-03
-2.396930090321026507e-03
-2.024976858501274790e-03
-1.644239448065447189e-03
-1.267862970660500353e-03
-9.088340949082836717e-04
-5.795375650715904083e-04
-2.913335793991249888e-04
-5.417077695443555350e-05
1.237516645338778646e-04
2.362610363980245480e-04
2.794175606991339440e-04
2.516431239160960964e-04
1.537678218577556450e-04
-1.100726780316370335e-05
-2.372297365167328441e-04
-5.173936855262244346e-04
-8.422087859649463352e-04
-1.200931096132689616e-03
-1.581744013452356578e-03
-1.972175985772250777e-03
-2.359540322665313987e-03
-2.731381677157891999e-03
-3.075913538867229482e-03
-3.382431398858912891e-03
-3.641687103442560296e-03
-3.846211278557862094e-03
-3.990572530530827125e-03
-4.071564348860518337e-03
-4.088313174520512294e-03
-4.042303864076878320e-03
-3.937321678761296871e-03
-3.779312856894206148e-03
-3.576168685063078976e-03
-3.337440668091748268e-03
-3.073996815995997181e-03
-2.797631133054351467e-03
-2.520640037385667685e-03
-2.255380601417899394e-03
-2.013826143622255392e-03
-1.807134797433304673e-03
-1.645246231017341272e-03
-1.536520707324405197e-03
-1.487433192141924578e-03
-1.502333290572241409e-03
-1.583279487009714610e-03
-1.729953561071743105e-03
-1.939658243236536302e-03
-2.207398257576046602e-03
-2.526041977136544124e-03
-2.886558092596526806e-03
-3.278319065811911501e-03
-3.689460798868575767e-03
-4.107285978337343012e-03
-4.518697022635391296e-03
-4.910643521423090595e-03
-5.270568546221154893e-03
-5.586838248790587311e-03
-5.849139746978166549e-03
-6.048833406269474647e-03
-6.179247220377209228e-03
-6.235903019944030908e-03
-6.216666623885424257e-03
-6.121816709465172784e-03
-5.954030021634739052e-03
-5.718283469822333168e-03
-5.421676568656053075e-03
-5.073180466155922073e-03
-4.683322371088698144e-03
-4.263816450474780875e-03
-3.827154139519528889e-03
-3.386168223959851262e-03
-2.953585969313128352e-03
-2.541586950764847253e-03
-2.161381068165766414e-03
-1.822821518781093681e-03
-1.534066271007859545e-03
-1.301299878353844204e-03
-1.128525354280721527e-03
-1.017433369317501807e-03
-9.673533183413678127e-04
-9.752879332058626578e-04
-1.036030184653647691e-03
-1.142358330415127118e-03
-1.285302224747714248e-03
-1.454471504500290651e-03
-1.638434095717639137e-03
-1.825131718921150928e-03
-2.002317772406122121e-03
-2.158002186705073721e-03
-2.280887597339613208e-03
-2.360781485749839821e-03
-2.388969779247529686e-03
-2.358538750524442375e-03
-2.264633868368892688e-03
-2.104646460340456673e-03
-1.878321577815212631e-03
-1.587783215398625315e-03
-1.237475933438221716e-03
-8.340248627441223953e-04
-3.860189319529109099e-04
9.627515002228088925e-05
6.012581956645771195e-04
1.116391084271478899e-03
1.628620852797238536e-03
2.124825455606355485e-03
2.592261659482549517e-03
3.019000427185487053e-03
3.394334577862066077e-03
3.709144480472314001e-03
3.956209003183412329e-03
4.130450856037746685e-03
4.229107759048620144e-03
4.251823462824089878e-03
4.200655452954042517e-03
4.079999084476721577e-03
3.896430816640068275e-03
3.658476048453219651e-03
3.376309693027899472e-03
3.061399981037202234e-03
2.726107968362322369e-03
2.383256770628841385e-03
2.045685603642803489e-03
1.725804236729002340e-03
1.435163447168512438e-03
1.184056499008237029e-03
9.811655782875788358e-04
8.332655374531895091e-04
7.449952897705456982e-04
7.187048204102890973e-04
7.543831277975916998e-04
8.496695697480273479e-04
9.999481633732266918e-04
1.198521478252781046e-03
1.436857970900502074e-03
1.704904032931617210e-03
1.991449755826200409e-03
2.284535531318666879e-03
2.571885174244112511e-03
2.841350324331665556e-03
3.081350487557721687e-03
3.281293230132729943e-03
3.431959733653094057e-03
3.525842134034523883e-03
3.557420757009912161e-03
3.523371469994377586e-03
3.422695820154741768e-03
3.256769335711610057e-03
3.029306236977853412e-03
2.746241734838233625e-03
2.415535984577433376e-03
2.046906510879453137e-03
1.651498429146724609e-03
1.241503971078130805e-03
8.297446021985286626e-04
4.292303333674025393e-04
5.271163113815594253e-05
-2.877604049580564233e-04
-5.812502158102255453e-04
-8.183157489842580925e-04
-9.913349946025810325e-04
-1.094769665467107411e-03
-1.125356794193173781e-03
-1.082221541553756664e-03
-9.669072666155893378e-04
-7.833218040148870204e-04
-5.376018254541323118e-04
-2.379000284912938332e-04
1.058974044689697976e-04
4.825131949720694747e-04
8.796692301750092848e-04
1.284511049042799669e-03
1.684051709469184133e-03
2.065619517422330118e-03
2.417293967564365480e-03
2.728314661375263496e-03
2.989448919012440385e-03
3.193305251645864318e-03
3.334581760982037891e-03
3.410240815537753795e-03
3.419603938939355312e-03
3.364363643487139864e-03
3.248511854382905937e-03
3.078187494316580314e-03
2.861448632066542277e-03
2.607977243075788702e-03
2.328726991957633802e-03
2.035526443789657542e-03
1.740651672897127302e-03
1.456383309877903615e-03
1.194563612315169970e-03
9.661691428782697745e-04
7.809140903912070632e-04
6.468981941657389600e-04
5.703116671383686321e-04
5.552075139579541567e-04
6.033492762149085704e-04
7.141395913317161517e-04
8.846321169686968775e-04
1.109626448482994507e-03
1.381842745499836655e-03
1.692169987051545194e-03
2.029979191025278393e-03
2.383490653389814737e-03
2.740182365767180293e-03
3.087225322865762636e-03
3.411930484824009149e-03
3.702191746813481357e-03
3.946909403798744623e-03
4.136379277420174430e-03
4.262633870779434717e-03
4.319723593478665656e-03
4.303928194864720114e-03
4.213890984646790835e-03
4.050671121366173667e-03
3.817712115963037365e-03
3.520727629471027791e-03
3.167508537961603084e-03
2.767657992861806415e-03
2.332263724160600193e-03
1.873519029534271001e-03
1.404305687143371506e-03
9.377533609084176720e-04
4.867908878319573323e-04
6.370511865397862454e-05
-3.202772840528837501e-04
-6.553704929481399440e-04
-9.335593287010453701e-04
-1.148866742041172121e-03
-1.297549654216369501e-03
-1.378216356541028505e-03
-1.391861419226391545e-03
-1.341816950802763361e-03
-1.233621980859082173e-03
-1.074814607815894295e-03
-8.746542594798077490e-04
-6.437838623791359693e-04
-3.938438205643556705e-04
-1.370513919263614952e-04
1.142397389816631088e-04
3.479842005623316834e-04
5.528783462097025363e-04
7.187670980888412331e-04
8.370099156440190431e-04
9.007930170589957021e-04
9.053768684053175447e-04
8.482702268798175942e-04
7.293246017322130466e-04
5.507457888921326629e-04
3.170220450543588184e-04
3.477139209111419771e-05
-2.874866193883552669e-04
-6.396267071836461877e-04
-1.010270863431185018e-03
-1.387186208297068717e-03
-1.757713754428035175e-03
-2.109213057515020064e-03
-2.429507167169007390e-03
-2.707312277323071538e-03
-2.932637007103632877e-03
-3.097137302946170560e-03
-3.194414503548253462e-03
-3.220246096732803584e-03
-3.172741051812211395e-03
-3.052414250112395460e-03
-2.862177367476513232e-03
-2.607246486630114372e-03
-2.294969631806398867e-03
-1.934580220888531621e-03
-1.536885023324267418e-03
-1.113897504357662816e-03
-6.784293473909519751e-04
-2.436544095745469618e-04
1.773396702406054111e-04
5.719965610385519504e-04
9.287174936127384848e-04
1.237253807037286615e-03
1.489052097635011444e-03
1.677539941797834191e-03
1.798342246566105723e-03
1.849420712642462026e-03
1.831131588325719470e-03
1.746199755307616510e-03
1.599610118078253346e-03
1.398420165139745239e-03
1.151500330841760417e-03
8.692113146985376787e-04
5.630297219468618228e-04
2.451351975352047225e-04
-7.202642766298953964e-05
-3.761886220186540968e-04
-6.557026140451812160e-04
-8.999534229220231343e-04
-1.099738842142276764e-03
-1.247598061749728530e-03
-1.338078383322698810e-03
-1.367930655282687761e-03
-1.336226558076225894e-03
-1.244393611605880195e-03
-1.096166664838042239e-03
-8.974575585860665580e-04
-6.561475243274055404e-04
-3.818095939071304958e-04
-8.537075205394025878e-05
2.212743203323635902e-04
5.256843633411312743e-04
8.153127408876410624e-04
1.077953246277354830e-03
1.302174862019348607e-03
1.477730208349997427e-03
1.595923332936511219e-03
1.649923915157550623e-03
1.635016832431335871e-03
1.548778297626739230e-03
1.391172346417307148e-03
1.164564241486293512e-03
8.736502690791620677e-04
5.253063306200986965e-04
1.283605753982387104e-04
-3.067020199351727129e-04
-7.680928363275794056e-04
-1.243118250264325410e-03
-1.718609821573251336e-03
-2.181371023231431193e-03
-2.618624926151964100e-03
-3.018447218653764856e-03
-3.370169454091046998e-03
-3.664738462938790450e-03
-3.895019400955923410e-03
-4.056031879082138553e-03
-4.145110964299046456e-03
-4.161987471685071882e-03
-4.108784794129621311e-03
-3.989932438618519830e-03
-3.811999354262715026e-03
-3.583452945136791305e-03
-3.314352262142603207e-03
-3.015986171381558698e-03
-2.700469221211681831e-03
-2.380309408853851973e-03
-2.067963028296963650e-03
-1.775392229979882563e-03
-1.513640823593210031e-03
-1.292443211838932137e-03
-1.119880177680086753e-03
-1.002093601359803875e-03
-9.430701139774651156e-04
-9.445012742181852026e-04
-1.005725168768880446e-03
-1.123751479164795605e-03
-1.293369128457192525e-03
-1.507332722846231338e-03
-1.756621237862896357e-03
-2.030759862740467211e-03
-2.318193699173119217e-03
-2.606700189439414232e-03
-2.883825787709234662e-03
-3.137331534970012881e-03
-3.355631882323627767e-03
-3.528211340498150356e-03
-3.646004307137124759e-03
-3.701724710675960341e-03
-3.690133865297379277e-03
-3.608237094066907291e-03
-3.455402171115691708e-03
-3.233395371286638606e-03
-2.946333801072462902e-03
-2.600555616849193306e-03
-2.204412612604849438e-03
-1.767992378799155585e-03
-1.302779701376899921e-03
-8.212689988362660825e-04
-3.365413110258874338e-04
1.381794041132477406e-04
5.899751838750730065e-04
1.006672518637088693e-03
1.377255053765657263e-03
1.692236136054334639e-03
1.943978210407832936e-03
2.126947932782593045e-03
2.237898115577884386e-03
2.275970182900249623e-03
2.242713595661943293e-03
2.142021612830076645e-03
1.979985683488812501e-03
1.764673612114148020e-03
1.505839306817008567e-03
1.214574313834741346e-03
9.029133773890459912e-04
5.834078708599588865e-04
2.686820667642985305e-04
-2.901219000737498624e-05
-2.982267897469214647e-04
-5.287195260902178076e-04
-7.118130302189364534e-04
-8.406978960609325438e-04
-9.106693816049416749e-04
-9.192894035281204239e-04
-8.664681646026763367e-04
-7.544625738913805042e-04
-5.877915397046737985e-04
-3.730711323345591024e-04
-1.187754254654393559e-04
1.650685666617604692e-04
4.672411262009856098e-04
7.757325757732502639e-04
1.078174369879606430e-03
1.362283377492468431e-03
1.616303734612238151e-03
1.829430728166480400e-03
1.992201799977803486e-03
2.096840909661468102e-03
2.137544127941337982e-03
2.110696389791320328e-03
2.015011747912867635e-03
1.851592146863862429e-03
1.623902592759590095e-03
1.337663522845129824e-03
1.000664080741320815e-03
6.225027751198976668e-04
2.142645448318962671e-04
-2.118545170963990738e-04
-6.429616927999769454e-04
-1.065906957383695904e-03
-1.467731749869256863e-03
-1.836111528572268283e-03
-2.159776657617182467e-03
-2.428896927967497815e-03
-2.635416287769286499e-03
-2.773326098438957076e-03
-2.838867383756251729e-03
-2.830655023898058942e-03
-2.749719577817412268e-03
-2.599465299937455971e-03
-2.385545849800841008e-03
-2.115662073344418137e-03
-1.799288960955955016e-03
-1.447341364893449216e-03
-1.071790200216047066e-03
-6.852425840653043367e-04
-3.005006273213364646e-04
6.988566376251316003e-05
4.140557164057277967e-04
7.212506378466987389e-04
9.821859500936363629e-04
1.189371772223878423e-03
1.337369255280013852e-03
1.422974312686145666e-03
1.445322240714889180e-03
1.405909599444555300e-03
1.308532627566589895e-03
1.159144392595906278e-03
9.656357288768453338e-04
7.375476893522972142e-04
4.857256396726471561e-04
2.219271706608287489e-04
-4.160237433745470970e-05
-2.925718238990318316e-04
-5.190880082211786354e-04
-7.100858793684424863e-04
-8.557297866617399320e-04
-9.477717817677137457e-04
-9.798543332916176667e-04
-9.477467784590298382e-04
-8.495071615379845911e-04
-6.855637236343387932e-04
-4.587131247542192408e-04
-1.740353978786483326e-04
1.612714460490500667e-04
5.381314261607083541e-04
9.458968602206466658e-04
1.372710217167475485e-03
1.805908926934680220e-03
2.232459012882505832e-03
2.639402399274368670e-03
3.014302263901447090e-03
3.345670871115613912e-03
3.623364930906041066e-03
3.838934663876737013e-03
3.985914370323628657e-03
4.060044347379419133e-03
4.059416399724532706e-03
3.984537862518801841e-03
3.838311906339770662e-03
3.625934823131744117e-03
3.354713896851193623e-03
3.033812240875285310e-03
2.673929538983055472e-03
2.286929868322065337e-03
1.885429632708675047e-03
1.482360028073592770e-03
1.090519350047150417e-03
7.221308054777501179e-04
3.884212927838608630e-04
9.923587737345582367e-05
-1.372985661729528122e-04
-3.150487998898306510e-04
-4.300801487281721413e-04
-4.807837741749002199e-04
-4.679218859883604170e-04
-3.945893611098940344e-04
-2.660931704689000789e-04
-8.975389671061150508e-05
1.253636421691781567e-04
3.687811624408764968e-04
6.289874240243257565e-04
8.938550821621869249e-04
1.151079209685253700e-03
1.388622058373207907e-03
1.595148409166411698e-03
1.760436190952754032e-03
1.875747914774935797e-03
1.934149844190472759e-03
1.930767655022368277e-03
1.862969564643943490e-03
1.730470454206093972e-03
1.535353277711504118e-03
1.282006952476494408e-03
9.769828546440009059e-04
6.287748983680694096e-04
2.475308580262126175e-04
-1.552949946199780611e-04
-5.673358065584720037e-04
-9.757388462828499786e-04
-1.367610073814092865e-03
-1.730461028585725345e-03
-2.052642400479445968e-03
-2.323749111731646024e-03
-2.534982731423497150e-03
-2.679458535007601602e-03
-2.752446456595186546e-03
-2.751537493735385122e-03
-2.676729732166848504e-03
-2.530430970153287745e-03
-2.317377840008127531e-03
-2.044474246039219064e-03
-1.720554761044883153e-03
-1.356081248769136667e-03
-9.627833154030701309e-04
-5.532551574747359433e-04
-1.405228974900932779e-04
2.624024709132102406e-04
6.429709058482815627e-04
9.895223321957280146e-04
1.291683864993029094e-03
1.540721374401790274e-03
1.729833128097680098e-03
1.854375279068284227e-03
1.912011357224432462e-03
1.902780588156407875e-03
1.829082708405619425e-03
1.695579874037339476e-03
1.509019165503497958e-03
1.277981974933376083e-03
1.012569124554825711e-03
7.240328171310496689e-04
4.243683821773181668e-04
1.258801900207337206e-04
-1.592629898623538348e-04
-4.194675410394973570e-04
-6.441339974279085712e-04
-8.240407422937031257e-04
-9.516789044416019798e-04
-1.021526659502599698e-03
-1.030253270116235874e-03
-9.768456636655652690e-04
-8.626530636712797379e-04
-6.913480657490914420e-04
-4.688054804289360899e-04
-2.029031503891906216e-04
9.674831234692253968e-05
4.191374289335915351e-04
7.522337915134118258e-04
1.083406674290711674e-03
1.399865666367237135e-03
1.689107898695002118e-03
1.939356201902286492e-03
2.139972844972811306e-03
2.281834355850605872e-03
2.357654284201214038e-03
2.362242586178228427e-03
2.292692527381234423e-03
2.148488535604238525e-03
1.931531200638242785e-03
1.646078517414880076e-03
1.298605399593288348e-03
8.975863506185280481e-04
4.532088681190736719e-04
-2.297241894024101491e-05
-5.184288075829124667e-04
-1.020084049341479348e-03
-1.514759456835322029e-03
-1.989622047046381466e-03
-2.432620076052261198e-03
-2.832890764062167936e-03
-3.181125986082648620e-03
-3.469883178190407303e-03
-3.693830630526806491e-03
-3.849918638426900238e-03
-3.937470581943682685e-03
-3.958190810354606654e-03
-3.916089123701680177e-03
-3.817324565855676963e-03
-3.669974070602812985e-03
-3.483734134768031853e-03
-3.269566038168843745e-03
-3.039297107042710031e-03
-2.805192056243576391e-03
-2.579509492050408460e-03
-2.374059175208731616e-03
-2.199775614701915405e-03
-2.066322987754281790e-03
-1.981745280864654051e-03
-1.952173958840862800e-03
-1.981603449507948842e-03
-2.071742351770667831e-03
-2.221945617439866939e-03
-2.429230115815039955e-03
-2.688373064038004044e-03
-2.992089898245143490e-03
-3.331285372468104772e-03
-3.695369101784135371e-03
-4.072624503490299315e-03
-4.450618214381209768e-03
-4.816635639295884994e-03
-5.158127365848089001e-03
-5.463150794934527876e-03
-5.720791499749492900e-03
-5.921549531927639866e-03
-6.057677117373366261e-03
-6.123455883447327316e-03
-6.115403873948072923e-03
-6.032405064664134522e-03
-5.875756804123402621e-03
-5.649133476522889483e-03
-5.358467616047650831e-03
-5.011752591149116164e-03
-4.618773722617673660e-03
-4.190777204267311096e-03
-3.740088371986275903e-03
-3.279692639524843089e-03
-2.822793725585134167e-03
-2.382364590786090718e-03
-1.970706757084049552e-03
-1.599033387341365284e-03
-1.277090669290674354e-03
-1.012830705349619144e-03
-8.121473046558997256e-04
-6.786838695692644884e-04
-6.137200429608424563e-04
-6.161410233913153147e-04
-6.824905594517997800e-04
-8.071057035743793313e-04
-9.823285422123444448e-04
-1.198787423774049909e-03
-1.445737772515065262e-03
-1.711450491002983925e-03
-1.983634288839021455e-03
-2.249877089379238339e-03
-2.498091000789483089e-03
-2.716945216194080991e-03
-2.896271634183216967e-03
-3.027428950565761064e-03
-3.103612431348801680e-03
-3.120098484345023258e-03
-3.074415435696516673e-03
-2.966434507732688790e-03
-2.798377795168674291e-03
-2.574742949541344514e-03
-2.302147204880031391e-03
-1.989096208467185881e-03
-1.645685759941949025e-03
-1.283246917427251395e-03
-9.139469182598623613e-04
-5.503599145579285683e-04
-2.050225858441194352e-04
1.100097749790018668e-04
3.835911185659092275e-04
6.058814140213440724e-04
7.686984022294660480e-04
8.658119621724883527e-04
8.931707323632698432e-04
8.490530002516136210e-04
7.341365233041207729e-04
5.514847835266410096e-04
3.064501030587303814e-04
6.496959605974692367e-06
-3.390483651121588195e-04
-7.193130909456228479e-04
-1.122247211227174685e-03
-1.535033853299501904e-03
-1.944526410880934551e-03
-2.337697193815818988e-03
-2.702081937312490051e-03
-3.026204657700842359e-03
-3.299968029965167412e-03
-3.514995669711825418e-03
-3.664914386509918274e-03
-3.745566577681558491e-03
-3.755145377960946058e-03
-3.694247885272232586e-03
-3.565844651422731167e-03
-3.375166558262362310e-03
-3.129513092100649589e-03
