1.128363429726012652e-03 4.454259055079079661e-04
1.065304832535758205e-03 3.133812429302054660e-04
6.212214696510989700e-04 1.149004606448031189e-04
-1.002524347099893612e-04 -1.096811087196379836e-04
-9.405814490293143947e-04 -3.179289401795066042e-04
-1.716450416542182698e-03 -4.733341539924831583e-04
-2.254628338388868850e-03 -5.521503678586344539e-04
-2.424971386942978251e-03 -5.477488442156039188e-04
-2.165313011228907868e-03 -4.716696388218865840e-04
-1.493524176058056785e-03 -3.511735413864979492e-04
-5.044550716488524402e-04 -2.237635687608288584e-04
6.476686117668174411e-04 -1.297198639217779568e-04
1.778068359984016824e-03 -1.040691396519939443e-04
2.706004279928555297e-03 -1.695178217394881920e-04
3.288593239401473717e-03 -3.316963313731976300e-04
3.447458292160053561e-03 -5.776249074692491568e-04
3.183171436106160997e-03 -8.777017544244767114e-04
2.574762962372733992e-03 -1.190847518592447933e-03
1.764397975141763575e-03 -1.471842368870225279e-03
9.301287352737315581e-04 -1.679476434105613494e-03
2.518886124855928676e-04 -1.783979708860138763e-03
-1.228277244925807775e-04 -1.772333090228293655e-03
-1.070947880155792911e-04 -1.650462334399507760e-03
3.088327235507813424e-04 -1.441905706680083428e-03
1.055576304952427586e-03 -1.183212453001747768e-03
1.997726998148085902e-03 -9.169467932226752329e-04
2.959496985742385983e-03 -6.836240124561158635e-04
3.758071692567885834e-03 -5.141058779596734390e-04
4.238345485914390455e-03 -4.238940884790381872e-04
4.302461025451922300e-03 -4.103995751246428819e-04
3.928555232368396467e-03 -4.537005745832859219e-04
3.175157603845148863e-03 -5.206404488668723305e-04
2.170402396153480774e-03 -5.714825657197934944e-04
1.088090828481374107e-03 -5.678541843580004519e-04
1.151286709583513104e-04 -4.804661716541881820e-04
-5.835028853638020863e-04 -2.951369853793728119e-04
-8.956183901035500924e-04 -1.596987653502756699e-05
-7.827039660244154533e-04 3.349289834578717960e-04
-2.868528235406015824e-04 7.211487649083894638e-04
4.775454017667308962e-04 1.098398774654742909e-03
1.345781131520218865e-03 1.422453134650287403e-03
2.134299939974450798e-03 1.657120170215554966e-03
2.675711350291651910e-03 1.780735735478066774e-03
2.850698229731556729e-03 1.789958109218298815e-03
2.610781514863634752e-03 1.700151804421073595e-03
1.987627528454707134e-03 1.542292165826968054e-03
1.087134296977188518e-03 1.356979984927774233e-03
6.941633976379130763e-05 1.186701116505248016e-03
-8.815215330422641014e-04 1.067796926118479411e-03
-1.592677558298055598e-03 1.023664699342776482e-03
-1.934903909448044837e-03 1.060472810515239147e-03
-1.847491333657463788e-03 1.166197859300625340e-03
-1.349827991436248261e-03 1.313160594274530042e-03
-5.379195522083190942e-04 1.463573670116372462e-03
4.335766476187691287e-04 1.577042887421588107e-03
1.380408224975121934e-03 1.618592803077929538e-03
2.123380266314837169e-03 1.565687707027306995e-03
2.522049360137639494e-03 1.412908834559173333e-03
2.501086151022486204e-03 1.173392332181095229e-03
2.064321366539278568e-03 8.767458981752481069e-04
1.293821961205686129e-03 5.638290496013253919e-04
3.341779342119727096e-04 2.793763618678237002e-04
-6.350200891752095633e-04 6.385225235733938244e-05
-1.433297313799129086e-03 -5.392758221824047078e-05
-1.913542523609041172e-03 -6.201693117940791124e-05
-1.989900539381766857e-03 3.258181739969204585e-05
-1.654027135684808195e-03 2.053705268611276630e-04
-9.766286340448006049e-04 4.190630030319058988e-04
-9.399560615269613524e-05 6.306554740029656067e-04
8.179176320797573859e-04 7.995218274148955823e-04
1.576956948455459371e-03 8.950029737938512133e-04
2.029435723832718162e-03 9.020568924187060290e-04
2.079436885103417253e-03 8.239044139245795938e-04
1.707196163915667081e-03 6.811757752729729991e-04
9.730799894485393352e-04 5.077265181963946591e-04
6.398588128248103735e-06 3.439227782866264215e-04
-1.018834090022022968e-03 2.286758740374693691e-04
-1.916610666137980078e-03 1.917434641080957829e-04
-2.523924151951152488e-03 2.477643870197293423e-04
-2.731426037567305943e-03 3.931660561195224096e-04
-2.503949886589143352e-03 6.065390683555989737e-04
-1.887019895409907441e-03 8.524165633129800754e-04
-9.981166862561424713e-04 1.087750337627488642e-03
-4.357812267671498652e-06 1.269864105248173780e-03
9.091781748447084425e-04 1.364383536735815560e-03
1.574484580388414105e-03 1.351645978440752958e-03
1.872382185973110302e-03 1.230379387909179582e-03
1.754985051003779897e-03 1.017955720548037544e-03
1.254624010662616380e-03 7.471711405625585875e-04
4.775406648665389249e-04 4.601615513446240908e-04
-4.164506892600409820e-04 2.006029072438751063e-04
-1.244477938282450560e-03 5.669211253710409841e-06
-1.835519914220387194e-03 -1.007342151730451817e-04
-2.063093474660516406e-03 -1.121871725829271449e-04
-1.869523392319069263e-03 -4.062962586418689907e-05
-1.277192762605842318e-03 8.626216110211322571e-05
-3.846364136522330670e-04 2.306926598419004179e-04
6.517904802901988530e-04 3.522843102888899769e-04
1.647205052554034585e-03 4.160982139992123931e-04
2.422911385095599321e-03 3.996101012682475354e-04
2.839970792476127943e-03 2.973115032001066101e-04
2.825277562543251301e-03 1.220561653485047432e-04
2.385208431115949136e-03 -9.711140128960596809e-05
1.604266205626271244e-03 -3.202414699923899219e-04
6.289783286071749802e-04 -5.038843123090232766e-04
-3.598980474307444336e-04 -6.092179784552981259e-04
-1.181600078593602427e-03 -6.093632026521012901e-04
-1.689531952693380541e-03 -4.945022811171163098e-04
-1.798916895164140960e-03 -2.738329754217261412e-04
-1.502694826860956605e-03 2.601374312065954071e-05
-8.726586649587119056e-04 3.657951439587552121e-04
-4.561814966480876748e-05 7.008084224192567217e-04
8.027841086958047070e-04 9.890237216048148629e-04
1.491640876594131724e-03 1.198665008813722555e-03
1.869370457779961914e-03 1.313810994992760384e-03
1.842772316332135733e-03 1.336964138870508356e-03
1.395039242171442016e-03 1.288110606523912771e-03
5.893079152918126798e-04 1.200459024003578496e-03
-4.429321646753859513e-04 1.113675083328423540e-03
-1.526384435223797527e-03 1.065903409734216597e-03
-2.474805733608754534e-03 1.086097723010391852e-03
-3.125966811614835222e-03 1.188121686499429234e-03
-3.372100032489461913e-03 1.367746976959401811e-03
-3.180075002085008470e-03 1.603125601113072245e-03
-2.597486762682114925e-03 1.858654423187527504e-03
-1.743507353183484454e-03 2.091506152300853273e-03
-7.862353145011056425e-04 2.259594685565976570e-03
8.916685172624411876e-05 2.329469675785228802e-03
7.155140393249191828e-04 2.282647192662484552e-03
9.751845927822404281e-04 2.119178046505425586e-03
8.222722335690948146e-04 1.857776894553026491e-03
2.911124164531428589e-04 1.532484907555051483e-03
-5.104273286128848796e-04 1.186493595710644928e-03
-1.421617680835113350e-03 8.642934780734554167e-04
-2.259578850166984055e-03 6.036271842080842510e-04
-2.854211449813825671e-03 4.287625027959028525e-04
-3.080725933416088216e-03 3.463500262569867540e-04
-2.883603881076900882e-03 3.446398843848869835e-04
-2.287446476126767190e-03 3.961954610662580460e-04
-1.392648291798088533e-03 4.635795506825823127e-04
-3.567079512102502674e-04 5.069256180750079249e-04
6.352927409508049182e-04 4.919502397673754463e-04
1.405458057572640286e-03 3.968798828284988284e-04
1.816518352581124058e-03 2.169715371458165345e-04
1.797614054544414888e-03 -3.423678288293679822e-05
1.357545705928629720e-03 -3.271894697169911879e-04
5.829844836430696448e-04 -6.216680366010299578e-04
-3.780156532488882968e-04 -8.742278916747884664e-04
-1.344081038175221022e-03 -1.046312304496151580e-03
-2.134842882534982236e-03 -1.111508920168115732e-03
-2.605025248842656946e-03 -1.060574914971514028e-03
-2.671844211123645084e-03 -9.032777941030804576e-04
-2.330533515178035298e-03 -6.667002698502136771e-04
-1.655061151708162297e-03 -3.903257650757910378e-04
-7.839061050646824440e-04 -1.188293532651757487e-04
1.064059381742332418e-04 1.060677946678548482e-04
8.349907249013612410e-04 2.531461337001085932e-04
1.251131947159469940e-03 3.072173806348568953e-04
1.263101649876897719e-03 2.715985363763976268e-04
8.558104288769765016e-04 1.670716721173635011e-04
9.393849113594593923e-05 2.753633335565432117e-05
-8.900519078928238476e-04 -1.068125045908739331e-04
-1.920759056279846850e-03 -1.974798249315114175e-04
-2.812841219297359738e-03 -2.153165709301958167e-04
-3.405929583033396983e-03 -1.463604254073578876e-04
-3.594848233451578695e-03 5.241704110112621520e-06
-3.349422326946128927e-03 2.177888528649614430e-04
-2.720125991684632302e-03 4.559584072713165123e-04
-1.828501616398336624e-03 6.773745101397040357e-04
-8.441646148613450020e-04 8.405707160353205649e-04
4.725326206395661158e-05 9.128397648682848439e-04
6.791542156231792065e-04 8.764833199117719360e-04
9.353845582080501375e-04 7.322760751892319229e-04
7.720611653446131026e-04 4.994846996038142424e-04
2.256861248137289125e-04 2.124330860215437196e-04
-5.939814965530310509e-04 -8.574190063894446354e-05
-1.524941064237566365e-03 -3.509690746559533149e-04
-2.383867334356376370e-03 -5.462722773319119828e-04
-3.001068234170685411e-03 -6.484388329625704337e-04
-3.252857524385485179e-03 -6.520736208137519439e-04
-3.085205958693528362e-03 -5.702804690305756036e-04
-2.524186193529335230e-03 -4.318511022690352773e-04
-1.671227689740373279e-03 -2.755028241034077540e-04
-6.840746208364934444e-04 -1.422643556907893952e-04
2.529523756341310863e-04 -6.745911602946551462e-05
9.637636434251951444e-04 -7.381050733640812708e-05
1.313789424849081148e-03 -1.669802350486521494e-04
1.235449050996636610e-03 -3.343887969193310057e-04
7.409787883538765298e-04 -5.475445007383876721e-04
-7.981075984000193628e-05 -7.674416686271436690e-04
-1.076424331529129107e-03 -9.520061432995008789e-04
-2.066023053175721370e-03 -1.064177162175417328e-03
-2.867853842040610484e-03 -1.079092796383841063e-03
-3.337252244137986924e-03 -9.890145566391192120e-04
-3.392785383211293585e-03 -8.050535782868004087e-04
-3.031401329085510118e-03 -5.553652213988013574e-04
-2.328722765832012473e-03 -2.801465451977359130e-04
-1.424436207505351288e-03 -2.437557170970172508e-05
-4.955504349838003733e-04 1.703418595809708157e-04
2.774051294819044645e-04 2.732833171454876389e-04
7.448346697713379913e-04 2.700664854543959872e-04
8.166520837688644174e-04 1.650277120539787585e-04
4.795615993057919350e-04 -1.991870305541449911e-05
-2.002351400661225422e-04 -2.497157300397962647e-04
-1.089423403485022257e-03 -4.830455389228626968e-04
-2.012710629229749054e-03 -6.803480249248063582e-04
-2.785956780786109400e-03 -8.114517715311954111e-04
-3.251029041470424215e-03 -8.613679828064767533e-04
-3.305782464911343529e-03 -8.331471380915417930e-04
-2.923489964725062892e-03 -7.472557031224765292e-04
-2.158041663405033030e-03 -6.375905744702205788e-04
-1.133927061788189217e-03 -5.448870109843772288e-04
-2.289372813519088053e-05 -5.087708096634872661e-04
9.883021114295111650e-04 -5.599636706825679867e-04
1.732951990206401185e-03 -7.141231211920534561e-04
2.095626905775813034e-03 -9.684901665434799811e-04
2.033677456602486951e-03 -1.301987298285030249e-03
1.584938653734438907e-03 -1.678757045852567308e-03
8.601880416776071236e-04 -2.054480478482482390e-03
2.179285111082366168e-05 -2.384289207670516574e-03
-7.474029469141895126e-04 -2.630783084886596703e-03
-1.279052807363156288e-03 -2.770645955458160038e-03
-1.451513218263342274e-03 -2.798617211265787622e-03
-1.213175606544786116e-03 -2.728077188750835033e-03
-5.925002437511801921e-04 -2.588144950668442527e-03
3.071533916159732702e-04 -2.417846429182939592e-03
1.326925630383475087e-03 -2.258464481492350288e-03
2.282415478532103578e-03 -2.145525342079672871e-03
2.998529156969519192e-03 -2.101943340942986297e-03
3.342621042398268103e-03 -2.133624861139656742e-03
3.249651774899371768e-03 -2.228365210053896966e-03
2.734598575635779037e-03 -2.358246946055332204e-03
1.889765452899819492e-03 -2.485083691818193354e-03
8.674991749379768477e-04 -2.567875437606833428e-03
-1.484205753661217361e-04 -2.570859206056434927e-03
-9.773047196040829387e-04 -2.470625008153479792e-03
-1.475460848665067961e-03 -2.260942819284541844e-03
-1.563068313197048731e-03 -1.954378595798820974e-03
-1.238940693387423440e-03 -1.580384351866276783e-03
-5.803879133089140906e-04 -1.180214145021513637e-03
2.717881447262794842e-04 -7.996182431773055359e-04
1.140315663727829677e-03 -4.806880944682906691e-04
1.845368289046039065e-03 -2.543854225547433501e-04
2.238944690384547798e-03 -1.351594185736680609e-04
2.233195692485694540e-03 -1.186611046678186232e-04
1.817329091106970398e-03 -1.829782735667990785e-04
1.059885935098158621e-03 -2.931488314859336734e-04
9.595294067084759061e-05 -4.080908572062286383e-04
-8.982709074202318948e-04 -4.886314713845973760e-04
-1.738739947951835948e-03 -5.051100114737387551e-04
-2.268361878086073459e-03 -4.431131173825170882e-04
-2.386742801617742962e-03 -3.062545910676492508e-04
-2.069243876864508211e-03 -1.154740091386657484e-04
-1.371738882941766309e-03 9.501125214380156769e-05
-4.201685246638466086e-04 2.843308285578798143e-04
6.131348709436337157e-04 4.129040492086233035e-04
1.541874359106230148e-03 4.501908143410038071e-04
2.200832687004970496e-03 3.807762614049805486e-04
2.476904449723876887e-03 2.076293684669525065e-04
2.330246729953005386e-03 -4.809005312874327560e-05
1.801550182838623001e-03 -3.506486232853714023e-04
1.004060732527622740e-03 -6.561056560669730267e-04
1.018694647570291228e-04 -9.202328929405981933e-04
-7.214118210346545787e-04 -1.106498016682247411e-03
-1.297651885849701679e-03 -1.192609880921353515e-03
-1.506245019856900435e-03 -1.174395154963853551e-03
-1.297127071996668525e-03 -1.066280560426777647e-03
-7.004003655746162630e-04 -8.982965740846614614e-04
1.792581411508252509e-04 -7.101759105397087999e-04
1.182348783612545244e-03 -5.436688236812160877e-04
2.124722250911048778e-03 -4.345334230518690033e-04
2.832460471052178352e-03 -4.057191993754030376e-04
3.174859497958499883e-03 -4.630344952311877898e-04
3.089266930767223078e-03 -5.941168670233871150e-04
2.593067799574573333e-03 -7.708985350333686336e-04
1.780545452399246885e-03 -9.550960961670193396e-04
8.052071521565453424e-04 -1.105679906637130209e-03
-1.490843172215677642e-04 -1.186902650199799479e-03
-9.027127341403749696e-04 -1.175359770426412506e-03
-1.314098686496668195e-03 -1.064736934204795491e-03
-1.306286443944389749e-03 -8.673370124389717618e-04
-8.812999284623806474e-04 -6.120884466477088341e-04
-1.195560285937012374e-04 -3.394029363533256462e-04
8.355474211674009371e-04 -9.384699809061565826e-05
1.804944949148949273e-03 8.399386562391795681e-05
2.607941064957227002e-03 1.649263080923516248e-04
3.096522666847174692e-03 1.364400357946005614e-04
3.183445522108912986e-03 4.883437509521951995e-06
2.858773937353912588e-03 -2.058823631039229378e-04
2.191740162061341524e-03 -4.590918673599115544e-04
1.317570852048905936e-03 -7.120705196212164748e-04
4.117754717600673924e-04 -9.242910450370426080e-04
-3.432333752451403788e-04 -1.064965437201183859e-03
-7.928647576735598553e-04 -1.118736586795272478e-03
-8.398407744323183044e-04 -1.088394766798811203e-03
-4.628658884890831087e-04 -9.941088656148264029e-04
2.790660503059437785e-04 -8.693234324229900728e-04
1.257548634740949297e-03 -7.541050338440483634e-04
2.298770669801557427e-03 -6.872053324312711814e-04
3.216116065087804704e-03 -6.983520431839391291e-04
3.845190380378304008e-03 -8.022363532734425170e-04
4.074649166107541416e-03 -9.953445681158525418e-04
3.866998101488114750e-03 -1.256243415207789794e-03
3.265433525844440351e-03 -1.549274505350472847e-03
2.385434767684821173e-03 -1.830967706131569851e-03
1.392706277273890979e-03 -2.057967868677508787e-03
4.716514025865300996e-04 -2.194982040064680142e-03
-2.096484855770700852e-04 -2.221249425658450554e-03
-5.313151456562375911e-04 -2.134314912514904787e-03
-4.443761001165819242e-04 -1.950396233982793284e-03
2.001101309655043715e-05 -1.701278452443237684e-03
7.565589526300335078e-04 -1.428325522159019185e-03
1.605938933582204495e-03 -1.174743063699788294e-03
2.385150385418368605e-03 -9.775560917617783820e-04
2.922418685548104807e-03 -8.608179152306083635e-04
3.090008779329737453e-03 -8.313318708271283299e-04
2.828736282446810395e-03 -8.776904012748203187e-04
2.159528871571302511e-03 -9.728066172460556960e-04
1.179842021815163781e-03 -1.079451086445728548e-03
4.560033848737882938e-05 -1.157736630203412380e-03
-1.057924003263698140e-03 -1.173124334876277531e-03
-1.950789691166767131e-03 -1.103424805795076048e-03
-2.492063398281666852e-03 -9.434586925139077556e-04
-2.606126828511716540e-03 -7.064837123471491955e-04
-2.296640064832035540e-03 -4.221078655736676616e-04
-1.645524321728173821e-03 -1.310742973209575802e-04
-7.971630548076446806e-04 1.221037391992423234e-04
6.918159129455669389e-05 2.972714080485885100e-04
7.735095897814802963e-04 3.659922423885183704e-04
1.169313152428667294e-03 3.167517237408590085e-04
1.171412429355046672e-03 1.570235977567792460e-04
7.721249520285832554e-04 -8.818941341935200757e-05
4.270708491735234792e-05 -3.810628131546174710e-04
-8.802044269357983371e-04 -6.780143409782935643e-04
-1.820581431100335920e-03 -9.377890113211513352e-04
-2.596499713590156959e-03 -1.129037632761565853e-03
-3.054794236499059484e-03 -1.235958662105349822e-03
-3.100307242554662182e-03 -1.260941319805863664e-03
-2.714185238119585716e-03 -1.223716899429615115e-03
-1.957753784003281577e-03 -1.157187387628724317e-03
-9.612293135024957413e-04 -1.100730494367044765e-03
1.006021199180476972e-04 -1.092258695787033922e-03
1.041141727971538720e-03 -1.160546296085524735e-03
1.696975863362182400e-03 -1.319288018042561860e-03
1.958495748692141037e-03 -1.564024748447626371e-03
1.790348490446987259e-03 -1.872528851570548058e-03
1.237853578113584478e-03 -2.208585793190973295e-03
4.181756523914054516e-04 -2.528464898762948412e-03
-5.020702080774583353e-04 -2.788861901987231551e-03
-1.338536383229042663e-03 -2.954816174422022698e-03
-1.924175105925938567e-03 -3.006109141111640033e-03
-2.140950051286485013e-03 -2.940936672477016244e-03
-1.942221642438143100e-03 -2.776162974297232723e-03
-1.361567597301892351e-03 -2.544109231040208793e-03
-5.063698057656566744e-04 -2.286484780586066790e-03
4.626158390344571342e-04 -2.046608048416868712e-03
1.361834932886567392e-03 -1.861386759553695144e-03
2.019861736107529931e-03 -1.754571080272806756e-03
2.310059561004738915e-03 -1.732550973279343423e-03
2.174784344144663640e-03 -1.783486094112495934e-03
1.636542019125014017e-03 -1.879924514636330344e-03
7.939801398358947195e-04 -1.984405181870589185e-03
-1.965343745978191800e-04 -2.056973590073607298e-03
-1.150270192773001450e-03 -2.063177719711531931e-03
-1.888867685020546817e-03 -1.981020447971128511e-03
-2.273885340134528844e-03 -1.805542497578140624e-03
-2.232810389116722354e-03 -1.550159057002278070e-03
-1.772613842196739137e-03 -1.244488436032426719e-03
-9.782879134318379737e-04 -9.290760356348513318e-04
3.353410750419389071e-06 -6.480056308390211035e-04
9.915403897086129924e-04 -4.407910326241776125e-04
1.805801796350274459e-03 -3.350786607247154382e-04
2.300120530609897282e-03 -3.415393584848587928e-04
2.390523403453164841e-03 -4.519146827565552146e-04
2.070882178969900983e-03 -6.405870895779744575e-04
1.413936161343669080e-03 -8.693777113675122672e-04
5.573459024205277331e-04 -1.094665822762720675e-03
-3.225770773006146922e-04 -1.275486002883672622e-03
-1.044485232071350146e-03 -1.381075297393068342e-03
-1.456583817143801418e-03 -1.396448066701916780e-03
-1.465637841017667503e-03 -1.324950664323013136e-03
-1.054897937871747664e-03 -1.187320691952966235e-03
-2.875439743870631358e-04 -1.017437901768803669e-03
7.050125745409385660e-04 -8.555804654177085952e-04
1.747759277905025586e-03 -7.404726701697884189e-04
2.654989014839975129e-03 -7.016387182412620179e-04
3.265256949539108600e-03 -7.535189190402100416e-04
3.471774349040028171e-03 -8.924702453273428843e-04
3.242488631737626588e-03 -1.097226308673390641e-03
2.626051098771872531e-03 -1.332735903057620042e-03
1.742545093240261724e-03 -1.556658594286941316e-03
7.607320415249815533e-04 -1.727291692611265372e-03
-1.338752986038528950e-04 -1.811430747805674313e-03
-7.740672448304512961e-04 -1.790676962083443888e-03
-1.042483005412244085e-03 -1.664997522258370322e-03
-8.936771161748621045e-04 -1.452863474182065993e-03
-3.625316801668765181e-04 -1.187936271498373809e-03
4.425740287776004688e-04 -9.129261609807587732e-04
1.360537982958692511e-03 -6.717796918728109485e-04
2.208314171041047061e-03 -5.016687614454466617e-04
2.815861117752606942e-03 -4.262901192146817593e-04
3.058635572460360018e-03 -4.517352933899909965e-04
2.881471384557860414e-03 -5.657036607420935000e-04
2.309314795916867814e-03 -7.401981280846425728e-04
1.442776311909740004e-03 -9.371835069737259822e-04
4.393346314981430491e-04 -1.116126935297548231e-03
-5.162546645801194050e-04 -1.241983743979801482e-03
-1.246748362174587409e-03 -1.292108364624102324e-03
-1.615820610319162413e-03 -1.260774117731867320e-03
-1.553762766689045565e-03 -1.160439372012522438e-03
-1.070615178249531910e-03 -1.019514726062347408e-03
-2.542466455651965331e-04 -8.770496326094467856e-04
7.462536711302700633e-04 -7.753415176706882463e-04
1.748727195604243140e-03 -7.518652001004737327e-04
2.572310496026199676e-03 -8.320505362273033145e-04
3.071508779376236863e-03 -1.024277073776921291e-03
3.163529843407913815e-03 -1.318036237677781830e-03
2.843707215508802649e-03 -1.685613358956846103e-03
2.186097524608070219e-03 -2.086976898204665962e-03
1.329145270242775099e-03 -2.476956315111627106e-03
4.491362853840861992e-04 -2.813357824886980173e-03
-2.735261943601074996e-04 -3.064490549040961142e-03
-6.888297050747736999e-04 -3.214687786021035512e-03
-7.059032766846811552e-04 -3.266788091439923845e-03
-3.105592390077072541e-04 -3.241116657237454613e-03
4.317027819511381256e-04 -3.171170092528959820e-03
1.387805549067105352e-03 -3.096831657930962725e-03
2.382031243891503513e-03 -3.056411140314129436e-03
3.229070072363471669e-03 -3.079025442968462683e-03
3.768928054405936302e-03 -3.178770626352404871e-03
3.897088761979441724e-03 -3.351795959701319577e-03
3.584221497812115596e-03 -3.576839929718546134e-03
2.881706679674826341e-03 -3.819131314312482206e-03
1.911933410345933440e-03 -4.036919715516232993e-03
8.452061708589720833e-04 -4.189400342997483088e-03
-1.323682999402372561e-04 -4.244532063447038935e-03
-8.539362878528947501e-04 -4.185266233390914220e-03
-1.203260912705795107e-03 -4.013003185904331221e-03
-1.136460723779529310e-03 -3.747616775273053709e-03
-6.900126189769886353e-04 -3.424035952324182373e-03
2.648992377030979541e-05 -3.086023138316833052e-03
8.514452680573833011e-04 -2.778318978170685183e-03
1.602214675848117730e-03 -2.538631588561262187e-03
2.110084278782888186e-03 -2.390977262590086253e-03
2.252590446020878712e-03 -2.341623282813168425e-03
1.977080234811414219e-03 -2.378390554991702092e-03
1.311038307093677358e-03 -2.473437560347028098e-03
3.572176748431522852e-04 -2.588988146511671251e-03
-7.255105440141431522e-04 -2.684908764582004219e-03
-1.751968401406446942e-03 -2.726691378052089471e-03
-2.545503912971501959e-03 -2.692322529990384510e-03
-2.971253996534642654e-03 -2.576731211874276010e-03
-2.961542330672072790e-03 -2.392967973029657899e-03
-2.528605037201289533e-03 -2.169888032707043696e-03
-1.762235430000784128e-03 -1.946774545109777486e-03
-8.127934851252993295e-04 -1.765919026736800400e-03
1.372043055614675499e-04 -1.664564304150441482e-03
9.075378923933737508e-04 -1.667737609452298172e-03
1.354259492865702696e-03 -1.783334415529281474e-03
1.396763582424368801e-03 -2.000388812736866168e-03
1.032830668565220752e-03 -2.290864072117271017e-03
3.388021555867481559e-04 -2.614631541485879212e-03
-5.451405520930347566e-04 -2.926703226478019181e-03
-1.441798703518683842e-03 -3.185357475545665118e-03
-2.170794869862159929e-03 -3.359628734773880548e-03
-2.583013259991699499e-03 -3.434753190574720092e-03
-2.589113432258780077e-03 -3.414549322567665517e-03
-2.176711604224465177e-03 -3.320292597528879536e-03
-1.412970000032185347e-03 -3.186306904432743836e-03
-4.320982712179627025e-04 -3.053116301836994451e-03
5.898713395883698526e-04 -2.959461692687868906e-03
1.468262853166292948e-03 -2.934700887406048540e-03
2.044610111897075897e-03 -2.993036677664666703e-03
2.216587510498272025e-03 -3.130670014862863004e-03
1.957351313656631453e-03 -3.326420028738397150e-03
1.320628905991078723e-03 -3.545694688163363376e-03
4.305908895226421315e-04 -3.747060070277025059e-03
-5.415785974519603252e-04 -3.890162889004460719e-03
-1.409980073217314504e-03 -3.943503502083950049e-03
-2.009053649471101693e-03 -3.890583744953420974e-03
-2.224757683774844855e-03 -3.733260471720632138e-03
-2.015972769808835590e-03 -3.491663615780390105e-03
-1.422084092212014608e-03 -3.200687019506000784e-03
-5.553127307295081241e-04 -2.903708313027754395e-03
4.207454410137434660e-04 -2.644718083838779564e-03
1.322302914802987511e-03 -2.460339292273770045e-03
1.980374610178282056e-03 -2.373238444411290924e-03
2.272950345741707543e-03 -2.388166573594185330e-03
2.148247960643490367e-03 -2.491370517125535665e-03
1.634638890277282557e-03 -2.653477521710622192e-03
8.353624378267954101e-04 -2.835299526076126998e-03
-9.097378392081346054e-05 -2.995451800237253302e-03
-9.604173852520665527e-04 -3.098338320367253519e-03
-1.598535167957824835e-03 -3.120988077591510795e-03
-1.873516492084148369e-03 -3.057445368263413468e-03
-1.721247377375156483e-03 -2.919881583151448176e-03
-1.157605974635624512e-03 -2.736218164352323748e-03
-2.756486236754262728e-04 -2.544712392287726797e-03
7.717843168301398915e-04 -2.386534095211930839e-03
1.800753812429230216e-03 -2.297743051512418991e-03
2.630772413119839091e-03 -2.302191504420359087e-03
3.118683341860118904e-03 -2.406702141184619264e-03
3.185460023386995666e-03 -2.599442077777138014e-03
2.830858703302958738e-03 -2.851809190987628344e-03
2.133157187675292950e-03 -3.123482869053391658e-03
1.234036782923821898e-03 -3.369692569805902635e-03
3.114774392811231951e-04 -3.549337755964961701e-03
-4.541947050153080645e-04 -3.632431314535191497e-03
-9.146722898882937627e-04 -3.605466116812114114e-03
-9.819317951763033986e-04 -3.473696890433506951e-03
-6.450420972371137280e-04 -3.259912800800277444e-03
2.766998742609089353e-05 -2.999939659459929450e-03
9.015101884235566035e-04 -2.735728844856460604e-03
1.800924561302372608e-03 -2.507345782712414213e-03
2.542795783509436622e-03 -2.345377908119633363e-03
2.971223423273799957e-03 -2.265201238596770052e-03
2.987201587463229197e-03 -2.264191343667076167e-03
2.567572413806701748e-03 -2.322405504779203288e-03
1.769663301268220752e-03 -2.406604059525468010e-03
7.207253319244290996e-04 -2.476845090608147809e-03
-4.058329354098728914e-04 -2.494397853781762930e-03
-1.422922819202115073e-03 -2.429469295554286413e-03
-2.164821826483255031e-03 -2.267272300517550812e-03
-2.518160782353552792e-03 -2.011277451439588519e-03
-2.442992496387189766e-03 -1.683022766543202341e-03
-1.979960796027965125e-03 -1.318507219054787342e-03
-1.242220510538901562e-03 -9.618405243618130237e-04
-3.936460612639829733e-04 -6.573412747705722689e-04
3.825379489106801346e-04 -4.415696344585705335e-04
9.187578178497387508e-04 -3.367937647469128760e-04
1.095090263551758061e-03 -3.471184396677398708e-04
8.621962935330333526e-04 -4.580011518543535085e-04
2.508427509081596896e-04 -6.392406459879266829e-04
-6.337946372410686391e-04 -8.508664995383024687e-04
-1.631970313183928826e-03 -1.050810380336693892e-03
-2.559594798761689709e-03 -1.202903706834187927e-03
-3.243124342325784913e-03 -1.283686188089046536e-03
-3.552506942061418004e-03 -1.286736470708413783e-03
-3.425944261822402078e-03 -1.223706870438081825e-03
-2.881777507461942556e-03 -1.121869747402002866e-03
-2.015242340698033575e-03 -1.018645042760330313e-03
-9.807019260214154197e-04 -9.541514941763318877e-04
3.728403741092749593e-05 -9.631995670740096894e-04
8.585833622859197992e-04 -1.068251012099584452e-03
1.341260178966493903e-03 -1.274687869586821429e-03
1.408102438089685457e-03 -1.569297098026989400e-03
1.060893195211526016e-03 -1.922268448756449515e-03
3.797312048199202612e-04 -2.292337986107710005e-03
-4.924632099859565246e-04 -2.634113778963827895e-03
-1.377316459160700737e-03 -2.906206667715372297e-03
-2.095055857208287173e-03 -3.078636003367236224e-03
-2.498796059279764434e-03 -3.138116826738613155e-03
-2.502560917461086297e-03 -3.090235206682092218e-03
-2.097730953014812806e-03 -2.958106576896769348e-03
-1.354799183452819840e-03 -2.777776564753457571e-03
-4.101008911301768593e-04 -2.591239201464202915e-03
5.599708947959696533e-04 -2.438397075841334215e-03
1.372381834571587828e-03 -2.349486824602225500e-03
1.872176096674742999e-03 -2.339403683518694217e-03
1.961923090332690512e-03 -2.404997624169630342e-03
1.620311912176653803e-03 -2.525849296932853455e-03
9.063680412387201818e-04 -2.668373540692744409e-03
-5.151172502729949769e-05 -2.792466793560542324e-03
-1.079636122607348240e-03 -2.859432004101748314e-03
-1.991655764760654271e-03 -2.839672012191611552e-03
-2.623586107724864419e-03 -2.718685711346485821e-03
-2.864592291792792192e-03 -2.500222322203096963e-03
-2.677713549589759521e-03 -2.205986967547640155e-03
-2.106609682095325273e-03 -1.871943614569437486e-03
-1.267058565408832977e-03 -1.541905776728789458e-03
-3.248206153902726727e-04 -1.259619206825290201e-03
5.359330572329750256e-04 -1.060826901575395460e-03
1.147646065469051400e-03 -9.668108877445537796e-04
1.391219921355781996e-03 -9.806266320795040386e-04
1.218642605961926719e-03 -1.086737221538673420e-03
6.621158959516674700e-04 -1.254112003875626317e-03
-1.720477213679575974e-04 -1.442199821758420337e-03
-1.123602733390378829e-03 -1.608644251923970619e-03
-2.008800886995532834e-03 -1.717280084220977696e-03
-2.655309587159150522e-03 -1.744898685912267891e-03
-2.935003036393019071e-03 -1.685504559228840748e-03
-2.788412626197156723e-03 -1.551261808700215043e-03
-2.236201672726807581e-03 -1.369957152708115890e-03
-1.375485952570138512e-03 -1.179466655139509591e-03
-3.616905024783701253e-04 -1.020281476001839126e-03
6.206284642156672301e-04 -9.275160948879893671e-04
1.392478401092718011e-03 -9.239209304145846275e-04
1.814079318331904148e-03 -1.015231379177581163e-03
1.811101856855813807e-03 -1.188742953463502172e-03
1.388532532308221854e-03 -1.415391173370354749e-03
6.295464082253493911e-04 -1.654950910256343258e-03
-3.203942906774043969e-04 -1.863378747825733149e-03
-1.281200293655204887e-03 -2.000915551493831317e-03
-2.072333016329441693e-03 -2.039421716146422574e-03
-2.547025548566908548e-03 -1.967561853552316983e-03
-2.620065336459000832e-03 -1.792861655066355954e-03
-2.283877184157222587e-03 -1.540250487083928048e-03
-1.609861690411483167e-03 -1.247367132867566002e-03
-7.347372882572756432e-04 -9.575173522162817082e-04
1.655252355942443340e-04 -7.116149205417473828e-04
9.092364310538929989e-04 -5.406287185658224326e-04
1.343635698539713628e-03 -4.599611777773955569e-04
1.374086491463762756e-03 -4.668164033349556010e-04
9.822847729662460663e-04 -5.410491217203144271e-04
2.300261221195570166e-04 -6.493256636570792373e-04
-7.521889553315532200e-04 -7.518004653538027521e-04
-1.789561191118470718e-03 -8.100348934435503204e-04
-2.695796108295582007e-03 -7.946497936268512221e-04
-3.308100646283989883e-03 -6.912535803197720173e-04
-3.517752946741388269e-03 -5.035143761395125938e-04
-3.290463133960265605e-03 -2.527858181746690195e-04
-2.672675397505342235e-03 2.565079739114994566e-05
-1.782623001115619856e-03 2.890240276405259658e-04
-7.878340863557166916e-04 4.949772623117716566e-04
1.266492139564974299e-04 6.094501368988846854e-04
7.933184138782711694e-04 6.130486238858476496e-04
1.093875672036927205e-03 5.047008419383595956e-04
9.815421472074055149e-04 3.019080565346889686e-04
4.897748396862420910e-04 3.754343788354489700e-05
-2.742562263060968663e-04 -2.461968341974879546e-04
-1.150191844472949745e-03 -5.055479868113161093e-04
-1.955117673984874994e-03 -7.031731196288173481e-04
-2.518502323736012544e-03 -8.148938811630662520e-04
-2.714817501046452169e-03 -8.338884632908392545e-04
-2.487656498835247830e-03 -7.715706134789161730e-04
-1.860776627881912228e-03 -6.549925778441018521e-04
-9.339668974425792847e-04 -5.212735795645203393e-04
1.354844770923561059e-04 -4.101189031133174799e-04
1.162221381401659561e-03 -3.558562337473990299e-04
1.967584608273465971e-03 -3.805071486187036416e-04
2.413134516055388899e-03 -4.892152955619439355e-04
2.426590498956841726e-03 -6.689060129667167122e-04
2.015281379555320610e-03 -8.904395641519481696e-04
1.264564832977345225e-03 -1.113857813244224131e-03
3.215192042771106715e-04 -1.295737486465432537e-03
-6.330011775344979597e-04 -1.397263202826165302e-03
-1.418653744207564902e-03 -1.391495910968341097e-03
-1.889745123161720806e-03 -1.268463270313378074e-03
-1.962754552532404526e-03 -1.037109334380991029e-03
-1.632033135435396586e-03 -7.237339106451406252e-04
-9.707088704753013544e-04 -3.672149547504536485e-04
-1.166298057147169612e-04 -1.191481461860252177e-05
7.539882485032033989e-04 3.003919039045365108e-04
1.460213913982030386e-03 5.380473004694664128e-04
1.850973762030028603e-03 6.850785549466139332e-04
1.833993487957062251e-03 7.437605621461260835e-04
1.393619141825774236e-03 7.336975534433280103e-04
5.941361699452718222e-04 6.876080119234167154e-04
-4.320500024870190122e-04 6.446216048842539660e-04
-1.509141503055214974e-03 6.423679216375771531e-04
-2.450908870543264118e-03 7.093653477072801731e-04
-3.095651022060144121e-03 8.591611505767998312e-04
-3.336540949088297354e-03 1.087341622448612967e-03
-3.141616675309999614e-03 1.371986841183200304e-03
-2.559636770353954354e-03 1.677491386384185853e-03
-1.710695317019123116e-03 1.961033935435562824e-03
-7.633760834387514228e-04 2.180475969010559588e-03
9.722651393971018692e-05 2.302197988326285145e-03
7.045637286482880381e-04 2.307392110236596884e-03
9.421285752396655559e-04 2.195620672154137594e-03
7.654294514230788014e-04 1.984966534608916065e-03
2.102832504276596400e-04 1.708744468134211405e-03
-6.141386083108256152e-04 1.409392532551156148e-03
-1.546189786634353039e-03 1.130694768634375996e-03
-2.402595139954005841e-03 9.098010673843441023e-04
-3.013416316091660323e-03 7.705472604127867192e-04
-3.254509251353172265e-03 7.193313045722629466e-04
-3.071320554108253852e-03 7.443167645149327723e-04
-2.489509653373269543e-03 8.181044225866564764e-04
-1.610378254797264867e-03 9.033561059078472864e-04
-5.919656697020574425e-04 9.602960043220585759e-04
3.806168591078983900e-04 9.546595993567324936e-04
1.130001638812028718e-03 8.645760495611313871e-04
1.519942910283140569e-03 6.850724607393803532e-04
1.480942591018078076e-03 4.293395895218645830e-04
1.023274884305853602e-03 1.265127679560769424e-04
2.349462697047919029e-04 -1.836171599361416829e-04
-7.350211680087457861e-04 -4.579655593693378606e-04
-1.704817108726019905e-03 -6.581973210278678228e-04
-2.494236545043840726e-03 -7.579303332447100139e-04
-2.958728408288900831e-03 -7.477353138219543401e-04
-3.016654477858508963e-03 -6.369840075134533455e-04
-2.664600404512530718e-03 -4.521930081751598073e-04
-1.977843962359838049e-03 -2.321725162210780630e-04
-1.095896974784194185e-03 -2.089291850739438596e-05
-1.958643508865518228e-04 1.405870194942503582e-04
5.413290017112714313e-04 2.216098624888726922e-04
9.654418382376338606e-04 2.074175815358560333e-04
9.856107653408957385e-04 1.016260734442841346e-04
5.877949092490336938e-04 -7.478302822823941292e-05
-1.623387514947660908e-04 -2.877529400030078379e-04
-1.131642061282279142e-03 -4.969031466746690832e-04
-2.144515042396392436e-03 -6.634546690759369689e-04
-3.016003690146921122e-03 -7.578207077292706739e-04
-3.586703360742956453e-03 -7.654184894457130399e-04
-3.752862100634359391e-03 -6.895959940236844228e-04
-3.485986217386885348e-03 -5.511146213971106428e-04
-2.838237191621812566e-03 -3.842821181335145313e-04
-1.932598461846141407e-03 -2.304655439136973493e-04
-9.396734088665457908e-04 -1.302114348610452620e-04
-4.550616365044026640e-05 -1.154654451260595806e-04
5.834844042058016413e-04 -2.033663790418118985e-04
8.318215655249375923e-04 -3.927928703986751616e-04
6.566133101327327644e-04 -6.643211170975099090e-04
9.542801477083868132e-05 -9.836074369789493937e-04
-7.410820452531301315e-04 -1.307562041327909588e-03
-1.690406087465805198e-03 -1.592152910445616791e-03
-2.569223170207609111e-03 -1.800370855249393796e-03
-3.208387309845483516e-03 -1.908856978113063641e-03
-3.485217677587941140e-03 -1.911947393789147553e-03
-3.346972613188274603e-03 -1.822379170023732996e-03
-2.821055897301758333e-03 -1.668533388608894451e-03
-2.010016517838730983e-03 -1.488746390985305973e-03
-1.072283208583467385e-03 -1.323774659270109642e-03
-1.922769612456146950e-04 -1.208847470946130490e-03
4.544431033634988709e-04 -1.166818455450907045e-03
7.344036732334197591e-04 -1.203717901818145966e-03
5.815217206305059970e-04 -1.307551758468950302e-03
9.698613719939059782e-06 -1.450577097056141972e-03
-8.896815085047385559e-04 -1.594624114720336961e-03
-1.964877215788659367e-03 -1.698456484026463105e-03
-3.032299259623631206e-03 -1.725774531683943631e-03
-3.911009601462737267e-03 -1.652342661342095023e-03
-4.456682358889914319e-03 -1.470886926111640743e-03
-4.588601773345185944e-03 -1.192829571894754711e-03
-4.304591510039743052e-03 -8.465250458260054154e-04
-3.681055460278701355e-03 -4.723232677877126562e-04
-2.858129873109530039e-03 -1.153857322640404947e-04
-2.012766157974945659e-03 1.823952596880438191e-04
-1.324849165312239931e-03 3.898546085390642169e-04
-9.427744071323694401e-04 4.919881421711715976e-04
-9.550098558045775309e-04 4.923437253641663137e-04
-1.373034334587131412e-03 4.119271529900576630e-04
-2.128889752189250251e-03 2.848395108139843202e-04
-3.087816541236923940e-03 1.514807005515674465e-04
-4.073584744565573144e-03 5.061357211161933477e-05
-4.901728237234665234e-03 1.179757860296525886e-05
-5.414392000053155907e-03 4.962952125427990118e-05
-5.510195791255504544e-03 1.608853581776731106e-04
-5.163460089355369383e-03 3.251063225139525295e-04
-4.429153347461261929e-03 5.085190252788346094e-04
-3.432622188663392391e-03 6.705465293159171064e-04
-2.346046409715422248e-03 7.716753268691652935e-04
-1.356073169966434547e-03 7.811848945965802794e-04
-6.287538409044256434e-04 6.832709943249914118e-04
-2.784167356611666130e-04 4.803966004727070523e-04
-3.463628929205363541e-04 1.932280423296809258e-04
-7.934115492417279959e-04 -1.428404661292265068e-04
-1.507699167071269077e-03 -4.839255175401571728e-04
-2.326247469477697640e-03 -7.854853700024137363e-04
-3.066208760069502083e-03 -1.010270783570131267e-03
-3.559864545994918805e-03 -1.134901032582315327e-03
-3.686743087717014346e-03 -1.153830455953510194e-03
-3.396767491897554128e-03 -1.079964572283761276e-03
-2.720044943144361675e-03 -9.418184968604015371e-04
-1.761437899211655903e-03 -7.777642079851289185e-04
-6.809404193331922974e-04 -6.284633740681565533e-04
3.364285276290655997e-04 -5.289248304226167995e-04
1.115517007625885498e-03 -5.016955640838754484e-04
1.524112400670017990e-03 -5.524780129402133725e-04
1.497932487859330837e-03 -6.690055340142784038e-04
1.052802767578071667e-03 -8.233893684775581449e-04
2.817124889685154602e-04 -9.774915116196403533e-04
-6.626960402682627359e-04 -1.090303415798574973e-03
-1.596893128557884227e-03 -1.125929231943121733e-03
-2.341040367737166200e-03 -1.060656526391924722e-03
-2.752840359446933477e-03 -8.877690134928789643e-04
-2.754254200827934828e-03 -6.191823333175365714e-04
-2.346034378772357543e-03 -2.835845470538267453e-04
-1.607328164918494975e-03 7.857587298400616849e-05
-6.804336101582650950e-04 4.223153568295113440e-04
2.563984883524153850e-04 7.061958123836377475e-04
1.022960032816989419e-03 8.997404671142416027e-04
1.471435177545573833e-03 9.887905861126673225e-04
1.514594153723830289e-03 9.777980762094211440e-04
1.142487745361879178e-03 8.886284614524905074e-04
4.244769266900678007e-04 7.561085574275515104e-04
-5.037902127414061425e-04 6.211684595629645735e-04
-1.465990979676053303e-03 5.228817206284854836e-04
-2.278481950538003079e-03 4.909148518850227653e-04
-2.785079265257998926e-03 5.398183379137257154e-04
-2.886679238275592033e-03 6.662411909671931559e-04
-2.560109091858339160e-03 8.495960205749544889e-04
-1.862635834478469470e-03 1.056046786149850885e-03
-9.212759318578653310e-04 1.245060853708441486e-03
9.107452535921654099e-05 1.377280118677024195e-03
9.881747002087309245e-04 1.422215001488793575e-03
1.605484380860150830e-03 1.364297614248424686e-03
1.831090387293669419e-03 1.206140201899531242e-03
1.626664760414099197e-03 9.683734335336069291e-04
1.034493063645514901e-03 6.860862073438803773e-04
1.692486763567652890e-04 4.025318286511494602e-04
-8.039229436933718106e-04 1.612829565743191637e-04
-1.700854259974256657e-03 -1.688388340819043862e-06
-2.353379401631966895e-03 -6.451485541850729508e-05
-2.641295129535876918e-03 -2.329840014722150271e-05
-2.515203207463284543e-03 1.073889838821475567e-04
-2.005905805834236680e-03 2.974570091039456738e-04
-1.218572652860032760e-03 5.071373324705084331e-04
-3.127830932303745553e-04 6.946026823210930739e-04
5.277781559381504277e-04 8.239198587068827240e-04
1.130232601591842859e-03 8.718298623926676576e-04
1.365414477221350235e-03 8.320719874510510306e-04
1.172538312116100205e-03 7.164352114923822762e-04
5.709527819020509230e-04 5.523412663220656675e-04
-3.432496354153523940e-04 3.774217589860278527e-04
-1.415130931477909249e-03 2.321220476171680460e-04
-2.459931130958852973e-03 1.517392592802570598e-04
-3.297728502685946458e-03 1.594098940144654357e-04
-3.787180853292577455e-03 2.613833811455424966e-04
-3.851966480040519558e-03 4.454856013465479368e-04
-3.494925582425263254e-03 6.830726072568366752e-04
-2.797231548123410658e-03 9.341139114723048375e-04
-1.902755674652971624e-03 1.154451937587357927e-03
-9.905919667417850162e-04 1.303871816277131024e-03
-2.409499102376244910e-04 1.353461738235208454e-03
1.991218340157835387e-04 1.290877672745215175e-03
2.436867119370040441e-04 1.122522102448480184e-03
-1.157489487212247804e-04 8.722295623500651417e-04
-8.086197312345798360e-04 5.767118256763583816e-04
-1.698706212916360238e-03 2.786276320135414237e-04
-2.610022628071532753e-03 1.859007858495914742e-05
-3.360283683759974355e-03 -1.723756264634187943e-04
-3.795610866905701781e-03 -2.784981790306760422e-04
-3.819902786454104984e-03 -3.019808649608839287e-04
-3.413303413505582116e-03 -2.622669438591474010e-04
-2.636265455291763975e-03 -1.919953070846909624e-04
-1.618432886867478705e-03 -1.304197746363997294e-04
-5.344405867481724680e-04 -1.155465219885078187e-04
4.287940988639256466e-04 -1.764874995544323455e-04
1.107102226299826967e-03 -3.274872722064364316e-04
1.389791210481699157e-03 -5.647641479259452989e-04
1.240259183908724687e-03 -8.667737345625244581e-04
7.025998649023692741e-04 -1.197855024942770345e-03
-1.070456259840246553e-04 -1.514578437160019270e-03
-1.022745934867446294e-03 -1.773603191687335608e-03
-1.860425433057905694e-03 -1.939564906121557519e-03
-2.452901914277529939e-03 -1.991507581410506978e-03
-2.681677791355336661e-03 -1.926648558074964702e-03
-2.499462375340982291e-03 -1.760768646316032172e-03
-1.939159006891176627e-03 -1.525157169641800032e-03
-1.107614824096080693e-03 -1.260692412987708590e-03
-1.653173071163545945e-04 -1.010178727600435445e-03
7.041161018664734463e-04 -8.103899583002188104e-04
1.328875166854706028e-03 -6.853228068271489644e-04
1.581701395527256807e-03 -6.419330968569897898e-04
1.404234772954257322e-03 -6.691564034381500357e-04
8.183468726269876653e-04 -7.403914550602780538e-04
-7.769198143714949826e-05 -8.189680592774076315e-04
-1.127492702732356585e-03 -8.655553311021379516e-04
-2.145820687932128035e-03 -8.460978596318840953e-04
-2.953327212514459104e-03 -7.387668758611253472e-04
-3.410170523262478180e-03 -5.385996098853855323e-04
-3.442168285870374038e-03 -2.589376846674429572e-04
-3.054536816008674750e-03 7.061826311586556900e-05
-2.330622317993385172e-03 4.093603786478179586e-04
-1.415870347928781985e-03 7.127655463250914727e-04
-4.900740497597568185e-04 9.405551981344615654e-04
2.668397029029481379e-04 1.064004340959024807e-03
7.090044125193728855e-04 1.071122246854122953e-03
7.523111862981020272e-04 9.687289662808770078e-04
3.903632373600453721e-04 7.810381133432396997e-04
-3.043335450725933450e-04 5.450162751305114191e-04
-1.194168444124573064e-03 3.033980526127410659e-04
-2.102597504307710929e-03 9.667798745496483789e-05
-2.847730187767517386e-03 -4.440722014549417038e-05
-3.276967421589012820e-03 -1.044871159578435920e-04
-3.296127368988774255e-03 -8.620036062025217402e-05
-2.887538164629785756e-03 -9.378694848626381326e-06
-2.113665252253378157e-03 9.306534943989965502e-05
-1.105579494579463952e-03 1.817593911539138168e-04
-3.844239385275495698e-05 2.187376795803333486e-04
9.013569190080987547e-04 1.750539282785578549e-04
1.551197342820689407e-03 3.668933009955106057e-05
1.802734408380359758e-03 -1.923724894100037417e-04
1.622151364102816752e-03 -4.904951523335844121e-04
1.056324087707696986e-03 -8.221066135885082013e-04
2.237378165327882180e-04 -1.144088294699273801e-03
-7.081197912077028716e-04 -1.413634222259768517e-03
-1.554604949295617603e-03 -1.596098781520134853e-03
-2.148970658527669508e-03 -1.671352605590862694e-03
-2.373987464674208545e-03 -1.637447189431770391e-03
-2.184144276374034611e-03 -1.510896911622395047e-03
-1.614226194269953712e-03 -1.323526111822380131e-03
-7.726468445710486105e-04 -1.116477732762027972e-03
1.791995439137219538e-04 -9.325159355278246675e-04
1.057652932035666165e-03 -8.080765984941286253e-04
1.691748671138882179e-03 -7.665659136525487761e-04
1.955799829396384724e-03 -8.141697249141068276e-04
1.793425237585647954e-03 -9.389598637340746670e-04
1.228467246677607174e-03 -1.113458744237972361e-03
3.607254292124919366e-04 -1.300168176170445620e-03
-6.526925431595962572e-04 -1.459006745370016898e-03
-1.626878268611796872e-03 -1.555238493522452092e-03
-2.383907595464824797e-03 -1.566382497791419907e-03
-2.786323039244373648e-03 -1.486786018212093432e-03
-2.762979629718062893e-03 -1.328986661637764858e-03
-2.322365436112348337e-03 -1.121597678596749541e-03
-1.550878767572387920e-03 -9.041097570099767850e-04
-5.963914885190802666e-04 -7.195875885195189732e-04
3.597870597388777743e-04 -6.066392417855075939e-04
1.137235707514291623e-03 -5.921752787148826767e-04
1.590536951754725628e-03 -6.863263255031009421e-04
1.636723444674673036e-03 -8.804805554418781467e-04
1.270860517208570635e-03 -1.148813348840899574e-03
5.668173153085091787e-04 -1.453021749104468213e-03
-3.369153553441262168e-04 -1.749371020844192257e-03
-1.263670176523211570e-03 -1.996724154282715144e-03
-2.032298552505268623e-03 -2.164040157956213101e-03
-2.491729760813143641e-03 -2.235928494121197825e-03
-2.549843881446255817e-03 -2.215215861535333505e-03
-2.191184727196979817e-03 -2.122047893035793487e-03
-1.480151903019710953e-03 -1.989704940041446719e-03
-5.490605569429005215e-04 -1.857933578988780294e-03
4.266772045417890858e-04 -1.765065891155847156e-03
1.261556434177969884e-03 -1.740427867501807271e-03
1.794925771610124919e-03 -1.798483101762716769e-03
1.921264564719158806e-03 -1.935828760285303578e-03
1.610062474028046194e-03 -2.131620001160104434e-03
9.115412520972962507e-04 -2.351348926388950860e-03
-5.286187791082787735e-05 -2.553267828063587007e-03
-1.113445670936768616e-03 -2.696244402583071464e-03
-2.084285043047487407e-03 -2.747563880944162845e-03
-2.798294315763180575e-03 -2.689201408160535323e-03
-3.138676699646733743e-03 -2.521376023463561475e-03
-3.060808561639944553e-03 -2.262710779160008456e-03
-2.600419118433546471e-03 -1.946964744346935897e-03
-1.866521928819149523e-03 -1.616950458135640130e-03
-1.020442451669667473e-03 -1.316782156827857623e-03
-2.449191937280816630e-04 -1.083915116717468988e-03
2.908640091868490343e-04 -9.424751005245102838e-04
4.636862436500912513e-04 -8.991318822540300942e-04
2.199943666681496678e-04 -9.422885672978183148e-04
-4.135916201317916662e-04 -1.044730240921067175e-03
-1.334969431725925712e-03 -1.169220309163614309e-03
-2.385560836404562908e-03 -1.275974800667053523e-03
-3.380041799329232440e-03 -1.330589570894536149e-03
-4.141173741662267788e-03 -1.310910096620753265e-03
-4.533146640578761960e-03 -1.211534522014755429e-03
-4.487125575753281650e-03 -1.045089757019316938e-03
-4.014167507953844694e-03 -8.400326699903971428e-04
-3.203065269243760699e-03 -6.353877990647656968e-04
-2.203528430782949847e-03 -4.734146245397074571e-04
-1.197885814100085617e-03 -3.915911021730123995e-04
-3.666665280622947130e-04 -4.154312556467253201e-04
1.454257038420426161e-04 -5.534983049787277429e-04
2.567057422130196442e-04 -7.955606454411988122e-04
-3.627670705133481492e-05 -1.114244384386385697e-03
-6.583735498556886161e-04 -1.469875448748057421e-03
-1.470390209663339229e-03 -1.817601550831199515e-03
-2.295790945060785081e-03 -2.115453642141336410e-03
-2.954493906180917506e-03 -2.331829434415390052e-03
-3.297349539694359281e-03 -2.450991653134687847e-03
-3.234766382296895559e-03 -2.475550066716489944e-03
-2.754056396591244606e-03 -2.425467728928825013e-03
-1.922207993105824785e-03 -2.333790078502211759e-03
-8.735543170487008969e-04 -2.239915918111034989e-03
2.153352211232967403e-04 -2.181694371140168159e-03
1.158792427438424134e-03 -2.187853627081147011e-03
1.796948118316650782e-03 -2.272203658175356647e-03
2.025787364083394323e-03 -2.430718170790424452e-03
1.816675217483132865e-03 -2.642054637178082015e-03
1.221658505014227084e-03 -2.871418807928489449e-03
3.635412097099968666e-04 -3.077045217898472310e-03
-5.873872882193591650e-04 -3.218068174802002877e-03
-1.445565867611132895e-03 -3.262292774083125693e-03
-2.045219978427780666e-03 -3.192392848937910046e-03
-2.271629727982073764e-03 -3.009359161625555466e-03
-2.082691403847458309e-03 -2.732540430730602109e-03
-1.516694787238589059e-03 -2.396263640566266735e-03
-6.848492820787754464e-04 -2.043666614567345770e-03
2.500198184670592428e-04 -1.718902684615007063e-03
1.104564592697811773e-03 -1.459184730531080379e-03
1.709903102128722827e-03 -1.288165687878388768e-03
1.943871496298097681e-03 -1.211899160024980469e-03
1.754425884870165200e-03 -1.218134999418769371e-03
1.169756105323361672e-03 -1.279073208246326362e-03
2.931898265760864001e-04 -1.357044878507533388e-03
-7.161541959981884784e-04 -1.412035154762529467e-03
-1.673305830678211261e-03 -1.409615221146904088e-03
-2.402311705902978288e-03 -1.327773923896118872e-03
-2.769433036478206704e-03 -1.161349208188167982e-03
-2.708389635649360687e-03 -9.232153005807769734e-04
-2.232871625157650461e-03 -6.419971654252829008e-04
-1.433950171910944055e-03 -3.567426534723769664e-04
-4.628768685669912026e-04 -1.095602196907900566e-04
4.974730881133740314e-04 6.238321114200389393e-05
1.267109592003326773e-03 1.339869692985958156e-04
1.702857909747416401e-03 9.711134669628370070e-05
1.725290637948833066e-03 -3.768941642540493946e-05
1.333567186391124886e-03 -2.429300496095371340e-04
6.053767832754359656e-04 -4.791262774501215457e-04
-3.179980490158262289e-04 -7.019699025460415798e-04
-1.258662933754946213e-03 -8.703968692069563627e-04
-2.036022527820556104e-03 -9.540296925382551595e-04
-2.501193278152972956e-03 -9.385944306875660748e-04
-2.565395605647612619e-03 -8.282959362908418922e-04
-2.216943452727559733e-03 -6.447107905730123812e-04
-1.523608788461362469e-03 -4.224161313561322997e-04
-6.199086075528328736e-04 -2.021898666550503486e-04
3.182823594734333059e-04 -2.307671205497186396e-05
