4.946596847802231349e-04 1.942412067407145969e-03
-3.791911563397947025e-05 1.260192494884031580e-03
-4.479354085345855011e-04 4.121880651040439191e-04
-6.767312200148178566e-04 -4.286398411571570302e-04
-7.013195645854519017e-04 -1.089992973141518454e-03
-5.383226041826914398e-04 -1.433350217736170792e-03
-2.403819593303537774e-04 -1.380697079451686290e-03
1.142697265628772314e-04 -9.297964346261029973e-04
4.370915002611526186e-04 -1.550960404122362409e-04
6.464672288729908338e-04 8.059117630831288872e-04
6.836159546864404093e-04 1.778307508090307696e-03
5.241569326350950346e-04 2.582499807032741235e-03
1.831299779031338778e-04 3.067926207971664529e-03
-2.874884208395709511e-04 3.141327092125671423e-03
-8.083110333255655398e-04 2.784245901889992238e-03
-1.287311244021303348e-03 2.056447059286980582e-03
-1.637048783250305431e-03 1.084607338383435007e-03
-1.791092698943384277e-03 3.842277151266970149e-05
-1.716535000327395599e-03 -9.013461032020560855e-04
-1.420227149693460353e-03 -1.576843430091883630e-03
-9.475586400438562769e-04 -1.882674944354159087e-03
-3.740075142510684717e-04 -1.785463154557761058e-03
2.089402262441869746e-04 -1.329706831194054067e-03
7.108406259614031717e-04 -6.288455801761967450e-04
1.059088638212003775e-03 1.567670656043249630e-04
1.212288457913354538e-03 8.507987729864809707e-04
1.167673771338280505e-03 1.294911068991112238e-03
9.611818144421118131e-04 1.379323353697967406e-03
6.601767159492366935e-04 1.064167463109695535e-03
3.502098434340133667e-04 3.875760156417517189e-04
1.183341464233391609e-04 -5.410397600203318202e-04
3.614195226792006783e-05 -1.561261839773413337e-03
1.457477577896839748e-04 -2.491659238308757511e-03
4.513794186805685296e-04 -3.163833952021240931e-03
9.181784946478999685e-04 -3.454080165877660563e-03
1.478444628271219970e-03 -3.306667974866318426e-03
2.044148383300133792e-03 -2.744346835424342490e-03
2.523349000027888100e-03 -1.864081896501865654e-03
2.837412931416843052e-03 -8.188304147413417392e-04
2.935775992041969248e-03 2.111934271293964497e-04
2.805455477555184301e-03 1.052328850879739441e-03
2.473511018045859797e-03 1.569958710463663365e-03
2.001986426164229210e-03 1.693536299971036118e-03
1.476286994352414908e-03 1.429420292979732094e-03
9.891883455580622025e-04 8.590992165279111564e-04
6.234989515249767574e-04 1.231543353499604679e-04
4.366523848724039591e-04 -6.059890739027686988e-04
4.501391688205046756e-04 -1.157348766138301338e-03
6.457710781184336588e-04 -1.394394113997086699e-03
9.694765837437270073e-04 -1.241512336716152527e-03
1.341899887647806083e-03 -6.989077017662040890e-04
1.673787711733509516e-03 1.569000462804722579e-04
1.883241589695017768e-03 1.187084042204338257e-03
1.911560461058500054e-03 2.216383440302911473e-03
1.734665714882711006e-03 3.065951382709230545e-03
1.367937884286868615e-03 3.586965577764002992e-03
8.635424942618228966e-04 3.688643051089263158e-03
3.007457707637758776e-04 3.355358147658772487e-03
-2.289504614016738210e-04 2.649623913290479523e-03
-6.390429490281698908e-04 1.700371390035410653e-03
-8.643683981665235307e-04 6.787428426858645300e-04
-8.734577534089891767e-04 -2.340230494214336123e-04
-6.745625537049981628e-04 -8.805406010288295386e-04
-3.142093864422752878e-04 -1.156642033461044092e-03
1.314480126867401599e-04 -1.030608334362726006e-03
5.708469052196018211e-04 -5.486366125206484836e-04
9.141181921764828487e-04 1.744784351961689160e-04
1.089842516496978587e-03 9.776709973473647793e-04
1.058295042223837603e-03 1.684697303917659459e-03
8.186793667554512037e-04 2.138094332262076465e-03
4.089893269558421852e-04 2.229560731259271674e-03
-1.014666506523317842e-04 1.920994704262325844e-03
-6.254548045697156528e-04 1.252193498562228580e-03
-1.074575581896664890e-03 3.337457592383555457e-04
-1.376212434292348099e-03 -6.735470581762075925e-04
-1.487453651066523302e-03 -1.588831831434898978e-03
-1.403345051261065991e-03 -2.245242894832985645e-03
-1.157905876595766333e-03 -2.521378320878412283e-03
-8.177117001083280190e-04 -2.364255742732443259e-03
-4.692568508454218767e-04 -1.799401337412392249e-03
-2.024880160629772457e-04 -9.261598097942752225e-04
-9.362707622587260886e-05 1.008904961280960623e-04
-1.905373254461398269e-04 1.100904337678289182e-03
-5.034072149904643282e-04 1.900641351587498921e-03
-1.002520418914794580e-03 2.366839090379199706e-03
-1.623540600210283957e-03 2.430968796564133595e-03
-2.279317467182922444e-03 2.101698775135656550e-03
-2.875986727230833793e-03 1.462718397978100566e-03
-3.330324046803245265e-03 6.563479455792763876e-04
-3.585076033233791995e-03 -1.439491485185666808e-04
-3.619374536765181203e-03 -7.669340436769844869e-04
-3.452271676968959434e-03 -1.076509687310426037e-03
-3.138735574368678623e-03 -9.979428564327796555e-04
-2.758874098686398164e-03 -5.324150455619704875e-04
-2.402435726058485543e-03 2.428627078813491800e-04
-2.151530145114108686e-03 1.189001083154879327e-03
-2.064847427558442507e-03 2.131539068627555898e-03
-2.166369766554060265e-03 2.893367480777357583e-03
-2.440717908628392378e-03 3.328238279596829920e-03
-2.836016731146314297e-03 3.348515516758082764e-03
-3.273739081152120950e-03 2.941911829330960855e-03
-3.663663951784126068e-03 2.174037651608502590e-03
-3.921114996122628676e-03 1.176274475859586917e-03
-3.983212102979541425e-03 1.212604881359599174e-04
-3.821054389656231703e-03 -8.093789972015303638e-04
-3.445522298438466555e-03 -1.458956574544591558e-03
-2.905593732453736703e-03 -1.724890951049120290e-03
-2.279485667384136167e-03 -1.577607433141350228e-03
-1.660290223227077911e-03 -1.065604549173234392e-03
-1.138815793683329181e-03 -3.057404353798352488e-04
-7.868723697603066669e-04 5.394086934602271852e-04
-6.441556552607601363e-04 1.292818030480710669e-03
-7.112030030798912553e-04 1.796978556243477784e-03
-9.497446578693876339e-04 1.944113879088114286e-03
-1.290373914703940453e-03 1.696917883165821334e-03
-1.646074642196674936e-03 1.095877843187597961e-03
-1.929036450286834587e-03 2.517893723855042527e-04
-2.067566434581880747e-03 -6.751246059411300992e-04
-2.019889515258741462e-03 -1.505540055809066226e-03
-1.782220036768541929e-03 -2.075061745560900350e-03
-1.389573581082599856e-03 -2.265511923456781096e-03
-9.091641186047353653e-04 -2.027549702699350115e-03
-4.276370603202866603e-04 -1.390332628077870728e-03
-3.455734326999787727e-05 -4.563836306183946187e-04
1.947178902776385695e-04 6.173736833546214237e-04
2.135346766010322870e-04 1.648830837406268894e-03
1.305548818516545900e-05 2.464640943536362469e-03
-3.757418489167100055e-04 2.932480546546183640e-03
-8.875657019737489759e-04 2.985531194137637859e-03
-1.434779400115668204e-03 2.634558568582246775e-03
-1.923580088161793659e-03 1.965315410447569626e-03
-2.271333867562400771e-03 1.121773135515616261e-03
-2.421794837471731403e-03 2.783698780823914021e-04
-2.355336470784900188e-03 -3.934583269113824718e-04
-2.092268027714170794e-03 -7.581150800726843379e-04
-1.688617590773024580e-03 -7.418226306997984312e-04
-1.225188981360230160e-03 -3.468154340847482819e-04
-7.919723866286018004e-04 3.489452341209247146e-04
-4.708670751649177231e-04 1.206485467189883113e-03
-3.199928020651669498e-04 2.052177326076786747e-03
-3.625641914762822108e-04 2.710750353884027169e-03
-5.824368394938918064e-04 3.038702549747607576e-03
-9.271690591222420813e-04 2.951779552919155201e-03
-1.318018648829726502e-03 2.441311977704309702e-03
-1.664979588392271996e-03 1.576308784283186361e-03
-1.884008051227673746e-03 4.909001605360536948e-04
-1.913171457021177165e-03 -6.405038012125456939e-04
-1.724657126141076850e-03 -1.635647386519083505e-03
-1.330360024912650117e-03 -2.338328366945520605e-03
-7.799839270956554970e-04 -2.647356998287769738e-03
-1.520071322280433035e-04 -2.535105581565303898e-03
4.607855355916621806e-04 -2.052150081894186292e-03
9.684741185389930587e-04 -1.317138204038641050e-03
1.300636168372594275e-03 -4.938148592903357980e-04
1.419300444469234063e-03 2.404333254825102677e-04
1.325777832420530281e-03 7.285481534671407744e-04
1.060084522890743708e-03 8.638436391402780183e-04
6.930743969346661376e-04 6.104275404748725140e-04
3.127770527123124649e-04 1.012863956973818896e-05
7.533818488756260576e-06 -8.253850035237931138e-04
-1.508710123985939917e-04 -1.735805309585432797e-03
-1.208870804386597171e-04 -2.542685531640195666e-03
1.009077473458334538e-04 -3.083464720862271521e-03
4.791899806270566442e-04 -3.242567096073339841e-03
9.466649468632598379e-04 -2.973679968893699552e-03
1.416947000795110287e-03 -2.308982414633843541e-03
1.801102106032895309e-03 -1.353566244032934976e-03
2.024714927973902956e-03 -2.660935093957093314e-04
2.042242448342230197e-03 7.706599216831323037e-04
1.845929213201041733e-03 1.583810637603359165e-03
1.467588460503973201e-03 2.042498464458425509e-03
9.729036931662778543e-04 2.082071550836654076e-03
4.493211441985134032e-04 1.715759769494325758e-03
-1.018303114421153892e-05 1.031638925672621540e-03
-3.243958521402119091e-04 1.754725490934793200e-04
-4.389549219848090005e-04 -6.773090156889751464e-04
-3.363813894311848537e-04 -1.355177010340830566e-03
-3.916610556442578269e-05 -1.723256091403378189e-03
3.946689020643674131e-04 -1.709051906055695808e-03
8.826878536039566708e-04 -1.316278726614587228e-03
1.333728454708987647e-03 -6.241668114247730763e-04
1.665186078650225795e-03 2.276192253483403337e-04
1.818621231016351531e-03 1.065592977369998924e-03
1.770735696346076998e-03 1.715546159335771658e-03
1.537641193860081164e-03 2.035861914392601488e-03
1.171615804491140571e-03 1.944725353205996148e-03
7.509671257431892524e-04 1.436069127196882038e-03
3.649274785831372291e-04 5.812235005095444697e-04
9.644813840798131983e-05 -4.840538337993664330e-04
6.158152607145268159e-06 -1.584725333588887786e-03
1.205333547719380973e-04 -2.539050299489942555e-03
4.265243575445775608e-04 -3.192435708799440559e-03
8.736695199193000904e-04 -3.446164674962879683e-03
1.383301714340744951e-03 -3.275575403447791856e-03
1.863114526716449669e-03 -2.734260331221814375e-03
2.224338618889862718e-03 -1.943501296868338762e-03
2.398284458160519599e-03 -1.068950996812636708e-03
2.349127002008138780e-03 -2.889844472940012593e-04
2.080518553587970988e-03 2.392803251134313202e-04
1.634783361228516613e-03 4.098538524665604026e-04
1.084850708649716649e-03 1.879805053113601642e-04
5.204566693715661834e-04 -3.833296713562381417e-04
3.122839071995888935e-05 -1.191577529194274860e-03
-3.101464562591792770e-04 -2.076288820636605029e-03
-4.614800627762994647e-04 -2.859686275225674021e-03
-4.188103884734765145e-04 -3.380704537110731760e-03
-2.168344106185301221e-04 -3.525898186868021023e-03
7.802738216754212270e-05 -3.251380020686091624e-03
3.806150580216904802e-04 -2.591624129064002378e-03
6.035955305779749577e-04 -1.653454693655427750e-03
6.744656816465893941e-04 -5.963459584894085803e-04
5.497635233845535666e-04 3.972495395739213684e-04
2.237866584444487194e-04 1.155939368107330133e-03
-2.698430816148932000e-04 1.551364092205647152e-03
-8.640754947452206590e-04 1.522063027880015719e-03
-1.470682175134535846e-03 1.084725257223178446e-03
-1.996551054308294895e-03 3.307054598559064319e-04
-2.360948756046188195e-03 -5.915275134153227376e-04
-2.510489950111445545e-03 -1.504679655685162284e-03
-2.428985962676097517e-03 -2.236297523132205894e-03
-2.140313312404941784e-03 -2.651433654525826682e-03
-1.703763196174053196e-03 -2.678126072782879841e-03
-1.202755219345846621e-03 -2.320868910087267936e-03
-7.290535728151258587e-04 -1.659527083179498062e-03
-3.654738619248581490e-04 -8.339060451118257685e-04
-1.703530327435947688e-04 -1.690562488032424423e-05
-1.667195587978583145e-04 6.186498675785324312e-04
-3.382097439676497608e-04 9.332143505021808002e-04
-6.324974144884464803e-04 8.474572166604172826e-04
-9.715804997253334793e-04 3.578222546059320851e-04
-1.266968645971413773e-03 -4.622508638115732562e-04
-1.436887152085982887e-03 -1.475687298595508611e-03
-1.422230096069935883e-03 -2.507203697093957160e-03
-1.198231980971122598e-03 -3.375999570407648819e-03
-7.796377835800776847e-04 -3.929535959356328378e-03
-2.183824238325872825e-04 -4.072017129935968927e-03
4.057907583600986251e-04 -3.782192809976548265e-03
1.000005525614059863e-03 -3.117119189161971470e-03
1.475452218070492580e-03 -2.201173923609584492e-03
1.763862314500719893e-03 -1.202410600823489596e-03
1.830145292947770678e-03 -3.007332431613188480e-04
1.678800281501077480e-03 3.460819611918986797e-04
1.352892231437241620e-03 6.320851398400693238e-04
9.257887257480287109e-04 5.229513970299859427e-04
4.872228071727352722e-04 6.213613858910825051e-05
1.263201218011984371e-04 -6.377712819204275170e-04
-8.519791472357419321e-05 -1.416849620666045225e-03
-1.064578696108149040e-04 -2.098665070823313786e-03
6.501596885093380643e-05 -2.524260786376885876e-03
3.930696659143738956e-04 -2.582868254674410783e-03
8.100427248476253566e-04 -2.233512123675826088e-03
1.229889864507705509e-03 -1.513403890965484520e-03
1.564808613739171895e-03 -5.315211204864490196e-04
1.742215471420071899e-03 5.514260136388673137e-04
1.718847033535093232e-03 1.552861153785161470e-03
1.489306773894015197e-03 2.302398867473841228e-03
1.087430035677104841e-03 2.673655559786289413e-03
5.802000536438277779e-04 2.607801216752081864e-03
5.535888330385788049e-05 2.124401204105935432e-03
-3.949482358438391417e-04 1.317502086008560860e-03
-6.914045133439747056e-04 3.377074101840295078e-04
-7.823716295582219815e-04 -6.363599951015735945e-04
-6.535501582440896278e-04 -1.431805282051526202e-03
-3.306236006449782489e-04 -1.914030315386776532e-03
1.256136952962090406e-04 -2.011961116882588288e-03
6.307227369218200170e-04 -1.731163331839117572e-03
1.092510989679087692e-03 -1.152370195965804998e-03
1.428342568038451542e-03 -4.157111478464651372e-04
1.580594159797543523e-03 3.063618847814979619e-04
1.527335511721000533e-03 8.423122973817486836e-04
1.286218519946093555e-03 1.054614409725047235e-03
9.108457761098345731e-04 8.664267908214705934e-04
4.803141123484840546e-04 2.767788964930396195e-04
8.392147001124426482e-05 -6.386184790142218192e-04
-1.960584946504699295e-04 -1.741106083871673356e-03
-3.002636968952240859e-04 -2.854765273898417829e-03
-2.037758886680983168e-04 -3.799211413101063594e-03
7.889410439050311211e-05 -4.423293456590586537e-03
4.963199687298162563e-04 -4.633328543075279984e-03
9.697033773043242134e-04 -4.410533431152654713e-03
1.407646197202142013e-03 -3.814358090601772944e-03
1.723358904538802288e-03 -2.971093900099912744e-03
1.851050014557829686e-03 -2.049914860329718827e-03
1.758395092903713205e-03 -1.230887635300149030e-03
1.452725007741896730e-03 -6.710049783923673419e-04
9.797611278339235681e-04 -4.746695710270078424e-04
4.151351387653516556e-04 -6.742109090758900431e-04
-1.497039615666074792e-04 -1.224116477582268573e-03
-6.245317119862686629e-04 -2.010060124197007858e-03
-9.371178558987407767e-04 -2.871007342820092265e-03
-1.046555510116841791e-03 -3.630199966884272919e-03
-9.506339492879183365e-04 -4.129140644948285643e-03
-6.858677258570738261e-04 -4.258128944162354115e-03
-3.201859236057593761e-04 -3.977553644041338481e-03
6.032452345569708262e-05 -3.325896168342898709e-03
3.681015908569518712e-04 -2.412916767599379651e-03
5.310486648872300187e-04 -1.399301521586454513e-03
5.065161928205851689e-04 -4.666130707657791411e-04
2.896689342576495201e-04 2.167745124909059226e-04
-8.535270845256269241e-05 5.273141671279181399e-04
-5.517033316606363052e-04 4.095126820021586372e-04
-1.022352857334376044e-03 -1.136481957985232757e-04
-1.406489727464203376e-03 -9.450677264927130573e-04
-1.626703705136274634e-03 -1.931834514276890499e-03
-1.633696100088160002e-03 -2.894022610329768930e-03
-1.415732031934618853e-03 -3.658526857995753924e-03
-1.001043494042539155e-03 -4.091536627966736554e-03
-4.527252953014434134e-04 -4.123506615036413164e-03
1.429139776056771748e-04 -3.761905553341359128e-03
6.923458881909711014e-04 -3.089339253339719402e-03
1.112139456133562181e-03 -2.247414838672536028e-03
1.344330942422226113e-03 -1.409413871491103226e-03
1.366945014338635149e-03 -7.469617503335309640e-04
1.197685060899606087e-03 -3.970179034722192898e-04
8.901043174590196443e-04 -4.354505128759999025e-04
5.229933569333264538e-04 -8.622122960410378255e-04
1.850038258097102097e-04 -1.600936431826342982e-03
-4.257010806363726967e-05 -2.513040159234183370e-03
-1.015829604482749657e-04 -3.423675152558430888e-03
3.159669988928720530e-05 -4.154618931287571912e-03
3.413061287281503060e-04 -4.557885414351890707e-03
7.753048753236986036e-04 -4.543694567335306370e-03
1.254478520510978563e-03 -4.097507173666316803e-03
1.687696148203174373e-03 -3.282899305601946673e-03
1.989010985636080822e-03 -2.229730426375762901e-03
2.093948727679012089e-03 -1.109841844037468689e-03
1.971799403478681663e-03 -1.048814783547835465e-04
1.631583786039618846e-03 6.276601245958617764e-04
1.120561392933111348e-03 9.837807224343307448e-04
5.155577632675896861e-04 9.321213004728939096e-04
-9.125305289513479384e-05 5.193300953547899581e-04
-6.094261288996665913e-04 -1.393670275245066496e-04
-9.669581493351033863e-04 -8.825909142276288678e-04
-1.123479394424687933e-03 -1.533968488701503013e-03
-1.077437061423051207e-03 -1.936113523410516908e-03
-8.659198733937630618e-04 -1.980981285100197071e-03
-5.571673996352736720e-04 -1.630836773437634992e-03
-2.371924776741512119e-04 -9.258545518683787296e-04
6.940628950251673257e-06 2.309926436927728713e-05
1.040070990518974711e-04 1.055145054621604937e-03
1.247497355510453730e-05 1.989619655782368275e-03
-2.713093191000511386e-04 2.660139674351175761e-03
-7.121595272855730293e-04 2.946051787117146513e-03
-1.242499328626048673e-03 2.795316329277061727e-03
-1.775005667692599633e-03 2.234490328372575225e-03
-2.219053814954317916e-03 1.363916579580412699e-03
-2.497850909942925940e-03 3.390244119726080986e-04
-2.563012944084174481e-03 -6.587244174912893326e-04
-2.403822881697311852e-03 -1.455752264673290490e-03
-2.049413477972524770e-03 -1.918732869150137528e-03
-1.563456835564134119e-03 -1.979292212069486221e-03
-1.032360401986250889e-03 -1.646378442593477700e-03
-5.491975532874592177e-04 -1.003971966535287773e-03
-1.964075953115045244e-04 -1.945831002702865843e-04
-3.053226428492011868e-05 6.083240349618199367e-04
-7.186969481451279534e-05 1.233746082092201934e-03
-3.009954703345607682e-04 1.546053200077297535e-03
-6.628001149396800171e-04 1.471155566416650160e-03
-1.077269406340979150e-03 1.010957695181049490e-03
-1.454957616739257099e-03 2.433536795220731311e-04
-1.714215883361509861e-03 -6.922441210819418444e-04
-1.796906489127855430e-03 -1.621109369830857697e-03
-1.679621617540910401e-03 -2.366181791720178319e-03
-1.378277589079333074e-03 -2.781580613810694189e-03
-9.452112245981425477e-04 -2.780305870001725452e-03
-4.593260186572674895e-04 -2.350880385612708068e-03
-1.115314401952522110e-05 -1.559777230980619435e-03
3.143435024676102937e-04 -5.391669588399889551e-04
4.539605358607351222e-04 5.377032088957876561e-04
3.783773156911069899e-04 1.488845857651885634e-03
9.790748855083395309e-05 2.157473622342313130e-03
-3.392147214542820120e-04 2.441128807949117640e-03
-8.556955281511866972e-04 2.310499765150287894e-03
-1.359519490968144183e-03 1.814374754135207948e-03
-1.761057552183010154e-03 1.069809122391317691e-03
-1.989714436443888474e-03 2.393814114194460279e-04
-2.006972184060412841e-03 -5.001416385336803112e-04
-1.813369061859163196e-03 -9.917851433714900463e-04
-1.448101248633845315e-03 -1.128545256316333071e-03
-9.813311237544060286e-04 -8.740424719357734514e-04
-5.006663074517481767e-04 -2.697292587584159719e-04
-9.437647904455268889e-05 5.727201392645450782e-04
1.654683638178382644e-04 1.492402260488719448e-03
2.367408750149904099e-04 2.309587901250785905e-03
1.152750831758944184e-04 2.859780991291271425e-03
-1.643593441048932235e-04 3.024983038328672019e-03
-5.354743772068965534e-04 2.756240298853252987e-03
-9.120185733603062899e-04 2.083199403761533310e-03
-1.205052352857104072e-03 1.108855221880351936e-03
-1.339820564188471796e-03 -9.523120074813641329e-06
-1.270184995457824184e-03 -1.089686499744617516e-03
-9.876782155625624549e-04 -1.958384888104922582e-03
-5.234574876268867447e-04 -2.483609802188046362e-03
5.721907714835173511e-05 -2.599008234960562599e-03
6.669567732018218120e-04 -2.315858875419490003e-03
1.212372603269532608e-03 -1.720356499120593088e-03
1.611379277974657421e-03 -9.567319585366469183e-04
1.808341579225599544e-03 -1.994166145908990093e-04
1.784244506660637207e-03 3.804663547100283708e-04
1.559956830573541731e-03 6.479281848339895657e-04
1.191980509608150853e-03 5.300332267869605884e-04
7.614984279146892439e-04 2.999452707353605918e-05
3.588008237097053098e-04 -7.732288454033841695e-04
6.604458459988707397e-05 -1.739760684490325665e-03
-5.838612023292030599e-05 -2.695257059598484516e-03
9.045927142061751733e-06 -3.463968129136007004e-03
2.526197794071214590e-04 -3.902150060319545862e-03
6.204428390740353164e-04 -3.925496381554263552e-03
1.034448594393366219e-03 -3.525388501127825827e-03
1.405408970907775102e-03 -2.770880360489640180e-03
1.650113854177682072e-03 -1.796031826945029396e-03
1.707458839073779881e-03 -7.749783566783406772e-04
1.550388005800510012e-03 1.105543726711813619e-04
1.191422514525491147e-03 7.051522941888153581e-04
6.807195789726679710e-04 9.086248862551537034e-04
9.702011704203494802e-05 6.944658207182000109e-04
-4.668105661408093743e-04 1.143797301162896487e-04
-9.209211710572715384e-04 -7.119695752461813231e-04
-1.195056750570846690e-03 -1.620036531465538290e-03
-1.251454991412661536e-03 -2.431916450741824619e-03
-1.091623930527760213e-03 -2.990335081803441840e-03
-7.557264633496051792e-04 -3.188661204926215940e-03
-3.146959679560054233e-04 -2.991253097758333254e-03
1.434174256989199209e-04 -2.440281853414065418e-03
5.302793160320655712e-04 -1.647737142476357781e-03
7.740912621929872369e-04 -7.741288151796562114e-04
8.332116874263670661e-04 2.080979206431875228e-06
7.039977835632830940e-04 5.185232009931723101e-04
4.213845794721707847e-04 6.599924356275115814e-04
5.209405821084961267e-05 3.806515494251220145e-04
-3.182358849695605149e-04 -2.868433780143214012e-04
-6.015602841019003239e-04 -1.237036473322652291e-03
-7.244414166220221850e-04 -2.311117745994885342e-03
-6.423395560960574579e-04 -3.326451758457781190e-03
-3.484659991442651044e-04 -4.110611306709319526e-03
1.244868388783651426e-04 -4.533485272351926026e-03
7.100752477609797086e-04 -4.531394310976571971e-03
1.320218769328746064e-03 -4.118660915172963136e-03
1.861415524867488826e-03 -3.384455210647111488e-03
2.251997938409729637e-03 -2.475524963873629997e-03
2.437171299853555309e-03 -1.568089943848945990e-03
2.398996972805441698e-03 -8.342310717651176682e-04
2.159438500190252568e-03 -4.091454789068847166e-04
1.775901324128351631e-03 -3.654726743924602110e-04
1.330116884506578117e-03 -6.995560150695545945e-04
9.124806930309901443e-04 -1.332241582408282259e-03
6.048132908848989023e-04 -2.124061787443334067e-03
4.648101063639571012e-04 -2.901925190497642477e-03
5.151249055839995494e-04 -3.492253303172911539e-03
7.391526633763552314e-04 -3.754282504749811671e-03
1.084307742517250442e-03 -3.607216224561931445e-03
1.472172762850764869e-03 -3.046075516924000217e-03
1.813591446284612812e-03 -2.143234899462246375e-03
2.025841559186655760e-03 -1.035339854692486844e-03
2.048629253596375831e-03 1.019303636704936436e-04
1.855868389185685082e-03 1.086489993689021202e-03
1.461005762793747683e-03 1.763700381411885572e-03
9.148746887837197125e-04 2.035053880918112103e-03
2.964738376565542602e-04 1.876270297803507743e-03
-3.015921514778690886e-04 1.341391904945228716e-03
-7.902626922857836208e-04 5.521129120893121739e-04
-1.100523261102097361e-03 -3.256264583872815581e-04
-1.196142744047194815e-03 -1.113341462328003902e-03
-1.080241435482608104e-03 -1.653991199393798402e-03
-7.944521345809021570e-04 -1.841814138519318623e-03
-4.108380967883894903e-04 -1.642359496735489900e-03
-1.810177136975715329e-05 -1.098921685152455486e-03
2.953020996452183997e-04 -3.241617069832571497e-04
4.579507050646242430e-04 5.214937341104844675e-04
4.289572303227946835e-04 1.260579107869042427e-03
2.056397246570695675e-04 1.732616833466787964e-03
-1.760940987711125030e-04 1.824991430075000552e-03
-6.487145578782238650e-04 1.494814029157451752e-03
-1.126065318001312878e-03 7.776249856466560702e-04
-1.519919143727181416e-03 -2.187264390194513597e-04
-1.756951906418760014e-03 -1.333880296128429682e-03
-1.792912826808124374e-03 -2.384707465513726758e-03
-1.621299375940942530e-03 -3.199377074824201299e-03
-1.274885552537696493e-03 -3.649312939851797992e-03
-8.198054259947640428e-04 -3.673001133794771660e-03
-3.433036692957253848e-04 -3.287152730229793082e-03
6.253563496242189879e-05 -2.583118704373387007e-03
3.180084831092990340e-04 -1.709244852870482308e-03
3.707048913764412123e-04 -8.425150075382083995e-04
2.052989716026776788e-04 -1.548570939765979860e-04
-1.536341442588585885e-04 2.195048845138602989e-04
-6.463047305414373455e-04 2.094699848918322570e-04
-1.189009046819447610e-03 -1.795615157227186103e-04
-1.689903895614601774e-03 -8.668810626895490914e-04
-2.066269265919319035e-03 -1.712005023283830543e-03
-2.259992797340100359e-03 -2.541600162670713033e-03
-2.248347819327227957e-03 -3.182694645093413384e-03
-2.048029097874121823e-03 -3.495876192258466283e-03
-1.711688172729144627e-03 -3.402180217696530382e-03
-1.317631342860949148e-03 -2.898564535737884786e-03
-9.546388439738188406e-04 -2.059027599072783300e-03
-7.047882307787878189e-04 -1.021145127163679972e-03
-6.275433427167201750e-04 3.943913880526475364e-05
-7.481308224047593727e-04 9.417517175994610844e-04
-1.052414300170990708e-03 1.533270466848400638e-03
-1.489245803732962932e-03 1.718363848398920656e-03
-1.979857736434616645e-03 1.476014045194479554e-03
-2.432525066782363979e-03 8.634772696445905914e-04
-2.759728710096105101e-03 5.195761902119296494e-06
-2.894576526664452767e-03 -9.309332625157073051e-04
-2.803377750116709758e-03 -1.765434503243967519e-03
-2.491993625533769387e-03 -2.341239806971014484e-03
-2.004763996389008745e-03 -2.553347190346364187e-03
-1.416213763126660105e-03 -2.368540361856888779e-03
-8.171087356409885384e-04 -1.831439438211624349e-03
-2.974988799857494065e-04 -1.055743499324158455e-03
7.004399405725154557e-05 -2.023311314198556138e-04
2.438251981854921372e-04 5.516250364419521355e-04
2.205319721610487583e-04 1.046671046965331683e-03
3.543050764737403890e-05 1.171759630889248043e-03
-2.447737493113658265e-04 8.857903144085417513e-04
-5.350515021040039201e-04 2.259100725539129207e-04
-7.486476682846386361e-04 -6.990103039011714980e-04
-8.140092772215306487e-04 -1.728501864036683256e-03
-6.888277434685445783e-04 -2.680426974213125611e-03
-3.685264503419069830e-04 -3.385057386746646337e-03
1.124234210178126853e-04 -3.716859138029153520e-03
6.866174074993744566e-04 -3.617975371082293203e-03
1.266113464113125236e-03 -3.108968459812893638e-03
1.758769253104772688e-03 -2.284793258575557040e-03
2.085433818669703461e-03 -1.296767633166070674e-03
2.194743339901167843e-03 -3.239556978352677724e-04
2.072723007188474048e-03 4.606181495445304998e-04
1.745379211838483848e-03 9.225294264887883532e-04
1.273792147576142215e-03 9.911269621354021082e-04
7.426374932423178508e-04 6.725589322402708396e-04
2.443084884936881467e-04 4.819280740423479478e-05
-1.383587940418433372e-04 -7.412622370789912233e-04
-3.474911847739875709e-04 -1.522913250196028696e-03
-3.608045942391868797e-04 -2.124967491555004775e-03
-1.954462146900798943e-04 -2.409827362311915515e-03
9.566617706633669246e-05 -2.300716384292494920e-03
4.343053071117604575e-04 -1.796780922047412805e-03
7.322051752135143657e-04 -9.737944585265619285e-04
9.082398064032530137e-04 2.968225426195903989e-05
9.042470236592531092e-04 1.038077166077110494e-03
6.964911588277921013e-04 1.871649773181922102e-03
3.005849314957530975e-04 2.380192017857067112e-03
-2.310700658778725965e-04 2.471214267948417150e-03
-8.188474394590614146e-04 2.127285833622605867e-03
-1.370660607187278212e-03 1.409251174535977504e-03
-1.799138268213498759e-03 4.447154463558114566e-04
-2.037963468551564142e-03 -5.960197151098640522e-04
-2.054286115397787899e-03 -1.532015050863569285e-03
-1.854860839444930727e-03 -2.205680392488762204e-03
-1.484748646446863198e-03 -2.512259492416755134e-03
-1.018827273788898598e-03 -2.419237589168939627e-03
-5.477153486224445485e-04 -1.972006138918553850e-03
-1.607718105742907220e-04 -1.284722769010146872e-03
7.061542606914068994e-05 -5.181089810185417720e-04
1.062935697547189159e-04 1.515975460666251374e-04
-5.534236312096612979e-05 5.666435573669396323e-04
-3.773646393618457890e-04 6.182616130894209687e-04
-7.916438830904920856e-04 2.678825936372160928e-04
-1.212098720275532138e-03 -4.449712503777399769e-04
-1.551345853981472758e-03 -1.409620599085453872e-03
-1.737588750498931644e-03 -2.464690091844904361e-03
-1.728538303974788649e-03 -3.428232949252865355e-03
-1.519721361208595939e-03 -4.131824797566090515e-03
-1.145596336948970055e-03 -4.452179044303816377e-03
-6.732580229584733764e-04 -4.334303509380561456e-03
-1.899180264214316862e-04 -3.801817530008789331e-03
2.134729164576009211e-04 -2.952477669929614613e-03
4.593627179582504116e-04 -1.939758702119633894e-03
4.982526378390998148e-04 -9.439748983769479049e-04
3.180947197206216359e-04 -1.384052941818976739e-04
-5.334797452738904589e-05 3.431691889333773459e-04
-5.536270702350143142e-04 4.313779059077847006e-04
-1.097253155392296326e-03 1.339143881847746406e-04
-1.591658326823207955e-03 -4.664530357597927246e-04
-1.954460339281451336e-03 -1.228124993684263921e-03
-2.128766387072900459e-03 -1.978080273313335621e-03
-2.093626691783785979e-03 -2.545246737178923080e-03
-1.867667148879283406e-03 -2.793501064899480205e-03
-1.505222256535535073e-03 -2.648034774970604681e-03
-1.085709779413939879e-03 -2.110080467971591888e-03
-6.982681684086646618e-04 -1.257196958421240513e-03
-4.245743762002655375e-04 -2.290474613397163654e-04
-3.231036165515692796e-04 7.986467087983418209e-04
-4.178187359995021513e-04 1.647053820327682837e-03
-6.934371186633225305e-04 2.167849013157553944e-03
-1.098176490512455927e-03 2.271140602564867845e-03
-1.553463708071557269e-03 1.942420304010770808e-03
-1.968771004962127733e-03 1.245328518926827046e-03
-2.258772112131820792e-03 3.097097093107386429e-04
-2.359570205390390529e-03 -6.927837449606925099e-04
-2.240924127746772403e-03 -1.580925007169079084e-03
-1.912155724553200008e-03 -2.197887186930785886e-03
-1.420616234099084281e-03 -2.440534356237669417e-03
-8.429972870519563755e-04 -2.278493130545913847e-03
-2.711257296783115781e-04 -1.759405019187667641e-03
2.050750896882107266e-04 -9.993773310601171151e-04
5.142393221388945465e-04 -1.604537209553855235e-04
6.166832767177153965e-04 5.806163084116433906e-04
5.115249675286132882e-04 1.066381961472466456e-03
2.364601749799470859e-04 1.189017694303975102e-03
-1.397528421638377844e-04 9.112166541883734601e-04
-5.306675244716870746e-04 2.736829818485370710e-04
-8.488408249774668851e-04 -6.122063115676901722e-04
-1.022674036360969466e-03 -1.585189515842015456e-03
-1.010206803435280583e-03 -2.464429551545370758e-03
-8.072465478614038832e-04 -3.083610824034332606e-03
-4.482893703884989955e-04 -3.322370758856602393e-03
-5.476925906598923213e-08 -3.129115723711192558e-03
4.511435175168004505e-04 -2.530900252386141056e-03
8.157997177730915870e-04 -1.628495960593995609e-03
1.018284689559527043e-03 -5.775789385677606528e-04
1.011346987925234014e-03 4.404088772207310478e-04
7.852972027303631091e-04 1.252215192817151667e-03
3.701319032863956029e-04 1.725129886791506272e-03
-1.698108309363165821e-04 1.791619512998362260e-03
-7.476593415655574323e-04 1.461591113665037384e-03
-1.270052022781902046e-03 8.199757980816314027e-04
-1.654387751633877753e-03 1.010269415758920347e-05
-1.844026416278727546e-03 -7.939753545973246346e-04
-1.818571475035615174e-03 -1.420951106122688053e-03
-1.597297910850519267e-03 -1.735177160113450783e-03
-1.235086777735123521e-03 -1.662780901240903941e-03
-8.116460203831325337e-04 -1.206024462112491921e-03
-4.160678128390222184e-04 -4.431812196376890695e-04
-1.296547559065436197e-04 4.860555572460602161e-04
-1.027391676448213310e-05 1.406874922018848222e-03
-8.120709588401884768e-05 2.142384848620383815e-03
-3.266129470979100766e-04 2.547129446112177988e-03
-6.944631704530782827e-04 2.534739853525757713e-03
-1.106398314097891333e-03 2.094480530393867841e-03
-1.472637050778614985e-03 1.293553278022062207e-03
-1.709114536641144141e-03 2.647162276048069815e-04
-1.753602068197188286e-03 -8.184460290233811549e-04
-1.577751874447358774e-03 -1.773928202083851959e-03
-1.192781213982340056e-03 -2.445260832347421337e-03
-6.477131499173646115e-04 -2.730599859566550103e-03
-2.049967495981307191e-05 -2.601453829503419610e-03
5.963003626363801461e-04 -2.107515916200598804e-03
1.112585824032553267e-03 -1.366699166146963240e-03
1.457298967205391399e-03 -5.422750564396135566e-04
1.591402002408300346e-03 1.885428994656346627e-04
1.514797835448744058e-03 6.686095257939352141e-04
1.265894863244886644e-03 7.910011638010206510e-04
9.139080913078121739e-04 5.195921325976701841e-04
5.453634856551574633e-04 -1.038501261991493872e-04
2.473691071265911225e-04 -9.674013206570170010e-04
9.082759721295457535e-05 -1.910087768131122059e-03
1.167743365845014172e-04 -2.752370831240033480e-03
3.284322868019089658e-04 -3.330236355481247176e-03
6.904905621756993140e-04 -3.526432286953428384e-03
1.135744486464151676e-03 -3.292935489287196569e-03
1.577839611939182421e-03 -2.660387560039118113e-03
1.927705141275742667e-03 -1.732705135701523552e-03
2.110562443257901592e-03 -6.678758837682161184e-04
2.080284303172666178e-03 3.514342123209806450e-04
1.828380974191072105e-03 1.151908646561713122e-03
1.385905272218926863e-03 1.601813027843618144e-03
8.179085894878635821e-04 1.635343009879542753e-03
2.114892628698977046e-04 1.264491309060420884e-03
-3.403126139773734495e-04 5.762008118917128418e-04
-7.557337344376909710e-04 -2.846435843503138021e-04
-9.793686161309281702e-04 -1.143151047400142641e-03
-9.922669766636276877e-04 -1.827987207214479184e-03
-8.151447200212582874e-04 -2.204197110816258267e-03
-5.041092626940819627e-04 -2.199064408150539114e-03
-1.397165707613129838e-04 -1.816102725530463827e-03
1.885611161933271624e-04 -1.134524290321108552e-03
3.995101378045082035e-04 -2.942828508335703589e-04
4.357363933695230888e-04 5.304784073899965462e-04
2.746628999418805183e-04 1.164545617277777190e-03
-6.712024194158877372e-05 1.465045871641621616e-03
-5.369776101790527979e-04 1.348820493609571326e-03
-1.056229951280327622e-03 8.085700629891232408e-04
-1.535139328885660277e-03 -8.529451403120461885e-05
-1.890036858972921757e-03 -1.197455771519623843e-03
-2.059345059998638622e-03 -2.352735700072231418e-03
-2.015455150622836016e-03 -3.368654407001604300e-03
-1.770203682221207185e-03 -4.089349972743845478e-03
-1.372904179057172830e-03 -4.414450675997903806e-03
-9.012985651077778763e-04 -4.317446643601592117e-03
-4.471332656719122613e-04 -3.850096157363308048e-03
-9.908229963142330815e-05 -3.132045823094870441e-03
7.375811390355428016e-05 -2.327642863841506565e-03
3.468691810315635213e-05 -1.614341875421542588e-03
-2.138912159557522117e-04 -1.148698489641606854e-03
-6.311254396881839325e-04 -1.036397539676829366e-03
-1.145617234382416720e-03 -1.311997466943432347e-03
-1.669057155861909149e-03 -1.932230969912810282e-03
-2.113013744911357815e-03 -2.784133045478289371e-03
-2.405692912193487486e-03 -3.706458013958699796e-03
-2.505493013569167621e-03 -4.520328826807674949e-03
-2.408788936650616257e-03 -5.063311795793952463e-03
-2.150472616837631815e-03 -5.220459316449403350e-03
-1.797150257071013094e-03 -4.946435453122417086e-03
-1.434288160868956103e-03 -4.274526092888886533e-03
-1.149746021697221812e-03 -3.310817355526839492e-03
-1.016821619499860049e-03 -2.214633078311890099e-03
-1.080024446059899262e-03 -1.168922951772748261e-03
-1.346280042948511113e-03 -3.461948777110949657e-04
-1.783239341263149948e-03 1.235716849009205372e-04
-2.325022498045860135e-03 1.769697965495916053e-04
-2.884319212374259010e-03 -1.713725806101545034e-04
-3.368563787060305150e-03 -8.320694935151138174e-04
-3.697131247796676609e-03 -1.658361097789823888e-03
-3.816306876871847047e-03 -2.474303081995957946e-03
-3.709202347173441456e-03 -3.108415161353680206e-03
-3.398747594100947830e-03 -3.426410416912098553e-03
-2.943197619105140678e-03 -3.356803101605773058e-03
-2.425009508430765043e-03 -2.904542896838677082e-03
-1.935198958689297605e-03 -2.150092764811369333e-03
-1.556140138639051538e-03 -1.234125778872695268e-03
-1.346066044057042232e-03 -3.307412896114944644e-04
-1.328203120025953175e-03 3.857235168665082859e-04
-1.486595070791867004e-03 7.739961674456470771e-04
-1.769402850309771593e-03 7.529718166958624791e-04
-2.099050905962504109e-03 3.174751636950035212e-04
-2.387292153303775984e-03 -4.603139470228249149e-04
-2.552331645712889972e-03 -1.444053122977106626e-03
-2.534758108278342258e-03 -2.458562982927315135e-03
-2.309257477363980265e-03 -3.322503530580548335e-03
-1.889880739683279937e-03 -3.882227400109188650e-03
-1.327858546617386240e-03 -4.040412915332428946e-03
-7.023662283570303918e-04 -3.774067756165185028e-03
-1.059777568535240182e-04 -3.138505813900318436e-03
3.724468193465815943e-04 -2.256554602057043134e-03
6.642093611762115747e-04 -1.295045684859948577e-03
7.334508785225571847e-04 -4.330467757953579411e-04
5.836647131500850069e-04 1.721440844033085039e-04
2.568182284229215484e-04 4.148001539973555571e-04
-1.747462326965353095e-04 2.607194143644936402e-04
-6.220945444692259005e-04 -2.464474581714492466e-04
-9.965567341218774418e-04 -9.936899148338569632e-04
-1.226463879810814599e-03 -1.820338332819150182e-03
-1.270598181892143661e-03 -2.548857300113815168e-03
-1.125812189799366234e-03 -3.018892616640257535e-03
-8.273785877183602311e-04 -3.118115679362658873e-03
-4.420096833590719549e-04 -2.804014035176242634e-03
-5.487491841215866436e-05 -2.112490124479070135e-03
2.469177268992385358e-04 -1.151627225872626278e-03
3.912400544382999522e-04 -8.178958652883447887e-05
3.350488590650620418e-04 9.141889490230105907e-04
7.299731969251355666e-05 1.665096676667593943e-03
-3.610881708246810838e-04 2.043274045999896472e-03
-9.001555905392649801e-04 1.988348347496474329e-03
-1.456183141489106238e-03 1.518290102598168941e-03
-1.936432338921667941e-03 7.257073816583618385e-04
-2.260629770048209336e-03 -2.399122274491073486e-04
-2.375832204098240509e-03 -1.200643393744780640e-03
-2.266167258094386495e-03 -1.983859084985383891e-03
-1.955610829394821473e-03 -2.454871113920497130e-03
-1.503279582596880621e-03 -2.542295037059772323e-03
-9.921325979827476903e-04 -2.251339001282546323e-03
-5.132228125708556809e-04 -1.662504712583902453e-03
-1.484801115602524518e-04 -9.159527451643787030e-04
4.471541974715616263e-05 -1.845005436557962562e-04
4.425187896357589412e-05 3.596245981225935657e-04
-1.327298248674811188e-04 5.779714267560472074e-04
-4.333342480486236420e-04 3.926937183372498745e-04
-7.792237786653398923e-04 -1.980706779241192452e-04
-1.081785100632126368e-03 -1.119196425291428413e-03
-1.259269864143872488e-03 -2.232146975207540979e-03
-1.252655227020348138e-03 -3.360574045598935505e-03
-1.037211853228397779e-03 -4.323107036528194176e-03
-6.275794731596920535e-04 -4.967137185487749233e-03
-7.537943442194599154e-05 -5.197212014503119724e-03
5.401929116054054146e-04 -4.992674853872499513e-03
1.127023239212199528e-03 -4.411218959963919724e-03
1.597213416083102105e-03 -3.577690782424539778e-03
1.883458802555023487e-03 -2.660267808295264935e-03
1.951572011044994288e-03 -1.838524835524696756e-03
1.806785976825590672e-03 -1.269436364832625137e-03
1.492645937878103431e-03 -1.057751621823115572e-03
1.082702006935397409e-03 -1.236348853362319354e-03
6.665759122722817853e-04 -1.760284078132750250e-03
3.330393287007827729e-04 -2.515654574936646015e-03
1.533056462400450484e-04 -3.341590468572670433e-03
1.676952328451934704e-04 -4.061200379827810750e-03
3.781941991075747113e-04 -4.515600270411661635e-03
7.483095739559682096e-04 -4.594569641653526056e-03
1.210241185593093115e-03 -4.258016915141790357e-03
1.678004256629119081e-03 -3.544175444628629157e-03
2.064009345268234472e-03 -2.562963878048924934e-03
2.295951339689523540e-03 -1.475753891557936206e-03
2.330800754264734063e-03 -4.653627207668851757e-04
2.163239574445159370e-03 2.980601263485964641e-04
1.826936294005358178e-03 6.888038599580496336e-04
1.388411248375560989e-03 6.490190234674439451e-04
9.346470206097984117e-04 1.993647920173400017e-04
5.567838213926738604e-04 -5.651287453150479877e-04
3.329819387902375940e-04 -1.493195359516250650e-03
3.136920888674216319e-04 -2.406028177380018819e-03
5.121197114876857234e-04 -3.131101903870047234e-03
9.016870422854276297e-04 -3.534719041131955883e-03
1.420973110844431578e-03 -3.547120954963815884e-03
1.985197289973122080e-03 -3.175414391673723503e-03
2.502074483879503704e-03 -2.501873029345319521e-03
2.889043792950660855e-03 -1.667944632142507591e-03
3.088613899195187529e-03 -8.470026095874719912e-04
3.078926321225906176e-03 -2.110133500780398200e-04
2.877544215975791613e-03 1.025562989745570919e-04
2.537757869611700218e-03 1.731194526489489294e-05
2.138115429116935889e-03 -4.670602041512692849e-04
1.767170439696084646e-03 -1.274205212441747396e-03
1.506343455644784538e-03 -2.265055673259601041e-03
1.414151888771565018e-03 -3.263702009582322618e-03
1.514802778008065296e-03 -4.090289484099545597e-03
1.793316478255088404e-03 -4.594722778361491448e-03
2.198111973886917279e-03 -4.684804602588975991e-03
2.650570958016082793e-03 -4.343487137665998435e-03
3.059775633779599803e-03 -3.631974950822261256e-03
3.339634654111247117e-03 -2.678095283714618767e-03
3.425158260802265830e-03 -1.652139259658757771e-03
3.284803293570148861e-03 -7.347477280980430157e-04
2.926551166844379784e-03 -8.291946881766034880e-05
2.396566755387108047e-03 1.994272708366032123e-04
1.770689218744964403e-03 8.077313631379133031e-05
1.140361553933289755e-03 -3.924529219966089999e-04
5.956573979626213862e-04 -1.105133551076080932e-03
2.086121357794156524e-04 -1.895767417562140272e-03
2.000681679325080377e-05 -2.587582630653346982e-03
3.209882881417640537e-05 -3.022555171308194313e-03
2.086666740865983187e-04 -3.091878035248558573e-03
4.823508685528353273e-04 -2.757098876887959307e-03
7.678912426994118209e-04 -2.057911128608407719e-03
9.787443715525737890e-04 -1.105111228296215900e-03
1.043924915310483117e-03 -6.004410200119122184e-05
9.218725111041066412e-04 8.955815370395877164e-04
6.087095433453184202e-04 1.593801784469454615e-03
1.393179256757499408e-04 1.911979208207720445e-03
-4.189763022619224088e-04 1.795883412655398855e-03
-9.789209006006471033e-04 1.269904005546932139e-03
-1.449692447963988858e-03 4.324637969703335957e-04
-1.753995002614050632e-03 -5.624998333358544739e-04
-1.842666563846254157e-03 -1.534481711269825022e-03
-1.704027743983798065e-03 -2.310307694819488129e-03
-1.366200980076775519e-03 -2.756573798236018093e-03
-8.919580609103589918e-04 -2.804492036434942746e-03
-3.670670404076264103e-04 -2.462448702613282987e-03
1.156608083017641314e-04 -1.813908631839522036e-03
4.736102610922546556e-04 -1.001074599985703932e-03
6.496312635578284627e-04 -1.974088149406799794e-04
6.224553107009546046e-04 4.257673171510572251e-04
4.102959197624492823e-04 7.322576711183625357e-04
6.696101206930466019e-05 6.473015890180349504e-04
-3.287769120244185767e-04 1.722154794363225418e-04
-6.885302904682514711e-04 -6.154182906479902220e-04
-9.314497231874194465e-04 -1.576061734478244629e-03
-9.999237635131207839e-04 -2.534330700850151788e-03
-8.708438929864196695e-04 -3.311967745908078221e-03
-5.602937546761580564e-04 -3.761441492073120015e-03
-1.207677718935002667e-04 -3.793815052018256317e-03
3.685599920278131601e-04 -3.395609156607226273e-03
8.166785440481575883e-04 -2.631467200259547841e-03
1.137886610081765767e-03 -1.632115452946194612e-03
1.267997711176225640e-03 -5.698937293152427737e-04
1.176534871856467577e-03 3.735167778156054958e-04
8.726040802935768233e-04 1.041066151756839947e-03
4.033312128663419488e-04 1.329586092045966991e-03
-1.548460288068188428e-04 1.208790597118813764e-03
-7.103879506299923003e-04 7.264414963477737333e-04
-1.173680646694195452e-03 -1.286131001572356648e-06
-1.473665319033355594e-03 -8.124006620204727441e-04
-1.570928920451620820e-03 -1.530360200812378585e-03
-1.464786417927991732e-03 -1.998074439814850195e-03
-1.193022875191867942e-03 -2.108190639860350272e-03
-8.243534375178031282e-04 -1.823916591991158864e-03
-4.450380347795918892e-04 -1.186426179432418767e-03
-1.421941315298880021e-04 -3.074348781795936984e-04
1.302441484861199469e-05 6.516580154218090670e-04
-2.081029433703739454e-05 1.510118397735525902e-03
-2.473091781313217861e-04 2.101976501715481851e-03
-6.313840375301279020e-04 2.307422888924826922e-03
-1.105745655431170918e-03 2.075557700937328588e-03
-1.583554831672942358e-03 1.434184717105109691e-03
-1.974832754004682625e-03 4.847927542153437734e-04
-2.203523954212042481e-03 -6.163303318279674502e-04
-2.221980083854722780e-03 -1.687282028073760782e-03
-2.020119566360355657e-03 -2.554510886475460166e-03
-1.627524768139937926e-03 -3.085142974095612684e-03
-1.108074221161188012e-03 -3.211560283049365652e-03
-5.481197793261537556e-04 -2.943590438128201522e-03
-4.044001099115458655e-05 -2.366013402167461369e-03
3.329996893336485946e-04 -1.621871270355711115e-03
5.162242447709887655e-04 -8.847552987448504538e-04
4.894981331146191486e-04 -3.253311329739195200e-04
2.727148153994058918e-04 -7.845367574132143529e-05
-7.870665574744376003e-05 -2.171106368307317708e-04
-4.846323485644315815e-04 -7.381397769106741013e-04
-8.556764670370751221e-04 -1.562434198379478991e-03
-1.110381465586349984e-03 -2.549605171864010797e-03
-1.190855807738786225e-03 -3.524332724979022374e-03
-1.073902946435417510e-03 -4.309419287169696106e-03
-7.755299479218659550e-04 -4.759290479508909363e-03
-3.479790136774742974e-04 -4.787600339621503158e-03
1.301576071416646828e-04 -4.383712319739246042e-03
5.688675867867562562e-04 -3.614931429284057567e-03
8.838648227539138737e-04 -2.614058677632657285e-03
1.012702449392172653e-03 -1.554616240373315854e-03
9.267973980858074112e-04 -6.184247514649185169e-04
6.370845091551362391e-04 3.833894901094075242e-05
1.922235627345215167e-04 3.141884699698171534e-04
-3.303081483994575133e-04 1.809914765874825072e-04
-8.385587803308883290e-04 -3.112706463595648222e-04
-1.243173025324144018e-03 -1.044534957181936750e-03
-1.473967901345198421e-03 -1.855567977498476934e-03
-1.492883904062215902e-03 -2.567404304150176526e-03
-1.300868514333172353e-03 -3.023347503135283016e-03
-9.373976936891779011e-04 -3.117083768292100605e-03
-4.727344924296739592e-04 -2.813196085199861501e-03
5.601591406401867403e-06 -2.154185728950204319e-03
4.095855978765553548e-04 -1.252664399969468691e-03
6.674809143086849958e-04 -2.701901073946494478e-04
7.374916384290390765e-04 6.132490158670617433e-04
6.156855543135673079e-04 1.233325774432267839e-03
3.366861754003730401e-04 1.472583540562985831e-03
-3.299701632050529337e-05 1.282851610138582236e-03
-4.077356324340525003e-04 6.946166492526242159e-04
-6.992263928533754306e-04 -1.884313415629167024e-04
-8.334942752140822629e-04 -1.208654511039570448e-03
-7.652299379663753337e-04 -2.183888135270985100e-03
-4.867402080550955502e-04 -2.941467455543836720e-03
-2.980943642097151711e-05 -3.350429507342564048e-03
5.398890018956322995e-04 -3.345805206507612532e-03
1.134781828996670643e-03 -2.940414905183296075e-03
1.661524919326686552e-03 -2.221946789069715635e-03
2.038228069598371772e-03 -1.335883885526546353e-03
2.209524007349242345e-03 -4.575245091991433054e-04
2.156638357978458726e-03 2.415946264476259014e-04
1.900563564204241782e-03 6.265046076229605770e-04
1.497744890518533552e-03 6.246191146993774687e-04
1.029103550515745799e-03 2.396625785276303936e-04
5.844824407832267506e-04 -4.489309366428242271e-04
2.454653453316097116e-04 -1.301037631919367207e-03
6.982697330003805047e-05 -2.142439856774217867e-03
8.056081804584257385e-05 -2.797961102928339314e-03
2.615634058041285031e-04 -3.124862903579068291e-03
5.607915448070347093e-04 -3.040174786508067530e-03
9.002927120039032295e-04 -2.536775337080948885e-03
1.191205971163881820e-03 -1.685170781664069133e-03
1.350888459017961837e-03 -6.206243055795041506e-04
1.318918874384083671e-03 4.819380044151701128e-04
1.068940921994806885e-03 1.440505203143098607e-03
6.140962602678353430e-04 2.099887841541570738e-03
5.009336237779906959e-06 2.360545968800878847e-03
-6.793039629446544865e-04 2.196893835346817002e-03
-1.345892477975275470e-03 1.661628623342382115e-03
-1.904963716085533070e-03 8.752761720169515997e-04
-2.286388972692778195e-03 2.944832535969584345e-06
-2.452504309080689743e-03 -7.773004496791689841e-04
-2.404793058306381980e-03 -1.308446340055021686e-03
-2.183193485025194426e-03 -1.484474528289195759e-03
-1.858170818199995520e-03 -1.270564639149675528e-03
-1.517061838581450044e-03 -7.097272057446488060e-04
-1.247283364556436760e-03 8.539118468949241474e-05
-1.119588324868189344e-03 9.539786527059473074e-04
-1.174542558183575957e-03 1.717736824192393243e-03
-1.414784088345904037e-03 2.214954149180976915e-03
-1.804530173109714216e-03 2.331515456792135517e-03
-2.276423532492044891e-03 2.022967669429889207e-03
-2.744418014332896619e-03 1.323453358938613683e-03
-3.120259041649154838e-03 3.398089035321828657e-04
-3.330432378103706254e-03 -7.680680513510364932e-04
-3.330365171316354393e-03 -1.816877953366044258e-03
-3.113182810465423434e-03 -2.634003434105950184e-03
-2.711355420458331274e-03 -3.089578270147555310e-03
-2.190913692576306696e-03 -3.120482706455517292e-03
-1.639320388257895335e-03 -2.741734913055892623e-03
-1.149284931920150840e-03 -2.043134172519560539e-03
-8.015766408139739577e-04 -1.171803015991860087e-03
-6.500819188430646215e-04 -3.039443444745068643e-04
-7.119262711215716861e-04 3.888297538704942827e-04
-9.645236653359720884e-04 7.722146369517498242e-04
-1.350105011458351944e-03 7.747749822081522603e-04
-1.786862498353820189e-03 4.015084752096126190e-04
-2.184595111168988191e-03 -2.671581381830839862e-04
-2.461889786953270869e-03 -1.090749529978993215e-03
-2.561583427019057790e-03 -1.895583293984020451e-03
-2.461578081303575707e-03 -2.507984656346337517e-03
-2.178963037988678516e-03 -2.787577753384363425e-03
-1.766666321733069509e-03 -2.654340483468267849e-03
-1.303273934594954353e-03 -2.104289212876094863e-03
-8.779499513077447569e-04 -1.210811264588012529e-03
-5.733191347467378332e-04 -1.113797523969283220e-04
-4.495602633414615915e-04 1.017847454134140125e-03
-5.327296953003362017e-04 1.994749022317632205e-03
-8.095341388780712523e-04 2.665100005888188482e-03
-1.229550717001143181e-03 2.931172641086610998e-03
-1.714482357383593234e-03 2.769675625708896676e-03
-2.172704306365566725e-03 2.235647224792941534e-03
-2.516355450021973746e-03 1.451576013778720997e-03
-2.677745900943941017e-03 5.838188759490773238e-04
-2.621981251517546165e-03 -1.892103636412748469e-04
-2.353419524332621415e-03 -7.110517454859000951e-04
-1.914743624223021580e-03 -8.769649311494115244e-04
-1.378829110126839107e-03 -6.538112699719276447e-04
-8.349499023999073805e-04 -8.628715686204266495e-05
-3.719351457715556293e-04 7.116698013152363391e-04
-6.146619097384311420e-05 1.578670643799682085e-03
5.532543373010473213e-05 2.336729058221821524e-03
-2.457525778235903138e-05 2.825329433876169923e-03
