-2.107520893982781996e-04 1.535571354591677533e-03
-1.932473156553941179e-04 2.085608260828555448e-03
-1.927299971189658364e-04 2.568693840174837185e-03
-2.366204712870466007e-04 2.931206254996431091e-03
-3.412168034340186222e-04 3.139124411494041613e-03
-5.083283153119002359e-04 3.183818514714191125e-03
-7.247297631762100734e-04 3.083121193436956856e-03
-9.645428969427150695e-04 2.877488258251236896e-03
-1.194095907769060711e-03 2.621985540651226767e-03
-1.378340133017610632e-03 2.375625990632606026e-03
-1.487606590291947958e-03 2.190080194336227731e-03
-1.503418698936602026e-03 2.099899296258707360e-03
-1.422254498611982398e-03 2.116100107713998410e-03
-1.256538325832923112e-03 2.224322779483005851e-03
-1.032665086990640921e-03 2.387902944497747280e-03
-7.864209419305845513e-04 2.555267199154556950e-03
-5.566562523375190351e-04 2.670239914048078145e-03
-3.783969109657861767e-04 2.683296129322838407e-03
-2.766861339543599742e-04 2.561614496154474528e-03
-2.623104144540147555e-04 2.296010146154237822e-03
-3.302068061635393421e-04 1.903417258617784002e-03
-4.608415317136970260e-04 1.424433279774676422e-03
-6.242881103966334277e-04 9.163717747732094817e-04
-7.862231252968795991e-04 4.431217177193759438e-04
-9.146959532850980866e-04 6.371653562205377430e-05
-9.863837332814780375e-04 -1.782382544483312710e-04
-9.911419752049511513e-04 -2.622909592572893623e-04
-9.339857047420511982e-04 -1.945723665878586542e-04
-8.341244146300480673e-04 -6.287808294489231811e-06
-7.212338370748970799e-04 2.524344118637227626e-04
-6.296726354706951197e-04 5.221686130450954198e-04
-5.917430701489403023e-04 7.454666593298997805e-04
-6.312774524401796889e-04 8.776479725741495336e-04
-7.587721166982341978e-04 8.950649441252214646e-04
-9.689990486681661873e-04 7.992847153403733482e-04
-1.241557387510439222e-03 6.164040019361433868e-04
-1.544271337264667854e-03 3.916374500459492017e-04
-1.838802773473800041e-03 1.802169585229411106e-04
-2.087427909254607142e-03 3.633960133873502443e-05
-2.259707101431356925e-03 2.272614840185161085e-06
-2.337796936432491937e-03 9.969512866187999183e-05
-2.319410342233939586e-03 3.249333427721043345e-04
-2.217875049975032153e-03 6.490087612572745203e-04
-2.059289116198070434e-03 1.022507447630414479e-03
-1.877320604085045905e-03 1.384364689829082002e-03
-1.706643106063296042e-03 1.672916955036349903e-03
-1.576255427911580449e-03 1.837142194085427793e-03
-1.503953895274484902e-03 1.845972035292937387e-03
-1.493005619967160448e-03 1.693922340269876994e-03
-1.531652402662938249e-03 1.401983314451390799e-03
-1.595537068429060982e-03 1.013605388902250352e-03
-1.652588820572918615e-03 5.865430084104349172e-04
-1.669436822862278152e-03 1.821000157537983662e-04
-1.618130212908575061e-03 -1.461904096198259409e-04
-1.481883246744371708e-03 -3.623138971655594665e-04
-1.258747577171553120e-03 -4.541139214572940063e-04
-9.625051010415789678e-04 -4.350323765705419658e-04
-6.206002861087001141e-04 -3.409351256931902863e-04
-2.694909338473879239e-04 -2.226383880549446690e-04
5.171507428845337488e-05 -1.355672883275494561e-04
3.081448663626696976e-04 -1.285219524014529890e-04
4.752761158487314405e-04 -2.336961449608161712e-04
5.431366435164834260e-04 -4.598564766507861386e-04
5.178034915314582787e-04 -7.899915255137543446e-04
4.199269629588309378e-04 -1.183893183394351669e-03
2.805669574996456483e-04 -1.585197553417993068e-03
1.351361803670894299e-04 -1.931566853355586727e-03
1.660145438863298807e-05 -2.166097221427378677e-03
-5.076705991564759487e-05 -2.247803076041143908e-03
-5.591462968996386120e-05 -2.159201151227266302e-03
-2.934509774658964221e-06 -1.909563910191618662e-03
8.994826721978548380e-05 -1.533229291891415004e-03
1.941442247834006501e-04 -1.083286984530383145e-03
2.764975724685406764e-04 -6.218340037449745280e-04
3.060086605831841022e-04 -2.086391304149329143e-04
2.601978402067522522e-04 1.096456597555203012e-04
1.298945058186489019e-04 3.076947299812587749e-04
-7.846765641681698565e-05 3.855978351795242274e-04
-3.434966549169213594e-04 3.680694153910523412e-04
-6.323202945474660792e-04 2.989444377577125012e-04
-9.062510690590376301e-04 2.320208103162606423e-04
-1.127578194753938627e-03 2.200009870698341067e-04
-1.266213150599310774e-03 3.036457020258374840e-04
-1.304941973257587803e-03 5.032125752984771029e-04
-1.242300236026278818e-03 8.138192366730514051e-04
-1.092535405926055954e-03 1.205626625004980936e-03
-8.826711819713444797e-04 1.628824134486327527e-03
-6.472353830115141256e-04 2.022487378699964512e-03
-4.216534509043174338e-04 2.325644043433036223e-03
-2.355603039522410360e-04 2.488462873406028803e-03
-1.072967038327951573e-04 2.481454949934644959e-03
-4.062999696999395347e-05 2.300950033177584335e-03
-2.431595969192335590e-05 1.969813190519675069e-03
-3.457868093253279863e-05 1.533265275158658464e-03
-4.003120461449876234e-05 1.050595024160992522e-03
-8.095996365242545678e-06 5.843256797034642076e-04
8.830098558229067121e-05 1.888783898382101782e-04
2.650417063405070654e-04 -9.913249224947039140e-05
5.232224722903118389e-04 -2.671482483047717474e-04
8.483487185946682156e-04 -3.282910208305587726e-04
1.212483806714135257e-03 -3.180746343186172760e-04
1.578958076608325467e-03 -2.868418500560754704e-04
1.908759248866813332e-03 -2.893787561641320894e-04
2.167406234449811755e-03 -3.736917298580471518e-04
2.331015906986831209e-03 -5.710907602036665188e-04
2.390423964247336518e-03 -8.894749110189584208e-04
2.352587985889389825e-03 -1.311108314648219871e-03
2.239013739521598673e-03 -1.795323356834289258e-03
2.081507620151802976e-03 -2.285652954795577667e-03
1.916062498904985961e-03 -2.720053087252248449e-03
1.776035750411303436e-03 -3.042289251422266357e-03
1.685910314830411406e-03 -3.212337589182327063e-03
1.656817356973084871e-03 -3.213835305507586199e-03
1.684663704529228015e-03 -3.057170929960347991e-03
1.751212312120505911e-03 -2.777627736518148947e-03
1.827903254863829990e-03 -2.428927511567175769e-03
1.881682418749951787e-03 -2.073390088908299601e-03
1.881723693713679025e-03 -1.770562334762999703e-03
1.805760341082938156e-03 -1.566457787596027725e-03
1.644814548398546928e-03 -1.485430562032465096e-03
1.405417134818500498e-03 -1.526206730677114737e-03
1.108884572871340511e-03 -1.662807985006277368e-03
7.877779630305691656e-04 -1.850175249699527891e-03
4.802027659830916738e-04 -2.033409639893294079e-03
2.230177988172313253e-04 -2.158863278573235241e-03
4.522963358041679274e-05 -2.184962700401333648e-03
-3.718524478656332413e-05 -2.090699074212041576e-03
-2.405699553224886983e-05 -1.880162504627588740e-03
6.912281777248353940e-05 -1.582248310269780862e-03
2.142373204597217899e-04 -1.245579258117442481e-03
3.758948102810142039e-04 -9.295957641242500596e-04
5.180808364002795208e-04 -6.934940701077528394e-04
6.108545100141221651e-04 -5.851024778035362073e-04
6.358251402779112674e-04 -6.318001566491303692e-04
5.893779675180592457e-04 -8.351990432691503178e-04
4.830455647574830556e-04 -1.170599557874058613e-03
3.409633555491012368e-04 -1.591329603000619973e-03
1.949010115498292181e-04 -2.037154165018413652e-03
7.782144644824306534e-05 -2.445174348091511390e-03
1.719859656650768063e-05 -2.761165284875619942e-03
2.937123580609268380e-05 -2.949220912740550468e-03
1.160139821565147429e-04 -2.997895460913460597e-03
2.634055433916501201e-04 -2.921695691985833412e-03
4.446440796464749693e-04 -2.757658702569223356e-03
6.244007352412637036e-04 -2.557680641342678293e-03
7.653207482606222975e-04 -2.378065858860467074e-03
8.348683098809077212e-04 -2.268291512369916864e-03
8.113258560340596117e-04 -2.261130026282118493e-03
6.878169495001874075e-04 -2.366013173213129747e-03
4.735943771083156364e-04 -2.566905893160374621e-03
1.923510555919845768e-04 -2.825101917155463990e-03
-1.221268455903568115e-04 -3.086418942238820448e-03
-4.321438286828521692e-04 -3.291435480620301911e-03
-7.029493400921398016e-04 -3.386832861522773470e-03
-9.089705491976701355e-04 -3.335693832215268304e-03
-1.038251115459279091e-03 -3.124804005685839076e-03
-1.094264575023899330e-03 -2.767567225260769963e-03
-1.094769317655197713e-03 -2.301973884042956154e-03
-1.067933266340838567e-03 -1.783995638656889551e-03
-1.046474046760856183e-03 -1.277643918888954257e-03
-1.060936613084119667e-03 -8.435596117813384982e-04
-1.133393749413666657e-03 -5.282780417383131904e-04
-1.272774643991347616e-03 -3.561845065067983668e-04
-1.472718028202168062e-03 -3.256655866818903991e-04
-1.712367641506532369e-03 -4.101668169717102288e-04
-1.959969681873017459e-03 -5.639385613349424432e-04
-2.178600119583253610e-03 -7.313649254354952440e-04
-2.332945005727581934e-03 -8.580932075103310606e-04
-2.395855865488699492e-03 -9.018419576046457671e-04
-2.353443036993215116e-03 -8.408284185581567285e-04
-2.207744724605113958e-03 -6.782090417839890676e-04
-1.976466576451746220e-03 -4.416840955589073259e-04
-1.689839280118953478e-03 -1.783356589094212260e-04
-1.385185398228399190e-03 5.432641328987345601e-05
-1.100218531478887622e-03 1.994151363219551221e-04
-8.663361724643246081e-04 2.117184149612858814e-04
-7.031672219581363171e-04 6.665415867262958986e-05
-6.153961889479892412e-04 -2.345754060532811644e-04
-5.924538608153939560e-04 -6.646169411580919251e-04
-6.111205790884428240e-04 -1.174469183301953728e-03
-6.405361505169587409e-04 -1.702018414010481300e-03
-6.486544208040282604e-04 -2.183006625271734051e-03
-6.089069938151601448e-04 -2.562373386336767866e-03
-5.058012901765555859e-04 -2.803842451450756952e-03
-3.383805371875883532e-04 -2.895956851534414907e-03
-1.208790249826906726e-04 -2.853438585729567087e-03
1.195618010413195551e-04 -2.713633769084462799e-03
3.476929229218622837e-04 -2.528733696731392221e-03
5.265715905389844499e-04 -2.355260760361409765e-03
6.243805911407590732e-04 -2.242824340663521730e-03
6.203654677464302391e-04 -2.224287995945766101e-03
5.087672440151547919e-04 -2.309219725369076812e-03
3.000057329968748923e-04 -2.481872891249053709e-03
1.888707337831091844e-05 -2.704084785209356565e-03
-2.998293895116431462e-04 -2.922545833694825766e-03
-6.176716416567912607e-04 -3.079061976509669691e-03
-8.993292241294878996e-04 -3.121863134364638668e-03
-1.118868961332619922e-03 -3.015809834030888127e-03
-1.264126001932234936e-03 -2.749556079725965201e-03
-1.338450522586375141e-03 -2.338300498756801238e-03
-1.359491901980678080e-03 -1.821591028129223569e-03
-1.355263584830076508e-03 -1.256583221281895287e-03
-1.358246916291607495e-03 -7.080116747821710386e-04
-1.398663412222227349e-03 -2.367554064820967400e-04
-1.498201962413094534e-03 1.108563640207604721e-04
-1.665400618997641378e-03 3.109919538939217958e-04
-1.893568360175456721e-03 3.660321756406251670e-04
-2.161650066164004600e-03 3.033669917200983580e-04
-2.437879220666087400e-03 1.695185034165227816e-04
-2.685533380688089489e-03 2.071836423445273931e-05
-2.869707528864786587e-03 -8.826279432201384733e-05
-2.963825799887656338e-03 -1.149075181741028313e-04
-2.954659650591558162e-03 -3.731293154693828603e-05
-2.844901359890438138e-03 1.414680752182365412e-04
-2.652802677745896408e-03 3.939313532668548218e-04
-2.408942265732496191e-03 6.733768291355175665e-04
-2.150727469836253951e-03 9.229174037690633095e-04
-1.915663377833046275e-03 1.086530656613638509e-03
-1.734654150035948479e-03 1.120053154183372861e-03
-1.626594370889201599e-03 1.000025581375947256e-03
-1.595263045464143711e-03 7.287016538181938143e-04
-1.629096288821098130e-03 3.342582433259349054e-04
-1.703869400330074212e-03 -1.338487786928118067e-04
-1.787768143216364458e-03 -6.135205195426715738e-04
-1.847876964827448870e-03 -1.041025350503761325e-03
-1.856844188164517243e-03 -1.362316778422417154e-03
-1.798451555164189749e-03 -1.542533871685107571e-03
-1.671024068665790188e-03 -1.571902834785429606e-03
-1.488026344640222976e-03 -1.466938838395349335e-03
-1.275725934674738988e-03 -1.266735782504756040e-03
-1.068361116895409245e-03 -1.025060084113766680e-03
-9.017249697499345575e-04 -7.997570867563051633e-04
-8.063792866312238274e-04 -6.414852757348454533e-04
-8.017838833080651777e-04 -5.839182832344583501e-04
-8.924554178201392785e-04 -6.372741098406571429e-04
-1.066887397632868342e-03 -7.863982594489504980e-04
-1.299441959524464145e-03 -9.937624546369385869e-04
-1.554862895406171905e-03 -1.206807127096640782e-03
-1.794564465146071845e-03 -1.368230778981389169e-03
-1.983515462592192781e-03 -1.427268879395771246e-03
-2.096426198452536714e-03 -1.349815370976329820e-03
-2.122078680183067754e-03 -1.125457066212788787e-03
-2.064992179523185249e-03 -7.700741312204094705e-04
-1.944120943606335132e-03 -3.234981505936876107e-04
-1.788842489928629906e-03 1.573457587219632460e-04
-1.633007385299959811e-03 6.085316786012787311e-04
-1.508187627763500930e-03 9.705668713869771867e-04
-1.437411407919317666e-03 1.199019051091200451e-03
-1.430578622503889423e-03 1.272340912767742742e-03
-1.482431765059948753e-03 1.195425366578515333e-03
-1.573471303416515117e-03 9.982317231909667785e-04
-1.673645338785967459e-03 7.297544713776725651e-04
-1.748116169922122026e-03 4.484859649780082932e-04
-1.764011217445463986e-03 2.111857822929363946e-04
-1.696877465619947394e-03 6.208755157714697034e-05
-1.535612850546179712e-03 2.458849620640124727e-05
-1.284934634691157433e-03 9.699410497685607892e-05
-9.649095339666892380e-04 2.531197762216219724e-04
-6.076252531064027908e-04 4.476289879236753115e-04
-2.516231096410513645e-04 6.250882078557254591e-04
6.486563259997459746e-05 7.310127252794528831e-04
3.106112988375556920e-04 7.227985992764076597e-04
4.667508608928605681e-04 5.784557872107137875e-04
5.298234451645285163e-04 3.014725195127539452e-04
5.119141136227709464e-04 -7.912742264451922553e-05
4.378907782387573156e-04 -5.135631928760725105e-04
3.402687244416572861e-04 -9.400242610791749052e-04
2.526853648537934964e-04 -1.295711784601927437e-03
2.032296932381427550e-04 -1.528120164657690043e-03
2.088969128363358987e-04 -1.604438348552011170e-03
2.722239855899443871e-04 -1.517304924230499560e-03
3.807470852892889425e-04 -1.285839575229785238e-03
5.093857114729906594e-04 -9.517656940041881349e-04
6.253021041448142978e-04 -5.713659970856237039e-04
6.943139320398940533e-04 -2.047993679654766400e-04
6.876421719656329503e-04 9.519596527846020326e-05
5.877107562298663481e-04 2.930744475763963483e-04
3.918923574063838612e-04 3.768834906625298693e-04
1.134819846072633630e-04 3.600863157160449630e-04
-2.202964114905334126e-04 2.784709756064741425e-04
-5.728844787955833257e-04 1.827420396086504588e-04
-9.047276568466927323e-04 1.282110800901423457e-04
-1.180169956642162198e-03 1.635533117124755853e-04
-1.373613148925286256e-03 3.207760851729619380e-04
-1.473787427802582695e-03 6.083166228800322966e-04
-1.485337854438176881e-03 1.008594605831824621e-03
-1.427438482519098085e-03 1.480502011385184972e-03
-1.329707926585979669e-03 1.966377609602866939e-03
-1.226209891877866505e-03 2.402163789320490173e-03
-1.148683348024934561e-03 2.728839810321905326e-03
-1.120291249596613598e-03 2.902982473776934049e-03
-1.151076718908465753e-03 2.904468636408031636e-03
-1.235990389651767845e-03 2.739873065524165829e-03
-1.355863790239557939e-03 2.440927823946437841e-03
-1.481143825070188038e-03 2.058341862048472092e-03
-1.577678632006101426e-03 1.652155272814729778e-03
-1.613454759071329073e-03 1.280455967849588456e-03
-1.565003658748193071e-03 9.885937177856139995e-04
-1.422256432862983519e-03 8.009294685719745444e-04
-1.190918075810318104e-03 7.166750342231212496e-04
-8.919008478882537979e-04 7.106011614943009459e-04
-5.579122117119776278e-04 7.384677684338727694e-04
-2.278307734324780485e-04 7.461339282158689201e-04
6.007796102566916041e-05 6.806066515991870914e-04
2.748346789872834492e-04 5.009190205039700016e-04
3.980577465716390374e-04 1.867595489650575400e-04
4.269199644852701291e-04 -2.568001122619440520e-04
3.742025497567585826e-04 -7.993933608129817278e-04
2.654468685359046205e-04 -1.390264750401073090e-03
1.337526659117943236e-04 -1.967083035742974231e-03
1.321564360704441041e-05 -2.467009231890556278e-03
-6.774682271716418215e-05 -2.837939234110645626e-03
-9.191367478556585618e-05 -3.047805601348655552e-03
-5.657456152134921140e-05 -3.090188414241188449e-03
2.598749777998042316e-05 -2.985181558186154362e-03
1.309351840766200686e-04 -2.775356537208760639e-03
2.257725668481397763e-04 -2.517591442151315140e-03
2.767653128188915556e-04 -2.272312792733587831e-03
2.556629397351551226e-04 -2.092185003510437478e-03
1.454418881684855949e-04 -2.012384040447779548e-03
-5.602777456402858189e-05 -2.044289229775604275e-03
-3.350971796938558987e-04 -2.173777518954350414e-03
-6.644143616430698727e-04 -2.364430843412329390e-03
-1.007580131638955052e-03 -2.565035096422069779e-03
-1.325515131464267407e-03 -2.719935076272359236e-03
-1.583345030854465575e-03 -2.780267878777908409e-03
-1.756512376324174301e-03 -2.713930144702066984e-03
-1.834969389835006603e-03 -2.512374005332644426e-03
-1.824668467213776124e-03 -2.192927162476621464e-03
-1.746077634743122388e-03 -1.796180566112006317e-03
-1.630010153909308137e-03 -1.378922030226499996e-03
-1.511564451202124237e-03 -1.003938819253300408e-03
-1.423326631199082950e-03 -7.286067763861008321e-04
-1.389125623514597327e-03 -5.944153393584439542e-04
-1.419524471017606345e-03 -6.194028652325959819e-04
-1.509900609474603165e-03 -7.949281267831561065e-04
-1.641475875781001634e-03 -1.087385451941512383e-03
-1.785096641084838983e-03 -1.444537645681315350e-03
-1.907042038654104942e-03 -1.805269215836938571e-03
-1.975752701980581193e-03 -2.110917493053122117e-03
-1.968196782596623538e-03 -2.316043043650307595e-03
-1.874657566435632182e-03 -2.396609346072451144e-03
-1.701024988347787925e-03 -2.354034422295881064e-03
-1.468145358192911440e-03 -2.214360637012379764e-03
-1.208340303083440311e-03 -2.022714795119968240e-03
-9.597419027765468355e-04 -1.834123623769019946e-03
-7.595047670839669141e-04 -1.702440612262255161e-03
-6.371690225861219217e-04 -1.669498166977161861e-03
-6.094204534608381636e-04 -1.756556329447857712e-03
-6.772306043370491732e-04 -1.959683993758953857e-03
-8.259103536981742769e-04 -2.249963081598246612e-03
-1.028060343524431902e-03 -2.578491664487701871e-03
-1.248854829865554076e-03 -2.885251744020127327e-03
-1.452655497107957190e-03 -3.110173707804333304e-03
-1.609701830010641004e-03 -3.204311337171393721e-03
-1.701612047104325998e-03 -3.139017874945816342e-03
-1.724655709769133509e-03 -2.911389545761275920e-03
-1.690182889764310550e-03 -2.544946943772151762e-03
-1.622134923048274219e-03 -2.085423623588491485e-03
-1.552115981081460391e-03 -1.592454912463664180e-03
-1.512967971961803187e-03 -1.128733582513223241e-03
-1.532075880845404142e-03 -7.486761709121855400e-04
-1.625682649939319633e-03 -4.887341335781185099e-04
-1.795302213058961672e-03 -3.611706043868365438e-04
-2.026922390705404239e-03 -3.524656969721310989e-04
-2.293161166547082706e-03 -4.266356227700340798e-04
-2.557980417623916414e-03 -5.328196138453160716e-04
-2.783076397084998342e-03 -6.156800832607307351e-04
-2.934747973922674849e-03 -6.266287345592747937e-04
-2.989952105197357483e-03 -5.337353152600487777e-04
-2.940408606019048569e-03 -3.284259321479380753e-04
-2.793984125988622971e-03 -2.768691578644902600e-05
-2.573098719962497831e-03 3.286572093272165248e-04
-2.310460326845602524e-03 6.850884860170117219e-04
-2.042936484739138556e-03 9.806202143760828303e-04
-1.804723325840393560e-03 1.160173126704512787e-03
-1.621102952406832136e-03 1.184953909104813439e-03
-1.503966932381850356e-03 1.039873037590653432e-03
-1.449947386903453544e-03 7.365966370948674822e-04
-1.441501691450079031e-03 3.116509136511225447e-04
-1.450736031342188606e-03 -1.800682683250402988e-04
-1.445233155408006970e-03 -6.751606802879973283e-04
-1.394769123782096465e-03 -1.113105295219008395e-03
-1.277634720525950684e-03 -1.447020192568451886e-03
-1.085351536771821893e-03 -1.651776802961339111e-03
-8.248764624685514047e-04 -1.727948938559083084e-03
-5.178639532135956465e-04 -1.700866838997344135e-03
-1.971129090387711163e-04 -1.614974012155517835e-03
9.914124338691957796e-05 -1.524574315125452103e-03
3.340197111508230320e-04 -1.482740040239634294e-03
4.786024705274602117e-04 -1.530499364181324906e-03
5.170978157446543336e-04 -1.688367585892830208e-03
4.496073503025299644e-04 -1.951841360009801867e-03
2.919679221619712059e-04 -2.291722963247483022e-03
7.270353951740022257e-05 -2.659224975168224779e-03
-1.723344818283134474e-04 -2.994898226509506208e-03
-4.066251831433605884e-04 -3.239699358293264379e-03
-5.996757414112034073e-04 -3.346106461792464244e-03
-7.324959952191532897e-04 -3.287179321352815767e-03
-8.008197890518705319e-04 -3.061847082959381038e-03
-8.154715120076237028e-04 -2.695417641443274663e-03
-7.998182421524683162e-04 -2.235205032128471849e-03
-7.848010031452430819e-04 -1.742092909046278996e-03
-8.024980343953733901e-04 -1.279619320468880668e-03
-8.794516572183236607e-04 -9.026352618244432502e-04
-1.031035500979226660e-03 -6.476684718750721180e-04
-1.257941971019975414e-03 -5.267997245167476989e-04
-1.545468173471319052e-03 -5.261928721940145820e-04
-1.865748123450282738e-03 -6.095382382437157347e-04
-2.182520395210705601e-03 -7.257385794829570311e-04
-2.457539228759705527e-03 -8.193639068264204142e-04
-2.657424616986078791e-03 -8.418779806618772142e-04
-2.759662261005565650e-03 -7.614943854995267613e-04
-2.756623560545813471e-03 -5.697811448242820140e-04
-2.656848881041964060e-03 -2.837503959736405266e-04
-2.483353611185751958e-03 5.697326900650480038e-05
-2.269278283445448977e-03 3.973779121358670275e-04
-2.051704953371480834e-03 6.773204092926977428e-04
-1.864807318492963132e-03 8.428745839212985419e-04
-1.733626370695349247e-03 8.566226503074546132e-04
-1.669643222654814893e-03 7.049385574788110580e-04
-1.668978921293662668e-03 4.008786417504623073e-04
-1.713552320926316685e-03 -1.787588227654868158e-05
-1.774965902851775856e-03 -4.956455621868074849e-04
-1.820372080703902334e-03 -9.687064559196188491e-04
-1.819196997789241125e-03 -1.376700829857619487e-03
-1.749436220369723167e-03 -1.673360266619035698e-03
-1.602317851341320161e-03 -1.834527930786442572e-03
-1.384438069610830109e-03 -1.861978816523063383e-03
-1.116953333698939097e-03 -1.782332689698956554e-03
-8.319717169683174323e-04 -1.641283436223793090e-03
-5.668173451261042948e-04 -1.494254742339859053e-03
-3.572460167580737440e-04 -1.395267678185061876e-03
-2.308902528604429047e-04 -1.386142929551682952e-03
-2.021703018162074946e-04 -1.488095317632643320e-03
-2.696318792521324673e-04 -1.697323232647351401e-03
-4.162138154468009252e-04 -1.985436887982501911e-03
-6.123959178993796130e-04 -2.304650590490344222e-03
-8.216338717120726413e-04 -2.596759531265510016e-03
-1.007056758804673923e-03 -2.804202289639798687e-03
-1.138165390537935551e-03 -2.881112572983354249e-03
-1.196271025145014162e-03 -2.802263048183738399e-03
-1.177653883075725251e-03 -2.568200649239620048e-03
-1.093853732550589732e-03 -2.205591453016278371e-03
-9.690487047134665327e-04 -1.762698079178074079e-03
-8.350304072457953065e-04 -1.300832314001487385e-03
-7.247388208829097685e-04 -8.833861785895183926e-04
-6.655931481091907327e-04 -5.645019955169549176e-04
-6.738931079162671298e-04 -3.795095866419734851e-04
-7.513618873261507930e-04 -3.389237798155860003e-04
-8.844955750269450131e-04 -4.271213432306190895e-04
-1.046851382523053715e-03 -6.059309312778887562e-04
-1.203849159958426170e-03 -8.224402751585689099e-04
-1.319183285755111444e-03 -1.019527631241252084e-03
-1.361635387714558955e-03 -1.147110328036842928e-03
-1.311000637447306844e-03 -1.171969443746826529e-03
-1.162006309540823462e-03 -1.084281488502660505e-03
-9.254795354866505661e-04 -8.996139329598435569e-04
-6.265401376823079120e-04 -6.560029360750839131e-04
-3.001558834438582991e-04 -4.066654957046847213e-04
1.510481298554736855e-05 -2.097275888990937079e-04
2.839479851692469593e-04 -1.169175878132469896e-04
4.805647724193511930e-04 -1.633727729050389686e-04
5.930123887071941111e-04 -3.604984633191315449e-04
6.249475192334154241e-04 -6.932435266491282413e-04
5.943962216345532318e-04 -1.122321778325965870e-03
5.298058980734572350e-04 -1.590973945973699196e-03
4.641395943043936435e-04 -2.035006418605392331e-03
4.281433117349359575e-04 -2.394223433064222081e-03
4.440730514858189874e-04 -2.623105957784718865e-03
5.210804137472477716e-04 -2.698733177168031148e-03
6.531404171664817763e-04 -2.624464152636438175e-03
8.199224878383565718e-04 -2.428699178761237025e-03
9.904467338468577083e-04 -2.158970747350334469e-03
1.128838521769782392e-03 -1.872496746245356494e-03
1.201095227547156362e-03 -1.624996451754916107e-03
1.181585459084961206e-03 -1.459896594151647176e-03
1.058049732009747231e-03 -1.399978466016811801e-03
8.341533449322347058e-04 -1.443052203509411369e-03
5.291037389692518442e-04 -1.562479074865962469e-03
1.743985943427112020e-04 -1.712441829255442619e-03
-1.916875292426557591e-04 -1.836961308053106263e-03
-5.308435567703407958e-04 -1.880945432425766822e-03
-8.114238200159098026e-04 -1.801169256548729343e-03
-1.013854447772411828e-03 -1.575095437889968523e-03
-1.133733232408414612e-03 -1.205851265432752138e-03
-1.182049203742080185e-03 -7.224043305253724295e-04
-1.182493693516721654e-03 -1.748866098216915899e-04
-1.166385258120715158e-03 3.740656802654073495e-04
-1.166182201589439568e-03 8.603353245143999933e-04
-1.208823154944772219e-03 1.229642067842692159e-03
-1.310167740711200811e-03 1.447030881438745101e-03
-1.471599828419735672e-03 1.502751917830369519e-03
-1.679444966040605789e-03 1.413435693026128016e-03
-1.907319087171285583e-03 1.218356409662445759e-03
-2.120968777234447360e-03 9.715045576255789458e-04
-2.284689699800474417e-03 7.309812793954333435e-04
-2.368108967483127745e-03 5.477316749081625373e-04
-2.352046296607588315e-03 4.557567426009974908e-04
-2.232341195981906584e-03 4.656608766153454279e-04
-2.020916615036073925e-03 5.627573781058943514e-04
-1.743870913262801983e-03 7.100884955367404343e-04
-1.436951025334144401e-03 8.557831172403893146e-04
-1.139254098887865696e-03 9.433511993664962271e-04
-8.863390944354023002e-04 9.229554134996306291e-04
-7.040406026065216096e-04 7.615131644702463534e-04
-6.041434977883747759e-04 4.497015802344289138e-04
-5.827243239330110163e-04 4.522803064422817061e-06
-6.214602908865473826e-04 -5.330737633342933542e-04
-6.916450733446760993e-04 -1.105080563083928914e-03
-7.601386007370220226e-04 -1.646546943707110754e-03
-7.961126434727719978e-04 -2.097023967601995866e-03
-7.773044074168408615e-04 -2.411190593935862853e-03
-6.945848437632123375e-04 -2.566666996886253667e-03
-5.539690377548408878e-04 -2.567552120522277777e-03
-3.756820983958614581e-04 -2.443030519693721331e-03
-1.904533515231793673e-04 -2.241325165318439235e-03
-3.373837655383608034e-05 -2.020151853225517560e-03
6.103725722675780278e-05 -1.835490774251461073e-03
6.893150897557457192e-05 -1.730806781273215708e-03
-2.158898811791405388e-05 -1.728762153635766442e-03
-2.061902080462084917e-04 -1.826990883118721938e-03
-4.651511765793455658e-04 -1.998731648687079431e-03
-7.667013193568968880e-04 -2.198193923895410459e-03
-1.072592825387670354e-03 -2.369632851446767680e-03
-1.344864018890444416e-03 -2.458403874425757127e-03
-1.552525019349519078e-03 -2.421891114817744089e-03
-1.676912188499283043e-03 -2.238225573687602568e-03
-1.714710118328009649e-03 -1.911126256987664409e-03
-1.678081438758154478e-03 -1.469930377547751894e-03
-1.591891923020903859e-03 -9.647890701550720406e-04
-1.488567648959860778e-03 -4.579202339307923328e-04
-1.401568355400018614e-03 -1.255689846531174523e-05
-1.358721933812215722e-03 3.183335132673206433e-04
-1.376689867703385656e-03 5.014392395967526023e-04
-1.457617700230777903e-03 5.288403529714171079e-04
-1.588609157535425835e-03 4.190179499598449347e-04
-1.744126081655197284e-03 2.129562392774371775e-04
-1.890860449670238395e-03 -3.391576352317115031e-05
-1.994154768846007411e-03 -2.624109904992871127e-04
-2.024752075007079429e-03 -4.208725584221280694e-04
-1.964592538162881260e-03 -4.749253776877648088e-04
-1.810552502079550673e-03 -4.138467316111665547e-04
-1.575409837611684493e-03 -2.523543062473756473e-04
-1.285843336688681331e-03 -2.748041086990380181e-05
-9.778343611008175583e-04 2.088660753943692846e-04
-6.903299901415905137e-04 4.002298433126759772e-04
-4.583555308486662655e-04 4.968617435778134974e-04
-3.068682551692480530e-04 4.657480254564142527e-04
-2.465039233833523865e-04 2.975009312245339207e-04
-2.720096060767804823e-04 8.788916615321267379e-06
-3.636483124401635294e-04 -3.601709876345754566e-04
-4.912991426149559233e-04 -7.526010785150613006e-04
-6.204674564789854508e-04 -1.105324694432541395e-03
-7.190592824003994802e-04 -1.360193388499336643e-03
-7.636310587219275695e-04 -1.474630262141507497e-03
-7.439268699204369065e-04 -1.429305817855265138e-03
-6.648414278439631654e-04 -1.231503630576296152e-03
-5.454363670355456741e-04 -9.135469860001288727e-04
-4.151972763153638350e-04 -5.265903476656446031e-04
-3.082432275495008717e-04 -1.309545451763156790e-04
-2.565900646985009594e-04 2.151637000735675707e-04
-2.837495918962200489e-04 4.664722174699512287e-04
-3.998847618847849519e-04 5.988173738309660434e-04
-5.994477244698129389e-04 6.133199365912101603e-04
-8.617586370723106072e-04 5.356395383846277586e-04
-1.154427228990681856e-03 4.105190491970814445e-04
-1.438981480443801914e-03 2.926558105392893416e-04
-1.677650205628269551e-03 2.356437650747088882e-04
-1.840027870372339027e-03 2.810969956883347266e-04
-1.908371991569779262e-03 4.500316482941129877e-04
-1.880541795386722961e-03 7.381559836217091441e-04
-1.770032555869638022e-03 1.115978269961973891e-03
-1.603108818404531868e-03 1.533729515645469634e-03
-1.413587653941747544e-03 1.930185477978934921e-03
-1.236266475222423883e-03 2.243732786728757679e-03
-1.100244861473845173e-03 2.423597455828128706e-03
-1.023408056892338236e-03 2.439121332796363641e-03
-1.009117922093738084e-03 2.285339391068152634e-03
-1.045737180637571666e-03 1.983808697461999278e-03
-1.109074369316337535e-03 1.578536290059512391e-03
-1.167281963986520864e-03 1.127778411017282996e-03
-1.187273831835650682e-03 6.932624359768225055e-04
-1.141438797312475419e-03 3.288680160213522776e-04
-1.013369535853224932e-03 7.090360473467594536e-05
-8.015111672547475721e-04 -6.819011966766454040e-05
-5.200267825957849812e-04 -1.015296599877261964e-04
-1.967033430504781105e-04 -6.456509598020299546e-05
1.317186813571607031e-04 -7.569660440903187197e-06
4.259209197782288831e-04 1.471821516679263069e-05
6.508939108593248587e-04 -4.567908616373496811e-05
7.820438209272305517e-04 -2.200287265946380142e-04
8.093747303056497960e-04 -5.161170649520045684e-04
7.389654986430383831e-04 -9.159592587359168502e-04
5.914711911149989239e-04 -1.378440506576715562e-03
3.979409183798447215e-04 -1.846405707899152890e-03
1.937503621796266961e-04 -2.256870506088975645e-03
1.180237841393939110e-05 -2.552433781268902656e-03
-1.237143046096539898e-04 -2.691741977134542649e-03
-2.018259647554451145e-04 -2.657032725448414592e-03
-2.266835798718102213e-04 -2.457335601213723065e-03
-2.165231911064651664e-04 -2.126727353031777554e-03
-1.998791371343616209e-04 -1.717972499055818491e-03
-2.097742994176690450e-04 -1.292751060454831648e-03
-2.769961641676513720e-04 -9.103185883763770464e-04
-4.237420284846681387e-04 -6.167377698729044821e-04
-6.588479779758621337e-04 -4.367101446967516353e-04
-9.755173197000411439e-04 -3.695418594172210141e-04
-1.351991547468701753e-03 -3.899926341173215612e-04
-1.755050115636805005e-03 -4.538308563075110205e-04
-2.145689721305341080e-03 -5.070253682619204477e-04
-2.485920851085786452e-03 -4.968150687208055822e-04
-2.745407232693992169e-03 -3.825414701879340201e-04
-2.906702720518975804e-03 -1.441742510938944346e-04
-2.968104588527050933e-03 2.131028843248077790e-04
-2.943592158974015459e-03 6.591318831845895641e-04
-2.859869996976739139e-03 1.143816423617344735e-03
-2.751081389456891055e-03 1.606015423605734174e-03
-2.652197069161652335e-03 1.984622620671038992e-03
-2.592333017691163689e-03 2.229744655051026526e-03
-2.589262611435549921e-03 2.311868919577437110e-03
-2.646160246796243863e-03 2.227290380573749423e-03
-2.751189139768120493e-03 1.998772130437818321e-03
-2.880005651149500356e-03 1.671314077002534907e-03
-3.000698594001720634e-03 1.303827628815195034e-03
-3.080219446528108685e-03 9.582867098319324158e-04
-3.091075829868156818e-03 6.884007270927692754e-04
-3.017009734190078275e-03 5.299432841174244162e-04
-2.856573443888497411e-03 4.945548409011393245e-04
-2.623913688797298565e-03 5.681779740865131696e-04
-2.346602967109835507e-03 7.144053136487766437e-04
-2.060916200115107521e-03 8.820890148253826384e-04
-1.805435003468010800e-03 1.015753113234267764e-03
-1.614179219211312822e-03 1.066819220572193857e-03
-1.510555840240038368e-03 1.003502273669672294e-03
-1.503261917031074651e-03 8.174855547630826506e-04
-1.584909506769894942e-03 5.260951269785826747e-04
-1.733626949899093892e-03 1.695474718716773199e-04
-1.917328977741504991e-03 -1.962211955422505272e-04
-2.099844692774965448e-03 -5.097967492300051542e-04
-2.247742601537492182e-03 -7.156690547388085870e-04
-2.336561816147201057e-03 -7.746044711266129000e-04
-2.355272854264857472e-03 -6.710479160232430719e-04
-2.308128469394318122e-03 -4.161531535494156393e-04
-2.213560782120673615e-03 -4.586500138789020506e-05
-2.100341735458468792e-03 3.855886217299988867e-04
-2.001743354324739526e-03 8.155703018564519971e-04
-1.948814064509982961e-03 1.184412961745001051e-03
-1.964055487788574431e-03 1.446163398535232035e-03
-2.056708818111593201e-03 1.576669294151255164e-03
-2.220555346722215533e-03 1.577493935332083177e-03
-2.434659597980083027e-03 1.474933978368323309e-03
-2.666926011061613016e-03 1.314343502018235511e-03
-2.879806726783460183e-03 1.150856597344521084e-03
-3.037089818652583418e-03 1.038282507870816546e-03
-3.110491557363548494e-03 1.018292770658350138e-03
-3.084812003271759310e-03 1.111963524935355701e-03
-2.960683655265029714e-03 1.315288831108843166e-03
-2.754396881508570667e-03 1.599527212573764474e-03
-2.494837500074610376e-03 1.916326435808103894e-03
-2.218116762058726897e-03 2.206664499113287266e-03
-1.960908993784431405e-03 2.411919709060575227e-03
-1.753754960208203043e-03 2.484976940171375933e-03
-1.615593690324544510e-03 2.399267594191590962e-03
-1.550551213522631923e-03 2.154029278146954701e-03
-1.547585793580591841e-03 1.774784307268772662e-03
-1.583047051432961158e-03 1.308938852366936523e-03
-1.625653531661657098e-03 8.173260274211241287e-04
-1.642934494595638291e-03 3.632820331951003507e-04
-1.607903894809172007e-03 1.309686383844954095e-06
-1.504690258191344106e-03 -2.325397669554758306e-04
-1.332043880963527374e-03 -3.267621888349197872e-04
-1.104045010441051565e-03 -2.958368527546031013e-04
-8.478672606688512827e-04 -1.767494942939694142e-04
-5.990089871506201931e-04 -2.127832366329292604e-05
-3.948859297477544644e-04 1.144790181575846069e-04
-2.679901090427717339e-04 1.813380780256601153e-04
-2.399036831652001612e-04 1.468777922343963678e-04
-3.172963503023982059e-04 2.029712868701857333e-06
-4.906611939295529553e-04 -2.368528411561477884e-04
-7.360273244361939396e-04 -5.308466643582707275e-04
-1.019326030104899779e-03 -8.256982420218094212e-04
-1.302586708036222425e-03 -1.062084217296934601e-03
-1.550794310044833427e-03 -1.186951162939215397e-03
-1.738116599716111894e-03 -1.163785887720274539e-03
-1.852330504103975265e-03 -9.798672120573184707e-04
-1.896619309672986468e-03 -6.491189939882158070e-04
-1.888411518821809295e-03 -2.100145301120156301e-04
-1.855493326309670416e-03 2.810828655425633930e-04
-1.830143621540287775e-03 7.598962106468731305e-04
-1.842415274547192731e-03 1.165654917589276172e-03
-1.913848233600818054e-03 1.451813356194107561e-03
-2.052818016618379073e-03 1.594056490602659137e-03
-2.252413036945232882e-03 1.594095386606487075e-03
-2.491254601778813017e-03 1.478552662421400883e-03
-2.737115187068932861e-03 1.293167324336589067e-03
-2.952659449168494338e-03 1.093433924565728223e-03
-3.102228979377041115e-03 9.334649539949718385e-04
-3.158392468613921422e-03 8.552002488464696597e-04
-3.107025507766617619e-03 8.800195766916815016e-04
-2.949960688837668064e-03 1.004357319286842401e-03
-2.704706696115551350e-03 1.200157916387477493e-03
-2.401288008736528548e-03 1.420091484595233577e-03
-2.076800030335417078e-03 1.606544897608635104e-03
-1.768705115404126983e-03 1.702685868385255636e-03
-1.508131579701410801e-03 1.663502180147552988e-03
-1.314435603894638155e-03 1.464720106058547879e-03
-1.192045415650949940e-03 1.107904944303264323e-03
-1.130173839310962035e-03 6.207670108926599713e-04
-1.105441301722491585e-03 5.260202630047755866e-05
-1.086899700223220881e-03 -5.342858151011045708e-04
-1.042492644611274413e-03 -1.075570723175179330e-03
-9.457156166579800717e-04 -1.516239651921455142e-03
-7.812020427506885609e-04 -1.820146610600536195e-03
-5.481652488082122947e-04 -1.975996853037395758e-03
-2.610331254555193787e-04 -1.998646759524012884e-03
5.285498173182169687e-05 -1.925491665213102579e-03
3.580620145159074934e-04 -1.808643028394256750e-03
6.174734803719685505e-04 -1.704392263687883697e-03
7.991142339474646651e-04 -1.661970612778064862e-03
8.820747770823583658e-04 -1.713745674318191154e-03
8.604267413248600782e-04 -1.868720862186276296e-03
7.443859593326432409e-04 -2.110576111232795402e-03
5.585007050139170065e-04 -2.400625564267378029e-03
3.372040338447465776e-04 -2.685134146711540964e-03
1.185664433415298453e-04 -2.905606750609178793e-03
-6.257581609552090350e-05 -3.010098088380238571e-03
-1.808246887604336717e-04 -2.963395309046677750e-03
-2.245920939371045622e-04 -2.754136361403090524e-03
-1.978230084564334631e-04 -2.397504963283325890e-03
-1.187555556163355031e-04 -1.932978525897472615e-03
-1.596526876594288525e-05 -1.417540337102834698e-03
7.754492945748886739e-05 -9.156247400000927517e-04
1.310776106326313247e-04 -4.876816388381195657e-04
1.225098123161362062e-04 -1.795075118926260259e-04
4.289990612852751439e-05 -1.434483702168146829e-05
-1.014501015545544245e-04 1.077204966371632031e-05
-2.898762339985699790e-04 -7.625004713628579737e-05
-4.910186674283099602e-04 -2.284953782260838891e-04
-6.685839301388803516e-04 -3.894988774402794547e-04
-7.881161266033696617e-04 -5.044294059204744570e-04
-8.234972070569047909e-04 -5.308685827220051843e-04
-7.619456883030097322e-04 -4.471361266553117771e-04
-6.065656254773823348e-04 -2.565797542182946412e-04
-3.759596128742766479e-04 1.298554486528599901e-05
-1.009737258111629860e-04 3.145828488170341751e-04
1.808162755885523701e-04 5.911161508869582385e-04
4.318419503482920602e-04 7.864332597550479937e-04
6.212365139456514987e-04 8.563062848020615292e-04
7.302297401215974634e-04 7.772405091482346463e-04
7.552334638210633820e-04 5.514315557073221855e-04
7.080454763782727950e-04 2.069182743949976632e-04
6.131454087583453668e-04 -2.071129875798668346e-04
5.026067045112600452e-04 -6.290000617766296036e-04
4.095997603454769754e-04 -9.956277348450058226e-04
3.617273807331116515e-04 -1.253731844046407752e-03
3.754644920962730138e-04 -1.369361457959371309e-03
4.527637810269613278e-04 -1.333724061219711265e-03
5.804773997159081919e-04 -1.164322510431519504e-03
7.327100691213113458e-04 -9.011826089517111513e-04
8.756621064875643509e-04 -5.988979603455896542e-04
9.740475799655675618e-04 -3.160086710407211999e-04
9.978726200125620331e-04 -1.037329708032616073e-04
9.282887832321516479e-04 3.809178598394662683e-06
7.614096000441450147e-04 -3.973432779449102316e-06
5.093622892641178328e-04 -1.122763598472731480e-04
1.983684524660567911e-04 -2.839470459491682955e-04
-1.357913996022739472e-04 -4.668644989730717310e-04
-4.540805847942664948e-04 -6.042459858363924451e-04
-7.210938025247973920e-04 -6.459190610099798443e-04
-9.112371458571902208e-04 -5.584123424067988705e-04
-1.013042739783660568e-03 -3.319402732665400080e-04
-1.030813641248158954e-03 1.705629530653540379e-05
-9.833001140351466628e-04 4.483115298578213125e-04
-8.996701648057158244e-04 9.046408808017054014e-04
-8.135489280718943839e-04 1.322062378951046691e-03
-7.562662381195948014e-04 1.641234291017139519e-03
-7.506004779450784013e-04 1.818060665974532714e-03
-8.062114099613417123e-04 1.831472880287827662e-03
-9.176332672782218543e-04 1.686928617210777361e-03
-1.065212822435208755e-03 1.414978849030279788e-03
-1.218817630012282655e-03 1.065185173978865779e-03
-1.343613153371861230e-03 6.965479172111206912e-04
-1.406813769479680959e-03 3.662635383527812179e-04
-1.384126291833235808e-03 1.189435396746712061e-04
-1.264660986380277720e-03 -2.166309115691090331e-05
-1.053373451869875962e-03 -5.687870969353040363e-05
-7.705666269549507185e-04 -1.244508989458996146e-05
-4.485373954595765896e-04 6.685824081213949182e-05
-1.259916978467911434e-04 1.262963233880779520e-04
1.587263876895690445e-04 1.122296673369785770e-04
3.743222514663121408e-04 -1.697310560827482596e-05
5.019018715640837262e-04 -2.822432184601309001e-04
5.379864171293047932e-04 -6.790034997798959256e-04
4.946324950727724401e-04 -1.177172691051978429e-03
3.966477115152171589e-04 -1.726000309597829248e-03
2.764404015575976960e-04 -2.262835502475084044e-03
1.674892702871436817e-04 -2.724188084141749774e-03
9.767869384311904987e-05 -3.057005155382074620e-03
8.376934831290995835e-05 -3.228044693857885002e-03
1.280571654101601213e-04 -3.229586261511639602e-03
2.178574132335553502e-04 -3.080410589996160006e-03
3.279138101992520784e-04 -2.821873366793691690e-03
4.252767033518762381e-04 -2.509824912293385276e-03
4.757247848479415888e-04 -2.203911273669554270e-03
4.505105488211584900e-04 -1.956285223251643616e-03
3.321464805193982662e-04 -1.801864473555859700e-03
1.181288392721087377e-04 -1.751978576178152237e-03
-1.781151696522202080e-04 -1.792601541429345588e-03
-5.292466521036475911e-04 -1.887496280412744249e-03
-8.986299531634851703e-04 -1.985664493514634373e-03
-1.246681857393296036e-03 -2.031678219200788466e-03
-1.537765842120717525e-03 -1.976921732737102304e-03
-1.746339226783989989e-03 -1.789598557761680909e-03
-1.861202491348282976e-03 -1.461590991913309760e-03
-1.887059055271171279e-03 -1.010854730657904238e-03
-1.843102442303244919e-03 -4.788762267076200575e-04
-1.758909709816930183e-03 7.634464943274044037e-05
-1.668428909498494974e-03 5.904763023668285586e-04
-1.603207838316030465e-03 1.004291013716962066e-03
-1.586153397004369352e-03 1.274205236219285494e-03
-1.627008635342965838e-03 1.379943157741718354e-03
-1.720407428116517467e-03 1.327884743458402792e-03
-1.846876680247030479e-03 1.149474236807182526e-03
-1.976595842538042633e-03 8.949978009913848965e-04
-2.075199439519721627e-03 6.239130775180423607e-04
-2.110519552612596678e-03 3.935634917598842099e-04
-2.058985423240799768e-03 2.484131336776066986e-04
-1.910460624149837826e-03 2.118366806957038733e-04
-1.670592646217862898e-03 2.820123646227745695e-04
-1.360219548929750364e-03 4.326865840088966325e-04
-1.011934594764781620e-03 6.186540574952312894e-04
-6.644472221050433175e-04 7.849025406072015565e-04
-3.557955603574208966e-04 8.776755718873749824e-04
-1.166830339393254922e-04 8.553422121221383604e-04
3.481171233955197147e-05 6.969983399642166056e-04
9.616189464004996565e-05 4.071530505879656162e-04
8.041367711802516020e-05 1.559485899880834990e-05
1.330748627521789366e-05 -4.275545940972568697e-04
-7.194642000391134832e-05 -8.606796767301058085e-04
-1.412414072845182976e-04 -1.221744853586057607e-03
-1.662464267850656150e-04 -1.459521147543722547e-03
-1.299090894482734875e-04 -1.542851687244471649e-03
-2.974564898650697113e-05 -1.466212187802400308e-03
1.217053483249871547e-04 -1.250521345407614501e-03
2.993500138235438571e-04 -9.390529400568407544e-04
4.704560445902502847e-04 -5.892261924116659047e-04
6.010833212855028456e-04 -2.618285842680529124e-04
6.628036073022336785e-04 -9.708752557852171755e-06
6.384285705789544390e-04 1.319252556088308355e-04
5.256518681795102968e-04 1.517735546545291320e-04
3.379049934001010394e-04 6.410154700059461511e-05
1.022534120810283562e-04 -9.451466944221040278e-05
-1.452805294856412228e-04 -2.727241513176245679e-04
-3.660943760214689213e-04 -4.147757406323986573e-04
-5.258865104271286638e-04 -4.717504849277406507e-04
-6.007498959441390056e-04 -4.115078285597969197e-04
-5.813355975293527014e-04 -2.254449001356505786e-04
-4.743075969383330577e-04 6.922813539986813827e-05
-3.008221101660230740e-04 4.321440475858374800e-04
-9.232661268390149377e-05 8.068784650339126587e-04
1.155203034002537919e-04 1.131163528138339619e-03
2.896530333478228346e-04 1.348293709649491055e-03
4.058365753051060938e-04 1.417574436593042539e-03
4.531563693226026883e-04 1.321843051725401586e-03
4.359119227831091833e-04 1.070643449832824230e-03
3.725592539129662906e-04 6.984559962061010711e-04
2.919077874581676784e-04 2.583178344570217513e-04
2.272988780636629215e-04 -1.879612651034827300e-04
2.098768217835055645e-04 -5.811404454684676243e-04
2.622363560664036850e-04 -8.753073012098373188e-04
3.936604268869780729e-04 -1.046028592453425356e-03
5.978616883034392968e-04 -1.094361394832368698e-03
8.536676392125998542e-04 -1.045979563578596817e-03
1.128532150962995593e-03 -9.455967494069805268e-04
1.384220889983342256e-03 -8.477588721588140246e-04
1.583606144161401339e-03 -8.057670801184330317e-04
1.697295841090520289e-03 -8.608464920027041663e-04
1.708852015327660869e-03 -1.033629349199737153e-03
1.617619890994306158e-03 -1.319582435187926193e-03
1.438639770008540240e-03 -1.689260834359776085e-03
1.199664682670072407e-03 -2.093354909127129009e-03
9.358530122982583856e-04 -2.471588084331552415e-03
6.831436543500517787e-04 -2.763791845693007194e-03
4.715687556159970273e-04 -2.921069775462038429e-03
3.197688891129096584e-04 -2.914943019856302501e-03
2.317458519646961091e-04 -2.742749055354104168e-03
1.964626702968921054e-04 -2.428272217580608461e-03
1.903594970633458038e-04 -2.017484462431277242e-03
1.823003585011449346e-04 -1.570197903742049901e-03
1.400040241985933752e-04 -1.149202098752977359e-03
3.673008690869222033e-05 -8.089328209770816182e-04
-1.430579091607041687e-04 -5.858055136570717442e-04
-4.001374187472520505e-04 -4.920294330022677775e-04
-7.197662723174403461e-04 -5.140577712706817081e-04
-1.073873797068231441e-03 -6.159499416775246613e-04
-1.425801881305037823e-03 -7.469912012055640550e-04
-1.736710839493235377e-03 -8.521081922497038622e-04
-1.972448896536731049e-03 -8.830895402284351077e-04
-2.109595231536585611e-03 -8.084686028122997636e-04
-2.139541657461379622e-03 -6.201796067708322544e-04
-2.069847822233339234e-03 -3.357105901426649022e-04
-1.922619315975234670e-03 4.669153937383787450e-06
-1.730219884246851376e-03 3.450948536133202193e-04
-1.529131747683069734e-03 6.243550983473907185e-04
-1.353126659045472344e-03 7.872711129788068432e-04
-1.227038823652547165e-03 7.950571137292176136e-04
-1.162314881479065316e-03 6.327025162449090865e-04
-1.155177789351278638e-03 3.119777937781195265e-04
-1.187744755150702079e-03 -1.305084481131971749e-04
-1.231878446980792276e-03 -6.398393948858972129e-04
-1.255031777612930196e-03 -1.152679310107625112e-03
-1.226967941950755925e-03 -1.608660948792028705e-03
-1.126070786429903253e-03 -1.961128406328223588e-03
-9.440375835508050097e-04 -2.185216644820468096e-03
-6.880523071957722701e-04 -2.281754746106805665e-03
-3.800146132986320646e-04 -2.276271819265843818e-03
-5.295757994336750039e-05 -2.213312481844407521e-03
2.546797897506938835e-04 -2.147157217617752609e-03
5.058521801994923664e-04 -2.130723476019090630e-03
6.715023903537064263e-04 -2.204767262674290577e-03
7.357107194887885226e-04 -2.389447075142444622e-03
6.984314646882815690e-04 -2.679863344130784843e-03
5.753037839514494288e-04 -3.046432033825501821e-03
3.945762388842183398e-04 -3.440033634970348329e-03
1.917288629875338692e-04 -3.800972207196941580e-03
2.810549392199006204e-06 -4.070055106158532859e-03
-1.422491974281026744e-04 -4.199699722738229821e-03
-2.250921719590904461e-04 -4.162965593386033260e-03
-2.421209582256399684e-04 -3.958800197308912430e-03
-2.048299203160235712e-04 -3.612500874297775930e-03
-1.372242675758851950e-04 -3.171298426583190992e-03
-7.082630377100227858e-05 -2.695889161302306939e-03
-3.822574802356731643e-05 -2.249507010794036220e-03
-6.640734859151724073e-05 -1.886591152543463500e-03
-1.711315665894971470e-04 -1.643179464994429934e-03
-3.534448188589115717e-04 -1.530830054270820428e-03
-5.989923651861108573e-04 -1.535204129368962890e-03
-8.802757863193377916e-04 -1.619560380661806036e-03
-1.161438700294329133e-03 -1.732480960491117631e-03
-1.404684630720228443e-03 -1.818348282087503542e-03
-1.577120629271806969e-03 -1.828571780593415616e-03
-1.656738151228986629e-03 -1.731422972363615229e-03
-1.636404369750998206e-03 -1.518602237581262579e-03
-1.525112019246483222e-03 -1.207281503208167128e-03
-1.346253041028815491e-03 -8.372258327738135936e-04
-1.133242888906417240e-03 -4.635311645812621294e-04
-9.233220556721006850e-04 -1.463481254359266489e-04
-7.507046369529051747e-04 6.046474780163353224e-05
-6.403656102061184349e-04 1.196095607090514679e-04
-6.036359436790598521e-04 1.759197847053058008e-05
-6.364309083988746799e-04 -2.324386684633017604e-04
-7.204371643812389680e-04 -5.927981176399944917e-04
-8.270229915133455595e-04 -1.007936026759830104e-03
-9.231197161178052689e-04 -1.414414817199974262e-03
-9.779487217379770770e-04 -1.752323372307193180e-03
-9.693081855500992623e-04 -1.975980147470525819e-03
-8.882171936864197235e-04 -2.061915795436777311e-03
-7.410263436571503607e-04 -2.012641120891766992e-03
-5.485843593449108877e-04 -1.855504389721844430e-03
-3.426086460985827806e-04 -1.636871585383556978e-03
-1.599383512586521417e-04 -1.412748119936487736e-03
-3.575087066340609234e-05 -1.237633228202569824e-03
2.979365216582575537e-06 -1.153731447339382838e-03
-5.745491032093551697e-05 -1.182576161105885430e-03
-2.148635696031835009e-04 -1.320661358690877231e-03
-4.514608593567919349e-04 -1.539916453419933875e-03
-7.370439863511856751e-04 -1.792939436959526626e-03
-1.034450527666440833e-03 -2.021999991008759882e-03
-1.306266997440591431e-03 -2.170107610795024046e-03
-1.521525671685769639e-03 -2.192046059052301689e-03
-1.661130487965693054e-03 -2.063279182820007291e-03
-1.720994760385302679e-03 -1.785033646855543193e-03
-1.712307748005020055e-03 -1.384585687379705048e-03
-1.658891532089737516e-03 -9.106849998270535439e-04
-1.592161093709217176e-03 -4.249678454664894607e-04
-1.544654512488330108e-03 9.030563319455575839e-06
-1.543370853249166272e-03 3.372008411406590342e-04
-1.604189323955691488e-03 5.243946308524625750e-04
-1.728437865198693708e-03 5.603825682016689864e-04
-1.902271382639553806e-03 4.611244863659795935e-04
-2.098986628043236075e-03 2.651283237535397648e-04
-2.283843261581905253e-03 2.560310508651345756e-05
-2.420484474810740728e-03 -2.000936692723771391e-04
-2.477745911127710119e-03 -3.617033615863199164e-04
-2.435566207610714330e-03 -4.258679351006603364e-04
-2.288880618358397120e-03 -3.826218360167296748e-04
-2.048759074014637558e-03 -2.473390414876689434e-04
-1.740569802515618165e-03 -5.776356998340062923e-05
-1.399510916786437425e-03 1.333145051536161667e-04
-1.064348940395282161e-03 2.683481541842808074e-04
-7.705411171176454639e-04 2.963339984764760569e-04
-5.440336025545243698e-04 1.829766332516827038e-04
-3.968984790783770334e-04 -8.221845694053597775e-05
-3.256234530354425302e-04 -4.832791881997289458e-04
-3.123652021370439688e-04 -9.800478342400632641e-04
-3.289158723571244079e-04 -1.514993076448940997e-03
-3.426184915910601681e-04 -2.023280849659681718e-03
-3.230983398842548712e-04 -2.444215466544101545e-03
-2.485233989629926396e-04 -2.731903449982819171e-03
-1.101970244856290485e-04 -2.863139658271058111e-03
