8.328647023804396175e-04 6.730160762574347423e-04
5.129928008589821958e-04 1.120194624851711960e-03
1.879963721478823419e-04 1.620250882398885459e-03
-9.614112461348310644e-05 2.073964970910545293e-03
-2.999608247237440985e-04 2.388088574013781835e-03
-3.977452683993061653e-04 2.493322287255774795e-03
-3.821923829982580567e-04 2.357816150590931643e-03
-2.656659599727664790e-04 1.993627070271009917e-03
-7.778852005472386161e-05 1.454899248242084824e-03
1.401666993259938416e-04 8.281000559043140722e-04
3.430235489722261561e-04 2.161474690897447794e-04
4.901260082739934860e-04 -2.805784795164546156e-04
5.528456767916987979e-04 -5.827577261958413529e-04
5.197578222874621109e-04 -6.466911543788548796e-04
3.985129486695724861e-04 -4.721553583539658946e-04
2.140577792441487816e-04 -1.020748855882949290e-04
3.551804710214418728e-06 3.859162332351466192e-04
-1.910479892153525510e-04 8.944175949127286702e-04
-3.313195575841985431e-04 1.324874161871471279e-03
-3.900368164005598034e-04 1.596327821608371431e-03
-3.566977882192594513e-04 1.660755433846594154e-03
-2.398625030930349794e-04 1.512088363004215202e-03
-6.584783679357809568e-05 1.187206888776624024e-03
1.259829774304970418e-04 7.587244080052119814e-04
2.904526291938550205e-04 3.209328584042182137e-04
3.849615355635380327e-04 -2.842246234543717009e-05
3.774559287261117593e-04 -2.070791368125556291e-04
2.524676656424392060e-04 -1.643092835946922872e-04
1.408467346577640120e-05 1.089640329245741140e-04
-3.147095877634295460e-04 5.779134168181165833e-04
-6.962035086609788450e-04 1.169856388322272275e-03
-1.084845197464308440e-03 1.787475195427246175e-03
-1.435551102522807706e-03 2.326717495739925520e-03
-1.711868283741619246e-03 2.696001666337390600e-03
-1.892452387052698899e-03 2.833102860113318779e-03
-1.974643513084471062e-03 2.716534094027559226e-03
-1.974472671252577513e-03 2.369277717992162181e-03
-1.923108169578629329e-03 1.854169537422966502e-03
-1.860426007576265880e-03 1.261816755721089246e-03
-1.826933341875353967e-03 6.933428455614960417e-04
-1.855586133817531272e-03 2.412301034062224337e-04
-1.965062023185144835e-03 -2.811113164944561982e-05
-2.155773498564348377e-03 -8.674661867290258017e-05
-2.409386818701569986e-03 4.975037062182965670e-05
-2.691947308848305527e-03 3.255883635124153463e-04
-2.960027542348054545e-03 6.557382366832221771e-04
-3.168741091681044793e-03 9.425173749122619637e-04
-3.280109671637207024e-03 1.094627136145759089e-03
-3.270202822424320317e-03 1.045027365494775526e-03
-3.133699850807449439e-03 7.642507356551687904e-04
-2.885009983538453383e-03 2.666223065542745827e-04
-2.555736596316213281e-03 -3.918073888866359855e-04
-2.188961944203206625e-03 -1.123238479646085797e-03
-1.831429279865049191e-03 -1.824131990876088748e-03
-1.525095895074636554e-03 -2.394235938166929326e-03
-1.299648354238122812e-03 -2.755037166541671623e-03
-1.167387734635973997e-03 -2.864156498009491798e-03
-1.121442818886910593e-03 -2.722971614943501747e-03
-1.137638130327629175e-03 -2.376032958869040736e-03
-1.179651008719445181e-03 -1.902390237651927548e-03
-1.206468806313140425e-03 -1.400476983335178366e-03
-1.180721755237864896e-03 -9.694183416871183720e-04
-1.076301571263608026e-03 -6.903023879259665829e-04
-8.838117173282290144e-04 -6.109599968954089987e-04
-6.128067001306638671e-04 -7.371318187539862947e-04
-2.903868940718406589e-04 -1.031689461055043666e-03
4.359317011445351696e-05 -1.422050973760817646e-03
3.438023079268316966e-04 -1.814377356703147752e-03
5.678228390237993837e-04 -2.111851255308591635e-03
6.840678153788404096e-04 -2.233564772430354870e-03
6.777275254280326101e-04 -2.130427060006446702e-03
5.536189229492028199e-04 -1.795066093043781990e-03
3.353963824071205758e-04 -1.263835990560998939e-03
6.126949112220041551e-05 -6.105360869410210705e-04
-2.229666956955336310e-04 6.698241815001888637e-05
-4.722762513910636626e-04 6.647991880681309359e-04
-6.505302808729737174e-04 1.092104042649564644e-03
-7.369250357507997097e-04 1.287952314266048708e-03
-7.294655735622535692e-04 1.232433268017707646e-03
-6.448665227280206066e-04 9.501447277067921662e-04
-5.149002792000522853e-04 5.053219556757754770e-04
-3.798957768670830812e-04 -1.045288171993321831e-05
-2.806304385382287631e-04 -4.956314700925698634e-04
-2.501618344569934049e-04 -8.578793214617687476e-04
-3.071563559699695906e-04 -1.031425329180128345e-03
-4.519878023601898932e-04 -9.892999014616222705e-04
-6.663530755374391049e-04 -7.481504961115794956e-04
-9.164848012916351110e-04 -3.647306615272944905e-04
-1.159358090738224316e-03 7.526312064383899533e-05
-1.350720111941712976e-03 4.738822632589826615e-04
-1.453424313305532595e-03 7.399723584154359844e-04
-1.444491692121133413e-03 8.069559198702930432e-04
-1.319560717418327657e-03 6.459712978531230920e-04
-1.093880177488088445e-03 2.718665402121175001e-04
-7.996521451066662461e-04 -2.591000059508905603e-04
-4.802218839489773511e-04 -8.594297336519093932e-04
-1.822072963782115089e-04 -1.426510668460602600e-03
5.295040503599515377e-05 -1.861658341733581513e-03
1.964244473071819104e-04 -2.088474657451589583e-03
2.370306396587070505e-04 -2.067056416986692846e-03
1.829047498672708798e-04 -1.801369428023666570e-03
5.952277772207883913e-05 -1.338396469038670693e-03
-9.554972263623947876e-05 -7.592230731586975838e-04
-2.401741232704184036e-04 -1.637495796490835405e-04
-3.359875218147332894e-04 3.480773998771023725e-04
-3.559937178573796372e-04 6.949640235310195358e-04
-2.899508248412943070e-04 8.293638078324136551e-04
-1.465284174215460491e-04 7.461170423424227796e-04
4.817982513903826020e-05 4.830081146463085541e-04
2.555104016646045427e-04 1.131454917615168446e-04
4.315344154208470466e-04 -2.693814002850114238e-04
5.354296635026806672e-04 -5.678402667308140965e-04
5.373339847122946423e-04 -7.017038612217774054e-04
4.241899993324994020e-04 -6.224258382628343814e-04
2.024701255417259995e-04 -3.231444772158789365e-04
-1.027400041518374387e-04 1.595356006276603834e-04
-4.521334643058029143e-04 7.520329033801146637e-04
-7.992262721996819513e-04 1.357331882417434077e-03
-1.098729815316079085e-03 1.873024577309005982e-03
-1.314676697636083967e-03 2.210443326750123789e-03
-1.426772417502814635e-03 2.311268480923587415e-03
-1.433781368461953080e-03 2.158471189815035565e-03
-1.353317047158843385e-03 1.779521871797361786e-03
-1.218086845001783124e-03 1.241257317767953394e-03
-1.069312599042256768e-03 6.373767658265118430e-04
-9.485821627829441396e-04 7.093105036029285614e-05
-8.896834508555520561e-04 -3.648848379504724630e-04
-9.119745820436070708e-04 -6.040059381387608093e-04
-1.016551480136061204e-03 -6.195761116916244197e-04
-1.185942983155259620e-03 -4.285545351279777273e-04
-1.387393843675548914e-03 -8.798911552995226405e-05
-1.579114855498912548e-03 3.163251276854979759e-04
-1.718315738846363204e-03 6.866421361354765928e-04
-1.769497095881121269e-03 9.323216452184156493e-04
-1.711426977420492032e-03 9.875249815756155340e-04
-1.541475033813203589e-03 8.241860090557681521e-04
-1.276476075964857581e-03 4.577886386829785629e-04
-9.499507615849499135e-04 -5.515468323615164981e-05
-6.061998970222515909e-04 -6.274564189656373341e-04
-2.923800856747446044e-04 -1.157487709448480877e-03
-5.005017970577884615e-05 -1.548225681159208760e-03
9.222210438713742851e-05 -1.725512885996349213e-03
1.238048868323795952e-04 -1.652074711054561705e-03
5.357316012992983413e-05 -1.334641839671766705e-03
-9.218039679809796158e-05 -8.228283875251493976e-04
-2.750889873708712002e-04 -1.999753595757432266e-04
-4.522885601779930392e-04 4.323115957169312981e-04
-5.847852334485766513e-04 9.730091396497136079e-04
-6.450222856250294656e-04 1.340347824377459071e-03
-6.222088453066594842e-04 1.486783008905523656e-03
-5.243979042632456768e-04 1.407441850982400376e-03
-3.769185506712425041e-04 1.140459463992314322e-03
-2.174594809125204788e-04 7.591538921159860518e-04
-8.873679617953198363e-05 3.575353766527061741e-04
-3.013834153086096708e-05 3.190772984910895602e-05
-6.993236773125298053e-05 -1.379405559448923600e-04
-2.195230099241673961e-04 -1.043806515342250631e-04
-4.708488836235953569e-04 1.385515831165929843e-04
-7.974271084181882392e-04 5.536010439083837928e-04
-1.158855747306382225e-03 1.066993637240558086e-03
-1.507933504639907699e-03 1.582131021488191944e-03
-1.799060397679661232e-03 1.997693301085972598e-03
-1.996340735900111341e-03 2.226726522371526296e-03
-2.079865999497929486e-03 2.213103255847888133e-03
-2.048999474221589213e-03 1.942239809777199407e-03
-1.922051620448179737e-03 1.444039003422117884e-03
-1.732417763896577055e-03 7.874974735475718818e-04
-1.521918533100408144e-03 6.799286636713060619e-05
-1.332611875398078717e-03 -6.103494974875600925e-04
-1.198633413430317922e-03 -1.153880884229312089e-03
-1.139614880310083674e-03 -1.496614990857024962e-03
-1.156929782252456070e-03 -1.612133255831061382e-03
-1.233478252185860611e-03 -1.517968356691143600e-03
-1.337051034324347742e-03 -1.271649532424901389e-03
-1.426632965172613433e-03 -9.591725515780997070e-04
-1.460447915797729234e-03 -6.780915697914478802e-04
-1.404215721161800740e-03 -5.184481658382250092e-04
-1.238049955925373978e-03 -5.451617432327264014e-04
-9.606814538400188560e-04 -7.852278206447438867e-04
-5.901977536259820278e-04 -1.222159112803014765e-03
-1.611475208829807576e-04 -1.798731383994384928e-03
2.814533102009676453e-04 -2.427521849456284152e-03
6.900906133879502156e-04 -3.007250520363129263e-03
1.023199358291323937e-03 -3.441834102848301876e-03
1.252501321414806494e-03 -3.658546332909877984e-03
1.367855017121518465e-03 -3.621845665366291850e-03
1.378709958909225342e-03 -3.340249493095337995e-03
1.311899404162345569e-03 -2.864948703450335282e-03
1.206197962563600873e-03 -2.280418510358502189e-03
1.104681774157948619e-03 -1.688795352318434072e-03
1.046343611092994709e-03 -1.190968561385332032e-03
1.058554718576229080e-03 -8.679562673522239324e-04
1.151803120834041846e-03 -7.660801000972017240e-04
1.317705230697069482e-03 -8.887331328839366594e-04
1.530665945262504402e-03 -1.196286560074424953e-03
1.752869749203582418e-03 -1.614139331353658816e-03
1.941652887652763884e-03 -2.047373218752474369e-03
2.057854220511693994e-03 -2.399225505531914562e-03
2.073555654511816636e-03 -2.589869400245020572e-03
1.977737472084092115e-03 -2.571935116541683008e-03
1.778767803225029566e-03 -2.339823120582278093e-03
1.503244329690827958e-03 -1.931038156837283984e-03
1.191396651956880140e-03 -1.419285355603539618e-03
8.899088404150056180e-04 -9.006314932053466164e-04
6.435102415659778568e-04 -4.753495454488168830e-04
4.869161333891280832e-04 -2.288840196372904368e-04
4.386341329949489587e-04 -2.155430193406483383e-04
4.977997978213655542e-04 -4.480086619749440013e-04
6.446323397073914661e-04 -8.946576655396748946e-04
8.444171509874176399e-04 -1.485206828191247335e-03
1.054255440637389893e-03 -2.123623375154033970e-03
1.231298855482695779e-03 -2.705865888962419308e-03
1.340907422432253797e-03 -3.139107973288757670e-03
1.363185402505645398e-03 -3.358816901036635640e-03
1.296658577830186055e-03 -3.340466242814663610e-03
1.158399537903948007e-03 -3.103677809892641665e-03
9.805817858001314620e-04 -2.708021691201145924e-03
8.041212073360454486e-04 -2.241282268459716953e-03
6.706162701470987737e-04 -1.802423865307795298e-03
6.141215627550703242e-04 -1.482492205267118158e-03
6.543217496876603924e-04 -1.347077358662183196e-03
7.924085603447947410e-04 -1.423666653804652425e-03
1.010452103863777179e-03 -1.696288424656634082e-03
1.274396402632582128e-03 -2.108465131695059277e-03
1.540122780255309253e-03 -2.573919097565406308e-03
1.761443565588730921e-03 -2.993004165636452968e-03
1.898522538003378970e-03 -3.271750396497575576e-03
1.925136960371416541e-03 -3.339912178636984114e-03
1.833414377209186636e-03 -3.164596934297134873e-03
1.635154258567812768e-03 -2.756886603475464537e-03
1.359489762433250832e-03 -2.170189214553296456e-03
1.047336248334078401e-03 -1.490622241438876745e-03
7.436798619400207880e-04 -8.212369568153764232e-04
4.891667181903707525e-04 -2.630582351905315884e-04
3.125838861825100358e-04 1.034833644507442401e-04
2.256528117451722876e-04 2.332249504791608467e-04
2.211163252786839135e-04 1.242851565034972482e-04
2.744752192572645156e-04 -1.820858580474417625e-04
3.490379509478471723e-04 -6.097795291279514869e-04
4.033184760643494576e-04 -1.062647306643250186e-03
3.993715889912555976e-04 -1.443048482382355358e-03
3.104768299015397016e-04 -1.670606884988103894e-03
1.267047929501513939e-04 -1.697618033793763274e-03
-1.426997004580234357e-04 -1.518184395224725022e-03
-4.705804508708383424e-04 -1.169345890046485318e-03
-8.165510601918735080e-04 -7.239905032282367356e-04
-1.134218986751694882e-03 -2.768883462472773054e-04
-1.379594742074568290e-03 7.350333236474753101e-05
-1.519103052531986303e-03 2.440139002861267453e-04
-1.535686932491929241e-03 1.829122045155870012e-04
-1.431855302845733841e-03 -1.198287186353859998e-04
-1.229101951208700803e-03 -6.301089824054963541e-04
-9.638089960162921467e-04 -1.275591588781879769e-03
-6.804118413378358945e-04 -1.958802082412920611e-03
-4.231192535193225722e-04 -2.574971276139231824e-03
-2.277539055549947320e-04 -3.031256611032966813e-03
-1.152541489563952510e-04 -3.263716793531188081e-03
-8.806159553905639273e-05 -3.248839493502095853e-03
-1.300712088729086020e-04 -3.007452616279755395e-03
-2.101447473195032630e-04 -2.600290872814710157e-03
-2.885125277100401538e-04 -2.116068241429246849e-03
-3.248405801863711280e-04 -1.654324529483032925e-03
-2.864241313746855653e-04 -1.306302191721573800e-03
-1.549439037523005864e-04 -1.137480775563694171e-03
6.950637525524592554e-05 -1.175080566442625232e-03
3.678960779769860768e-04 -1.402904037300979970e-03
7.053484303560860098e-04 -1.764492179905933350e-03
1.037271869207619709e-03 -2.173996258692665468e-03
1.317381313489968857e-03 -2.532702538308939481e-03
1.506099639247946136e-03 -2.748075132092801971e-03
1.577756238072135393e-03 -2.751703384554298436e-03
1.525225685431597176e-03 -2.512745840008098926e-03
1.361132513739256571e-03 -2.044314014248094658e-03
1.115396522474422069e-03 -1.401574802773345244e-03
8.295842446590271594e-04 -6.719175811866558330e-04
5.491352565831356721e-04 4.096588179884922895e-05
3.149327508848543756e-04 6.360881350519424337e-04
1.558102989011554956e-04 1.033674255108238621e-03
8.340782910328556170e-05 1.189680460304067466e-03
9.034346743986193572e-05 1.103586845647340931e-03
1.520386090121703755e-04 8.180006146773514866e-04
2.318406393422074068e-04 4.101557032758964953e-04
2.884623636029500665e-04 -2.307232938835856052e-05
2.843178759124161343e-04 -3.837910661959682748e-04
1.931644986274470670e-04 -5.918232815912559570e-04
5.591746058897922866e-06 -5.999955922123502081e-04
-2.686938468329468891e-04 -4.030871186909573429e-04
-6.022319665812531347e-04 -3.874418024202980464e-05
-9.545721879687115536e-04 4.198095767079740651e-04
-1.279545458782065277e-03 8.778825746154420018e-04
-1.533674637395803951e-03 1.237565920388416455e-03
-1.684138191485215876e-03 1.416661007801254916e-03
-1.714784247382812815e-03 1.364690166074494868e-03
-1.629059776220171882e-03 1.072947522455040261e-03
-1.449302216490750642e-03 5.766748167359262876e-04
-1.212527946120116632e-03 -5.106260081080536977e-05
-9.635136168200267390e-04 -7.126531946031610006e-04
-7.464772114870387668e-04 -1.303869359445975623e-03
-5.969291370347149048e-04 -1.733068372259363027e-03
-5.352299313507500158e-04 -1.938041206605334126e-03
-5.630666902491411347e-04 -1.897330765678245440e-03
-6.635065510516470347e-04 -1.633887143256818834e-03
-8.046073341732899948e-04 -1.210377112947545524e-03
-9.458911560690425914e-04 -7.170437631414557349e-04
-1.046444193057443186e-03 -2.544211366843078699e-04
-1.073097603436837678e-03 8.581888587422888300e-05
-1.007129311528633889e-03 2.382585241720239092e-04
-8.482068375959199262e-04 1.760714739371798407e-04
-6.148144854640968590e-04 -8.402846513434953681e-05
-3.410748611182543607e-04 -4.851605682196637008e-04
-7.055859544874965830e-05 -9.413275606505304991e-04
1.517522515174242448e-04 -1.354043151986261337e-03
2.878305599287306468e-04 -1.631379103987638888e-03
3.137196944141357408e-04 -1.705814715857612279e-03
2.240527474672003604e-04 -1.547497243804729552e-03
3.311985992362538210e-05 -1.170389868219499745e-03
-2.277200821615630569e-04 -6.301300758310865403e-04
-5.157964670362931089e-04 -1.399085714249352451e-05
-7.849672478376160112e-04 5.751672815965119681e-04
-9.940639463432011762e-04 1.037927079587046709e-03
-1.114349581424865007e-03 1.296736038747468497e-03
-1.134585819583135754e-03 1.310241023202902890e-03
-1.062759394044102178e-03 1.080830921241123172e-03
-9.241512662361949914e-04 6.539670011550535733e-04
-7.561250915808166760e-04 1.094339714899854836e-04
-6.006330083021562110e-04 -4.538272678184913055e-04
-4.958689142821395834e-04 -9.364308978850108397e-04
-4.686604450006512119e-04 -1.257258218172338082e-03
-5.290503686532777028e-04 -1.368629121081508648e-03
-6.681026962221784955e-04 -1.265064089691066845e-03
-8.593571149448561968e-04 -9.839833607471876707e-04
-1.063663209349356058e-03 -5.982184180221897501e-04
-1.236484420648991268e-03 -2.017630081949828725e-04
-1.336292353379479967e-03 1.085275437659650620e-04
-1.332463825517498203e-03 2.518115481089709760e-04
-1.211185473434145659e-03 1.791238705724971202e-04
-9.782463055856410999e-04 -1.167903895293769326e-04
-6.581862359616605330e-04 -5.995469440686134951e-04
-2.899570413151798766e-04 -1.195476679384224229e-03
8.008896529519869624e-05 -1.807073093229509368e-03
4.065626687134364734e-04 -2.330998813271158675e-03
6.531795621271787233e-04 -2.677252955048692665e-03
7.991471684679510128e-04 -2.785879957104680886e-03
8.425996345038601256e-04 -2.638064456277744614e-03
8.004402711323321080e-04 -2.259517992873156904e-03
7.046332928413351392e-04 -1.715521022066303011e-03
5.956585016199233279e-04 -1.098561890946803381e-03
5.143797673886421357e-04 -5.109142818469808748e-04
4.938781044513635777e-04 -4.545103725072806473e-05
5.528061020947858378e-04 2.316758207593452336e-04
6.915313259056138058e-04 2.932144779786785300e-04
8.918068632888316756e-04 1.555530795204566321e-04
1.120037752697638535e-03 -1.248686588526137266e-04
1.333529429179758970e-03 -4.627859114235508974e-04
1.488537848135263689e-03 -7.608355565287719217e-04
1.548597931218756484e-03 -9.286030502851286674e-04
1.491552420990113802e-03 -9.003690152851446084e-04
1.313947524413945850e-03 -6.481810282953251283e-04
1.031958661668493354e-03 -1.877612685991813558e-04
6.786651410186388860e-04 4.238824102847757089e-04
2.981825246355622331e-04 1.098702776655138868e-03
-6.224481493342015268e-05 1.733788928285576658e-03
-3.607033247235507615e-04 2.230419527661738066e-03
-5.680308288629215161e-04 2.512395391316566556e-03
-6.728041899602630596e-04 2.540188062081885287e-03
-6.829613660291205830e-04 2.318231410133749469e-03
-6.237626514155853548e-04 1.893979743348387897e-03
-5.324890576717104286e-04 1.348912932455955185e-03
-4.508933469050767210e-04 7.831918691060712123e-04
-4.168442026834679186e-04 2.968678370825657276e-04
-4.567559279380337990e-04 -2.880015838993229584e-05
-5.802461501331053571e-04 -1.463885089469196647e-04
-7.780407151481767052e-04 -5.087203084944646146e-05
-1.023528461278100680e-03 2.199048825491672519e-04
-1.277675669440995728e-03 5.929270356034300722e-04
-1.496371945948934013e-03 9.744069357609863114e-04
-1.638816986656190747e-03 1.268143274417460331e-03
-1.675358694994306084e-03 1.394349185798955887e-03
-1.593295215156429563e-03 1.305370881824816434e-03
-1.399537315662368600e-03 9.953061983099878440e-04
-1.119620562526057626e-03 5.016881421493846280e-04
-7.932465735159257778e-04 -1.010981446531256458e-04
-4.671887112060047875e-04 -7.154302025763764356e-04
-1.868956297411299215e-04 -1.238527248043187019e-03
1.162813889907688292e-05 -1.581578901728322804e-03
1.081383889244271423e-04 -1.686308708023877452e-03
1.014798139981721659e-04 -1.535841335366243269e-03
9.308312646385912253e-06 -1.157818966290464005e-03
-1.357289129659180332e-04 -6.191779942871370509e-04
-2.926210734474820534e-04 -1.357426227364597320e-05
-4.201639273381419133e-04 5.561649108763078077e-04
-4.851158223295297129e-04 9.972439454693684657e-04
-4.687870134693076151e-04 1.244127950182278381e-03
-3.708077432130539412e-04 1.270543485764571859e-03
-2.093564212780343816e-04 1.093988770076593803e-03
-1.780131957831356123e-05 7.719106597246609691e-04
1.616098218003963192e-04 3.902847433793209557e-04
2.858170109065345777e-04 4.677414291529187473e-05
3.192422792629090391e-04 -1.683304159153287171e-04
2.407365186788881632e-04 -1.897665017432761166e-04
4.785792363373383984e-05 9.804784198875734005e-06
-2.423350698315857618e-04 4.141187936651042267e-04
-5.961346845681623650e-04 9.659299352923573709e-04
-9.691479093171407461e-04 1.577450932352405339e-03
-1.314254471807739088e-03 2.146641186644837954e-03
-1.590062359544361890e-03 2.576267478068362381e-03
-1.768270698863155018e-03 2.792133445279185947e-03
-1.838556821795425417e-03 2.757029752269349494e-03
-1.810073077802091743e-03 2.477765178639876591e-03
-1.709280630939877255e-03 2.003947067113414932e-03
-1.574540584469282575e-03 1.418739920754248478e-03
-1.448496003362517368e-03 8.233479953958020145e-04
-1.369695623464348058e-03 3.181542337427453911e-04
-1.365052278237056937e-03 -1.592077139326458259e-05
-1.444569477939451401e-03 -1.323193771301778808e-04
-1.599338428690309658e-03 -2.719628267354966267e-05
-1.803186761157626970e-03 2.603524688101274817e-04
-2.017666972498847067e-03 6.562116283608686231e-04
-2.199438385738247074e-03 1.065806812350816261e-03
-2.308641450646380187e-03 1.392532198376156792e-03
-2.316673676671689164e-03 1.556543359941867620e-03
-2.211888353418846667e-03 1.510344155415977666e-03
-2.002129324849159352e-03 1.248204537023400729e-03
-1.713613180145417796e-03 8.076154659985829544e-04
-1.386361019970131468e-03 2.624963117900855326e-04
-1.067034628087459771e-03 -2.905666605756923680e-04
-8.005228677787062236e-04 -7.504508704351465402e-04
-6.218605263741947865e-04 -1.030568129627904700e-03
-5.499989457920973109e-04 -1.075266567459607150e-03
-5.845975201085420233e-04 -8.704581228621538882e-04
-7.064337902259133686e-04 -4.464572425667117641e-04
-8.813455417023181599e-04 1.275107946498443303e-04
-1.066950549649049469e-03 7.560980309734843807e-04
-1.220864853152847304e-03 1.335504680852066077e-03
-1.308858065489589863e-03 1.772695898722964885e-03
-1.311397713920349657e-03 2.002536331748442158e-03
-1.227341374384299452e-03 1.999609774077016310e-03
-1.074077265934260611e-03 1.782498551034042379e-03
-8.840882921791475176e-04 1.409725629800645356e-03
-6.985934879431214117e-04 9.681413569299743456e-04
-5.594758315941182527e-04 5.559671828413326623e-04
-5.010313179224881210e-04 2.637199279926054352e-04
-5.431093476500203779e-04 1.566406651538562473e-04
-6.869522141577280149e-04 2.619663450855601490e-04
-9.145313801878632905e-04 5.634640383625502897e-04
-1.191516868177048367e-03 1.004270973847928329e-03
-1.473328628312154569e-03 1.497509112571124030e-03
-1.713135364934314500e-03 1.942668970074113745e-03
-1.870297485167562307e-03 2.244662970913836007e-03
-1.917666451495647021e-03 2.331941092361880866e-03
-1.846368860301077046e-03 2.170237081300174266e-03
-1.667179100916248852e-03 1.769338886719199443e-03
-1.408229393607618712e-03 1.181595851869895498e-03
-1.109498222975160682e-03 4.924379304889338164e-04
-8.151266395678335910e-04 -1.953071153004185510e-04
-5.650214712262907049e-04 -7.803398647132750617e-04
-3.873377150461599456e-04 -1.181487282712391637e-03
-2.932641199215405285e-04 -1.352464316638248443e-03
-2.750981137878087527e-04 -1.290017738300029042e-03
-3.079716912141751807e-04 -1.033924244692162016e-03
-3.548969102568820750e-04 -6.588571569178778859e-04
-3.741694809199468119e-04 -2.596753790280123824e-04
-3.277209242022974690e-04 6.706686562594002532e-05
-1.888288257764736107e-04 2.418763290417676008e-04
5.228488487746111614e-05 2.177806984596324623e-04
3.860387009200656467e-04 -1.044453457820643250e-05
7.847283717868157966e-04 -4.050371615158028125e-04
1.207193716541021030e-03 -8.922378307565571225e-04
1.606044006827201612e-03 -1.376188631318838980e-03
1.936085898086476213e-03 -1.757110937765961767e-03
2.162369729563963418e-03 -1.950320354002926977e-03
2.266341512775085689e-03 -1.902475906887276039e-03
2.248945579171645129e-03 -1.601982172763342753e-03
2.130098995783169871e-03 -1.081568102463651478e-03
1.944644449187005880e-03 -4.125457754478886827e-04
1.735553565989248013e-03 3.081739210490403325e-04
1.545671630269128752e-03 9.758615957217234294e-04
1.409569113369963864e-03 1.497191540621010345e-03
1.347043402868453033e-03 1.807279516819615493e-03
1.359499818208065878e-03 1.881324005263773982e-03
1.429893996691353805e-03 1.738660838175852888e-03
1.526241654012205082e-03 1.438477531778339317e-03
1.608024629159116297e-03 1.068012421681289624e-03
1.634272257874160375e-03 7.254859325546617445e-04
1.571778628742187024e-03 5.010077205722703996e-04
1.401889495397338299e-03 4.590853705145224103e-04
1.124562644611993515e-03 6.260555189873352397e-04
7.589212444886100960e-04 9.848244610105253566e-04
3.401834774194254234e-04 1.477919338387367887e-03
-8.646208806410387421e-05 2.018275383705639241e-03
-4.738873408028520693e-04 2.505717795261412899e-03
-7.814521656645947523e-04 2.846016443719142849e-03
-9.822432482753779524e-04 2.968902365870659116e-03
-1.067762759181515924e-03 2.841629562913933378e-03
-1.049187131050274184e-03 2.475507200951439571e-03
-9.549641537203207471e-04 1.924156616845408303e-03
-8.252083816593239543e-04 1.273812917056042467e-03
-7.039594315916185502e-04 6.274960584789984015e-04
-6.307706980341629219e-04 8.603615240634519476e-05
-6.332210587572640291e-04 -2.704672715742469612e-04
-7.217656328019530620e-04 -3.972548233229346651e-04
-8.878970503236523768e-04 -2.928328164783292054e-04
-1.105960228544475461e-03 1.272645203564590731e-06
-1.338270371863002324e-03 4.088738787186032252e-04
-1.542557142710003059e-03 8.339978001768288268e-04
-1.680316391074091788e-03 1.179452760516163604e-03
-1.724478107994432182e-03 1.365561337083347941e-03
-1.664928097169306653e-03 1.345504581342484539e-03
-1.510826863671204919e-03 1.114366623625003515e-03
-1.289275548572944331e-03 7.101632829121021489e-04
-1.040570604743662258e-03 2.066581725897212137e-04
-8.109353060498905499e-04 -3.006730912112288360e-04
-6.440946874668671820e-04 -7.128704842119034258e-04
-5.732804791383344905e-04 -9.464531458077023781e-04
-6.151723290433381338e-04 -9.495218650148246802e-04
-7.669162732585738367e-04 -7.119434652427714290e-04
-1.006780169315481645e-03 -2.676791740882819267e-04
-1.298318706392659989e-03 3.111946702299292163e-04
-1.597257730461198837e-03 9.276532047091522615e-04
-1.859794444897267581e-03 1.477596404820242723e-03
-2.050743670149031157e-03 1.869057937568925415e-03
-2.149991139249796557e-03 2.039125441782611934e-03
-2.156036895430863635e-03 1.965381251877783373e-03
-2.085964247517498732e-03 1.669709545729206740e-03
-1.971847839792067146e-03 1.213760454845668867e-03
-1.854289797075486844e-03 6.869403440119359414e-04
-1.774317682244018306e-03 1.892113421147154648e-04
-1.765188935882874453e-03 -1.880354352322067451e-04
-1.845664626333977203e-03 -3.794055051731966537e-04
-2.016037258125640691e-03 -3.579220324397842500e-04
-2.257675726441220332e-03 -1.400884504267990672e-04
-2.536184066148885335e-03 2.173656901725827843e-04
-2.807585646712903310e-03 6.284371484792637425e-04
-3.026370637205149337e-03 9.944214938758582853e-04
-3.153890579641285396e-03 1.222961375861116376e-03
-3.165516814610511587e-03 1.245955667490737575e-03
-3.055212050087156503e-03 1.032928665277314372e-03
-2.836652583605635009e-03 5.973168087572179596e-04
-2.540690193416308973e-03 -5.529595887204211569e-06
-2.209634171581978911e-03 -6.882641165796665565e-04
-1.889434455029643037e-03 -1.347516721349775910e-03
-1.621242618520203974e-03 -1.882910049958853253e-03
-1.433943701322788061e-03 -2.215531892263658542e-03
-1.339066482410305580e-03 -2.302378856693551926e-03
-1.329028038241599451e-03 -2.144048346074753017e-03
-1.379035801324639916e-03 -1.784233401643904419e-03
-1.452276721648940432e-03 -1.301125852963078621e-03
-1.507399903945350408e-03 -7.923638710259820568e-04
-1.506864297667201988e-03 -3.563806553903866008e-04
-1.424558995600968669e-03 -7.369051078673599479e-05
-1.251241504424627660e-03 8.341626052552932047e-06
-9.967528865003323982e-04 -1.156371346714220490e-04
-6.885796304887962984e-04 -4.081491966776689545e-04
-3.670247931658344727e-04 -7.962634034623963753e-04
-7.789417580381815501e-05 -1.185764587456707153e-03
1.359247883527233206e-04 -1.479424879726180374e-03
2.424025699751075451e-04 -1.595907517710644678e-03
2.263262174887278205e-04 -1.485712659537936344e-03
9.215131142369646124e-05 -1.141133647171143836e-03
-1.367920752000885073e-04 -5.983254288296536733e-04
-4.225900209869848595e-04 6.892015124154631596e-05
-7.197222680661735390e-04 7.625274813039969145e-04
-9.834098352917673702e-04 1.378104273497341315e-03
-1.177758185458482442e-03 1.824134221280568346e-03
-1.282161597418661394e-03 2.038774126922140474e-03
-1.294764913886724874e-03 2.001087010046293142e-03
-1.232337095087380260e-03 1.734594975579585325e-03
-1.126591321888709184e-03 1.302488378601136853e-03
-1.017659940956877921e-03 7.954060525831434811e-04
-9.459717514320034127e-04 3.141062470447928030e-04
-9.440818383040540385e-04 -4.968656669086324654e-05
-1.030012998953810802e-03 -2.306305300422205155e-04
-1.203381101605950111e-03 -2.020262012745026054e-04
-1.445048770121228066e-03 1.933153283504272530e-05
-1.720382621387421670e-03 3.766234562378547625e-04
-1.985505648536498632e-03 7.841341549935951314e-04
-2.195367734244490013e-03 1.143922563367394743e-03
-2.312111391324821880e-03 1.364868088676810236e-03
-2.312152191053463025e-03 1.380474242064784257e-03
-2.190634920450186020e-03 1.162045833445063620e-03
-1.962421633370436177e-03 7.247310082032858668e-04
-1.659422731286235801e-03 1.252700227702571679e-04
-1.324773030077551787e-03 -5.481370703700015742e-04
-1.004950625644529571e-03 -1.191939101097303638e-03
-7.413244352128889672e-04 -1.706281913957115315e-03
-5.627231024498615276e-04 -2.013401640001788277e-03
-4.804233220201487779e-04 -2.071891726783059266e-03
-4.864964492551639391e-04 -1.884152359588556246e-03
-5.558154933463280677e-04 -1.495620331606840967e-03
-6.513308630782348434e-04 -9.859321179775770543e-04
-7.316039501626758019e-04 -4.536985048021644710e-04
-7.591600919749023468e-04 2.223230808838278123e-06
-7.080676095467583865e-04 3.014125176684107760e-04
-5.692967656687098095e-04 3.969875934591705988e-04
-3.528337445866190744e-04 2.842702522136904579e-04
-8.614033538669870426e-05 1.377948834711101821e-06
1.907566790020503197e-04 -3.783615225852895677e-04
4.326226907668454902e-04 -7.607273798030784150e-04
5.974303065264762163e-04 -1.048933571164637011e-03
6.542415115428167451e-04 -1.162484575398822209e-03
5.890653724540150567e-04 -1.052976084178591136e-03
4.075813353881519970e-04 -7.138353004605129271e-04
1.342100524487508317e-04 -1.821429148739233013e-04
-1.922963036309158235e-04 4.678217392963065113e-04
-5.259147608995246416e-04 1.138103264769213183e-03
-8.217332931267570806e-04 1.725112520118871149e-03
-1.044074724178990733e-03 2.138783962777476670e-03
-1.172833810018547541e-03 2.319230949861761978e-03
-1.206837658562004076e-03 2.247754194675322548e-03
-1.163603853909004086e-03 1.950126103799040269e-03
-1.075553123551728886e-03 1.491534464811820632e-03
-9.834049006927731915e-04 9.641463830487108410e-04
-9.280174960339295908e-04 4.696488024876115455e-04
-9.422287572074801269e-04 1.000711578520094291e-04
-1.044252329197128829e-03 -7.948103002788638009e-05
-1.233889090090359167e-03 -4.291665323663713949e-05
-1.492279025074818525e-03 1.922093479351202113e-04
-1.785246947705832962e-03 5.683920272300019196e-04
-2.069613357904503004e-03 9.994905152366046971e-04
-2.301278554566002412e-03 1.387506677551253106e-03
-2.443550580157960363e-03 1.641639099371963641e-03
-2.474139628468386906e-03 1.695991563453915895e-03
-2.389492336122669633e-03 1.522569560260205943e-03
-2.205641480712850974e-03 1.137090563955056588e-03
-1.955404986588788960e-03 5.964948884868296122e-04
-1.682458123501013193e-03 -1.138386254117477840e-05
-1.433393699251021922e-03 -5.840441855005325039e-04
-1.249265000634770936e-03 -1.023375773710450288e-03
-1.158203314351029158e-03 -1.253952241340548909e-03
-1.170497723892037836e-03 -1.237100931107015800e-03
-1.277058210431265047e-03 -9.780911326462793202e-04
-1.451542255988430433e-03 -5.250832113295523552e-04
-1.655731501810640046e-03 3.996070658413473865e-05
-1.847129911567647192e-03 6.166837286582092141e-04
-1.987334817425047244e-03 1.105143827425252284e-03
-2.049586738607248222e-03 1.424468733389418987e-03
-2.024060500821560707e-03 1.527829924998337120e-03
-1.919889269995815346e-03 1.410908350993213441e-03
-1.763533351262666377e-03 1.112258537733263383e-03
-1.593799475730585044e-03 7.055132316318946063e-04
-1.454452329319424336e-03 2.849168793825192442e-04
-1.385817766110900105e-03 -5.305975974520126155e-05
-1.416969793882770848e-03 -2.285290910102875158e-04
-1.559984528202418372e-03 -1.938450682635408685e-04
-1.807354477903744738e-03 5.686780969311176250e-05
-2.133059521571679593e-03 4.861320251804655823e-04
-2.497099760111316357e-03 1.019792658369875378e-03
-2.852640935240176139e-03 1.560697792190461662e-03
-3.154429223038065274e-03 2.006802591499442547e-03
-3.366892488959640373e-03 2.270276688891160154e-03
-3.470404943543250759e-03 2.294002803724906787e-03
-3.464540229382274787e-03 2.062346710488613746e-03
-3.367708332166600288e-03 1.604161556166695812e-03
-3.213256245643540069e-03 9.874580111803082840e-04
-3.042781331351654926e-03 3.067477291723536914e-04
-2.897933115925544877e-03 -3.345472916868003988e-04
-2.812264197354532539e-03 -8.432947619415848790e-04
-2.804680161629029538e-03 -1.153834160118966763e-03
-2.875734079389862322e-03 -1.239897239914370709e-03
-3.007470920462298764e-03 -1.119021128986017171e-03
-3.166853380305917690e-03 -8.486308120641594720e-04
-3.312120744953927966e-03 -5.145460280367880092e-04
-3.400875291406335078e-03 -2.141025922325970332e-04
-3.398361880876361353e-03 -3.709813976421252185e-05
-3.284368180757861987e-03 -4.818411520689236394e-05
-3.057432618333250605e-03 -2.740515373341890614e-04
-2.735555554659280936e-03 -6.978496314206618020e-04
-2.353269995326771370e-03 -1.261905918790136218e-03
-1.955616313599476547e-03 -1.878243322393072234e-03
-1.590150709281127348e-03 -2.444912130503734161e-03
-1.298488734925147201e-03 -2.865052026353770605e-03
-1.108972900454511254e-03 -3.065080599274965564e-03
-1.031840544669215126e-03 -3.008568057156890858e-03
-1.057795108786373619e-03 -2.703172414338003791e-03
-1.160240168259070405e-03 -2.199321111145177872e-03
-1.300742899252097830e-03 -1.580885581304230418e-03
-1.436683188045748041e-03 -9.496093122589740164e-04
-1.529631924515245656e-03 -4.062307922697123378e-04
-1.552865313977871324e-03 -3.186681362370310210e-05
-1.496587187008903332e-03 1.268292603719724243e-04
-1.369866980703738019e-03 6.593579074913439621e-05
-1.198924740873496750e-03 -1.755950055356616255e-04
-1.022087986505580649e-03 -5.239343882305506689e-04
-8.823772229735852863e-04 -8.849855989028706810e-04
-8.191276110373945166e-04 -1.162823371403944386e-03
-8.602384453982002410e-04 -1.278459127482868248e-03
-1.016524784409545551e-03 -1.185365384547851751e-03
-1.279248972121229408e-03 -8.788073222996177708e-04
-1.621308940114657687e-03 -3.972031172509142170e-04
-2.001868783295230724e-03 1.847546673759503742e-04
-2.373566054303939080e-03 7.699227203041313691e-04
-2.690942792142296189e-03 1.256864899749938081e-03
-2.918515804125020041e-03 1.558911050604996386e-03
-3.036969998902737475e-03 1.620510737435900024e-03
-3.046313677686005982e-03 1.427786042075747733e-03
-2.965409359963386803e-03 1.011283861813071184e-03
-2.827979118787016678e-03 4.404030254130689116e-04
-2.675849773279468345e-03 -1.894541925594891117e-04
-2.550724519541545075e-03 -7.745809300283925964e-04
-2.486045057888923351e-03 -1.222173089479802700e-03
-2.500489515956685199e-03 -1.467419152442289883e-03
-2.594340062566642072e-03 -1.485248539681530578e-03
-2.749409042789201403e-03 -1.294526833118537102e-03
-2.932536968571993353e-03 -9.539168628241061817e-04
-3.101997702046700722e-03 -5.502029107738247004e-04
-3.215594078888206735e-03 -1.813022609468955409e-04
-3.238905605834850425e-03 6.280615044459720436e-05
-3.152119654645203599e-03 1.176125339619276365e-04
-2.954144509652029040e-03 -4.326430591171750474e-05
-2.663216192536144080e-03 -4.026961177538287365e-04
-2.313873982606484605e-03 -9.029706063378353104e-04
-1.950866483340034764e-03 -1.456476379184020505e-03
-1.621130923098385197e-03 -1.962129673906352120e-03
-1.365353149818986566e-03 -2.324435957187610986e-03
-1.210695403370724973e-03 -2.471578530037507691e-03
-1.166058327677375016e-03 -2.369108425782039378e-03
-1.220764579379256861e-03 -2.026640706620886061e-03
-1.346904512818886861e-03 -1.496284474930631350e-03
-1.504892243636103341e-03 -8.630971981302794967e-04
-1.651173942559849318e-03 -2.293623497690691669e-04
-1.746624261410251525e-03 3.043426527060645245e-04
-1.764038146148275230e-03 6.577147698446503743e-04
-1.693298247591344327e-03 7.854263115865543939e-04
-1.543239908583582138e-03 6.851878309824609809e-04
-1.339862618454229059e-03 3.976593813552208078e-04
-1.121230170965477205e-03 -1.759982196917414066e-06
-9.300302477112344299e-04 -4.176970798391294168e-04
-8.052087423739600139e-04 -7.533160377163513862e-04
-7.742706082186793853e-04 -9.290599246718395142e-04
-8.477138850858994754e-04 -8.980638062887595511e-04
-1.016660502950556813e-03 -6.553120826178667748e-04
-1.254142778659870280e-03 -2.387990774009152552e-04
-1.519812719178647350e-03 2.775322467889858790e-04
-1.767193301892218491e-03 7.977399361687792165e-04
-1.952109478463882712e-03 1.222081319746282264e-03
-2.040712863122277725e-03 1.466013695980225226e-03
-2.015590271575887910e-03 1.476397209937827491e-03
-1.878808062273344074e-03 1.241827370978291090e-03
-1.651323158746381605e-03 7.951341909327317228e-04
-1.368878172055894510e-03 2.075663332006831205e-04
-1.075162276908751737e-03 -4.242484596395997725e-04
-8.135356820078051528e-04 -9.961088353927266721e-04
-6.188859222617793237e-04 -1.415451910886430815e-03
-5.111575703963093260e-04 -1.618347024318554130e-03
-4.917783744971518291e-04 -1.581066703253814019e-03
-5.436546632487783502e-04 -1.324057343755579352e-03
-6.347313865196318712e-04 -9.075710210642060722e-04
-7.244357351438282435e-04 -4.197982549101519955e-04
-7.717760283582093947e-04 4.023942264298893071e-05
-7.435530863928111866e-04 3.817872319343679471e-04
-6.211191421634167271e-04 5.398199389298099626e-04
-4.043936846838000151e-04 4.875555425652608162e-04
-1.123645558496115884e-04 2.416445604528904287e-04
2.200320622600052264e-04 -1.409516398465930262e-04
5.480733665501518262e-04 -5.738043329951149048e-04
8.252975910270714775e-04 -9.575293952248217690e-04
1.011924053430011267e-03 -1.198838941114592320e-03
1.082060642792712427e-03 -1.228520929140121268e-03
1.028342338220208582e-03 -1.014936120100158904e-03
8.631295337947655737e-04 -5.704688060435718138e-04
6.160448698952181949e-04 5.029970589488785837e-05
3.283188650795340179e-04 7.603600927912051305e-04
4.501700647794508545e-05 1.456149172896695990e-03
-1.933798558757454178e-04 2.036536952220243443e-03
-3.584494157612869397e-04 2.421345551462979542e-03
-4.389445469475728215e-04 2.565907877136030992e-03
-4.425890220361074906e-04 2.468923561893611104e-03
-3.942188996854930965e-04 2.172138263754950279e-03
-3.306294150990196461e-04 1.751919772427396787e-03
-2.931122296613357880e-04 1.304337607804827983e-03
-3.191063116055550429e-04 9.265816214015081551e-04
-4.345544458530118184e-04 6.982468362147786507e-04
-6.484243886804839409e-04 6.660353934768630055e-04
-9.504441396471621567e-04 8.347775639154350526e-04
-1.312492257633130063e-03 1.166475259898579371e-03
-1.693391854375629526e-03 1.587550365018444362e-03
-2.046211948983666859e-03 2.002924548569937849e-03
-2.326704354741267362e-03 2.314261622558340566e-03
-2.501288197208625681e-03 2.438913243318972628e-03
-2.553078443513139267e-03 2.325973514781121652e-03
-2.484823567673218048e-03 1.966393509223196036e-03
-2.318200992209306765e-03 1.395229738673272506e-03
-2.089606872088302977e-03 6.855886735421027299e-04
-1.843238927029086389e-03 -6.459919234615705066e-05
-1.622781984161589253e-03 -7.504850689438139367e-04
-1.463268852809897127e-03 -1.279510868090708020e-03
-1.384654286483100617e-03 -1.588298199084925335e-03
-1.388313716208667203e-03 -1.654033183481022108e-03
-1.457122979175705943e-03 -1.498204682255416600e-03
-1.559095691386247007e-03 -1.182000670266976795e-03
-1.653879987363490473e-03 -7.942459579651900935e-04
-1.700873920370767761e-03 -4.341753760656013716e-04
-1.667411598543548428e-03 -1.923128018874807176e-04
-1.535458283769945004e-03 -1.330832329819215017e-04
-1.305534821226769001e-03 -2.824549963951926076e-04
-9.971164964731565709e-04 -6.229546563533003766e-04
-6.454194025794938788e-04 -1.096999006433609265e-03
-2.951721571874056822e-04 -1.617911487830977742e-03
7.457364998356347859e-06 -2.086533151281966345e-03
2.232600751575800025e-04 -2.410276899902788830e-03
3.271254690102433447e-04 -2.521009277798172757e-03
3.125770248141871354e-04 -2.388364510084283431e-03
1.928487356881444857e-04 -2.025959120832129378e-03
-1.698303321019312335e-06 -1.489318694425086336e-03
-2.293290042605686360e-04 -8.658968184891469065e-04
-4.447684588887772456e-04 -2.590629600146436345e-04
-6.076363285962126798e-04 2.309223667243171961e-04
-6.898887116918016749e-04 5.253563614659175710e-04
-6.808642674280974538e-04 5.814865699442225500e-04
-5.889863865734119549e-04 4.001346130393507432e-04
-4.398075575008969138e-04 2.511886971691380203e-05
-2.707756917069167424e-04 -4.654044621595528064e-04
-1.237236996056535819e-04 -9.740337363629024197e-04
-3.651531272871909924e-05 -1.402782963611295779e-03
-3.544022664322748692e-05 -1.671773060106224998e-03
-1.298097402555564955e-04 -1.734410950917752124e-03
-3.097870681019673778e-04 -1.586181385199317197e-03
-5.478734118384773200e-04 -1.265387892308048826e-03
-8.037778471234257541e-04 -8.457057989715672727e-04
-1.031757377490530271e-03 -4.219625311212366818e-04
-1.189044635441789677e-03 -9.184459233903664952e-05
-1.243773433955209541e-03 6.299650397593808092e-05
-1.180905933900558554e-03 -7.148184026069780150e-06
-1.005041918870669361e-03 -3.101472296765384051e-04
-7.395793039854635115e-04 -8.100271667786242786e-04
-4.223841748063201758e-04 -1.433258823022282025e-03
-9.878791581077327362e-05 -2.082154511612737107e-03
1.867664747925922258e-04 -2.652852460185334965e-03
3.988525210354800020e-04 -3.054495932537008504e-03
5.174306436974810981e-04 -3.225987698792937182e-03
5.412627314569404095e-04 -3.147158788445950615e-03
4.877337050036202213e-04 -2.842247019146836896e-03
3.891240918947343587e-04 -2.375035539408197963e-03
2.860501847983611167e-04 -1.836579097350324709e-03
2.193248931679507487e-04 -1.327847311315177685e-03
2.217913715532456812e-04 -9.405745881987711676e-04
3.116863638176818564e-04 -7.399437751256291145e-04
4.888000559490930782e-04 -7.523813249895973995e-04
7.341690225647211528e-04 -9.607718878818977994e-04
1.013368966453769828e-03 -1.307993470947471258e-03
1.282791226998250848e-03 -1.708097029224728541e-03
1.497720765758947699e-03 -2.063005250039132328e-03
1.620690785318500918e-03 -2.281558801709965278e-03
1.628535197785601664e-03 -2.297292618791073326e-03
1.516805065078783701e-03 -2.081564293433542812e-03
1.300712522052744659e-03 -1.649535981607503548e-03
1.012421411774805987e-03 -1.057863915790222334e-03
6.951938109868085070e-04 -3.945195457400476843e-04
3.954952481963780486e-04 2.373437062313879260e-04
1.545463952100524898e-04 7.384361719428831922e-04
9.125000616398227030e-07 1.031695937686571193e-03
-5.447574899003140977e-05 1.076504824455809008e-03
-1.993746203163618540e-05 8.760740118309693790e-04
7.900205043206755273e-05 4.766085754141976280e-04
2.049155419323951308e-04 -4.158505195084670318e-05
3.160231392410309975e-04 -5.793611420347335008e-04
3.745461843266710751e-04 -1.037474775688365138e-03
3.542732048886381205e-04 -1.335252094978605806e-03
2.458954561019855963e-04 -1.425658135360643054e-03
5.909266984939769325e-05 -1.303913783170185898e-03
-1.790339544769118600e-04 -1.008036728204346781e-03
-4.288915978493003768e-04 -6.112121624198823145e-04
-6.457604145103869493e-04 -2.074475320501887178e-04
-7.882021705934332597e-04 1.067613545235547492e-04
-8.259228270862070155e-04 2.512692006080544018e-04
-7.456005768971836868e-04 1.780449423421299245e-04
-5.535742772821935533e-04 -1.191381088345194912e-04
-2.748799036198218263e-04 -6.029343783277598106e-04
5.118760265485725476e-05 -1.198928983664049883e-03
3.781534680036438643e-04 -1.809193729876291089e-03
6.607510220042446753e-04 -2.330342222283398289e-03
8.630397220960165684e-04 -2.672677296087359097e-03
9.647266686164622778e-04 -2.776815806344018218e-03
9.645058645411805570e-04 -2.624651820932631316e-03
8.797945365886692629e-04 -2.242589346662973628e-03
7.429281584626437358e-04 -1.696437377986374914e-03
5.945462618035652052e-04 -1.078936636290250047e-03
4.754327629550794015e-04 -4.922804187986784584e-04
4.183666866323128416e-04 -2.893775242427580954e-05
4.415364685149320055e-04 2.455935356582151629e-04
5.447739542189290480e-04 3.048436359225008101e-04
7.093290495714548761e-04 1.659619065904771205e-04
9.012341025746474499e-04 -1.140178477802553970e-04
1.077625788631029428e-03 -4.495201649059364733e-04
1.194830571499601573e-03 -7.432191408981044228e-04
1.216684096326962894e-03 -9.050857842777484561e-04
1.121508720523024501e-03 -8.700712791896206798e-04
9.064255840198539443e-04 -6.110637456168213372e-04
5.881804888180251160e-04 -1.446508854867365260e-04
2.003212759170960779e-04 4.714166833445132456e-04
-2.127462450158957414e-04 1.148594521577050390e-03
-6.037069555818097219e-04 1.783794958275876190e-03
-9.307942915116054153e-04 2.278453307530510334e-03
-1.165166381834757637e-03 2.556809227459321942e-03
-1.295815091293720488e-03 2.579949736876280264e-03
-1.331090282590452825e-03 2.352961204829737141e-03
-1.296562805238700607e-03 1.923840572857732833e-03
-1.229642916614530563e-03 1.374374417303719396e-03
-1.171984755371403494e-03 8.047131506290865471e-04
-1.161125910072909224e-03 3.145592140331410994e-04
-1.222954916440496895e-03 -1.547296582396495701e-05
-1.366441535954937688e-03 -1.388020581705149987e-04
-1.581634877701689271e-03 -5.130820629622567103e-05
-1.841314209845952175e-03 2.083415354509187550e-04
-2.105984096410714462e-03 5.665213274024705377e-04
-2.331270563183055616e-03 9.291338982146378229e-04
-2.476318620120141790e-03 1.200001065915815360e-03
-2.511600132633222231e-03 1.299661823362824667e-03
-2.424651022203995476e-03 1.181005077931306102e-03
-2.222647269948281948e-03 8.387636723161834848e-04
-1.931326232341760551e-03 3.110591082267996242e-04
-1.590450299198718515e-03 -3.273077804429113486e-04
-1.246663225367211940e-03 -9.785612330134589761e-04
-9.450819440176385419e-04 -1.540065491083300077e-03
-7.212051787495752991e-04 -1.923429197081743874e-03
-5.946596267613388871e-04 -2.070989160796292156e-03
-5.659563680172240629e-04 -1.966557627317122581e-03
-6.168603438868915101e-04 -1.638401203045262511e-03
-7.142920631793354047e-04 -1.153888271410070249e-03
-8.170125154963229185e-04 -6.068170834243191572e-04
-8.838160824064251585e-04 -9.982052628294910829e-05
-8.816716768575188134e-04 2.748261430772784737e-04
-7.922633155904178128e-04 4.523677108104985287e-04
-6.156857577752413574e-04 4.074606580626708753e-04
-3.705910347759753696e-04 1.585525708476154434e-04
-9.075529353871279433e-05 -2.360686102811309999e-04
1.812852227086111522e-04 -6.897953125762478627e-04
4.023236889296710186e-04 -1.104596994393265003e-03
5.367640207956106890e-04 -1.390080591036971236e-03
5.635223776814772415e-04 -1.481092905668566009e-03
4.802368650933885137e-04 -1.350519431530285792e-03
3.039815982073185217e-04 -1.014844124679163250e-03
6.834181606174822134e-05 -5.314061323226765797e-04
-1.826053271608783215e-04 1.213722386749761480e-05
-4.022745414638542131e-04 5.141547192861053517e-04
-5.500194997050151125e-04 8.781049534005756036e-04
-5.984545261565510539e-04 1.030714938477084088e-03
-5.382752802210547536e-04 9.358346089292271085e-04
-3.796762108602318511e-04 6.013450710290939392e-04
-1.501064803117550524e-04 7.781162309870002809e-05
1.112014283898962237e-04 -5.508664118127153380e-04
3.608862018604417602e-04 -1.183043704319577429e-03
5.598390001599344752e-04 -1.718210309046105076e-03
6.807190852428187571e-04 -2.075600107449745643e-03
7.131766590890665711e-04 -2.209013105554078621e-03
6.657914129430204855e-04 -2.115056392578354948e-03
5.643586917821698983e-04 -1.833255535269099224e-03
4.468483664902949412e-04 -1.438028063902793913e-03
3.559932304621022878e-04 -1.024051957305126010e-03
3.309143249965568710e-04 -6.878128007783183232e-04
3.993746317638159323e-04 -5.088366839180000645e-04
5.721351096238239987e-04 -5.341749025786250108e-04
8.404902845277819213e-04 -7.690899548991622734e-04
1.177459641178402530e-03 -1.175716962074022272e-03
1.542419706231641695e-03 -1.679963106392554084e-03
1.888310845664181725e-03 -2.185346203871527636e-03
2.170065619525509554e-03 -2.591157785692567612e-03
2.352674244996643543e-03 -2.811515187692546075e-03
2.417371100673499675e-03 -2.791696611426652125e-03
2.364781370180111218e-03 -2.518665315881317424e-03
2.214441720873797873e-03 -2.023787182223870090e-03
2.000794585330870762e-03 -1.377222059285582948e-03
1.766422334240575452e-03 -6.750440705671878049e-04
1.553809097012741119e-03 -2.152122639996121006e-05
1.397195398384279939e-03 4.901001966022406047e-04
1.316071597553844985e-03 7.946792542508713999e-04
1.311544022274475658e-03 8.669095030214829913e-04
1.366261857124937340e-03 7.254860922010678654e-04
1.447916703660550447e-03 4.289356162526375958e-04
1.515648373335175790e-03 6.391249195215279594e-05
1.528138404557853429e-03 -2.718079853448260720e-04
1.451851597438827673e-03 -4.884059907541240565e-04
1.267856400051932484e-03 -5.215379350536552498e-04
9.759228798420739245e-04 -3.449723108694496788e-04
5.951115753828886343e-04 2.406234018237037899e-05
1.607303192429329391e-04 5.278386608956143686e-04
-2.817765533357385237e-04 1.078847012517386832e-03
-6.848615027109268560e-04 1.576242937780250424e-03
-1.007320372612002151e-03 1.924913936534964048e-03
-1.221564452302869707e-03 2.053555819573811038e-03
-1.318351995651189041e-03 1.928334274451850650e-03
-1.308093402611840324e-03 1.559541096320676487e-03
-1.218492025626016773e-03 9.999789941965979857e-04
-1.088975224672132517e-03 3.353732419493386319e-04
-9.629767046536557825e-04 -3.313834886012696139e-04
-8.795365000580120237e-04 -8.991805430739686824e-04
-8.658124900720305748e-04 -1.287256792072802823e-03
-9.319229240156250409e-04 -1.449883392999372746e-03
-1.069096183277108616e-03 -1.384395279446867626e-03
-1.251475885012473402e-03 -1.131064709930556817e-03
-1.441235439782214463e-03 -7.648550356986615235e-04
-1.596027782901142215e-03 -3.806301108288816281e-04
-1.677352251859132951e-03 -7.463337778907319295e-05
-1.658245545291928830e-03 7.424390085400802211e-05
-1.528830545645980775e-03 1.984707762892078987e-05
-1.298661526045916462e-03 -2.421276578330746557e-04
-9.954102774807009179e-04 -6.730231468667823231e-04
-6.601302451882841557e-04 -1.198331577722849123e-03
-3.399837080873209559e-04 -1.721682972999077129e-03
-7.979766076351318179e-05 -2.143065018126547559e-03
8.596367059597034496e-05 -2.377824012770193927e-03
