4.316102178966401207e-03
4.664813935322541932e-03
4.959499248056085247e-03
5.188250751413083818e-03
5.341269679151510255e-03
5.411215425060730139e-03
5.393469845419052167e-03
5.286307014968676110e-03
5.090962457174091210e-03
4.811599388369128261e-03
4.455173120601202408e-03
4.031198333233155205e-03
3.551427323747493453e-03
3.029450464574688553e-03
2.480232815948189840e-03
1.919603079362231391e-03
1.363712743883834086e-03
8.284843199204740011e-04
3.290679355543002071e-04
-1.206747241025301915e-04
-5.086411135659008216e-04
-8.248967293793510631e-04
-1.062007954136045358e-03
-1.215287243706541717e-03
-1.282942131095392594e-03
-1.266122890683146112e-03
-1.168867257336096092e-03
-9.979442015627983109e-04
-7.626022981823830016e-04
-4.742315679323094507e-04
-1.459507019802631402e-04
2.078658077716872968e-04
5.721040059456940609e-04
9.314521309839421566e-04
1.270948560235613586e-03
1.576516793019020271e-03
1.835468679034984096e-03
2.036958215427560077e-03
2.172369971317855957e-03
2.235628492945290410e-03
2.223417815225605873e-03
2.135303359400834034e-03
1.973751920979043180e-03
1.744049027322593310e-03
1.454116544744903355e-03
1.114236914631222108e-03
7.366936742559509468e-04
3.353408558066066770e-04
-7.488364632366300015e-05
-4.784836821495065109e-04
-8.599509987852286272e-04
-1.204312787173337932e-03
-1.497661417778694843e-03
-1.727647780209591718e-03
-1.883920913112990684e-03
-1.958498488897134938e-03
-1.946055137062945983e-03
-1.844118465419225137e-03
-1.653165869469990423e-03
-1.376618693590612053e-03
-1.020733901556418943e-03
-5.943970026288381003e-04
-1.088234370007473001e-04
4.228211701936356428e-04
9.858686362006104098e-04
1.564648102344031767e-03
2.143020713614609499e-03
2.704930421571303829e-03
3.234951671985402885e-03
3.718814848535387761e-03
4.143891123752038372e-03
4.499619790988255638e-03
4.777863166597386309e-03
4.973176689125518093e-03
5.082984813237476085e-03
5.107656596201442731e-03
5.050478388417435974e-03
4.917524643572484741e-03
4.717431432254641163e-03
4.461080650230581264e-03
4.161206039697828984e-03
3.831934879094850682e-03
3.488281448584234189e-03
3.145610065231727644e-03
2.819086545089220450e-03
2.523137351612111771e-03
2.270935417021966839e-03
2.073930684940523007e-03
1.941441851766961997e-03
1.880323635909745151e-03
1.894721253417322535e-03
1.985920718677299922e-03
2.152300226912586597e-03
2.389384329022944779e-03
2.689999003183492741e-03
3.044522187902702973e-03
3.441220992016919174e-03
3.866663755738089080e-03
4.306192509968707373e-03
4.744439260722740741e-03
5.165867985962544449e-03
5.555323327445062416e-03
5.898566721985444572e-03
6.182781153255692032e-03
6.397026801552695846e-03
6.532631586492472324e-03
6.583502876144824850e-03
6.546349395884202942e-03
6.420805514503798855e-03
6.209453503751998643e-03
5.917742940619699459e-03
5.553810024233079255e-03
5.128203084858764561e-03
4.653523848470008349e-03
4.143996971413979255e-03
3.614982872554887375e-03
3.082450876794333786e-03
2.562431074479400075e-03
2.070464047171561520e-03
1.621067685424579198e-03
1.227239725970360627e-03
9.000133849981733873e-04
6.480816048564032490e-04
4.775030286558296609e-04
3.914999551011171322e-04
3.903553047086795111e-04
4.714121612490653618e-04
6.291758602701370742e-04
8.555150057700860664e-04
1.139954332310899598e-03
1.470049114455362904e-03
1.831827971032536778e-03
2.210288518394111414e-03
2.589928478367485836e-03
2.955293607796844434e-03
3.291523230783484095e-03
3.584874242500046132e-03
3.823205211666498658e-03
3.996403610851178602e-03
4.096741200548311562e-03
4.119145114494620653e-03
4.061375151545497386e-03
3.924101069968646480e-03
3.710877187906079164e-03
3.428015196063157431e-03
3.084359659157339013e-03
2.690974096166850148e-03
2.260748666328462816e-03
1.807943238205269535e-03
1.347681886586360412e-03
8.954165670205214717e-04
4.663788006639617116e-04
7.503862487796071797e-05
-2.654101871802446062e-04
-5.435205530457164549e-04
-7.500016208557371868e-04
-8.780530218641534497e-04
-9.236120714585561737e-04
-8.855052037823763628e-04
-7.654982799128158891e-04
-5.682439524850491260e-04
-3.011278765367971302e-04
2.598089921364635235e-05
4.010666686501808496e-04
8.103791866131917652e-04
1.238906781662183236e-03
1.670893937308258470e-03
2.090385256333915191e-03
2.481776796855855380e-03
2.830355508760812669e-03
3.122807914174526023e-03
3.347680251175672288e-03
3.495773998361059384e-03
3.560462959602576569e-03
3.537920834167935201e-03
3.427251331101075025e-03
3.230516298577976262e-03
2.952660909328885808e-03
2.601338547052984423e-03
2.186641549778642769e-03
1.720747261326915304e-03
1.217491805966247750e-03
6.918865301598320057e-04
1.595940604085334174e-04
-3.636176626613980833e-04
-8.624242460553751665e-04
-1.322477376610113609e-03
-1.730902374408879209e-03
-2.076743347818211551e-03
-2.351340370535663291e-03
-2.548625486877939550e-03
-2.665327199613223841e-03
-2.701076305131616759e-03
-2.658409401135552758e-03
-2.542669981043878084e-03
-2.361810621158210582e-03
-2.126103235458872732e-03
-1.847767597112816382e-03
-1.540531192392415082e-03
-1.219135881258533258e-03
-8.988087049427066029e-04
-5.947154390707854810e-04
-3.214160971049379555e-04
-9.234152189096351236e-05
8.069053477621442906e-05
1.879028275636866231e-04
2.219144904697010166e-04
1.780128363364791994e-04
5.433149827755541159e-05
-1.480713894784239579e-04
-4.252377704636210384e-04
-7.704362019755653899e-04
-1.174385971740125011e-03
-1.625570997970589206e-03
-2.110632567731378709e-03
-2.614827203960653178e-03
-3.122533667109450399e-03
-3.617791373174308704e-03
-4.084851406364323721e-03
-4.508720860433552448e-03
-4.875681473404364953e-03
-5.173764417936331343e-03
-5.393164642522681532e-03
-5.526580273321255073e-03
-5.569465208665960385e-03
-5.520186076287392912e-03
-5.380078070559545997e-03
-5.153397726407179733e-03
-4.847174293850785819e-03
-4.470964926145171853e-03
-4.036522260740856710e-03
-3.557386037924636143e-03
-3.048413059571943116e-03
-2.525261946862798236e-03
-2.003850735530410612e-03
-1.499806294890210353e-03
-1.027924839348179440e-03
-6.016624084319271547e-04
-2.326731374033422575e-04
6.958853785097359607e-05
2.981878418665709178e-04
4.489406176136994352e-04
5.205472345115784525e-04
5.146248032676407555e-04
4.356366206437860267e-04
2.907213710410529953e-04
8.942812679977761234e-05
-1.566335078479783949e-04
-4.342157889165080241e-04
-7.289128973051783649e-04
-1.025681790132669654e-03
-1.309385522731513173e-03
-1.565339937144960168e-03
-1.779844494573453199e-03
-1.940678584702019809e-03
-2.037545854738658305e-03
-2.062450922909899505e-03
-2.009995211248646278e-03
-1.877581467716303533e-03
-1.665519748671541716e-03
-1.377031087259049293e-03
-1.018148660382999990e-03
-5.975198608462561727e-04
-1.261161560315057599e-04
3.831391515981632818e-04
9.158122672270358616e-04
1.456453930163534218e-03
1.989130820180136892e-03
2.497974761591821753e-03
2.967730515684420534e-03
3.384282997811638612e-03
3.735145472573549348e-03
4.009891643859639886e-03
4.200516518429503812e-03
4.301713413384985508e-03
4.311057412065572719e-03
4.229088846775256455e-03
4.059293885621640535e-03
3.807982902030424867e-03
3.484070883015686747e-03
3.098767560696167982e-03
2.665188110732906110e-03
2.197898040640177200e-03
1.712408192918575761e-03
1.224637532028998322e-03
7.503625092722381734e-04
3.046722662548467016e-04
-9.855127052641582917e-05
-4.471102270521389380e-04
-7.309078865302184175e-04
-9.422914930656864189e-04
-1.076308792178087229e-03
-1.130869371423095029e-03
-1.106805202619529646e-03
-1.007828321355397480e-03
-8.403871856952083988e-04
-6.134268079593501724e-04
-3.380611266224153129e-04
-2.716916157451067151e-05
3.050708325909031815e-04
6.436928275704645926e-04
9.734821104433760306e-04
1.279523046742454600e-03
1.547736259913874571e-03
1.765386341206189470e-03
1.921542237733120124e-03
2.007474126003932959e-03
2.016972805450285584e-03
1.946580363345430187e-03
1.795723973798491434e-03
1.566748090178512630e-03
1.264843853344177526e-03
8.978781425594137755e-04
4.761282156416137565e-04
1.193119636919810159e-05
-4.807393455859343195e-04
-9.867549186312188966e-04
-1.490354893855481977e-03
-1.975692257367891568e-03
-2.427383228769599589e-03
-2.831041504703250833e-03
-3.173778421141366501e-03
-3.444651518238541453e-03
-3.635045795498378918e-03
-3.738974299500952628e-03
-3.753287509014502539e-03
-3.677784174087656097e-03
-3.515219714860136780e-03
-3.271211871496193784e-03
-2.954046893206984607e-03
-2.574393035774885131e-03
-2.144931381346371242e-03
-1.679916887850602765e-03
-1.194685016848556205e-03
-7.051211923859716964e-04
-2.271116428164225969e-04
2.240051729403996252e-04
6.339673763818775253e-04
9.900802342832999616e-04
1.281651336486042559e-03
1.500355188480409756e-03
1.640514495783838497e-03
1.699288337824308211e-03
1.676760692971093931e-03
1.575926269132032912e-03
1.402574193562112700e-03
1.165073695077268939e-03
8.740693463057784291e-04
5.420966025892916653e-04
1.831311666219391249e-04
-1.879119739610679346e-04
-5.557122262910179147e-04
-9.050910343092938076e-04
-1.221554240441378092e-03
-1.491810110994237337e-03
-1.704244824158142931e-03
-1.849338712308300518e-03
-1.920008628820714641e-03
-1.911864400993718363e-03
-1.823370344082514156e-03
-1.655906141300187654e-03
-1.413724924216947865e-03
-1.103809993602330054e-03
-7.356351760400834435e-04
-3.208371920027146490e-04
1.271885019682420133e-04
5.937542489591494596e-04
1.063392767576215071e-03
1.520397813139059712e-03
1.949373981213526350e-03
2.335776386237039225e-03
2.666421298872435029e-03
2.929949839499253368e-03
3.117228466409312747e-03
3.221672208325768606e-03
3.239479294351210910e-03
3.169768935653731901e-03
3.014617403466766758e-03
2.778991108524868532e-03
2.470578993132488323e-03
2.099530072318783400e-03
1.678105281452483546e-03
1.220255787920014991e-03
7.411424988873565288e-04
2.566135555713393583e-04
-2.173419252798916785e-04
-6.651447713660533882e-04
-1.072162083051783751e-03
-1.425210229115986271e-03
-1.713006938285542569e-03
-1.926556699237953838e-03
-2.059456019132053020e-03
-2.108107899135404709e-03
-2.071838066449410102e-03
-1.952908944520764497e-03
-1.756430925852895449e-03
-1.490174109552201654e-03
-1.164287152395928953e-03
-7.909331356192554749e-04
-3.838552557909481050e-04
4.211239474902263324e-05
4.715717704716792429e-04
8.891070313948250909e-04
1.279830740379116986e-03
1.629910922875837855e-03
1.927060486648822556e-03
2.160971821151030231e-03
2.323681320575614849e-03
2.409851033674295737e-03
2.416957551056017183e-03
2.345381494941639871e-03
2.198394463203394260e-03
1.982043876758380046e-03
1.704939760941840505e-03
1.377950931836308167e-03
1.013821237102820703e-03
6.267193062490699143e-04
2.317375991524230495e-04
-1.556416777686300476e-04
-5.200950534857793229e-04
-8.470014298480289198e-04
-1.122961798166462622e-03
-1.336276793111695633e-03
-1.477365316165629282e-03
-1.539109522613421599e-03
-1.517114043292671927e-03
-1.409870314739515400e-03
-1.218820213790377562e-03
-9.483167187040474934e-04
-6.054829249171327522e-04
-1.999743032867061943e-04
2.563475226216853798e-04
7.498181047107269287e-04
1.265436527927136894e-03
1.787378513576975058e-03
2.299538347460493379e-03
2.786080702347779568e-03
3.231983077832646482e-03
3.623549909333105556e-03
3.948880390432620360e-03
4.198273674102000544e-03
4.364557311794834554e-03
4.443327478111472675e-03
4.433092618465977672e-03
4.335315539704145266e-03
4.154352520387183910e-03
3.897291623848914144e-03
3.573695926790302485e-03
3.195260705419981223e-03
2.775396633332927188e-03
2.328753634903086948e-03
1.870702114220067127e-03
1.416789769784705926e-03
9.821930570905231927e-04
5.811825450217156588e-04
2.266209212697855788e-04
-7.048874607646932883e-05
-3.013886487314050566e-04
-4.598722584859367066e-04
-5.425000000286615484e-04
-5.487170189232982564e-04
-4.808689223204838398e-04
-3.441149494010041759e-04
-1.462416269681716865e-04
1.026165430843422894e-04
3.903395558664074462e-04
7.032548085386210917e-04
1.026625239720982408e-03
1.345175565390411242e-03
1.643638134789102839e-03
1.907299238859612531e-03
2.122526684545800700e-03
2.277260101638872367e-03
2.361446751825164309e-03
2.367407516562448824e-03
2.290120184563794025e-03
2.127410055367181044e-03
1.880041121255932859e-03
1.551704571941480175e-03
1.148904962914501244e-03
6.807479731932901618e-04
1.586371257372106748e-04
-4.041099667542313997e-04
-9.927124483302004164e-04
-1.591428425280867146e-03
-2.184090997419933615e-03
-2.754659396116945248e-03
-3.287765979869241954e-03
-3.769239982272300140e-03
-4.186589720511141310e-03
-4.529426426462276542e-03
-4.789814906223466805e-03
-4.962538795770229938e-03
-5.045271170710980552e-03
-5.038644582003848002e-03
-4.946218110895427011e-03
-4.774342641862718353e-03
-4.531929115655031204e-03
-4.230127920793255204e-03
-3.881930692095080914e-03
-3.501708499986121593e-03
-3.104702639401006516e-03
-2.706485884024187848e-03
-2.322413102423511247e-03
-1.967080501188498212e-03
-1.653812453603845404e-03
-1.394193901429382262e-03
-1.197664716064081054e-03
-1.071190229875215293e-03
-1.019019475026845898e-03
-1.042539589445825362e-03
-1.140231475485181840e-03
-1.307728244636108435e-03
-1.537974375794739406e-03
-1.821479981481060901e-03
-2.146661239858379481e-03
-2.500255027347669540e-03
-2.867793183021121253e-03
-3.234119743043507508e-03
-3.583932974562639533e-03
-3.902333166518283554e-03
-4.175356930409357056e-03
-4.390479234307608988e-03
-4.537065521865005918e-03
-4.606758015198529795e-03
-4.593782605136279007e-03
-4.495165513623305964e-03
-4.310852073658987330e-03
-4.043723401223398191e-03
-3.699510311091237444e-03
-3.286607428871339900e-03
-2.815793948883727263e-03
-2.299870759044084396e-03
-1.753226585125284903e-03
-1.191348294890268947e-03
-6.302924604480949784e-04
-8.613663616329836695e-05
4.255704780797812817e-04
8.903407774654560451e-04
1.295241817831788329e-03
1.629337910125251221e-03
1.884061836182630758e-03
2.053504206571822414e-03
2.134610364109371453e-03
2.127277973164610862e-03
2.034351911561541309e-03
1.861516676987211424e-03
1.617090107348186177e-03
1.311725668789255443e-03
9.580337650757914103e-04
5.701353556287281146e-04
1.631635374145735864e-04
-2.472694348242777604e-04
-6.456210085926578123e-04
-1.016963840226735478e-03
-1.347508836029091958e-03
-1.625087407312343244e-03
-1.839576052011897278e-03
-1.983248400522731256e-03
-2.051042409123123716e-03
-2.040733361546402495e-03
-1.953006643606606998e-03
-1.791427771469125078e-03
-1.562310757971309546e-03
-1.274489467041975584e-03
-9.390000087819183909e-04
-5.686853479069286154e-04
-1.777360266726353533e-04
2.188168555230427762e-04
6.056385884707968627e-04
9.676388554261176845e-04
1.290511538161290533e-03
1.561247351504676476e-03
1.768601287010689808e-03
1.903498428069385490e-03
1.959363857708326228e-03
1.932365039910821734e-03
1.821558122279242969e-03
1.628932974836952733e-03
1.359355328702056918e-03
1.020407984917426347e-03
6.221366015007350923e-04
1.767089118109566297e-04
-3.020007376082401883e-04
-7.988870228135676278e-04
-1.298132834350450510e-03
-1.783753879162335498e-03
-2.240149653529521171e-03
-2.652641522085949412e-03
-3.007979086882692915e-03
-3.294797138550791850e-03
-3.504007210049669453e-03
-3.629110041719295614e-03
-3.666418034217779065e-03
-3.615179916447967476e-03
-3.477603278375139464e-03
-3.258774193790957112e-03
-2.966476760325752887e-03
-2.610918887142340324e-03
-2.204373942023449186e-03
-1.760750814029341492e-03
-1.295107452392564151e-03
-8.231249190905958954e-04
-3.605603723439009412e-04
7.730186720557785315e-05
4.761819523924045242e-04
8.233002419974382643e-04
1.107819785866325478e-03
1.321220087953954569e-03
1.457589083875685063e-03
1.513823138441889975e-03
1.489728094595363719e-03
1.388017875105832487e-03
1.214210730697820031e-03
9.764268171052711050e-04
6.850942430905162736e-04
3.525739404991809359e-04
-7.283446511281092394e-06
-3.796330725711086164e-04
-7.491663848947778363e-04
-1.100657955619189143e-03
-1.419509435594716552e-03
-1.692271513276234415e-03
-1.907125533237105913e-03
-2.054307842831578409e-03
-2.126461943109209281e-03
-2.118906050886854887e-03
-2.029806644221615608e-03
-1.860251859485963569e-03
-1.614222119321591029e-03
-1.298458973899449314e-03
-9.222367068705517815e-04
-4.970446670830898101e-04
-3.619141807373815137e-05
4.456554602106092464e-04
9.329778251532001984e-04
1.409945894241339953e-03
1.860968779434329749e-03
2.271237365330702924e-03
2.627240528036817267e-03
2.917236622129410623e-03
3.131663726800831132e-03
3.263474284401090067e-03
3.308382410100754040e-03
3.265015207608685036e-03
3.134962785713492350e-03
2.922725216162100521e-03
2.635558280813687926e-03
2.283223398721368445e-03
1.877650477673722430e-03
1.432525482266849750e-03
9.628171450023511983e-04
4.842593759208889403e-04
1.280747529753222241e-05
-4.359128313194644356e-04
-8.471442679893183237e-04
-1.207505951977464733e-03
-1.505452651437554946e-03
-1.731669311050860766e-03
-1.879387070067715460e-03
-1.944609750251999336e-03
-1.926242930290400588e-03
-1.826121138286725381e-03
-1.648932265340950255e-03
-1.402041905759761819e-03
-1.095223836915661976e-03
-7.403061412540050575e-04
-3.507454291701419874e-04
5.885585915009026862e-05
4.732721005967758143e-04
8.771987131576967824e-04
1.255798830365325788e-03
1.595233214762396823e-03
1.883154787767266081e-03
2.109150394934079104e-03
2.265114276527065065e-03
2.345540108694961143e-03
2.347721336393489115e-03
2.271852735476041600e-03
2.121029605340116544e-03
1.901144583783602416e-03
1.620685666468288941e-03
1.290442478767786418e-03
9.231310663453583471e-04
5.329503297639812294e-04
1.350856275767156774e-04
-2.548230724071440245e-04
-6.212298676647315648e-04
-9.492292015946918963e-04
-1.225080610269411096e-03
-1.436693545737258723e-03
-1.574055281106674599e-03
-1.629586892977148748e-03
-1.598414832924610618e-03
-1.478548553550028399e-03
-1.270957942573464235e-03
-9.795478254042198994e-04
-6.110303996706544644e-04
-1.747000381118340735e-04
3.178816861658234887e-04
8.532797555217541815e-04
1.416644490779782588e-03
1.992219331858308563e-03
2.563879872386200850e-03
3.115685312094659994e-03
3.632423058032778311e-03
4.100127447885753076e-03
4.506554477381222515e-03
4.841595957099247699e-03
5.097618647866468747e-03
5.269716553884419910e-03
5.355867596652274729e-03
5.356989243927681374e-03
5.276891208992190441e-03
5.122126942265583550e-03
4.901749183458523063e-03
4.626978203704178866e-03
4.310794425685477056e-03
3.967469758501910963e-03
3.612054130087779483e-03
3.259835268206995665e-03
2.925790716463129437e-03
2.624051341607423413e-03
2.367395183256327217e-03
2.166789431152544784e-03
2.030996625685287625e-03
1.966258923739320954e-03
1.976071533054069018e-03
2.061053290133240106e-03
2.218918948983096377e-03
2.444554180003494573e-03
2.730190675254136855e-03
3.065675244345358527e-03
3.438823487441598509e-03
3.835845663894108144e-03
4.241829840858871159e-03
4.641265394726685686e-03
5.018588519801468403e-03
5.358730623132524663e-03
5.647650378932194369e-03
5.872830784307411442e-03
6.023723780207840967e-03
6.092126834736286828e-03
6.072478266058271845e-03
5.962060925702986416e-03
5.761107070442362567e-03
5.472800709793831236e-03
5.103177305327775623e-03
4.660924291619659293e-03
4.157089360956429773e-03
3.604706683127292637e-03
3.018354104656098026e-03
2.413656788002970736e-03
1.806754625920676443e-03
1.213752033615231925e-03
6.501693372249735606e-04
1.304149198239276664e-04
-3.327034423119294357e-04
-7.284109945318521361e-04
-1.048327082655975103e-03
-1.286742308718183620e-03
-1.440802117220554152e-03
-1.510590443983942733e-03
-1.499110561003282136e-03
-1.412163852205373677e-03
-1.258130830464032710e-03
-1.047662130368749635e-03
-7.932903640882581209e-04
-5.089764987473289863e-04
-2.096067059502859252e-04
8.954263287390634794e-05
3.733529684794838644e-04
6.274054220728789676e-04
8.384973892737331534e-04
9.951157667682012081e-04
1.087850182153735253e-03
1.109731713500870668e-03
1.056485199895892176e-03
9.266862760366207773e-04
7.218176065743816833e-04
4.462223321794397957e-04
1.069563453188801094e-04
-2.864554369043359732e-04
-7.223502671891263681e-04
-1.187334624872364098e-03
-1.666752867734794469e-03
-2.145201048784004406e-03
-2.607067881241897402e-03
-3.037083879591019261e-03
-3.420859414063975867e-03
-3.745392800589683255e-03
-3.999530594478833620e-03
-4.174363927392872944e-03
-4.263546964848506649e-03
-4.263526287266150225e-03
-4.173673115875539338e-03
-3.996313706388616473e-03
-3.736656799054160170e-03
-3.402620618584485147e-03
-3.004565435182018733e-03
-2.554941005235353193e-03
-2.067861191314330528e-03
-1.558620611418160820e-03
-1.043170197658034853e-03
-5.375699835486522473e-04
-5.743823642027890385e-05
3.825838207933054264e-04
7.693330004609169777e-04
1.091573357174768256e-03
1.340377928090746417e-03
1.509429687445368491e-03
1.595231225815993198e-03
1.597215861801967382e-03
1.517756346192215833e-03
1.362070905380432032e-03
1.138029966118140821e-03
8.558703816830262254e-04
5.278272183222217648e-04
1.676960469282285033e-04
-2.096588828012315754e-04
-5.888333151959491800e-04
-9.544299499924319618e-04
-1.291604496355358523e-03
-1.586591658964426254e-03
-1.827192602447567579e-03
-2.003206794042663649e-03
-2.106793077263968694e-03
-2.132747313085589080e-03
-2.078686852679744682e-03
-1.945135374458269043e-03
-1.735505113502084067e-03
-1.455977110924256118e-03
-1.115283688147998770e-03
-7.244007811140336329e-04
-2.961609318498567827e-04
1.551994811974388450e-04
6.145428847153348861e-04
1.066365383582321396e-03
1.495345092294582921e-03
1.886884676880692252e-03
2.227629059319899754e-03
2.505940104035002738e-03
2.712311610856477616e-03
2.839710028231554311e-03
2.883828901176357668e-03
2.843248089418026411e-03
2.719492126497183825e-03
2.516985623432200191e-03
2.242907227096310220e-03
1.906947197353125361e-03
1.520977043705699829e-03
1.098642743416848415e-03
6.548957407855054850e-04
2.054781076840842111e-04
-2.336201478310204584e-04
-6.467126613332788545e-04
-1.018957904316323019e-03
-1.336871075765677262e-03
-1.588788805062657430e-03
-1.765270430090671184e-03
-1.859421834933522484e-03
-1.867130542973498026e-03
-1.787203868512360783e-03
-1.621405324377261188e-03
-1.374388045405777053e-03
-1.053527593410147258e-03
-6.686600318651615086e-04
-2.317344747233879201e-04
2.436076927519267464e-04
7.425121573117374977e-04
1.249432772894597254e-03
1.748676136068485912e-03
2.224950551221115472e-03
2.663900145048176890e-03
3.052605414202917526e-03
3.380032670137107093e-03
3.637416639809141084e-03
3.818562827153515991e-03
3.920059055763337567e-03
3.941388799453692145e-03
3.884942352580314073e-03
3.755925475441671511e-03
3.562168746206121738e-03
3.313844333548635144e-03
3.023100151496990653e-03
2.703624256068333162e-03
2.370154790555813271e-03
2.037952697031018400e-03
1.722255718794021059e-03
1.437732876311831635e-03
1.197958584576273508e-03
1.014924893285669124e-03
8.986089968596165135e-04
8.566112257840222989e-04
8.938762619715599420e-04
1.012507405216702804e-03
1.211680457587916045e-03
1.487660301973728165e-03
1.833919652299989675e-03
2.241355872266644761e-03
2.698598322287487031e-03
3.192395521101879310e-03
3.708068610461571178e-03
4.230015286432485533e-03
4.742246590663825451e-03
5.228937801503035290e-03
5.674974168503291345e-03
6.066472412082678581e-03
6.391259756617207952e-03
6.639293750432007438e-03
6.803008197966484497e-03
6.877573115244483767e-03
6.861059629082046085e-03
6.754504067778383317e-03
6.561869019782300486e-03
6.289902743370934246e-03
5.947901868358924059e-03
5.547385715615034407e-03
5.101693653111066123e-03
4.625519600001893467e-03
4.134399988495622569e-03
3.644173120008115975e-03
3.170428850322462491e-03
2.727967873231038239e-03
2.330289531714811214e-03
1.989126082058880873e-03
1.714039704603742640e-03
1.512096352283507153e-03
1.387627831904334266e-03
1.342090417764400974e-03
1.374024911193740418e-03
1.479119501565508404e-03
1.650373178993620607e-03
1.878353922636087896e-03
2.151542564849024102e-03
2.456750226862152928e-03
2.779594641469011404e-03
3.105018612867485681e-03
3.417832385631165443e-03
3.703260855643933196e-03
3.947476385100725724e-03
4.138098487354673755e-03
4.264642807828792487e-03
4.318903603748581316e-03
4.295256255838693013e-03
4.190869147701987638e-03
4.005817425154812456e-03
3.743094587014254241e-03
3.408521440201460646e-03
3.010555550038325479e-03
2.560007805185933114e-03
2.069675973549717826e-03
1.553908036523189533e-03
1.028110552141488611e-03
5.082192267425323772e-04
1.015020197845089428e-05
-4.507487570383896056e-04
-8.602279798379268080e-04
-1.205627987857479542e-03
-1.476316758372384725e-03
-1.664056860193878712e-03
-1.763289619665859122e-03
-1.771326378799291997e-03
-1.688440158849426704e-03
-1.517854528348906414e-03
-1.265630072433884638e-03
-9.404524441864337697e-04
-5.533294230993719177e-04
-1.172075899722996696e-04
3.534779599898437937e-04
8.433051019154685001e-04
1.336399810021536008e-03
1.816986201732889543e-03
2.269932249859956189e-03
2.681272071210168140e-03
3.038686524551211139e-03
3.331925315338398527e-03
3.553155857729638732e-03
3.697226714179967840e-03
3.761836429270192482e-03
3.747601892369787149e-03
3.658023886984337805e-03
3.499351089720471875e-03
3.280347342378280105e-03
3.011970411974995016e-03
2.706973556669834899e-03
2.379443921851650320e-03
2.044294005229903635e-03
1.716724075028952436e-03
1.411674443670000610e-03
1.143286854950336957e-03
9.243939232336426635e-04
7.660545797446424374e-04
6.771518681791071324e-04
6.640672460176523864e-04
7.304428657684191792e-04
8.770402258529382857e-04
1.101700202084763148e-03
1.399405916077549154e-03
1.762446291027258260e-03
2.180674614508990201e-03
2.641853095949524798e-03
3.132071390052784503e-03
3.636224462379840112e-03
4.138533090468194363e-03
4.623088796317648130e-03
5.074404146265432299e-03
5.477949162367202335e-03
5.820655072135645647e-03
6.091367763966952509e-03
6.281235073861926588e-03
6.384014343529191560e-03
6.396289479558926738e-03
6.317589910344350440e-03
6.150407270847832106e-03
5.900109224866244284e-03
5.574753434731782691e-03
5.184808183249889173e-03
4.742789419678091617e-03
4.262826926226427962e-03
3.760174781444194318e-03
3.250683245067661348e-03
2.750250537187615661e-03
2.274273685724313536e-03
1.837117645617407282e-03
1.451621249833309150e-03
1.128657258818327805e-03
8.767618767208298219e-04
7.018466661007634159e-04
6.070029033333826374e-04
5.924051757581166693e-04
6.553175424068185574e-04
7.902019847923933901e-04
9.889252887414928285e-04
1.241057048259711602e-03
1.534248288820901866e-03
1.854677382184387975e-03
2.187547566868243074e-03
2.517618580369669536e-03
2.829753714479513703e-03
3.109463065449214435e-03
3.343423885238691259e-03
3.519959743884648346e-03
3.629461658006803183e-03
3.664736375971873895e-03
3.621269564925188537e-03
3.497394629246617509e-03
3.294361199403124212e-03
3.016300848675133178e-03
2.670091199520192339e-03
2.265123145091103591e-03
1.812979309751628146e-03
1.327034986232641933e-03
8.219955072157484124e-04
3.133862402847569601e-04
-1.829869408531116732e-04
-6.515878175307695565e-04
-1.077691351805539540e-03
-1.447897607419379408e-03
-1.750600060102116152e-03
-1.976391885552348550e-03
-2.118395982807278616e-03
-2.172507159199084208e-03
-2.137537977202080657e-03
-2.015263135498957751e-03
-1.810360808392697408e-03
-1.530252974820488394e-03
-1.184850304304593555e-03
-7.862105083093521522e-04
-3.481220946005718136e-04
1.143719268070692615e-04
5.854937361561660548e-04
1.049275626813919900e-03
1.490111108698698606e-03
1.893292928063867054e-03
2.245519199849323362e-03
2.535349967893307712e-03
2.753598246826682687e-03
2.893641896521558128e-03
2.951645455038181317e-03
2.926684211861364533e-03
2.820766229251737978e-03
2.638751595702462129e-03
2.388171796474067819e-03
2.078955585795748667e-03
1.723071020940919636e-03
1.334096255229025741e-03
9.267341821675804123e-04
5.162879889999602004e-04
1.181160459794337262e-04
-2.529147201821104786e-04
-5.829577693360983495e-04
-8.596796301238533982e-04
-1.072699017414661385e-03
-1.213956960788803528e-03
-1.278004940393838874e-03
-1.262200902832792898e-03
-1.166806261102336199e-03
-9.949804557396830975e-04
-7.526732475375344511e-04
-4.484184995184677287e-04
-9.303666160007995935e-05
3.007436255827786306e-04
7.187315531600316828e-04
1.145772164633711591e-03
1.566278920418238962e-03
1.964782137740109669e-03
2.326474077147146127e-03
2.637731560554312099e-03
2.886597789318123310e-03
3.063206456845779697e-03
3.160133268756447518e-03
3.172662523906020701e-03
3.098959382664263212e-03
2.940141750529194197e-03
2.700249219796848309e-03
2.386110116431465478e-03
2.007111267210756785e-03
1.574878508640226117e-03
1.102879084685152739e-03
6.059598155452950233e-04
9.983716866058530781e-05
-3.994429529126076691e-04
-8.760568296764424060e-04
-1.314946678549336941e-03
-1.702337541865450027e-03
-2.026209256733229897e-03
-2.276707023156606183e-03
-2.446476240773353024e-03
-2.530909937390891928e-03
-2.528300174724966085e-03
-2.439888180568934237e-03
-2.269811504171293740e-03
-2.024950098570053349e-03
-1.714676773637461866e-03
-1.350520812587754698e-03
-9.457565853488673208e-04
-5.149316179574655195e-04
-7.335069600568290462e-05
3.634658820885518227e-04
7.803308834695996468e-04
1.162926296243189592e-03
1.498308245985822485e-03
1.775362955696463754e-03
1.985197750740739717e-03
2.121453390280441352e-03
2.180526767437554816e-03
2.161696165252919698e-03
2.067144674147138213e-03
1.901880949262071616e-03
1.673560087543775549e-03
1.392210908501542721e-03
1.069879206435040645e-03
7.201994904718374410e-04
3.579102386598536733e-04
-1.670324356156573792e-06
-3.431895293941622255e-04
-6.518075054593025757e-04
-9.137271524628134533e-04
-1.116688234983569724e-03
-1.250408242087965071e-03
-1.306954520515249754e-03
-1.281034593907667742e-03
-1.170194444943951310e-03
-9.749177598684620472e-04
-6.986226030824579762e-04
-3.475555816593119043e-04
6.941285000434341962e-05
5.410848324873811666e-04
1.054312963955578945e-03
1.594446404311856795e-03
2.145829651500104004e-03
2.692336575257979741e-03
3.217921058247231580e-03
3.707165012364026582e-03
4.145804629545149847e-03
4.521216488333796787e-03
4.822846543153796670e-03
5.042567023410470146e-03
5.174948794106246433e-03
5.217439690171486733e-03
5.170442629432701193e-03
5.037290818698544545e-03
4.824120970868454525e-03
4.539649022001442102e-03
4.194856250801180450e-03
3.802596839376660726e-03
3.377140663535157204e-03
2.933667366928254753e-03
2.487729476711825986e-03
2.054703399326249322e-03
1.649247555693255686e-03
1.284786660837050880e-03
9.730402325988751593e-04
7.236118599951283682e-04
5.436536283473939260e-04
4.376174603663682446e-04
4.071020823578786613e-04
4.508009695350658451e-04
5.645530816567722460e-04
7.414945940317236445e-04
9.723062857167274423e-04
1.245547890673387101e-03
1.548067666352036459e-03
1.865472794583951550e-03
2.182644094296152561e-03
2.484276969260652747e-03
2.755429591403205699e-03
2.982059063473143853e-03
3.151526723126085901e-03
3.253054829052522828e-03
3.278118570914771192e-03
3.220759608933642781e-03
3.077810096667883601e-03
2.849019275579176176e-03
2.537078142524282643e-03
2.147541261789173445e-03
1.688648396568244231e-03
1.171052144634171293e-03
6.074610563529613634e-04
1.221067476959427842e-05
-5.992225365556399282e-04
-1.210747410456081532e-03
-1.806206062765274185e-03
-2.369924509636683364e-03
-2.887246683036571743e-03
-3.345033191980744530e-03
-3.732107410542369764e-03
-4.039633317246984698e-03
-4.261411899599882973e-03
-4.394085788452732622e-03
-4.437244999820334941e-03
-4.393430124033204966e-03
-4.268032892447462014e-03
-4.069097644534654633e-03
-3.807030687165902615e-03
-3.494227761744967374e-03
-3.144632700582231620e-03
-2.773242761134198618e-03
-2.395577991125890423e-03
-2.027133233814247884e-03
-1.682831986737460921e-03
-1.376501258079528695e-03
-1.120385824705909250e-03
-9.247189109480593271e-04
-7.973643258829495907e-04
-7.435425886169453637e-04
-7.656506238532864023e-04
-8.631813270933473906e-04
-1.032745795251358099e-03
-1.268197417038888219e-03
-1.560853444416315230e-03
-1.899806246935863011e-03
-2.272313304754700405e-03
-2.664252233734563154e-03
-3.060624854178420340e-03
-3.446092593358618741e-03
-3.805524411397587237e-03
-4.124537998849649861e-03
-4.390015227971997766e-03
-4.590573739986480648e-03
-4.716978086081388688e-03
-4.762475956686090112e-03
-4.723047657501486599e-03
-4.597560029942675611e-03
-4.387819361552691699e-03
-4.098521371263571036e-03
-3.737099961090449216e-03
-3.313479973560309877e-03
-2.839742558579486618e-03
-2.329714816635704028e-03
-1.798498039867351328e-03
-1.261951025586182783e-03
-7.361465128559487037e-04
-2.368197364740710562e-04
2.211716289036197609e-04
6.243572584799501977e-04
9.611158828127758062e-04
1.222072773149040711e-03
1.400419118013654591e-03
1.492142136330597323e-03
1.496157896932130476e-03
1.414342220134743840e-03
1.251458604798894123e-03
1.014985728941993938e-03
7.148505872456908244e-04
3.630766315269098052e-04
-2.664074528672618920e-05
-4.394164991339141410e-04
-8.596990957286626371e-04
-1.271816211210461279e-03
-1.660523855507665915e-03
-2.011539685400282225e-03
-2.312041832179263789e-03
-2.551115781038802276e-03
-2.720133663408965362e-03
-2.813052695402627756e-03
-2.826622332278458209e-03
-2.760492910890989613e-03
-2.617222007288338113e-03
-2.402178323837704087e-03
-2.123346513792650700e-03
-1.791039825127985815e-03
-1.417530678014493686e-03
-1.016612168202133716e-03
-6.031059109705320205e-04
-1.923335222965298543e-04
2.004296904755683379e-04
5.604996316012825610e-04
8.743077650600060728e-04
1.129886478995884274e-03
1.317298403323651119e-03
1.428994581228390558e-03
1.460088888544486914e-03
1.408539030261951250e-03
1.275227717819230142e-03
1.063941129656132073e-03
7.812453581098699560e-04
4.362651219638970148e-04
4.037245047934794225e-05
-3.932037985269222751e-04
-8.498339476721893451e-04
-1.313993098568709463e-03
-1.769798642116363931e-03
-2.201560881611801766e-03
-2.594327507247069006e-03
-2.934402872845055799e-03
-3.209823905316613445e-03
-3.410775993517132718e-03
-3.529934302815662065e-03
-3.562718571210259089e-03
-3.507452470805152121e-03
-3.365421958821523431e-03
-3.140830578011427621e-03
-2.840653273505860596e-03
-2.474393845371564062e-03
-2.053754529019383504e-03
-1.592229270928280371e-03
-1.104634937177852855e-03
-6.065968634750557162e-04
-1.140067516537565358e-04
3.575281168999659134e-04
7.932250796028760985e-04
1.179636805833436620e-03
1.505114664261133182e-03
1.760208545751410728e-03
1.937989172730276684e-03
2.034281644673795880e-03
2.047802082188114863e-03
1.980192629876097871e-03
1.835953641774644256e-03
1.622275477709074400e-03
1.348775858129473270e-03
1.027152035542529349e-03
6.707600265182558615e-04
2.941357047997934532e-04
-8.752540631267146905e-05
-4.589113568004970774e-04
-8.051409161801186204e-04
-1.112295414341786049e-03
-1.367916585203319451e-03
-1.561452913727697086e-03
-1.684638792646630428e-03
-1.731793151216682106e-03
-1.700027041945789946e-03
-1.589352863514424934e-03
-1.402691347205307438e-03
-1.145776019176691311e-03
-8.269584462306810201e-04
-4.569210523418544816e-04
-4.830753517822501588e-05
3.847161974517030532e-04
8.269552131650985145e-04
1.262715604423093798e-03
1.676352848165352065e-03
2.052819276588548070e-03
2.378191487233114951e-03
2.640159219516254128e-03
2.828458571085290876e-03
2.935234373708637493e-03
2.955319026688028611e-03
2.886418009142183942e-03
2.729195558558492659e-03
2.487257497307437948e-03
2.167031788937573075e-03
1.777550985881717546e-03
1.330144164283754904e-03
8.380491096825100350e-04
3.159583082694351788e-04
-2.204853854131783150e-04
-7.552257732923074599e-04
-1.272344257526459264e-03
-1.756605444759802830e-03
-2.193978342181720532e-03
-2.572114934444594964e-03
-2.880769426139090632e-03
-3.112143515659125583e-03
-3.261145659972532369e-03
-3.325555305152697386e-03
-3.306086388851858446e-03
-3.206347951467315976e-03
-3.032703298846019420e-03
-2.794032714624254850e-03
-2.501408100123666406e-03
-2.167691005687390031e-03
-1.807068201304261237e-03
-1.434541122286251552e-03
-1.065387140969648169e-03
-7.146116013090934253e-04
-3.964098752836920075e-04
-1.236583469578264160e-04
9.254778578332827771e-05
2.432936447670014032e-04
3.221667057996795841e-04
3.254904036703804363e-04
2.524610796633582066e-04
1.051834336512689864e-04
-1.113967971502574129e-04
-3.896606057277199418e-04
-7.195780785091178411e-04
-1.089056185005491968e-03
-1.484359827065190405e-03
-1.890591409698490905e-03
-2.292212140541156472e-03
-2.673586798525700355e-03
-3.019532885626467246e-03
-3.315854917627354768e-03
-3.549845126282560187e-03
-3.710733017924406230e-03
-3.790068021444973571e-03
-3.782021799009592858e-03
-3.683599603856797106e-03
-3.494753252618418120e-03
-3.218391723233258572e-03
-2.860288973075677220e-03
-2.428892169820549320e-03
-1.935037013759076038e-03
-1.391580082619985623e-03
-8.129610344857660879e-04
-2.147099593584911336e-04
3.870829106881193893e-04
9.763166062803908763e-04
1.537428746348424658e-03
2.055925595203902771e-03
2.518874338628432526e-03
2.915340391836908178e-03
3.236754479493991928e-03
3.477196689719755807e-03
3.633587613955159903e-03
3.705779940698057402e-03
3.696547359364438061e-03
3.611471228644192767e-03
3.458729045623664365e-03
3.248792192125975198e-03
2.994043612629359186e-03
2.708328882410016448e-03
2.406456456959342721e-03
2.103664672522636853e-03
1.815074230474778873e-03
1.555145404449471925e-03
1.337159040945634344e-03
1.172739587453739633e-03
1.071436906308216672e-03
1.040381569209534486e-03
1.084025748986501038e-03
1.203978822051776990e-03
1.398943472392524118e-03
1.664754562280251933e-03
1.994519429741940103e-03
2.378854714556649652e-03
2.806211427834681173e-03
3.263276883794457607e-03
3.735439414699473666e-03
4.207299585603173873e-03
4.663209991835899626e-03
5.087824716322373285e-03
5.466639181106363113e-03
5.786501459909612448e-03
6.036077114533928284e-03
6.206251242546291513e-03
6.290453620055224716e-03
6.284895514545631341e-03
6.188709834403199016e-03
6.003989665607452342e-03
5.735723803544466939e-03
5.391631494341103670e-03
4.981902129189995365e-03
4.518848963166718913e-03
4.016488940429603464e-03
3.490063294959683694e-03
2.955515669490842677e-03
2.428945982347355433e-03
1.926059120445562092e-03
1.461627716999311551e-03
1.048987778181898617e-03
6.995847714638225683e-04
4.225860199188963620e-04
2.245729234395146649e-04
1.093237309381378530e-04
7.769441524015574183e-05
1.276017656544488864e-04
2.541092325650923765e-04
4.496124592858578850e-04
7.041179449689474734e-04
1.005605020898081136e-03
1.340458405300405751e-03
1.693956131093772490e-03
2.050795703311722017e-03
2.395640006203936332e-03
2.713663791022790511e-03
2.991081558405220969e-03
3.215638304627186153e-03
3.377045905863883431e-03
3.467349823191624887e-03
3.481213256518718956e-03
3.416108772222415952e-03
3.272410675477515837e-03
3.053384880318546490e-03
2.765076626345864923e-03
2.416099974642638842e-03
2.017336461318333142e-03
1.581553474367980525e-03
1.122955736529205597e-03
6.566856248000694889e-04
1.982898539549038993e-04
-2.368287662137530522e-04
-6.339552635417755990e-04
-9.795830371914363618e-04
-1.261892720163285044e-03
-1.471172555436270953e-03
-1.600165517011859504e-03
-1.644330971311609105e-03
-1.602011666424004929e-03
-1.474500151781374477e-03
-1.266002252816573461e-03
-9.834988305964407693e-04
-6.365106190229891884e-04
-2.367743271025489656e-04
2.021586979488926078e-04
6.653872382827106515e-04
1.137172173091014274e-03
1.601477762157961331e-03
2.042523333854984538e-03
2.445326101342379637e-03
2.796216141132878627e-03
3.083305542888767955e-03
3.296895344211062638e-03
3.429806043004776043e-03
3.477620156425260175e-03
3.438828375648704527e-03
3.314874241837510727e-03
3.110095822393608295e-03
2.831566473392790884e-03
2.488840307594970304e-03
2.093611323822507867e-03
1.659298175892650728e-03
1.200569161786160712e-03
7.328241051522433333e-04
2.716513083197764260e-04
-1.677213740868572101e-04
-5.709620895082755197e-04
-9.251383907266951846e-04
-1.219170839466081607e-03
-1.444220910668132015e-03
-1.593999603913687311e-03
-1.664985950920242624e-03
-1.656547769330187631e-03
-1.570960442316272736e-03
-1.413323080683249111e-03
-1.191375023770253937e-03
-9.152191314027237649e-04
-5.969615888841835151e-04
-2.502808759633397555e-04
1.100589637912093797e-04
4.687336618390925227e-04
8.104042245113831462e-04
1.120263437367883478e-03
1.384564179805815223e-03
1.591110990683976658e-03
1.729697611320598401e-03
1.792475123346241395e-03
1.774237729286475083e-03
1.672616108256426860e-03
1.488171516699851680e-03
1.224387281256375786e-03
8.875579257516144453e-04
4.865797610081495136e-04
3.265021898913602304e-05
-4.611135892806176575e-04
-9.801237815800320930e-04
-1.508822402862347156e-03
-2.031216423021593633e-03
-2.531428339768464729e-03
-2.994243143969791549e-03
-3.405632530486651151e-03
-3.753238032871075106e-03
-4.026796197390294235e-03
-4.218490940392247666e-03
-4.323220781934759144e-03
-4.338771628568110703e-03
-4.265889084777341536e-03
-4.108247790001953378e-03
-3.872318883116090699e-03
-3.567140262464350495e-03
-3.203997712057717571e-03
-2.796028084129056901e-03
-2.357758455630073764e-03
-1.904597415868422225e-03
-1.452296315873280712e-03
-1.016399358621194017e-03
-6.117017962274499433e-04
-2.517352120709076026e-04
5.170208731218161463e-05
2.889531304388120916e-04
4.528345098038762465e-04
5.388811631573137834e-04
5.454951568290805457e-04
4.739932883547530798e-04
3.285518746906379052e-04
1.160506984416564275e-04
-1.541783786229138781e-04
-4.706892818735230501e-04
-8.203341838494307252e-04
-1.188736055431860407e-03
-1.560804697509147066e-03
-1.921278116707132461e-03
-2.255270218756153140e-03
-2.548805570033133017e-03
-2.789322429577237826e-03
-2.966126364606976040e-03
-3.070778493349566630e-03
-3.097404689184968859e-03
-3.042914849458617024e-03
-2.907124483788011901e-03
-2.692774299846966042e-03
-2.405447039504086428e-03
-2.053384419546802793e-03
-1.647210532838805060e-03
-1.199571344929958481e-03
-7.247028629507408417e-04
-2.379430549848177059e-04
2.447954286363758134e-04
7.075733046895966560e-04
1.134974319149302004e-03
1.512637304707488894e-03
1.827752030231512151e-03
2.069501504180434881e-03
2.229435266884518922e-03
2.301760621234408451e-03
2.283541623129901020e-03
2.174798881387411328e-03
1.978506688591515073e-03
1.700487597960720744e-03
1.349208150774432180e-03
9.354829185152532898e-04
4.720972324073376136e-04
-2.663818193485292330e-05
-5.453850651671595480e-04
-1.068310545352198345e-03
-1.579636460388154180e-03
-2.064185851983387551e-03
-2.507907504628867964e-03
-2.898360176345426108e-03
-3.225139584317620461e-03
-3.480233218222071601e-03
-3.658290586675664886e-03
-3.756799469004414634e-03
-3.776162041491061463e-03
-3.719668258853093233e-03
-3.593367474867141791e-03
-3.405842854517070022e-03
-3.167896538745042408e-03
-2.892156652370313479e-03
-2.592619986337460491e-03
-2.284146441121045427e-03
-1.981923009797540835e-03
-1.700916147712741361e-03
-1.455331783379600801e-03
-1.258101957947511213e-03
-1.120416147653503953e-03
-1.051313757789231872e-03
-1.057352132766028758e-03
-1.142361779963136335e-03
-1.307297447955786413e-03
-1.550190339569790590e-03
-1.866203194748381790e-03
-2.247786371690554084e-03
-2.684929513514777970e-03
-3.165500035916314972e-03
-3.675656626383011667e-03
-4.200323314222969423e-03
-4.723707545156049376e-03
-5.229844149024253860e-03
-5.703146178444280269e-03
-6.128943351888033013e-03
-6.493989265311657551e-03
-6.786919626987656003e-03
-6.998645482431294085e-03
-7.122667670270611644e-03
-7.155301505924296576e-03
-7.095803831467448197e-03
-6.946397987017447796e-03
-6.712195831644725968e-03
-6.401019545034066470e-03
-6.023129448647752959e-03
-5.590867374083282812e-03
-5.118228061444751037e-03
-4.620373588325568485e-03
-4.113107822222649736e-03
-3.612329286076362313e-03
-3.133481579225745085e-03
-2.691020578029717971e-03
-2.297917048877064737e-03
-1.965212062034574127e-03
-1.701640741380465189e-03
-1.513337487499184265e-03
-1.403632953902003537e-03
-1.372949838436175133e-03
-1.418801087018462231e-03
-1.535890516103041639e-03
-1.716312269602611072e-03
-1.949842061156213365e-03
-2.224309935097078163e-03
-2.526041421971589752e-03
-2.840351567131477704e-03
-3.152074457774218207e-03
-3.446109629779950997e-03
-3.707966144379400836e-03
-3.924285206805531480e-03
-4.083322951751786230e-03
-4.175376417302805766e-03
-4.193137721066784833e-03
-4.131963969710433261e-03
-3.990053387753869293e-03
-3.768521439779052087e-03
-3.471374226904161853e-03
-3.105380040586467813e-03
-2.679843528298042794e-03
-2.206290341208894546e-03
-1.698073274008634823e-03
-1.169913661355421455e-03
-6.373940676267116339e-04
-1.164200170228566486e-04
3.773304003096200274e-04
8.289497817776814853e-04
1.224818507381770843e-03
1.553077570842458736e-03
1.804040588381934131e-03
1.970530553952346085e-03
2.048129542606756063e-03
2.035332610050136215e-03
1.933600489458137377e-03
1.747309228932986992e-03
1.483598520370612737e-03
1.152124016650098431e-03
7.647222946817948223e-04
3.350001792197147095e-04
-1.221372106608873071e-04
-5.910031866370945523e-04
-1.055672916318703978e-03
-1.500534544500865819e-03
-1.910828739600248065e-03
-2.273157802605950926e-03
-2.575946544853787053e-03
-2.809838833197923248e-03
-2.968015957397749250e-03
-3.046425715689294461e-03
-3.043914244507846256e-03
-2.962256027485335105e-03
-2.806081087695406259e-03
-2.582701970599130328e-03
-2.301846636980932597e-03
-1.975306682296217378e-03
-1.616513265742833532e-03
-1.240055665054990352e-03
-8.611593827538861073e-04
-4.951421459540587995e-04
-1.568669151919333850e-04
1.397888789802519301e-04
3.824292233170407430e-04
5.605831089303618241e-04
6.660802288079505518e-04
6.933455779567472901e-04
6.396025927739568389e-04
5.049776740351237091e-04
2.925023965965967490e-04
8.013297325560079717e-06
-3.400472748648377102e-04
-7.409222925833917374e-04
-1.181912986001159866e-03
-1.648820530061435342e-03
-2.126441018644449014e-03
-2.599096390389962936e-03
-3.051182707213810456e-03
-3.467716574601408148e-03
-3.834860553985311449e-03
-4.140409149788219431e-03
-4.374218331396395598e-03
-4.528563525163593374e-03
-4.598413514349339141e-03
-4.581610627983696143e-03
-4.478950879910615496e-03
-4.294161221765207224e-03
-4.033774675670172977e-03
-3.706907687788188986e-03
-3.324947467269393289e-03
-2.901160226639258426e-03
-2.450234008861612318e-03
-1.987772076160185426e-03
-1.529754565961315062e-03
-1.091987229409076146e-03
-6.895565189120821635e-04
-3.363100673127151184e-04
-4.438071037611871980e-05
1.762293223978969765e-04
3.179895326298446019e-04
3.760956949580493425e-04
3.486289514140210495e-04
2.366139381257464577e-04
4.397396177579148899e-05
-2.226151499801366090e-04
-5.539673503317818579e-04
-9.387162855318026584e-04
-1.363721207214247961e-03
-1.814534613149578444e-03
-2.275915183748155896e-03
-2.732367996660050365e-03
-3.168693048443314668e-03
-3.570522823881932314e-03
-3.924830040221494350e-03
-4.220387741791526565e-03
-4.448165593453498601e-03
-4.601648460413785072e-03
-4.677066088693955515e-03
-4.673525819390185465e-03
-4.593043671472974224e-03
-4.440472693061948105e-03
-4.223331084910394127e-03
-3.951536115948972930e-03
-3.637053155938723206e-03
-3.293472128731629936e-03
-2.935526236944084079e-03
-2.578569835733781831e-03
-2.238033768789734080e-03
-1.928877273280090680e-03
-1.665055684524507093e-03
-1.459022621202846030e-03
-1.321284127233644020e-03
-1.260020429250604829e-03
-1.280788602534640823e-03
-1.386316606217526982e-03
-1.576395949785180592e-03
-1.847876799450365749e-03
-2.194765745837073956e-03
-2.608422859308645071e-03
-3.077851182145455774e-03
-3.590068569469383186e-03
-4.130548906752783481e-03
-4.683717301992947578e-03
-5.233481960314957659e-03
-5.763784164120701499e-03
-6.259147147940957723e-03
-6.705204696083419402e-03
-7.089191001635741785e-03
-7.400374682483454661e-03
-7.630421806183411773e-03
-7.773675262249524903e-03
-7.827340750523511734e-03
-7.791572925148673029e-03
-7.669458730629666668e-03
-7.466898567014260656e-03
-7.192389499213569341e-03
-6.856718155517188898e-03
-6.472574122275684405e-03
-6.054097424728635546e-03
-5.616375990544000829e-03
-5.174910741991380243e-03
-4.745067093512536638e-03
-4.341532104166462291e-03
-3.977796332465284058e-03
-3.665678571575297848e-03
-3.414910136222581993e-03
-3.232793281727722179e-03
-3.123945733687088014e-03
-3.090140285112561499e-03
-3.130245082242438803e-03
-3.240266687647267146e-03
-3.413494403482948865e-03
-3.640740785160643048e-03
-3.910669900816707983e-03
-4.210201813056412348e-03
-4.524979084421368487e-03
-4.839878930648310734e-03
-5.139553042362769372e-03
-5.408976122589834352e-03
-5.633983878486855702e-03
-5.801781571853203458e-03
-5.901405261435014454e-03
-5.924119524793962886e-03
-5.863737670577334922e-03
-5.716853165524792696e-03
-5.482974109402035008e-03
-5.164555986334417280e-03
-4.766931483758013108e-03
-4.298139775575832155e-03
-3.768661187772197069e-03
-3.191066479299899030e-03
-2.579592962369660434e-03
-1.949662249522799568e-03
-1.317356460237235904e-03
-6.988711756318306909e-04
-1.099642450798305002e-04
4.345803053506873924e-04
9.214545408661735078e-04
1.339277524477305815e-03
1.678979122432226832e-03
1.934103318363618405e-03
2.101020464381002286e-03
2.179041085962383530e-03
2.170427304600108104e-03
2.080301526954598124e-03
1.916455646162397095e-03
1.689067483904710181e-03
1.410334448835819706e-03
1.094037284233176019e-03
7.550492237544866600e-04
4.088077832761505010e-04
7.076772206235858956e-05
-2.441456377457855171e-04
-5.220635610859556026e-04
-7.506630357823024062e-04
-9.196007469924197611e-04
-1.020876680350247265e-03
-1.049114614115657929e-03
-1.001749677299205782e-03
-8.791164115678254919e-04
-6.844342654701365825e-04
-4.236910478084686838e-04
-1.054284467203034023e-04
2.595628432432912393e-04
6.586276724514959161e-04
1.077697156612356837e-03
1.501789734761812493e-03
1.915544966060638097e-03
2.303771316269498035e-03
2.651988691610528484e-03
2.946946659061834388e-03
3.177100141626735055e-03
3.333025865015699571e-03
3.407764906347515027e-03
3.397079283243594709e-03
3.299613532383723763e-03
3.116955554719552223e-03
2.853594533485892711e-03
2.516777337253335058e-03
2.116268377167547336e-03
1.664021270582555180e-03
1.173773753969050305e-03
6.605799779607656515e-04
1.402965124279225903e-04
-3.709599873846667825e-04
-8.573645082292918754e-04
-1.303925523535676232e-03
-1.696998023634396432e-03
-2.024749807344331746e-03
-2.277564746185367986e-03
-2.448368938474674520e-03
-2.532868369829616769e-03
-2.529689794559762499e-03
-2.440419940541390959e-03
-2.269541699720963382e-03
-2.024269572672679658e-03
-1.714290162286690854e-03
-1.351416835126399707e-03
-9.491706728243000119e-04
-5.223024148451099660e-04
-8.627215768048577789e-05
3.432949482462166382e-04
7.511579257036886349e-04
1.122994875101556312e-03
1.445904815543480864e-03
1.708858884420722804e-03
1.903085096054056742e-03
2.022373192035214172e-03
2.063288919893778699e-03
2.025290254247791993e-03
1.910741514323289992e-03
1.724824913099018073e-03
1.475352670834829613e-03
1.172486313297988175e-03
8.283730303867925613e-04
4.567118799780297872e-04
7.226508274053490978e-05
-3.096684198845320681e-04
-6.737986478520711182e-04
-1.005390332057400776e-03
-1.290789554491405351e-03
-1.517912770491568501e-03
-1.676681021656499255e-03
-1.759384067758502273e-03
-1.760961621171899198e-03
