-4.613484234927538738e-04 2.065602515077574926e-05
-1.004699510964699978e-03 1.121861693334981914e-04
-1.384069690757225649e-03 3.204190994470898415e-04
-1.516661396703440374e-03 5.851660445885800352e-04
-1.365216543367965898e-03 8.354112026375422589e-04
-9.453460505748444544e-04 1.003199956540653734e-03
-3.228740548494179888e-04 1.036955133769316582e-03
3.983074194224522067e-04 9.116891212902272432e-04
1.095581159247862061e-03 6.341673994530755854e-04
1.650490088291443717e-03 2.420352474210375250e-04
1.970839715323532450e-03 -2.029370568556342264e-04
2.007840275683698411e-03 -6.262208191605417307e-04
1.765050019430907183e-03 -9.543633777807553108e-04
1.297433034774906225e-03 -1.128678066970202534e-03
7.007161324710076784e-04 -1.116203379334548655e-03
9.306536153283527599e-05 -9.158605998394226018e-04
-4.074439635862424358e-04 -5.586467202287327639e-04
-7.052944227821254710e-04 -1.018271277523082974e-04
-7.456745681803226590e-04 3.817730670737729329e-04
-5.248706201964072320e-04 8.173538657645187163e-04
-9.093427897200921043e-05 1.142033230147779504e-03
4.654985471195368578e-04 1.316422994579911953e-03
1.028497321097452625e-03 1.331702985036219622e-03
1.478957668786299055e-03 1.210862127270886804e-03
1.717360531900753717e-03 1.003880854433393359e-03
1.682855077259765020e-03 7.777771761557021168e-04
1.365046092806258956e-03 6.034119293166088959e-04
8.062473936451437784e-04 5.415627127012019723e-04
9.376756241118107448e-05 6.309145661814739891e-04
-6.563185880310207134e-04 8.802523780453875169e-04
-1.320847429524899799e-03 1.266344056314363305e-03
-1.792595661577393038e-03 1.737925385751731746e-03
-2.000307866162681723e-03 2.225041324060017620e-03
-1.921937044301007605e-03 2.651983162832843247e-03
-1.588597112262328742e-03 2.951378748771669829e-03
-1.078484110848095022e-03 3.076773062721024649e-03
-5.019212772227228669e-04 3.011320619091267456e-03
1.963722809884913684e-05 2.770945664965445907e-03
3.766662501581458274e-04 2.401372002763663572e-03
4.923258001027837772e-04 1.969583409160761706e-03
3.369832785938716140e-04 1.551328575029971811e-03
-6.624693540287814996e-05 1.217031870067931910e-03
-6.459932697172316015e-04 1.018771562549426659e-03
-1.296292725905772011e-03 9.807835987787468998e-04
-1.896840774084231941e-03 1.095280273185126772e-03
-2.335985937991471011e-03 1.324365770890984602e-03
-2.532109158043947990e-03 1.607675384957503407e-03
-2.449333196394350588e-03 1.874280918914151672e-03
-2.104580400638726180e-03 2.056596692110316486e-03
-1.564634937950013524e-03 2.103641716367897572e-03
-9.337581008058190146e-04 1.991135792294672358e-03
-3.341941708145963058e-04 1.726507373189185022e-03
1.167491277472747571e-04 1.347855406421153476e-03
3.287123750136213864e-04 9.170533111212276611e-04
2.552263744245318513e-04 5.082937200123332231e-04
-9.761860953609179277e-05 1.942372776709197762e-04
-6.724135794229457817e-04 3.238389994311458193e-05
-1.371343270330707600e-03 5.424428672087344781e-05
-2.074701810013071350e-03 2.593608423888766820e-04
-2.663504483690407737e-03 6.153105836710096250e-04
-3.041914087214115867e-03 1.063691610804925807e-03
-3.155236623377213195e-03 1.530963366000626710e-03
-3.000081146245943235e-03 1.942093357609031134e-03
-2.624763316305348676e-03 2.234433001490341783e-03
-2.119880586329967419e-03 2.369203096887130110e-03
-1.600848931852577074e-03 2.338423200966754153e-03
-1.185714077227437808e-03 2.165982842918341353e-03
-9.724457875803262097e-04 1.902662511086822012e-03
-1.020022331449035738e-03 1.616058400503853900e-03
-1.336894961979173116e-03 1.377329979368854731e-03
-1.879025018997869129e-03 1.247290791448222138e-03
-2.557873600838763729e-03 1.264486721498371460e-03
-3.256838936439993438e-03 1.437528807160132335e-03
-3.853036511545789022e-03 1.743141031769318214e-03
-4.240304661987094777e-03 2.130300154373325656e-03
-4.349085463332797406e-03 2.529689712089528732e-03
-4.159421475332593550e-03 2.866682619208109871e-03
-3.704611457910200224e-03 3.075397174717660158e-03
-3.064835963300831159e-03 3.111166610526920097e-03
-2.351961964312697471e-03 2.959061295125919606e-03
-1.688404881609648469e-03 2.636848658902369094e-03
-1.184050397696683387e-03 2.191827526857218367e-03
-9.156044872004028348e-04 1.692131747148252052e-03
-9.122789538128397817e-04 1.214143608407862061e-03
-1.150518881254452772e-03 8.283926948132253531e-04
-1.558765229966593878e-03 5.866014119137428779e-04
-2.031344732751361355e-03 5.123203652492180514e-04
-2.448850206399202228e-03 5.969163601272430919e-04
-2.701144790517924932e-03 8.016618487301028616e-04
-2.708626302225937421e-03 1.065519193228486828e-03
-2.437717063010126466e-03 1.317134955102522431e-03
-1.907637901777478866e-03 1.488762712192812348e-03
-1.187175518070868489e-03 1.529468459830437806e-03
-3.820474318645745884e-04 1.415109404317136310e-03
3.847505180055152190e-04 1.153188946366824185e-03
9.958999184382748282e-04 7.816619778937671653e-04
1.361678453720368198e-03 3.619113837682958129e-04
1.436696721227624391e-03 -3.277825076096647916e-05
1.228288542593964673e-03 -3.310695222105814427e-04
7.949693125739401177e-04 -4.771219687859903956e-04
2.352562431975504078e-04 -4.412758769582878675e-04
-3.310319545634619887e-04 -2.258442764207367788e-04
-7.854556122327487717e-04 1.350880406030302745e-04
-1.033322016976280337e-03 5.818262992899858295e-04
-1.021508126338770139e-03 1.040028767071472663e-03
-7.483671879458462768e-04 1.434403524658794385e-03
-2.638482579039103711e-04 1.702554863346803123e-03
3.401883316266773481e-04 1.806367655957498083e-03
9.476193994738075707e-04 1.738784758229323458e-03
1.440322598763849006e-03 1.524705045144575258e-03
1.720832485727340558e-03 1.215842863962284708e-03
1.731091628815583294e-03 8.805327499813002130e-04
1.463738774729542039e-03 5.904198027335348219e-04
9.637892886485257063e-04 4.065650565074988834e-04
3.203825604150068503e-04 3.676049843215399657e-04
-3.498476729034374249e-04 4.822141538774934446e-04
-9.246373033980076353e-04 7.273038924023897227e-04
-1.299055422326281933e-03 1.052302196782606020e-03
-1.405223633502274659e-03 1.388707044237952803e-03
-1.225060533942329407e-03 1.663105105204096094e-03
-7.936403822874153443e-04 1.811190046536489571e-03
-1.925310412044208604e-04 1.790123712207074367e-03
4.656274731300705824e-04 1.586895639783181353e-03
1.058385103301251679e-03 1.221092531283162440e-03
1.476561028086900793e-03 7.415463161266395596e-04
1.644773607992114535e-03 2.174872365864759011e-04
1.535538166933712000e-03 -2.741322205780093732e-04
1.174268502597873272e-03 -6.627525038950914105e-04
6.342410347226687655e-04 -8.970993213863458649e-04
2.248156569350731344e-05 -9.544230027220663125e-04
-5.407462190297945620e-04 -8.443465385042355029e-04
-9.449596676632186472e-04 -6.066045827911303043e-04
-1.110617824419545810e-03 -3.031119913420691494e-04
-1.004410141514843315e-03 -5.873457201563923868e-06
-6.457716788995317061e-04 2.169676535552542791e-04
-1.033849328146457152e-04 3.142919709493120165e-04
5.176749451591915576e-04 2.618796216575426270e-04
1.095722370521071435e-03 6.712377133403764438e-05
1.515429242001862771e-03 -2.323135964649796718e-04
1.689632601636640186e-03 -5.756507867337665998e-04
1.575854694980738770e-03 -8.905866653012945930e-04
1.184408142630945758e-03 -1.107153863141434238e-03
5.765511131325883835e-04 -1.171198439673044097e-03
-1.469597588662376714e-04 -1.054928685950957392e-03
-8.647539309753736209e-04 -7.625292259224725330e-04
-1.457597024745628869e-03 -3.297696002609681485e-04
-1.830703528153756338e-03 1.823275384745878401e-04
-1.931392950014996449e-03 6.985696719346695931e-04
-1.758752685295123094e-03 1.143341211261295759e-03
-1.363484909814362614e-03 1.454422063414464571e-03
-8.379738179773384187e-04 1.594272768265717847e-03
-2.984614671401685350e-04 1.556660605833567416e-03
1.372852471335094145e-04 1.367382905936296352e-03
3.725803188253519298e-04 1.078960899347702548e-03
3.504095191379540727e-04 7.603183101920736944e-04
6.447953288308693083e-05 4.834074848138178232e-04
-4.393729465733030781e-04 3.093225831683370838e-04
-1.071684366080246026e-03 2.765350591034940794e-04
-1.716174149390147820e-03 3.934832569374667726e-04
-2.251681816948530260e-03 6.369218856445218405e-04
-2.575080063933550718e-03 9.563448446844804865e-04
-2.620826512906741530e-03 1.283643204336858742e-03
-2.373452075950611105e-03 1.546167170079583864e-03
-1.870620010425222890e-03 1.680714639912944501e-03
-1.196173898372858337e-03 1.645791922995375623e-03
-4.644871742690554308e-04 1.429817928322455259e-03
2.009271739763619042e-04 1.053710032865651409e-03
6.905021523769611569e-04 5.673527041456847110e-04
9.290327153871403600e-04 4.060751181625575829e-05
8.895633847261750788e-04 -4.494437926025122683e-04
5.981254322942075076e-04 -8.326185341699190480e-04
1.284345403763222180e-04 -1.058452303369280742e-03
-4.124389488451542457e-04 -1.105301728866247678e-03
-9.047057336732885775e-04 -9.840177900347266658e-04
-1.238883928880729797e-03 -7.355039840026417197e-04
-1.336848594223670776e-03 -4.226305777877761307e-04
-1.166911795236854959e-03 -1.180436504884621075e-04
-7.500716009254224277e-04 1.098163992520939441e-04
-1.562413985840981783e-04 2.098346327158160437e-04
5.088309301013582827e-04 1.579921243747104288e-04
1.123480478029082949e-03 -3.806438383005344116e-05
1.573110218354444294e-03 -3.405188866047923445e-04
1.771892057600002847e-03 -6.886634173084611732e-04
1.679074590820569786e-03 -1.010574856668030978e-03
1.306808145723262031e-03 -1.236975346922642490e-03
7.180027929663992774e-04 -1.314645646600587229e-03
1.462119566374335349e-05 -1.216844246867269160e-03
-6.813817124497790773e-04 -9.487509585059886045e-04
-1.250868930887621792e-03 -5.468948219697532470e-04
-1.599769079635068739e-03 -7.266445202618520768e-05
-1.676556421240745247e-03 3.988811258612978564e-04
-1.481661292228999682e-03 7.927934395201665426e-04
-1.067037172104664351e-03 1.048008707345766174e-03
-5.259743961456959070e-04 1.128517337619967678e-03
2.490290549396327081e-05 1.029823456944335474e-03
4.680402733685588802e-04 7.794800913285692030e-04
7.075076139583828458e-04 4.316063730793492210e-04
6.874278552786821902e-04 5.643145185923396489e-05
4.027842748968596138e-04 -2.731499121013456605e-04
-9.944479408929547768e-05 -4.954608272042659986e-04
-7.290426342359756454e-04 -5.717341136491662073e-04
-1.369546924745960927e-03 -4.933984728329391788e-04
-1.900262757220861970e-03 -2.835807801471489954e-04
-2.219128323315640652e-03 7.456988119344299965e-06
-2.262103113182577577e-03 3.120777313070403295e-04
-2.015405717317757337e-03 5.583721737223190954e-04
-1.518281003511660378e-03 6.841164929956198258e-04
-8.557684994052647785e-04 6.489332709411013440e-04
-1.428360326480280790e-04 4.423436258605038199e-04
4.971231507486578369e-04 8.617571720859846726e-05
9.553648785677387387e-04 -3.691369275301938698e-04
1.158078065802065288e-03 -8.536769642849754806e-04
1.080044834514148379e-03 -1.290868043145303439e-03
7.490977755927990785e-04 -1.611584832255698492e-03
2.405380474719362059e-04 -1.766886453467876594e-03
-3.374211766881263360e-04 -1.736971522247648687e-03
-8.644224167743736918e-04 -1.534667434143425612e-03
-1.231003804551541320e-03 -1.202800170856035012e-03
-1.359542859299169839e-03 -8.059480790885301203e-04
-1.219133596983007582e-03 -4.181448168656275621e-04
-8.315761164476197708e-04 -1.088620236838812880e-04
-2.673416050873279946e-04 7.007362913355648110e-05
3.677251543808166771e-04 9.415289184277076534e-05
9.524487775464092563e-04 -2.938283137965110123e-05
1.373316373919160468e-03 -2.631825563677723709e-04
1.546065582105344725e-03 -5.471845077988999727e-04
1.431777322271155905e-03 -8.103644702554536590e-04
1.044422572426214431e-03 -9.846008401567158709e-04
4.484297539939207104e-04 -1.018021810314804435e-03
-2.532719317700932735e-04 -8.852974269590820804e-04
-9.384753039601814902e-04 -5.929171204798571989e-04
-1.488551124253728684e-03 -1.784423311897832907e-04
-1.810616779078764310e-03 2.961355844844280297e-04
-1.854827814042248838e-03 7.556857433235678176e-04
-1.623525907415970283e-03 1.125749385602819747e-03
-1.170518549640463084e-03 1.346267524633299644e-03
-5.906337186535071679e-04 1.382634119100947627e-03
-1.533599547999314403e-06 1.231989397846361715e-03
4.787635761629414639e-04 9.235678400023849535e-04
7.543925860814167930e-04 5.130395939282262263e-04
7.699151596156170868e-04 7.191990454185183488e-05
5.208956610020114330e-04 -3.259466728228348534e-04
5.477408941571707338e-05 -6.182683542170716324e-04
-5.381297020983222268e-04 -7.659279868841563322e-04
-1.141776901157984334e-03 -7.601478131316562713e-04
-1.636484957459072862e-03 -6.238457317890506223e-04
-1.921734818442128985e-03 -4.069328407745234481e-04
-1.935388284416125542e-03 -1.764504732358395463e-04
-1.665672356077537233e-03 -3.423176330740059468e-06
-1.153656060364963544e-03 5.107311762916552644e-05
-4.857446201082303659e-04 -5.202090099662025520e-05
2.223946466597994916e-04 -3.218399583150017684e-04
8.474383712774551233e-04 -7.353550040387613323e-04
1.281461547979301924e-03 -1.241238023140755131e-03
1.452082528387410587e-03 -1.769109943785381923e-03
1.335891605170315194e-03 -2.242430901630481765e-03
9.626277147260172730e-04 -2.592601720427194396e-03
4.093192287574353057e-04 -2.771615186092414758e-03
-2.144955342525579770e-04 -2.760869072107848335e-03
-7.876642856582221058e-04 -2.574478139714407414e-03
-1.200472378157308373e-03 -2.256462221807641576e-03
-1.375482222604462127e-03 -1.872345221564720216e-03
-1.282212750375001740e-03 -1.496756319276153820e-03
-9.428786831555438204e-04 -1.199379918350200122e-03
-4.281032687591286036e-04 -1.031911899221889597e-03
1.565823072770343015e-04 -1.018487696202324301e-03
6.908940804008414233e-04 -1.151388932709303172e-03
1.062785261711011054e-03 -1.392834596310572447e-03
1.189913507976316735e-03 -1.682509522900202522e-03
1.035515470503815035e-03 -1.949395671847837814e-03
6.156767640708581298e-04 -2.125656194104592715e-03
-3.385956272716024104e-06 -2.159933024714995407e-03
-7.175235587710461103e-04 -2.027529378464070116e-03
-1.404031738146436798e-03 -1.735538172708542357e-03
-1.944546173011383987e-03 -1.321934449074053854e-03
-2.247128602817067677e-03 -8.487931398926950059e-04
-2.263369879678389911e-03 -3.909065508125577292e-04
-1.997279130981109881e-03 -2.194793069241194380e-05
-1.504282794393134838e-03 1.992066706056859482e-04
-8.805291124560283341e-04 2.394146284211420232e-04
-2.445282985868155786e-04 9.739502440764106778e-05
2.853913299589584500e-04 -1.961083741956553780e-04
6.135399306354575536e-04 -5.841590370402263569e-04
6.849818645957731020e-04 -9.943507265040773483e-04
4.958801582685291170e-04 -1.352393482477346181e-03
9.411191324699128870e-05 -1.595993819061561824e-03
-4.299598551751424459e-04 -1.686406136434810167e-03
-9.608075917798429479e-04 -1.615474569473221824e-03
-1.379870028870780821e-03 -1.406839485185746186e-03
-1.588297122153640517e-03 -1.111088719060838960e-03
-1.525996596400735171e-03 -7.957809961570056802e-04
-1.183369099003175320e-03 -5.322405364224455388e-04
-6.035026908845482572e-04 -3.816336091139603710e-04
1.255966202075742982e-04 -3.829739370202708305e-04
8.872753300427794337e-04 -5.453385868672237921e-04
1.557931481006642315e-03 -8.457784782955166288e-04
2.030042049239554839e-03 -1.233328886687611254e-03
2.232166707565822611e-03 -1.638369534222098396e-03
2.142148038671660461e-03 -1.985569875863213082e-03
1.791015750628008069e-03 -2.207974986477518730e-03
1.256861616637793520e-03 -2.259569883898984288e-03
6.498497239535384797e-04 -2.123946482619580405e-03
9.120393758894440421e-05 -1.817433572998861709e-03
-3.098462515137838814e-04 -1.386096957924709897e-03
-4.767948286015202992e-04 -8.971759739146373605e-04
-3.803379589038791662e-04 -4.265745680891576234e-04
-4.386155725610949453e-05 -4.477068182494662024e-05
4.610994126720758981e-04 1.961942475771745941e-04
1.028567087765211744e-03 2.721896828699158248e-04
1.538392984531864426e-03 1.911489617474329203e-04
1.879252889829133430e-03 -8.875993745869053143e-06
1.970004522705852152e-03 -2.673797397896154069e-04
1.775357419079833746e-03 -5.133261804327288007e-04
1.312880830837976319e-03 -6.790608151466462480e-04
6.500150613325082890e-04 -7.135672131574208798e-04
-1.083557995234103429e-04 -5.925469809038091343e-04
-8.394246062228401207e-04 -3.234045390993039440e-04
-1.425386809973426495e-03 5.581629801521508080e-05
-1.775437273346292151e-03 4.833505737611229892e-04
-1.842679734989183726e-03 8.851820012947715643e-04
-1.632753007865282019e-03 1.188897879172699009e-03
-1.202545683653217980e-03 1.337309639675519001e-03
-6.492470127764984325e-04 1.299262462250990770e-03
-9.181047571659090630e-05 1.075588027836699243e-03
3.516579490255921725e-04 6.990723904366595836e-04
5.863044319954460910e-04 2.284423661137008311e-04
5.584829518687198149e-04 -2.624953242519262125e-04
2.658636489425939692e-04 -6.985116787392156232e-04
-2.422175352751462308e-04 -1.016831104520963223e-03
-8.742306293718716051e-04 -1.178606302976634027e-03
-1.513946995413534106e-03 -1.175829005294781520e-03
-2.042640400938176403e-03 -1.032378209382154004e-03
-2.361784150893897656e-03 -7.990182193320284230e-04
-2.411940090913643805e-03 -5.433047270914856397e-04
-2.184255949580367860e-03 -3.363213602343553604e-04
-1.722386907958668115e-03 -2.387689738144487721e-04
-1.114470457858354963e-03 -2.890519575355485942e-04
-4.766671557499207275e-04 -4.956269401653155956e-04
6.862288274976559993e-05 -8.350712952931864429e-04
4.157493847787405335e-04 -1.256244770656497495e-03
4.956599565372847831e-04 -1.689762599491556692e-03
2.888535025465233238e-04 -2.060991258310648777e-03
-1.710097698029936636e-04 -2.304109340644294388e-03
-8.035225746979436211e-04 -2.374572528063856238e-03
-1.496752946120530510e-03 -2.257622017747407638e-03
-2.128392072134040712e-03 -1.971223238311878290e-03
-2.588823892823373905e-03 -1.562874752326444535e-03
-2.801749894481299005e-03 -1.100886474591576463e-03
-2.738466451569966480e-03 -6.617721830409373663e-04
-2.423094979272460200e-03 -3.161357264142274298e-04
-1.927779251496604916e-03 -1.157143313335645858e-04
-1.358764864739958177e-03 -8.402230305386650978e-05
-8.360030218683661522e-04 -2.123559675363390336e-04
-4.701474919526326800e-04 -4.619051778540141529e-04
-3.413075236710779673e-04 -7.715603685936082371e-04
-4.835871779020341991e-04 -1.069925879292636314e-03
-8.783459543544726127e-04 -1.289254204104980407e-03
-1.457464149623487540e-03 -1.378652692210212503e-03
-2.116001745860021047e-03 -1.314052812435048938e-03
-2.731860494161373731e-03 -1.103046187797141874e-03
-3.188732105811024550e-03 -7.836649007332090449e-04
-3.397992372870041987e-03 -4.173317024676168508e-04
-3.315399666274391685e-03 -7.731124231481290108e-05
-2.949439048062225087e-03 1.651531203289172091e-04
-2.359734097225377105e-03 2.543925559750047360e-04
-1.645828113018107030e-03 1.609887770762227430e-04
-9.284586964178352447e-04 -1.124513236224765388e-04
-3.268697774952132075e-04 -5.315201916224127684e-04
6.354585488749231459e-05 -1.036196796965944055e-03
1.890442640686486493e-04 -1.551832470384158008e-03
4.740348056672346634e-05 -2.002863985094174761e-03
-3.119914779698828178e-04 -2.326667011760743566e-03
-7.978611691938588711e-04 -2.484937151104919372e-03
-1.294695669338070433e-03 -2.470454331232183574e-03
-1.685017665273692063e-03 -2.307960754322724902e-03
-1.872021268317593159e-03 -2.048997214820290780e-03
-1.798291774370331352e-03 -1.761686390897802129e-03
-1.457053655731556764e-03 -1.517408020558666136e-03
-8.938090521144803407e-04 -1.376898634684374165e-03
-1.980489890556425740e-04 -1.378416478214904454e-03
5.134001508052044895e-04 -1.530220021507181557e-03
1.118247798292876629e-03 -1.808790357315408388e-03
1.511692076870203155e-03 -2.163138716280953167e-03
1.626112598555410401e-03 -2.524386526589168962e-03
1.443777478917424419e-03 -2.818805378732345580e-03
1.000160313631278004e-03 -2.981847352430776112e-03
3.772395207683146724e-04 -2.970506897329748628e-03
-3.119519852803457911e-04 -2.771669760205878325e-03
-9.446032413727234803e-04 -2.404862851673162348e-03
-1.411202153070612465e-03 -1.918877833799179046e-03
-1.636047318889496255e-03 -1.382900058333494343e-03
-1.591315856774079248e-03 -8.738138589302226053e-04
-1.302029389599796121e-03 -4.620783220879124287e-04
-8.409845656163015409e-04 -1.988376537804443806e-04
-3.146153489368200534e-04 -1.066960427454261050e-04
1.575281401612615984e-04 -1.758928759877904187e-04
4.657904575020073044e-04 -3.665917176428161450e-04
5.315460400513371750e-04 -6.168392153506926760e-04
3.224487206157351880e-04 -8.546771590881127763e-04
-1.410997774781302689e-04 -1.012105428931441269e-03
-7.894945370849667382e-04 -1.038244241960025382e-03
-1.516820848157323124e-03 -9.091970586786436931e-04
-2.200660820991089898e-03 -6.327417289583924876e-04
-2.725067741286026773e-03 -2.469583181853455601e-04
-3.002361818575064768e-03 1.869482167425706005e-04
-2.989623001436301879e-03 5.962714702894137461e-04
-2.696759439283288526e-03 9.106706037103603829e-04
-2.184624096815911652e-03 1.075651976160617133e-03
-1.553535205451462252e-03 1.063107911466871580e-03
-9.243721197528262726e-04 8.769109833519305418e-04
-4.158229159268310611e-04 5.524972156890869176e-04
-1.220877408238819472e-04 1.505087262816283064e-04
-9.525472292680968976e-05 -2.543097049705503408e-04
-3.356797209157053562e-04 -5.868676855793984043e-04
-7.921850029205666126e-04 -7.855454271092158483e-04
-1.372032221661056506e-03 -8.134637050821330335e-04
-1.958773930286332801e-03 -6.650842460277912697e-04
-2.434595897339185931e-03 -3.669011125663033273e-04
-2.702912146762925620e-03 2.789804468323848292e-05
-2.706926980617684400e-03 4.497810263847033503e-04
-2.440642255579557329e-03 8.262629396112778062e-04
-1.950219207331841363e-03 1.095798504478969707e-03
-1.325431184552266226e-03 1.219539131809541099e-03
-6.828208049000975260e-04 1.188724985548522076e-03
-1.437468177839015121e-04 1.026310445913006719e-03
1.885253007320626673e-04 7.825150220110801448e-04
2.483527603047114111e-04 5.251436903286867347e-04
2.016743013281865719e-05 3.265126939496645984e-04
-4.585081331741291087e-04 2.494611437580989332e-04
-1.104053548767820487e-03 3.351032898610762289e-04
-1.802431200179237508e-03 5.946480137661897154e-04
-2.430589358984576800e-03 1.006843083067371879e-03
-2.879539990603629043e-03 1.521537603659623480e-03
-3.074747062769716578e-03 2.068698358934595912e-03
-2.989971056959354022e-03 2.571183530967648210e-03
-2.651954917897596242e-03 2.958866091644321572e-03
-2.135071177551063799e-03 3.181443612271125237e-03
-1.546951047110448323e-03 3.217519769883792416e-03
-1.007823908641531079e-03 3.078248360167925440e-03
-6.274864800162340255e-04 2.804859538875812287e-03
-4.842694524959936450e-04 2.460545459881165013e-03
-6.099906760429537472e-04 2.118249308742608302e-03
-9.837497269182503279e-04 1.846675986625975459e-03
-1.535743734686739184e-03 1.697177831784186684e-03
-2.160385850086861924e-03 1.694001368962278799e-03
-2.736245203720694824e-03 1.829742894426046769e-03
-3.149034401376884194e-03 2.066872624307216581e-03
-3.313292355842157623e-03 2.345036303448577025e-03
-3.188656104802361883e-03 2.592747556997561202e-03
-2.787638703840415906e-03 2.741251372030704091e-03
-2.173437553538623643e-03 2.737926658917959593e-03
-1.448184284972749321e-03 2.556681954935516397e-03
-7.338563116144536033e-04 2.203366668092112454e-03
-1.494588200756864944e-04 1.715163192359377142e-03
2.112085962577556816e-04 1.154064240041924923e-03
2.969977710203179199e-04 5.956592207827110259e-04
1.087743039009009304e-04 1.153415326838261182e-04
-3.010687625305012369e-04 -2.254629087239725391e-04
-8.388462701621515185e-04 -3.904492012439738117e-04
-1.387619832887150399e-03 -3.748674003288694203e-04
-1.829617570869899925e-03 -2.060280090434934660e-04
-2.068782943640564472e-03 6.220838873389577910e-05
-2.049177120201889791e-03 3.599069427522194500e-04
-1.765745241271592537e-03 6.145106567666951429e-04
-1.265403748766018603e-03 7.647177298217645901e-04
-6.382396964948343267e-04 7.721542288803392084e-04
-4.863606633083092379e-07 6.286313998552214627e-04
5.275022200464799579e-04 3.576146954702039637e-04
8.441070132408812383e-04 9.629276295322652165e-06
8.858008990232664861e-04 -3.475235439499374198e-04
6.393388693762564606e-04 -6.418804092055911247e-04
1.444695529840675421e-04 -8.112701057598386070e-04
-5.133501669330669615e-04 -8.154571076445429195e-04
-1.218863684323485182e-03 -6.441656627933398886e-04
-1.848540574464311703e-03 -3.194548963537940261e-04
-2.293651057145979638e-03 1.080154486853275413e-04
-2.480527431140242163e-03 5.681324610270759457e-04
-2.384183806465541705e-03 9.841695516010539116e-04
-2.032723147539891931e-03 1.286897505330933085e-03
-1.501704955674716419e-03 1.427305347148464295e-03
-8.995475857622118460e-04 1.385531764930968569e-03
-3.467363304818191520e-04 1.174324392705237714e-03
4.721932505633626848e-05 8.363792293352651300e-04
2.047104313802478037e-04 4.360699053491642104e-04
9.486836427383539376e-05 4.713728528117145430e-05
-2.604940694429897733e-04 -2.613268154692938551e-04
-7.909678999497036849e-04 -4.379466999889174541e-04
-1.390887667465505982e-03 -4.587069934251224602e-04
-1.939399998292493880e-03 -3.313501364330928003e-04
-2.323460237116325121e-03 -9.369840267688453591e-05
-2.459400646169947018e-03 1.937764323816542397e-04
-2.308982974075681881e-03 4.597220741100768271e-04
-1.886891457760905919e-03 6.357769205280439876e-04
-1.258242042137406539e-03 6.699080119077979734e-04
-5.265731311622564182e-04 5.366804089644119143e-04
1.854152252433869568e-04 2.425031808555216722e-04
7.587342616072519780e-04 -1.751519220048420125e-04
1.100268492252033355e-03 -6.544217950341911245e-04
1.160038501124862698e-03 -1.120360513702323450e-03
9.403039191960809850e-04 -1.498753801287477797e-03
4.947908854278282222e-04 -1.729833025629635198e-03
-8.180210000005909649e-05 -1.779300505410084596e-03
-6.720257260242788137e-04 -1.644585952720632044e-03
-1.158172115932645709e-03 -1.355155581429166780e-03
-1.444773260358881697e-03 -9.668200551217818843e-04
-1.476840953496250802e-03 -5.511221411723815373e-04
-1.250390970060345948e-03 -1.818149006154867872e-04
-8.132563157982117394e-04 7.900954742942546856e-05
-2.560342924437697030e-04 1.925161495024802719e-04
3.051185426602577686e-04 1.502558004602687781e-04
7.505846333783616894e-04 -2.451772630477358971e-05
9.800902690101814026e-04 -2.815855836751134989e-04
9.318954348434291355e-04 -5.536514412864640237e-04
5.947305316480543764e-04 -7.694977536834113167e-04
1.021428872668723314e-05 -8.679098743825032925e-04
-7.347112000904961263e-04 -8.097212291879094361e-04
-1.523902793217843778e-03 -5.856881809340317617e-04
-2.233650663156886828e-03 -2.186926918591932398e-04
-2.755736099922314296e-03 2.401550496936803844e-04
-3.017554830344848851e-03 7.207865451282521700e-04
-2.995503515213510798e-03 1.147072066405498570e-03
-2.719102367295669724e-03 1.450911806853241162e-03
-2.265080380621280632e-03 1.584860727297997002e-03
-1.742549531614238445e-03 1.530903011733991508e-03
-1.272080849299789653e-03 1.303719680170631031e-03
-9.626491413024581157e-04 9.478341498424112032e-04
-8.908158909578752817e-04 5.291782205124221728e-04
-1.086095106417806237e-03 1.226758511367953075e-04
-1.525275106278308835e-03 -2.018055504016404936e-04
-2.136772268661161350e-03 -3.924791996898904312e-04
-2.814192024844149823e-03 -4.251769244978870817e-04
-3.436527809626525529e-03 -3.076012556842682572e-04
-3.891170659369169726e-03 -7.749406059039088638e-05
-4.095368888760199388e-03 2.049227548086490292e-04
-4.012069751025302763e-03 4.687933675465414426e-04
-3.657137838919203611e-03 6.465073730956395022e-04
-3.096577028847419776e-03 6.869732013532376964e-04
-2.434275057325530241e-03 5.657609976884702546e-04
-1.792584084629207566e-03 2.901832543478416264e-04
-1.289407080956241503e-03 -1.016595387653139752e-04
-1.016121655689088566e-03 -5.476975447027040414e-04
-1.020514673080640628e-03 -9.732925881191710439e-04
-1.297952597203099259e-03 -1.305070915875109448e-03
-1.792453560889700412e-03 -1.484575532750054922e-03
-2.407452856129245651e-03 -1.479158848382532577e-03
-3.024218812543115215e-03 -1.288057525072662003e-03
-3.524428281053612264e-03 -9.425021302682254701e-04
-3.812624286351361594e-03 -4.998420581388895523e-04
-3.834301765748239152e-03 -3.279768927522385682e-05
-3.586196210531315300e-03 3.841272834648997228e-04
-3.116827503549598252e-03 6.885043700696944456e-04
-2.517197553370607681e-03 8.414909686504832512e-04
-1.903405862293902021e-03 8.348206463407339788e-04
-1.394478652508168151e-03 6.919577882055314311e-04
-1.089614551129201771e-03 4.632075637919771732e-04
-1.049161218322692234e-03 2.157176418098930275e-04
-1.282931561036167352e-03 2.027593478576012864e-05
-1.748078926133545853e-03 -6.258438829330882462e-05
-2.356940964669675381e-03 5.469765052398952929e-06
-2.993374375825806274e-03 2.328486483105669238e-04
-3.534494878551374016e-03 5.960122960601374909e-04
-3.873712981165984039e-03 1.043532127203929041e-03
-3.940710293876948864e-03 1.505481191167618981e-03
-3.714579836975186178e-03 1.906382588027705173e-03
-3.227647510577405596e-03 2.179270601303434640e-03
-2.559255686557639162e-03 2.278207082193482464e-03
-1.820689779035105423e-03 2.186886757469542683e-03
-1.134104845431705907e-03 1.921704225021994518e-03
-6.094443239574298937e-04 1.528702459897074472e-03
-3.237220104277756423e-04 1.074979439776423606e-03
-3.065896299584910945e-04 6.361770669068509678e-04
-5.349209297987086564e-04 2.824166675229245914e-04
-9.374347598341329062e-04 6.533792484795912254e-05
-1.408477621400086328e-03 8.687773939688330817e-06
-1.828350787417101862e-03 1.042323889828810626e-04
-2.086326936304876405e-03 3.137564575567026461e-04
-2.101991167547721459e-03 5.767605503844184340e-04
-1.840857914906517080e-03 8.223880019180757929e-04
-1.321298722486032636e-03 9.833117245017311287e-04
-6.114609475779317870e-04 1.008940438418068613e-03
1.832473304230807583e-04 8.754330974741248057e-04
9.397444826936736124e-04 5.906152833857221786e-04
1.540233495504792155e-03 1.928574466523356686e-04
1.894191297618150541e-03 -2.558808312526869599e-04
1.955232222318364563e-03 -6.815305301861621871e-04
1.729658292055460782e-03 -1.011748801647496029e-03
1.275082078296607344e-03 -1.189494804139805016e-03
6.893865315807024734e-04 -1.183777627241485320e-03
9.211475269228883329e-05 -9.955420145592544946e-04
-3.981850321473633407e-04 -6.575766786316898996e-04
-6.863692498240257659e-04 -2.284602774927947655e-04
-7.186210456820928908e-04 2.183124429152780957e-04
-4.924930939759112431e-04 6.079707117415120762e-04
-5.717273571006662673e-05 8.782980345851281768e-04
4.960764204903127337e-04 9.910420565295142807e-04
1.051481147146069361e-03 9.387527384103772771e-04
1.491000911134340422e-03 7.457641199415658995e-04
1.717027150672205925e-03 4.631444530475501277e-04
1.671233682029341690e-03 1.585818915348698329e-04
1.346000760470129334e-03 -9.686809466197038223e-05
7.862412750833176929e-04 -2.426534369562922304e-04
8.127491317361807007e-05 -2.405776756742770105e-04
-6.517192243302013729e-04 -8.238003830978303348e-05
-1.289546018411555839e-03 2.084002557629794500e-04
-1.726004792734473067e-03 5.806356028660250319e-04
-1.891716161231643371e-03 9.651058447581650681e-04
-1.767016533132435927e-03 1.287484608980156865e-03
-1.385483220687131400e-03 1.482359996836817668e-03
-8.274261578999847835e-04 1.505636042921833923e-03
-2.045809837372938780e-04 1.342966402596398401e-03
3.610968480781516369e-04 1.012621457787706188e-03
7.605214452384491961e-04 5.622425155049474467e-04
9.180783746396865841e-04 6.009274600411786149e-05
8.058402666021421057e-04 -4.175448704376404216e-04
4.487076526231274266e-04 -8.004440438711818429e-04
-8.049409759741167104e-05 -1.037329515723658035e-03
-6.750281091141795402e-04 -1.105157410961054524e-03
-1.214710095914108608e-03 -1.013034793348307951e-03
-1.588941550207781427e-03 -8.000471322587531225e-04
-1.717943376177555456e-03 -5.274160804942656109e-04
-1.568161736475976332e-03 -2.664833675637847776e-04
-1.158921249809542016e-03 -8.480649356806498670e-05
-5.590580779209180628e-04 -3.300872054178818817e-05
1.258369582653247765e-04 -1.348820616130803202e-04
7.731566097560805834e-04 -3.826248230095688355e-04
1.266265564897402869e-03 -7.381216581672429312e-04
1.516391504130024581e-03 -1.140028445434222455e-03
1.479278245880821232e-03 -1.515323580357326276e-03
1.163451188156306750e-03 -1.793139954341338611e-03
6.285324409619364588e-04 -1.918258459289073946e-03
-2.607389415902607000e-05 -1.861706404151204555e-03
-6.799834808645895731e-04 -1.626450900695670162e-03
-1.214561151087695592e-03 -1.247104542667064461e-03
-1.535275997579475414e-03 -7.836930026695141521e-04
-1.589452189167222130e-03 -3.106571675795026738e-04
-1.376058385736788747e-03 9.683642968838555940e-05
-9.456870086718663533e-04 3.766944190178369840e-04
-3.907329231110209713e-04 4.912022167710665280e-04
1.723625370516272508e-04 4.337066116046721376e-04
6.254333191654436403e-04 2.294210911676752948e-04
8.712423756263769446e-04 -6.978744466145608112e-05
8.521704932940837168e-04 -3.956325946306751937e-04
5.613941289911526106e-04 -6.767149418240395739e-04
4.442861064032313945e-05 -8.523721746352491907e-04
-6.092621550950626155e-04 -8.844421246443295121e-04
-1.283006799100604861e-03 -7.647045305298205437e-04
-1.854853801009214744e-03 -5.165870161445169223e-04
-2.220537536245590325e-03 -1.908083592702341342e-04
-2.313137979489119419e-03 1.442183061951855740e-04
-2.115713973772084203e-03 4.154058286148712550e-04
-1.664519250122527879e-03 5.589704091125104668e-04
-1.042192317379511939e-03 5.327165621087066134e-04
-3.622086152004170699e-04 3.242990686056325747e-04
2.524632545642138638e-04 -4.610836376987099625e-05
6.924629035317070519e-04 -5.292501989604225625e-04
8.825269055127648275e-04 -1.055689390303942224e-03
7.954902318266631606e-04 -1.548494922340563603e-03
4.571548795886531957e-04 -1.937324356005292771e-03
-5.888974155616972595e-05 -2.171245739790502328e-03
-6.455068300432499628e-04 -2.227882441261069824e-03
-1.182608773037129241e-03 -2.117160877845412990e-03
-1.560202658465914939e-03 -1.878962868041878041e-03
-1.699513464240102892e-03 -1.575137937426962119e-03
-1.568177930620651746e-03 -1.277398033625826634e-03
-1.186625240414440705e-03 -1.053395746022650278e-03
-6.244299340138754865e-04 -9.536298896417878639e-04
1.267808349070403159e-05 -1.001664294429433508e-03
6.026916581979781425e-04 -1.189516759326655860e-03
1.030332565107620977e-03 -1.479094498227687864e-03
1.208832277418501761e-03 -1.809405783428286911e-03
1.096364758784063639e-03 -2.108182087539092406e-03
7.040202558757144681e-04 -2.305708313749546372e-03
9.380971837700890310e-05 -2.348239116662304178e-03
-6.329239111795255737e-04 -2.208456245944393024e-03
-1.354495998181100757e-03 -1.890980672900461484e-03
-1.951680303685627551e-03 -1.431888184079414990e-03
-2.330006869415371645e-03 -8.923112161426100105e-04
-2.437341834267716962e-03 -3.473283625341177898e-04
-2.273427445535859681e-03 1.277655016400570291e-04
-1.889583332746933540e-03 4.712199300305663831e-04
-1.378633301751135349e-03 6.460261078157798070e-04
-8.569727750760189984e-04 6.464413938869583006e-04
-4.421801563459398007e-04 4.986164232063526776e-04
-2.304190559567576100e-04 2.552161041081999295e-04
-2.779176872692891431e-04 -1.493767141639055314e-05
-5.900393166317248472e-04 -2.402321638911678893e-04
-1.120019669223205373e-03 -3.601008562076391016e-04
-1.777615972984769544e-03 -3.367058024778967103e-04
-2.446034663899830652e-03 -1.622491210250952710e-04
-3.003936247973827689e-03 1.394733224514015015e-04
-3.348353408941321871e-03 5.175711668846819449e-04
-3.414184358824181101e-03 9.037591039224530725e-04
-3.186570596008002614e-03 1.225417700089326267e-03
-2.703814165905545075e-03 1.419538288515008245e-03
-2.050279473121269062e-03 1.444905695063562062e-03
-1.340619875596506467e-03 1.290204820252478009e-03
-6.983109285448474033e-04 9.765078072950967051e-04
-2.325493871402906088e-04 5.536617449212544520e-04
-1.788587636291131232e-05 9.125119177602454231e-05
-8.044095377755951758e-05 -3.341633730802470400e-04
-3.933072224708550725e-04 -6.531252172263721494e-04
-8.820003615381072576e-04 -8.160237246317450467e-04
-1.438918921949193172e-03 -8.020971584581363572e-04
-1.944066879541910160e-03 -6.230011956982445904e-04
-2.288107266999758835e-03 -3.202768708656304037e-04
-2.393374202421108717e-03 4.279426707302286042e-05
-2.228857748894085954e-03 3.933983798862805714e-04
-1.816317946434942588e-03 6.631434703036215034e-04
-1.226364843367481723e-03 8.011128140139577849e-04
-5.652422480313863164e-04 7.835432340917052648e-04
4.518570212167622412e-05 6.182945619035896566e-04
4.904577535864339472e-04 3.432646969215057738e-04
6.851899164302383384e-04 1.905283068102128991e-05
5.892965062300411800e-04 -2.827358525948410776e-04
2.156847197778565157e-04 -4.933239343662316773e-04
-3.720370150718077095e-04 -5.601077221808822707e-04
-1.071406811689222570e-03 -4.569804224938629257e-04
-1.760274617801083985e-03 -1.896689619800566353e-04
-2.319661730668815154e-03 2.049357222322176100e-04
-2.655992492207957367e-03 6.653383547116087371e-04
-2.718495584363771807e-03 1.116657464214321346e-03
-2.508487359334722784e-03 1.484388482353997570e-03
-2.078786962313429465e-03 1.708116187692602754e-03
-1.523381593193516960e-03 1.752590046773936337e-03
-9.593063282655793717e-04 1.614074729217041849e-03
-5.041769207607476547e-04 1.320781926974747651e-03
-2.536367747350517284e-04 9.273093044543221806e-04
-2.629950083147527748e-04 5.041459091482457331e-04
-5.365382070469700958e-04 1.242360685285348511e-04
-1.026544544460365142e-03 -1.508508682462004211e-04
-1.642190752460471071e-03 -2.825247050171645832e-04
-2.266668058754191511e-03 -2.623555604754406129e-04
-2.779267620223327753e-03 -1.134743751025490835e-04
-3.078253758088740199e-03 1.140685870240791598e-04
-3.100192892405905128e-03 3.531029281648860900e-04
-2.832076004454610503e-03 5.324326301790697352e-04
-2.313935920699073442e-03 5.907383160295333205e-04
-1.631459570625638572e-03 4.886457353826159210e-04
-8.999890102272086389e-04 2.166654028145116725e-04
-2.429348415815704796e-04 -2.025104579132761830e-04
2.313169237536008126e-04 -7.177994548716647247e-04
4.496387120984778746e-04 -1.258902177078337348e-03
3.877118038983846026e-04 -1.749131007855936077e-03
7.433478377896632697e-05 -2.119476128378506522e-03
-4.143186281210368993e-04 -2.321255390025019592e-03
-9.693981577221548939e-04 -2.334962080495273963e-03
-1.470242210485068254e-03 -2.173643559214162232e-03
-1.807452803419265768e-03 -1.880178162608328856e-03
-1.903805446716755551e-03 -1.518971799679931251e-03
-1.729029955398612636e-03 -1.163650760609169195e-03
-1.305659649283703438e-03 -8.830836903177929475e-04
-7.048386742420521128e-04 -7.283802566116564462e-04
-3.287977606503467219e-05 -7.233272693331173949e-04
5.888825245215086827e-04 -8.600703188107618581e-04
1.047127673057609773e-03 -1.100854047063967809e-03
1.258109849994316996e-03 -1.385485381799313621e-03
1.183658027673652408e-03 -1.643099003856328963e-03
8.385814491193824445e-04 -1.805988473659158244e-03
2.880731345488027817e-04 -1.822874335256623179e-03
-3.644028356316808743e-04 -1.669086427706625939e-03
-9.964531543637657023e-04 -1.351721510384194282e-03
-1.489670665200110503e-03 -9.087885644011578631e-04
-1.751791282005696728e-03 -4.024926131552924438e-04
-1.733904148848573745e-03 9.208197371166125609e-05
-1.439463350305526107e-03 5.007561666717468126e-04
-9.234016604076337618e-04 7.639084557097336123e-04
-2.815206635783209285e-04 8.474182645116731544e-04
3.678277196279051585e-04 7.488362046374951115e-04
9.062942638135430395e-04 4.976193372596296547e-04
1.238044948518891679e-03 1.493919752883763924e-04
1.307966457503701406e-03 -2.246777639425973365e-04
1.112114743806421387e-03 -5.513723114138935387e-04
6.984266364970042294e-04 -7.692347173323158763e-04
1.575593580956782596e-04 -8.400812588516982232e-04
-3.944066431732320987e-04 -7.560401963953172506e-04
-8.381241916522160027e-04 -5.407891047038348650e-04
-1.073796517297172454e-03 -2.447632482548257144e-04
-1.040330105296546773e-03 6.474960934756452562e-05
-7.271911801258602696e-04 3.167432272383056730e-04
-1.767144756784547579e-04 4.503588025057683134e-04
5.235798497906236481e-04 4.268467079835293722e-04
1.257213805281639629e-03 2.373482561182500535e-04
1.900458704431905437e-03 -9.498686323342688019e-05
2.345419453706228032e-03 -5.189590849447784683e-04
2.520132775329768718e-03 -9.646141205278443553e-04
2.401881328145690983e-03 -1.356124330051361026e-03
2.021209875316175384e-03 -1.625825994944149000e-03
1.455889718380940596e-03 -1.726762312358263562e-03
8.159803254084003164e-04 -1.641363757189321943e-03
2.228221305408725067e-04 -1.384627593033811981e-03
-2.140572314141427589e-04 -1.001198476725331755e-03
-4.177469137401459195e-04 -5.569053347437879272e-04
-3.585254484611453355e-04 -1.263576761017132536e-04
-5.944146697095965132e-05 2.210511153421074963e-04
4.081540381711157186e-04 4.340860764182262704e-04
9.382765377264584532e-04 4.891124519824392031e-04
1.410587000648757562e-03 3.942552788698932002e-04
1.713437385486104789e-03 1.874966842372819548e-04
1.765313863425421563e-03 -7.092006981453114183e-05
1.530611438013354834e-03 -3.103317833159273745e-04
1.026746159203889910e-03 -4.634892366160195095e-04
3.212507383884305066e-04 -4.797536120622645584e-04
-4.806044115980880591e-04 -3.351458103970601310e-04
-1.255328934414676493e-03 -3.733509126380401676e-05
-1.884181681898404676e-03 3.753879541981334600e-04
-2.275250271501489188e-03 8.409694774938655240e-04
-2.380468248064190884e-03 1.284991990657390840e-03
-2.204355150759182772e-03 1.634465081791563849e-03
-1.802831422528211819e-03 1.831402837325284399e-03
-1.272338688144786407e-03 1.843622652995369638e-03
-7.313307985191628809e-04 1.670724854617220475e-03
-2.976447558359161111e-04 1.344123599619990615e-03
-6.603979882817954429e-05 9.211243658158734145e-04
-9.015999073906091552e-05 4.741689687416612885e-04
-3.723368713251667701e-04 7.728238352049901939e-05
-8.631629730242229353e-04 -2.077161966316880791e-04
-1.470915629355202875e-03 -3.426326012056589822e-04
-2.079044111846299961e-03 -3.197919473801353750e-04
-2.568405155671478479e-03 -1.631107733553164739e-04
-2.840031734980884119e-03 7.684659699976986681e-05
-2.834118021630906321e-03 3.328811706406663512e-04
-2.541619147150836391e-03 5.343351447897925002e-04
-2.006262204806368021e-03 6.209246761928951001e-04
-1.316580209186425264e-03 5.545994195892482411e-04
-5.894697291873728269e-04 3.271726721223631139e-04
5.162209339516418954e-05 -3.773264600184675311e-05
4.997583596900395751e-04 -4.887999146098353977e-04
6.844617114576388196e-04 -9.564256479118882085e-04
5.847814462210405156e-04 -1.365643304856594114e-03
2.330102629729404818e-04 -1.650122898389064924e-03
-2.916478633181462683e-04 -1.764600075375932341e-03
-8.782553141247938710e-04 -1.693384192871952819e-03
-1.405286630878773216e-03 -1.453335805509854391e-03
-1.763736040244570386e-03 -1.090749628846554489e-03
-1.877809814026040183e-03 -6.727314541036331485e-04
-1.719284970507982749e-03 -2.746984550976382090e-04
-1.312816243784747016e-03 3.363523071305734094e-05
-7.311883616832149735e-04 2.011404847029601029e-04
-8.141567413213132167e-05 2.045914210561732786e-04
5.156747080418200898e-04 5.266450189458351996e-05
9.485052716323152597e-04 -2.161286602218198975e-04
1.136083254736897563e-03 -5.411727039794756540e-04
1.043562305882698559e-03 -8.516691085822508233e-04
6.890770943958348608e-04 -1.080477610199400817e-03
1.405494963424475151e-04 -1.177246538108056226e-03
-4.969362003750778722e-04 -1.118335268681197332e-03
-1.100805695229343118e-03 -9.116401658664989409e-04
-1.553996446510977694e-03 -5.954014117678038415e-04
-1.766939609086579707e-03 -2.312090465121128884e-04
-1.694365363868087764e-03 1.074737604043315888e-04
-1.343754298415180543e-03 3.491019667116952762e-04
-7.738384976786821193e-04 4.375464815057340763e-04
-8.343920845588209808e-05 3.427446432779176653e-04
6.072432463938503503e-04 6.648701139366243722e-05
1.179343500704664593e-03 -3.577565588401585375e-04
1.537748273839695951e-03 -8.709415784795090541e-04
1.628973072112784633e-03 -1.399332972001483084e-03
1.451115737022492299e-03 -1.868113684143598999e-03
1.054005376519937410e-03 -2.215148491408064531e-03
5.295226966175279205e-04 -2.402305503576296093e-03
-6.070252622998530308e-06 -2.422201380542839556e-03
-4.344389935994363329e-04 -2.299103714918182204e-03
-6.578931867898584265e-04 -2.083831019185925816e-03
-6.182020865498615578e-04 -1.843627633700052962e-03
-3.079384843577459736e-04 -1.648942345735723500e-03
2.278046103863504753e-04 -1.559625432317316525e-03
8.996572289655303421e-04 -1.613168298164109615e-03
1.590622038605033753e-03 -1.817222184622908172e-03
2.177984369126079525e-03 -2.147821023495919898e-03
2.556339968337493010e-03 -2.553652083613659404e-03
2.657385277545145676e-03 -2.965571432961937315e-03
2.462727106413947591e-03 -3.309566603414628490e-03
2.007289437553605969e-03 -3.520714608299715595e-03
1.372674630493699510e-03 -3.555493537827193219e-03
6.717375202733902838e-04 -3.400116264369223897e-03
2.729372768930026730e-05 -3.073306484460974417e-03
-4.510069953167729004e-04 -2.622988024995249069e-03
-6.872654115562021500e-04 -2.117509151736939044e-03
-6.534810874647134504e-04 -1.633056770548937942e-03
-3.745898686270145422e-04 -1.239635416445810344e-03
7.655779937237449252e-05 -9.882565217765653873e-04
5.933205372096936586e-04 -9.017534070377680039e-04
1.055810390468381495e-03 -9.709502818137149887e-04
1.353960296450969865e-03 -1.156899387662311835e-03
1.408738957279868963e-03 -1.398751316032901832e-03
1.187488045854933998e-03 -1.625757106857078334e-03
7.104696719639582488e-04 -1.771118906972703015e-03
4.737663347978947337e-05 -1.785056731892491200e-03
-6.955410802975656214e-04 -1.644608274091510867e-03
-1.395302772796350524e-03 -1.358298374906560628e-03
-1.935228637644898246e-03 -9.647873697437084600e-04
-2.226821006706783922e-03 -5.257489003787050056e-04
-2.226356710573683742e-03 -1.143218893705595304e-04
-1.943052358136588328e-03 1.986789676406729762e-04
-1.437258737234168963e-03 3.581836561054404676e-04
-8.090271807205816519e-04 3.353758037903880425e-04
-1.792124966597611604e-04 1.332972916028607761e-04
3.333109600249398261e-04 -2.135172734634501628e-04
6.340086470003772432e-04 -6.453129815130770764e-04
6.703906481712301052e-04 -1.088113509680684304e-03
4.417143128663026958e-04 -1.467372251403097332e-03
-1.146753896586263921e-06 -1.721700258871465116e-03
-5.656360044970082379e-04 -1.814081807855547589e-03
-1.135361521787451883e-03 -1.738464599023716375e-03
-1.592470831549917159e-03 -1.520487579493948541e-03
-1.840308494188229536e-03 -1.212219255163493473e-03
-1.822058425950903770e-03 -8.819130649659233856e-04
-1.531833269400621408e-03 -6.007292904264048636e-04
-1.016103478912252708e-03 -4.289465662537170210e-04
-3.651882989188044368e-04 -4.042817287875022847e-04
3.035868937479766177e-04 -5.345363638113561017e-04
8.678837350862331603e-04 -7.959678131272707744e-04
1.223335240851372791e-03 -1.137696990749223654e-03
1.303173443943393900e-03 -1.491320726075183239e-03
1.090786868778978068e-03 -1.783909282380128584e-03
6.228320046471813240e-04 -1.951927121954307549e-03
-1.768966163858960543e-05 -1.953438577497748456e-03
-7.170787349568160090e-04 -1.776283248952545890e-03
-1.352348184960090825e-03 -1.440667517397082502e-03
-1.814345865976577316e-03 -9.956744162820606835e-04
-2.028215284037128332e-03 -5.103443806655278856e-04
-1.967325600186917763e-03 -6.100636602393886502e-05
-1.658039255164977729e-03 2.827519335813502782e-04
-1.174421104991676306e-03 4.708288206879557574e-04
-6.238979688866376884e-04 4.816658530959110149e-04
-1.265913145073020458e-04 3.259133541702797956e-04
2.077560614727796875e-04 4.402051853175090504e-05
3.008829241925329787e-04 -3.017837151097401078e-04
1.211388811977335070e-04 -6.395915222058375007e-04
-3.102317244191340594e-04 -9.016993912201305651e-04
-9.228477670136926540e-04 -1.037637950817499061e-03
-1.610285594508407275e-03 -1.023875605825581370e-03
-2.250035507019988550e-03 -8.683543979881804984e-04
-2.726546173938944675e-03 -6.089965424750497930e-04
-2.952997031231530990e-03 -3.064633371337284148e-04
-2.887678467979337867e-03 -3.253809829518002550e-05
-2.541879448070260075e-03 1.436649738137614528e-04
-1.977789049316975613e-03 1.690508018503644435e-04
-1.296808023252492151e-03 1.691906851339179674e-05
-6.204811269935772049e-04 -3.076060263556444282e-04
-6.765709310252031490e-05 -7.681282133672492993e-04
2.678036309497866096e-04 -1.303418526474778251e-03
3.345578495981638232e-04 -1.838532531706295456e-03
1.332324143857553655e-04 -2.298511229236470995e-03
-2.839822819516460645e-04 -2.622082579206184722e-03
-8.235140565775511462e-04 -2.772780534806654987e-03
-1.368430793145331437e-03 -2.745387222422551038e-03
-1.800882757106138377e-03 -2.566488972064773742e-03
-2.024708858485602114e-03 -2.289050718585100650e-03
-1.983919581072933480e-03 -1.982044986365888786e-03
-1.673550454999330958e-03 -1.717106964200845395e-03
-1.140825129961308250e-03 -1.554748992212283800e-03
-4.764026579083695040e-04 -1.532749771289833134e-03
2.026380618977406158e-04 -1.658920286043474857e-03
7.748582660639575549e-04 -1.909618105761402103e-03
1.137389183453145838e-03 -2.234291639879128211e-03
1.225391415537527935e-03 -2.565192491434218399e-03
1.024359442003602415e-03 -2.830413791435118336e-03
5.729403707204454169e-04 -2.967780951607592796e-03
-4.426908722826141730e-05 -2.936958271773170304e-03
-7.125869978812698815e-04 -2.727471234077970957e-03
-1.308772515482550022e-03 -2.361116490436071004e-03
-1.724143440537029195e-03 -1.888293323475666481e-03
-1.884913687915837138e-03 -1.378940672225313115e-03
-1.765906248615203974e-03 -9.097848147150145977e-04
-1.395051974388648126e-03 -5.503011448359496592e-04
-8.478294889908294125e-04 -3.500369530370069180e-04
-2.327062863404561789e-04 -3.296846566217113321e-04
3.296550860426003321e-04 -4.775853099403811830e-04
7.294815684039861279e-04 -7.523148231754048145e-04
8.888873771716042675e-04 -1.090854626051411709e-03
7.768032725369198536e-04 -1.420792346370080336e-03
4.150052836641271014e-04 -1.674236361926861481e-03
-1.259030476449110375e-04 -1.800805036943079179e-03
-7.397976525701316581e-04 -1.777228246615897463e-03
-1.305112940431329147e-03 -1.611741952326645796e-03
-1.707892152535629661e-03 -1.342444298564411404e-03
-1.863444513382495494e-03 -1.029926862202186185e-03
-1.732507179755018046e-03 -7.455803692948907019e-04
-1.328849322661427093e-03 -5.577947616215746382e-04
-7.168750218935849910e-04 -5.186735454707665227e-04
3.256234221474095135e-07 -6.537861514792268989e-04
7.002200647540243955e-04 -9.569078126452845116e-04
1.263734049312721739e-03 -1.390752947899466475e-03
1.597480255424851272e-03 -1.893573823165872229e-03
1.651113289065731914e-03 -2.390386039696669983e-03
1.426532568025264732e-03 -2.806706344019617005e-03
9.771982162256639785e-04 -3.082212265214348719e-03
3.976970272678038705e-04 -3.181747370185993365e-03
-1.944585349638461714e-04 -3.101597865138351357e-03
-6.813449470840476484e-04 -2.869860850435316905e-03
-9.671860999906456251e-04 -2.540842333566348775e-03
-9.966781345706590602e-04 -2.184552409265345767e-03
-7.656055430603726439e-04 -1.873291968320737848e-03
-3.217340616670246833e-04 -1.667874407725395292e-03
2.441918931785717873e-04 -1.606093178888303536e-03
8.156445432437767033e-04 -1.695618953009533133e-03
1.272445519421057467e-03 -1.912669637303342132e-03
1.513644551452205484e-03 -2.206701650770749069e-03
1.476809985111528743e-03 -2.510229108085660320e-03
1.150075188184780661e-03 -2.751905103931293495e-03
