-9.304696687588147222e-05 1.018047098682433324e-03
-4.260633704021137285e-04 9.296436058585466709e-04
-7.069494727303161658e-04 8.711569033169953066e-04
-8.961380675069859948e-04 8.490226859087335147e-04
-9.732074679674776159e-04 8.573380262342085141e-04
-9.405336061172810559e-04 8.790778350145714033e-04
-8.225893188290530917e-04 8.895521916541966872e-04
-6.610292614704506948e-04 8.614448435830917824e-04
-5.064975822173750728e-04 7.704706425256174426e-04
-4.087165876804230917e-04 6.005695442546931957e-04
-4.067405180671021829e-04 3.476398646157912451e-04
-5.212275127200002205e-04 2.108771551831368964e-05
-7.502007549875993686e-04 -3.571189286554546372e-04
-1.069108984217149224e-03 -7.557321354118187555e-04
-1.435182174562032488e-03 -1.139241255580139773e-03
-1.795264413561759899e-03 -1.473696866111625812e-03
-2.095646963240818325e-03 -1.732260100099235114e-03
-2.292044956844769676e-03 -1.899447601367740832e-03
-2.357833056529276203e-03 -1.973288371525792027e-03
-2.288984019071401126e-03 -1.965002724792366730e-03
-2.104777289522694397e-03 -1.896280872112406568e-03
-1.844144498690513181e-03 -1.794690883138170059e-03
-1.558343677792735577e-03 -1.688097349165310545e-03
-1.301347953304461420e-03 -1.599156485253440309e-03
-1.119766078787500299e-03 -1.540935816905164828e-03
-1.044199704804603997e-03 -1.514490401980449642e-03
-1.083669232244550626e-03 -1.508853755447765212e-03
-1.224158164851201196e-03 -1.503441125499567661e-03
-1.431545282289342722e-03 -1.472402788146543731e-03
-1.658362518239520121e-03 -1.390092752705565735e-03
-1.853091593689131563e-03 -1.236604261724925241e-03
-1.970231478038403372e-03 -1.002308314549090699e-03
-1.979222704745528961e-03 -6.905180754543990135e-04
-1.870531106031930128e-03 -3.177551617161468445e-04
-1.657731647955584114e-03 8.845337660609398176e-05
-1.375190847030418120e-03 4.938517832683978533e-04
-1.071780239117518145e-03 8.630180314529508224e-04
-8.018056282900102400e-04 1.165180265515206428e-03
-6.148649168388248178e-04 1.379206683623233334e-03
-5.465511992884109068e-04 1.496843547362688900e-03
-6.117588641108756336e-04 1.523606001507092026e-03
-8.018587525947015304e-04 1.477168684755643087e-03
-1.086277044881626052e-03 1.383574011537306962e-03
-1.418179931351449836e-03 1.271986401086820347e-03
-1.743189904258568654e-03 1.168992981886284293e-03
-2.009486614475713799e-03 1.093533929037511033e-03
-2.177384127471557705e-03 1.053423029486238050e-03
-2.226576496746227561e-03 1.044114601351101360e-03
-2.159685881925467281e-03 1.049944250939107088e-03
-2.001448209477363696e-03 1.047599379076563295e-03
-1.793697908948645430e-03 1.011150217504083477e-03
-1.587109047489668190e-03 9.176740555953020670e-04
-1.431264541559783363e-03 7.523907164581068426e-04
-1.364941711292002886e-03 5.123180069175287208e-04
-1.408461307407583071e-03 2.077346672891457061e-04
-1.559556068640447195e-03 -1.388474783224331421e-04
-1.793547912060722890e-03 -4.960293244517489323e-04
-2.067806318034308682e-03 -8.285764721824329408e-04
-2.329648974754299547e-03 -1.103242044026488122e-03
-2.526192972934002481e-03 -1.294277982783156866e-03
-2.614294416994932587e-03 -1.387609964128728177e-03
-2.568696411816570515e-03 -1.382902132988913808e-03
-2.386843413680802325e-03 -1.293135065312450054e-03
-2.089449925459329997e-03 -1.141788508447105950e-03
-1.716714212273354754e-03 -9.581709868240026635e-04
-1.320891155179641308e-03 -7.717860409128822399e-04
-9.566266563607073474e-04 -6.068039436378618035e-04
-6.708788550578958761e-04 -4.776843861287288469e-04
-4.943287634043559394e-04 -3.867743506625267872e-04
-4.359001564827798833e-04 -3.243281728639312066e-04
-4.814192103129671485e-04 -2.709351384899227433e-04
-5.966600807888034321e-04 -2.018813435698662152e-04
-7.341918747930674437e-04 -9.260386720653620337e-05
-8.427225901238128390e-04 7.581357605359413578e-05
-8.771629032378037939e-04 3.121638264222769245e-04
-8.074966640537524108e-04 6.125268946693871418e-04
-6.247713618268231541e-04 9.600798953447167369e-04
-3.430677749735687844e-04 1.327364066867050022e-03
2.929876234969414463e-06 1.680601076900807220e-03
3.643080099386890140e-04 1.985261954993290494e-03
6.870388719036519837e-04 2.211853501087282514e-03
9.221135654767749013e-04 2.340844074981848332e-03
1.034775743671410408e-03 2.365811446498643396e-03
1.011107857890485668e-03 2.294229483342944721e-03
8.607219341472071260e-04 2.145754670185337932e-03
6.150432699246128395e-04 1.948343744965388589e-03
3.215088007681752105e-04 1.732941135019315602e-03
3.477440565250556693e-05 1.527742319518907545e-03
-1.934091491615994854e-04 1.353116180908922953e-03
-3.237406306986073136e-04 1.218141352798723671e-03
-3.365325299070234897e-04 1.119402852803846882e-03
-2.351456142348801615e-04 1.042264437130369006e-03
-4.505096422559326064e-05 9.643607788202918302e-04
1.912952952622181757e-04 8.606310591411842938e-04
4.227865127458434245e-04 7.089219213179457062e-04
5.996237436886602164e-04 4.950786033195558053e-04
6.830050848222012213e-04 2.165391294404925260e-04
6.527049486431339264e-04 -1.162704768916882720e-04
5.111023570928136927e-04 -4.810254905895295545e-04
2.828905580972815477e-04 -8.468907622040111605e-04
1.051898259226528729e-05 -1.179586031872945518e-03
-2.537722867424107220e-04 -1.447187226064051112e-03
-4.578190135964314237e-04 -1.625581326535395586e-03
-5.594326222093840657e-04 -1.702555604606025095e-03
-5.344581785427334657e-04 -1.679757864054541062e-03
-3.814629705918251199e-04 -1.572164453670415497e-03
-1.221649933904502125e-04 -1.405161509323546269e-03
2.024837561919508463e-04 -1.209793499609906420e-03
5.398224600455781529e-04 -1.017076819224186539e-03
8.351959881866897594e-04 -8.524499125960843370e-04
1.042025736824659038e-03 -7.314024039582851452e-04
1.130336868590550627e-03 -6.570995302975503024e-04
1.092134689343209498e-03 -6.204377178944464133e-04
9.426197183215526392e-04 -6.025045091532078931e-04
7.170189748308419559e-04 -5.789588798504679504e-04
4.636409084231149155e-04 -5.254828873788726070e-04
2.344760999158582030e-04 -4.232517170524440365e-04
7.513003944038636195e-05 -2.633651717022088170e-04
1.600007121218595136e-05 -4.938025784863514858e-05
6.637218879834044013e-05 2.025554599053647827e-04
2.125595560722195977e-04 4.660148098828400458e-04
4.204383023525670574e-04 7.086270742626127458e-04
6.419024182320307893e-04 8.976346245136922978e-04
8.240163459471360700e-04 1.005632195306440735e-03
9.191318686041817509e-04 1.015413648627456599e-03
8.940521283593854014e-04 9.230171632924994655e-04
7.365048724080310374e-04 7.383977837826610725e-04
4.576954231992041836e-04 4.836022503162735911e-04
9.045115894720898338e-05 1.887906415899307465e-04
-3.166968655833701622e-04 -1.131462441215304489e-04
-7.083809956328322461e-04 -3.923621533293329493e-04
-1.032540868394741292e-03 -6.271403453837161909e-04
-1.249930918502479161e-03 -8.073387948467960215e-04
-1.341199056042398537e-03 -9.355590917548596563e-04
-1.310204045299507994e-03 -1.025835586378460009e-03
-1.182951195862896009e-03 -1.100112505597713097e-03
-1.002355349569862119e-03 -1.183196789280552665e-03
-8.198297765033499013e-04 -1.297163699223327507e-03
-6.852999770189739702e-04 -1.456296047138967579e-03
-6.375388552101587600e-04 -1.663536518351571049e-03
-6.966579718252947657e-04 -1.909145239830683420e-03
-8.601803140736693012e-04 -2.171835880337902400e-03
-1.103440755164047634e-03 -2.422192514712998880e-03
-1.384239764577073310e-03 -2.627735461780385598e-03
-1.650869383612831509e-03 -2.758689540883962985e-03
-1.851990747777734021e-03 -2.793372340423047953e-03
-1.946490676931133916e-03 -2.722188942856892339e-03
-1.911447694251499751e-03 -2.549480144391513305e-03
-1.746694759887797242e-03 -2.292874283858060188e-03
-1.475109453652502338e-03 -1.980262116725751455e-03
-1.138570500589642211e-03 -1.644960953919482032e-03
-7.903394030886610111e-04 -1.319974011832325501e-03
-4.853023030019514472e-04 -1.032419336609558067e-03
-2.699119954815190061e-04 -7.991679509878912326e-04
-1.737266158468212624e-04 -6.244996596105281293e-04
-2.041392101158201336e-04 -5.002010699858693444e-04
-3.452884212504068085e-04 -4.080665687089940746e-04
-5.613492340643624510e-04 -3.243070890409528576e-04
-8.035739404474988735e-04 -2.250098604061071743e-04
-1.019744124179302637e-03 -9.159342969284868735e-05
-1.164238815022581707e-03 8.479624966660303078e-05
-1.206808275528004027e-03 3.008012474191379751e-04
-1.138389039576707430e-03 5.407676612387128136e-04
-9.728571851540259406e-04 7.790946791217659081e-04
-7.443870793753359482e-04 9.845860653222972356e-04
-5.009161134949216988e-04 1.125991525683106434e-03
-2.949544475667530770e-04 1.177697086100446553e-03
-1.734826505668773640e-04 1.124492188076406602e-03
-1.688539196562038967e-04 9.645126938945890833e-04
-2.924283561130886291e-04 7.098010066337610618e-04
-5.321503645982179420e-04 3.843723657780144434e-04
-8.545343844338482544e-04 2.014535567936104961e-05
-1.210690063145688925e-03 -3.485039610531998110e-04
-1.545253562400093631e-03 -6.905470266084634936e-04
-1.806541674068223380e-03 -9.833840671715865598e-04
-1.956013955703683662e-03 -1.216257927816038293e-03
-1.975258996062669546e-03 -1.391374062070189826e-03
-1.869189410085555624e-03 -1.522535749660294336e-03
-1.664847540896651585e-03 -1.631574743567868304e-03
-1.406054293995623750e-03 -1.743275107362997692e-03
-1.144919820292567914e-03 -1.879772930267330222e-03
-9.318280379402534746e-04 -2.055512961326862089e-03
-8.057949257811244806e-04 -2.273736384982106250e-03
-7.870286371208245774e-04 -2.525182227204201581e-03
-8.731014092519190709e-04 -2.789263515404657914e-03
-1.039458170819712157e-03 -3.037508151756569946e-03
-1.244164420773916004e-03 -3.238622770766224745e-03
-1.435992102028557996e-03 -3.364227443656793177e-03
-1.564309052134597476e-03 -3.394178812890243698e-03
-1.588895088910519896e-03 -3.320473836577557663e-03
-1.487820758821812618e-03 -3.148991751005904456e-03
-1.261890804803857992e-03 -2.898737942568308749e-03
-9.348042110978401799e-04 -2.598723345256627806e-03
-5.489932350406519874e-04 -2.283057840963857374e-03
-1.579216782738145769e-04 -1.985171771178315635e-03
1.837070631952421383e-04 -1.732242579064020198e-03
4.299858104229360321e-04 -1.540862994495352436e-03
5.521905082432052633e-04 -1.414750780692313522e-03
5.439372602984876050e-04 -1.344912670085593540e-03
4.221395032375167399e-04 -1.312210099180987494e-03
2.235898171346003302e-04 -1.291819764963368948e-03
-2.181548589630751727e-06 -1.258723939644407642e-03
-2.024153522779979027e-04 -1.193171682720043942e-03
-3.311960118628883487e-04 -1.085059245842115092e-03
-3.581793519598218834e-04 -9.363846812988705758e-04
-2.743223905962000986e-04 -7.612987469970622844e-04
-9.353094342982458571e-05 -5.837320845225371906e-04
1.500850668742933179e-04 -4.330405676924110794e-04
4.088259243831366893e-04 -3.384891434196511326e-04
6.306296378727382001e-04 -3.236176870343876618e-04
7.691604907936165376e-04 -4.015580308727346461e-04
7.928425821823797612e-04 -5.721944646592811486e-04
6.911213800889256641e-04 -8.217140583114607762e-04
4.767606278784710674e-04 -1.124643551156706469e-03
1.837322554384649310e-04 -1.448001348498562666e-03
-1.389088049071845023e-04 -1.756794958203137819e-03
-4.360127678903754711e-04 -2.019841332762754502e-03
-6.564917124185273151e-04 -2.214827890988328631e-03
-7.627288436195811538e-04 -2.331676744628506399e-03
-7.374652696442310709e-04 -2.373596414997012835e-03
-5.868661922072524080e-04 -2.355643155132065760e-03
-3.391909898851468977e-04 -2.301084991683092964e-03
-3.932310783283280797e-05 -2.236276598279359363e-03
2.598014484132467892e-04 -2.185033555417768055e-03
5.072420943681786153e-04 -2.163587376441867063e-03
6.636747937722550133e-04 -2.177090355843455845e-03
7.087649963769969332e-04 -2.218343149805625161e-03
6.448978986153062597e-04 -2.268994170265969165e-03
4.965623953415928844e-04 -2.302988687514896746e-03
3.055091227560874996e-04 -2.291616288718073980e-03
1.226041506116348247e-04 -2.209199386438377190e-03
-2.073555437490386295e-06 -2.038340819468215104e-03
-2.900947687823685669e-05 -1.773728912084256235e-03
6.295264299222154934e-05 -1.423768516115564951e-03
2.722837129969276748e-04 -1.009715464974402519e-03
5.747359770054384035e-04 -5.624621587203920909e-04
9.276175556776886967e-04 -1.175646863799419660e-04
1.277573125792983832e-03 2.905667914606625477e-04
1.570404821968883220e-03 6.342354193273237609e-04
1.761080642628685446e-03 8.967503471041804453e-04
1.822041484754855986e-03 1.074653831735738075e-03
1.748239284476668740e-03 1.177482564349818491e-03
1.557956776365306342e-03 1.225129046477503635e-03
1.289257102672581841e-03 1.243321878526808082e-03
9.927378824051401058e-04 1.258098156632021401e-03
7.219629402709750506e-04 1.290329756404820071e-03
5.233834447481894346e-04 1.351352464798984999e-03
4.276556986639782178e-04 1.440535197507704151e-03
4.439972078326059543e-04 1.545256069821128106e-03
5.586462432270195705e-04 1.643293095062289084e-03
7.377120783536223782e-04 1.707176750218933770e-03
9.338707717986613867e-04 1.709676847653365936e-03
1.095632397379264506e-03 1.629378124593983471e-03
1.177418051816487687e-03 1.455279062712493479e-03
1.148531130698661907e-03 1.189530516710321940e-03
9.993163990298110227e-04 8.477803576092622076e-04
7.433327199770469254e-04 4.570413854609391450e-04
4.151201513849513917e-04 5.146688775501447738e-05
6.397654580727682862e-05 -3.331869887541998986e-04
-2.550852051367316045e-04 -6.653851413671294825e-04
-4.914937154280365475e-04 -9.228429677276512666e-04
-6.084722333228893137e-04 -1.095830951129079254e-03
-5.898223920029646399e-04 -1.188149899276229977e-03
-4.428581305210931409e-04 -1.215612255772383337e-03
-1.969372058105134360e-04 -1.202335480061143304e-03
1.021298442401054205e-04 -1.175565688809166332e-03
4.007340148370518097e-04 -1.160025574313828774e-03
6.475473223708394944e-04 -1.172867899259593186e-03
8.031206864970431803e-04 -1.220198154286517185e-03
8.471857516447775342e-04 -1.295829618939284235e-03
7.822820167940600956e-04 -1.382508036563369694e-03
6.330274208031541313e-04 -1.455372148364240730e-03
4.411763106849407655e-04 -1.486989686734531630e-03
2.574071217306723872e-04 -1.453006961830977453e-03
1.314019241888860759e-04 -1.337331037995529229e-03
1.021038582820416648e-04 -1.135849307929124880e-03
1.900050479536179995e-04 -8.579658411763628608e-04
3.929331744690391917e-04 -5.256452734155132520e-04
6.861422887838052910e-04 -1.701253667135514268e-04
1.026698113506816726e-03 1.731003126405719118e-04
1.361334422542553099e-03 4.701012237567076110e-04
1.636299169872691564e-03 6.940501554868702162e-04
1.807331463138674892e-03 8.294572938318772563e-04
1.847884758773198511e-03 8.743167397608157376e-04
1.754042688388296814e-03 8.397780069030231923e-04
1.545199056840961547e-03 7.474217752049504282e-04
1.260374439947552216e-03 6.246704985017183329e-04
9.508668333824318300e-04 4.992149643762919253e-04
6.706267721324507634e-04 3.935212867511385425e-04
4.661770642431763362e-04 3.204644282109151451e-04
3.679824201200103829e-04 2.809177599645916847e-04
3.848987123310995424e-04 2.637544630448377661e-04
5.027475674070296758e-04 2.482565935939689845e-04
6.872800771049472840e-04 2.084685503205839811e-04
8.909616950172954616e-04 1.186604920814181535e-04
1.062286357148928013e-03 -4.114569134446754073e-05
1.155848639709209768e-03 -2.806495708507025398e-04
1.141259095182253075e-03 -5.966191749653434843e-04
1.009206999334802098e-03 -9.726333464607026663e-04
7.735151139222119516e-04 -1.381288725267510809e-03
4.687903992611777378e-04 -1.788474745974927413e-03
1.441091085203857780e-04 -2.158928758961696504e-03
-1.460736669680680506e-04 -2.462040778258053897e-03
-3.520734990208509562e-04 -2.676829361172493316e-03
-4.382671444723864164e-04 -2.795165834266499262e-03
-3.897676318079228847e-04 -2.822654040841115174e-03
-2.152215540591213144e-04 -2.777014561240363603e-03
5.480069715992251446e-05 -2.684292354919141400e-03
3.735177170029964941e-04 -2.573616065554429431e-03
6.866730972025073855e-04 -2.471508393427720388e-03
9.426435237048409483e-04 -2.396828709001747222e-03
1.102009057796200049e-03 -2.357306058032940417e-03
1.144778477844298793e-03 -2.348316267793907307e-03
1.073907404828569785e-03 -2.354128728230819867e-03
9.144495901300543194e-04 -2.351377727303462228e-03
7.085091377526612361e-04 -2.314089153384197781e-03
5.069568794471570553e-04 -2.219296292374588024e-03
3.594869918711753693e-04 -2.052164650525190991e-03
3.049041927446182734e-04 -1.809636827255697855e-03
3.634879838180515594e-04 -1.501887248651878311e-03
5.328867423388900047e-04 -1.151290307725265968e-03
7.883255540285230220e-04 -7.890758326317108421e-04
1.087094199427464380e-03 -4.502837690071009435e-04
1.376470453309531702e-03 -1.679525883567343928e-04
1.603582457303987310e-03 3.237788303537067350e-05
1.725345738021456105e-03 1.368264882287903981e-04
1.716595204096585565e-03 1.452220720518572646e-04
1.574873075569880937e-03 7.067146193740715047e-05
1.320965708488471783e-03 -6.326306387756498804e-05
9.950860343602410587e-04 -2.272343205893910935e-04
6.494216774279508268e-04 -3.917395186218911442e-04
3.384558746635941951e-04 -5.326408017369047530e-04
1.088890409351710858e-04 -6.355334010494163074e-04
-8.936438081485662509e-06 -6.981392522557475049e-04
-6.490967377269381798e-06 -7.302809496285662472e-04
1.016337412473724633e-04 -7.514520332474385490e-04
2.808027217336962712e-04 -7.864574427568109868e-04
4.832118978072730709e-04 -8.599657661091026674e-04
6.572490282839712431e-04 -9.910229663943875139e-04
7.575614418000808058e-04 -1.188586140966653437e-03
7.539170440493657161e-04 -1.448943836678571323e-03
6.371740622664228207e-04 -1.755532845537123576e-03
4.212230902318483353e-04 -2.081207740026099276e-03
1.405284152217305680e-04 -2.392554570797489431e-03
-1.562702233132381199e-04 -2.655452163971640071e-03
-4.154873411797987970e-04 -2.840846806502723282e-03
-5.885264966198301348e-04 -2.929663830207497686e-03
-6.411023104412306127e-04 -2.915940751963859781e-03
-5.598035108576801533e-04 -2.807600744683447225e-03
-3.547530595102970502e-04 -2.624729101519946220e-03
-5.785923354686620243e-05 -2.395685034699355197e-03
2.830147611736138829e-04 -2.151787760438945811e-03
6.128633154046194721e-04 -1.921582446833654950e-03
8.796700388948147089e-04 -1.725767833152584262e-03
1.043946481306021971e-03 -1.573738807699519553e-03
1.085878867144447800e-03 -1.462388366207912314e-03
1.008737149446786545e-03 -1.377382718101520217e-03
8.379086952181266125e-04 -1.296652475821091430e-03
6.157474825348922907e-04 -1.195421067580255091e-03
3.932219325094972137e-04 -1.051798678476109552e-03
2.199504171493829683e-04 -8.518616417204554012e-04
1.345183553976838590e-04 -5.932338244048510024e-04
1.569169155789118400e-04 -2.864699023981450029e-04
2.845408970736320762e-04 4.604315112497178232e-05
4.925085821066944522e-04 3.734793866469962868e-04
7.382470158175585611e-04 6.616392909079642747e-04
9.694774497582444835e-04 8.787462770013659830e-04
1.134090725057706073e-03 1.000892692357906654e-03
1.190043324110238217e-03 1.016117651113821038e-03
1.113399695176297763e-03 9.263552415336085604e-04
9.029962505488587721e-04 7.468918300117407226e-04
5.808409517174607014e-04 5.034395827668614086e-04
1.881687533088253171e-04 2.273813409141732988e-04
-2.221052710376242583e-04 -4.991513813833045815e-05
-5.951120852419144016e-04 -3.026426641735941543e-04
-8.840991843197458337e-04 -5.149186582475123296e-04
-1.058945849265261353e-03 -6.831532699510556869e-04
-1.111518462571223654e-03 -8.159876983432008722e-04
-1.056859721401137231e-03 -9.318312744669306723e-04
-9.299944496184293615e-04 -1.054482488005001675e-03
-7.789645309463908481e-04 -1.207683458583271594e-03
-6.554191447685839148e-04 -1.409660346355066235e-03
-6.045488662094111645e-04 -1.668705404295036830e-03
-6.562757602081873082e-04 -1.980659172143837445e-03
-8.193729780505883955e-04 -2.328791034472250335e-03
-1.079631756085327977e-03 -2.686121240741662364e-03
-1.402426340681735229e-03 -3.019763716278211184e-03
-1.739193537810430294e-03 -3.296484433604559509e-03
-2.036601210765978318e-03 -3.488437629943415188e-03
-2.246669715114234071e-03 -3.578005826566156653e-03
-2.335928625246961113e-03 -3.560836369297136657e-03
-2.291872597200524629e-03 -3.446505555375504147e-03
-2.125490497039572539e-03 -3.256687344436055061e-03
-1.869384413645434504e-03 -3.021172809114509254e-03
-1.571829307840421405e-03 -2.772490108990830100e-03
-1.287891907824154384e-03 -2.540136525059044983e-03
-1.069283669894477212e-03 -2.345504487395407012e-03
-9.548618801173973554e-04 -2.198449311700666035e-03
-9.635699826163947757e-04 -2.096133013315994598e-03
-1.091146273573307107e-03 -2.024345483313559190e-03
-1.311216661888598648e-03 -1.961033546637343510e-03
-1.580557348281212259e-03 -1.881349156631116973e-03
-1.847524135889665534e-03 -1.763239627779264115e-03
-2.062046070641887843e-03 -1.592499979380822359e-03
-2.185285632774040983e-03 -1.366309624099811991e-03
-2.197131699473009632e-03 -1.094563427288462211e-03
-2.100102839474140334e-03 -7.987260686893207610e-04
-1.918919275238820717e-03 -5.084093083837146459e-04
-1.695823125615835173e-03 -2.563050374540801679e-04
-1.482532782124199987e-03 -7.242079788013274649e-05
-1.330355781910386778e-03 2.130068375514454753e-05
-1.280334388161695220e-03 1.496608526103298045e-05
-1.355293003509269300e-03 -8.743056298583421577e-05
-1.555297461917417700e-03 -2.686641749218564063e-04
-1.857391138054589365e-03 -5.013077908894896309e-04
-2.219663808357568140e-03 -7.525672306107225682e-04
-2.588889458988010827e-03 -9.900150364734840776e-04
-2.910293962852094490e-03 -1.187150116049492162e-03
-3.137610591516009663e-03 -1.327745064824268316e-03
-3.241526980981112530e-03 -1.408174905077466633e-03
-3.214931720560139199e-03 -1.437304979147800959e-03
-3.073974514892540214e-03 -1.433979235121034127e-03
-2.854746178643566973e-03 -1.422605351759382002e-03
-2.606213544940680707e-03 -1.427693860885892365e-03
-2.380752778225235858e-03 -1.468406335442279864e-03
-2.224078463256980946e-03 -1.554165349661581087e-03
-2.166479278434995347e-03 -1.682176742709213212e-03
-2.217022602515258088e-03 -1.837351031621887922e-03
-2.361827121484593155e-03 -1.994654520714009456e-03
-2.566731077292563022e-03 -2.123458189738327857e-03
-2.783850322160976321e-03 -2.193071437960381932e-03
-2.960782651187022184e-03 -2.178420425309321538e-03
-3.050712687521700724e-03 -2.064800201217392023e-03
-3.021500007041699569e-03 -1.850801903959116120e-03
-2.862024731889202360e-03 -1.548858537519327621e-03
-2.584583252912624543e-03 -1.183300467130336125e-03
-2.222873917704453004e-03 -7.862801398477209554e-04
-1.825946983294011051e-03 -3.923260288559465739e-04
-1.449256888587638478e-03 -3.254266324271892557e-05
-1.144503344648705248e-03 2.704617299332516436e-04
-9.501770310001393790e-04 5.059781648448099210e-04
-8.845924111393706126e-04 6.763062162769457875e-04
-9.427195741714001608e-04 7.953808371144668746e-04
-1.097408172612072226e-03 8.851983752938163324e-04
-1.304765556114132656e-03 9.707402241494200463e-04
-1.512665422696363865e-03 1.074376515449304050e-03
-1.670771489465140008e-03 1.210829726519214219e-03
-1.740174862918681103e-03 1.383670593615602459e-03
-1.700818060999088367e-03 1.584026689758701858e-03
-1.555298914048077342e-03 1.791762774779307246e-03
-1.328334239313588719e-03 1.978921368367155161e-03
-1.061986190249832821e-03 2.114781104241683033e-03
-8.075576606676600992e-04 2.171580945184304300e-03
-6.156949113578396356e-04 2.129828945748132862e-03
-5.265760361606787888e-04 1.982189524576753650e-03
-5.620485180407452800e-04 1.735208986739036202e-03
-7.212108403718491640e-04 1.408545082412569153e-03
-9.802816340400203037e-04 1.031835901001272116e-03
-1.296788497783738165e-03 6.397875527136948591e-04
-1.617291036412367346e-03 2.663948481932479893e-04
-1.887183613724316335e-03 -6.062877958074746644e-05
-2.060729486576494233e-03 -3.241771930922102271e-04
-2.109433940306207431e-03 -5.200352146621312413e-04
-2.027178125916786252e-03 -6.567093998856028247e-04
-1.831148044699054244e-03 -7.528599899810265545e-04
-1.558388530116353986e-03 -8.328420759104269034e-04
-1.258639554226746726e-03 -9.212212738505178456e-04
-9.848150835876784415e-04 -1.037322148858312639e-03
-7.829299668056691848e-04 -1.190859723660270004e-03
-6.833836765329160323e-04 -1.379497203589478754e-03
-6.952516164246253481e-04 -1.588805817439359249e-03
-8.046640394806384503e-04 -1.794645009457249531e-03
-9.775774870141148900e-04 -1.967519845096163227e-03
-1.166410839269547408e-03 -2.078094847747404775e-03
-1.319285280982807236e-03 -2.102821152547003618e-03
-1.390113497891087846e-03 -2.028609027431532968e-03
-1.347621787004869495e-03 -1.855655255902441923e-03
-1.181590107711701261e-03 -1.597881081114584665e-03
-9.051213163500971019e-04 -1.280885898539132041e-03
-5.525022921977588986e-04 -9.377896140663102408e-04
-1.730541028981105105e-04 -6.037340542321672360e-04
1.778722174229297923e-04 -3.100658181828797847e-04
4.490570836402667980e-04 -7.928182344978898944e-05
6.028143240415999955e-04 7.832659439694765902e-05
6.218603254961986918e-04 1.657172647008490888e-04
5.123558781647145942e-04 1.976524872326643006e-04
3.025500784716584333e-04 1.970607147800873191e-04
3.728740882354223676e-05 1.899135951727075008e-04
-2.305786715351994102e-04 1.996069672279851635e-04
-4.502376988381609837e-04 2.419263918091753827e-04
-5.825355085266835636e-04 3.215647878923327970e-04
-6.073289057844915434e-04 4.308631869846433430e-04
-5.271905938047300767e-04 5.510217317966158808e-04
-3.667654642455572692e-04 6.555571572777704227e-04
-1.679038316151725127e-04 7.153543393279878770e-04
1.850220038793478163e-05 7.043543214858593356e-04
1.424279285234010539e-04 6.047973982518384251e-04
1.644882229866435962e-04 4.110208745840399601e-04
6.371545088902912535e-05 1.310817689768867386e-04
-1.581369278003772892e-04 -2.141161901918230462e-04
-4.765876020486785390e-04 -5.940418010659016682e-04
-8.487265178557861986e-04 -9.735101767552076062e-04
-1.221013509840905781e-03 -1.318488799501214186e-03
-1.539107238087480348e-03 -1.601657112898448657e-03
-1.757870348230468902e-03 -1.806688244536856563e-03
-1.849662800829180061e-03 -1.930463560045221020e-03
-1.809358681435356987e-03 -1.982821802866653865e-03
-1.655141295749798297e-03 -1.983910537294692866e-03
-1.424929699461780289e-03 -1.959660277189079203e-03
-1.169115873471865668e-03 -1.936255369407376224e-03
-9.409891507822210586e-04 -1.934663480361636413e-03
-7.866612135921004093e-04 -1.966271900561685458e-03
-7.363983495874725557e-04 -2.030466475249171048e-03
-7.990000359588309790e-04 -2.114618073348172554e-03
-9.602850095504257295e-04 -2.196482421358546613e-03
-1.185967232390306011e-03 -2.248558855879095354e-03
-1.428372048889503141e-03 -2.243579318572847675e-03
-1.635714929709575736e-03 -2.160081670553576534e-03
-1.762179347318414266e-03 -1.987002354424902920e-03
-1.776878534670667080e-03 -1.726406265007705007e-03
-1.669996891678534375e-03 -1.393821855917670022e-03
-1.454940676445265089e-03 -1.016100768061226848e-03
-1.166083267559280988e-03 -6.271882257044428602e-04
-8.525246328538258877e-04 -2.625847298369946101e-04
-5.690397071254754951e-04 4.647344028082693373e-05
-3.659231925749391627e-04 2.780344766405111597e-04
-2.796479561600757587e-04 4.227227413072856261e-04
-3.261009949190464118e-04 4.846992099312682264e-04
-4.976738626226463996e-04 4.801281886094387985e-04
-7.647557010520730477e-04 4.334583739023657842e-04
-1.081344554819953577e-03 3.722381176113113109e-04
-1.393714062927442878e-03 3.214598759172074857e-04
-1.650495302507379476e-03 2.985152285967658222e-04
-1.812266789906867440e-03 3.097232488586450921e-04
-1.858839901150526747e-03 3.490939127739936770e-04
-1.792864381799444840e-03 3.995617431277910113e-04
-1.639076329884445659e-03 4.364538193618405326e-04
-1.439336927457453763e-03 4.325299294221354100e-04
-1.244407873819045225e-03 3.636318027438052952e-04
-1.104027889296642232e-03 2.138600884541690269e-04
-1.057176708586724835e-03 -2.071550321946981788e-05
-1.124377679044773291e-03 -3.305320588853021511e-04
-1.303504098775812433e-03 -6.935024935093649133e-04
-1.569890851726861132e-03 -1.078314337569369731e-03
-1.880737369183216063e-03 -1.449454736251786727e-03
-2.182974892693987593e-03 -1.773031769730828554e-03
-2.423114392130919399e-03 -2.022311414364035866e-03
-2.557215647203640776e-03 -2.181942785382700797e-03
-2.559094113275634137e-03 -2.250091649990347640e-03
-2.425214806296580906e-03 -2.238096767077707092e-03
-2.175348602555408906e-03 -2.167730722366583741e-03
-1.848867524128774585e-03 -2.066598184828901535e-03
-1.497380101873637759e-03 -1.962554521408406936e-03
-1.175099685998085789e-03 -1.878210260878214813e-03
-9.287666540048727503e-04 -1.826567497476537039e-03
-7.890288199113434583e-04 -1.808616718810991935e-03
-7.649072210324033179e-04 -1.813348010355525248e-03
-8.423893481629831726e-04 -1.820170123447909958e-03
-9.874096043068294765e-04 -1.803271756927129869e-03
-1.152645468258323494e-03 -1.737088602909517797e-03
-1.286834921207514722e-03 -1.601827525697953379e-03
-1.344843054818311429e-03 -1.387985925040017676e-03
-1.296563856330464363e-03 -1.098992468136060323e-03
-1.132963827783748517e-03 -7.514493938262756896e-04
-8.681155548781431400e-04 -3.729095097927666931e-04
-5.368290673686854520e-04 2.412909201363614342e-06
-1.883229701882376808e-04 3.392070948904151936e-04
1.228720755041599975e-04 6.068744909892701597e-04
3.470600140634300546e-04 7.845020620523704760e-04
4.486588462486401727e-04 8.640779328276519157e-04
4.128586131470614404e-04 8.513581177750249515e-04
2.483988426404715481e-04 7.642356723331955636e-04
-1.406007103993523019e-05 6.289339609617685236e-04
-3.276640502104942085e-04 4.747548899104672856e-04
-6.381087474221664455e-04 3.283834889008591042e-04
-8.937469150924611753e-04 2.088309896141902545e-04
-1.055150280794826985e-03 1.239743195538627030e-04
-1.102320735519476871e-03 6.934430416912856993e-05
-1.038191567884725729e-03 2.938579424172049184e-05
-8.877626198034224009e-04 -1.905826747261415890e-05
-6.930404511997301578e-04 -1.017108571604077838e-04
-5.047492483080987750e-04 -2.412414708434044161e-04
-3.723898250889200266e-04 -4.521445822690999873e-04
-3.345368402837255997e-04 -7.371048350905022107e-04
-4.112190592227636231e-04 -1.085557764733665730e-03
-5.998327074863570550e-04 -1.474740072859743838e-03
-8.753684511365739107e-04 -1.873052527893847609e-03
-1.194915079362097359e-03 -2.245120598304150335e-03
-1.505592361525082482e-03 -2.557615866871227640e-03
-1.754415306800055033e-03 -2.784756117128637729e-03
-1.898225311812775382e-03 -2.912461240542633424e-03
-1.911809900708972025e-03 -2.940394607290253495e-03
-1.792674573249609417e-03 -2.881517519704436276e-03
-1.561562983628602460e-03 -2.759252531607977055e-03
-1.258625503518653833e-03 -2.602801189757097261e-03
-9.359590063979883554e-04 -2.441508042021488072e-03
-6.479266876741004468e-04 -2.299340064500053279e-03
-4.410860502935539740e-04 -2.190525488074316664e-03
-3.456264715270064873e-04 -2.117173194486876228e-03
-3.699311730675742616e-04 -2.069315664003968953e-03
-4.992862309863201759e-04 -2.027356569580261118e-03
-6.989736286445048102e-04 -1.966446050073782960e-03
-9.211550389455700752e-04 -1.861939254899164448e-03
-1.114235238454633955e-03 -1.694886570164578577e-03
-1.232924705883702227e-03 -1.456496297625296419e-03
-1.247088897984350003e-03 -1.150703955898380298e-03
-1.147701918081701477e-03 -7.943402222383520034e-04
-9.487711914801717251e-04 -4.148440926713344067e-04
-6.848633934371980416e-04 -4.593304039213784494e-05
-4.046956360328616328e-04 2.779703012762017910e-04
-1.620019267067097381e-04 5.275185603766205811e-04
-5.401893603142150432e-06 6.833497234543818837e-04
3.081117721614415762e-05 7.392120320252803731e-04
-6.678116109555022606e-05 7.027242433927040517e-04
-2.880785152245054635e-04 5.936366997653956187e-04
-6.012250566994704675e-04 4.399287979163183249e-04
-9.584498527733135509e-04 2.724849193675462061e-04
-1.304882750805699126e-03 1.193567775546546016e-04
-1.588681982708496166e-03 6.951897556328029935e-07
-1.770562096956856436e-03 -7.469565089399278620e-05
-1.830925018652355008e-03 -1.105385710481777972e-04
-1.773251343525313224e-03 -1.217873889899355770e-04
-1.623117358943505003e-03 -1.311147937888184137e-04
-1.423031621967384445e-03 -1.638662414750785188e-04
-1.224076373930828949e-03 -2.424541928781370932e-04
-1.075943784385018955e-03 -3.812742915927613526e-04
-1.017260505684151970e-03 -5.831270663161371680e-04
-1.068038830887980701e-03 -8.378439772812021520e-04
-1.225689345419753423e-03 -1.123399023697411840e-03
-1.465354745797080652e-03 -1.409315765148789340e-03
-1.744505335262122462e-03 -1.661743753558602051e-03
-2.010928722254853081e-03 -1.849260581573484389e-03
-2.212602453124232291e-03 -1.948316243453384472e-03
-2.307580626513854732e-03 -1.947301746208914778e-03
-2.272021711707700089e-03 -1.848481612805149416e-03
-2.104835575458275428e-03 -1.667431360939334011e-03
-1.828066719416159176e-03 -1.430090282356726071e-03
-1.482936981296747005e-03 -1.167988114378525977e-03
-1.122291827657305625e-03 -9.125466840074021244e-04
-8.008744648306544665e-04 -6.895295401958170377e-04
-5.652625695216959402e-04 -5.146814883821306495e-04
-4.453657726268290271e-04 -3.913717618157449315e-04
-4.490861432067093113e-04 -3.106725773078930692e-04
-5.611448489239940010e-04 -2.538414173099345309e-04
-7.462893493847493455e-04 -1.967183542105833862e-04
-9.562662657173912279e-04 -1.151856700188491210e-04
-1.139232461027979686e-03 9.365101639686903949e-06
-1.249815775710650268e-03 1.856154726994865183e-04
-1.257914575111771308e-03 4.098096738475843592e-04
-1.154564918031636672e-03 6.656480265752316196e-04
-9.537603446916401422e-04 9.266241333880416301e-04
-6.898766790955477733e-04 1.160381718415422246e-03
-4.111875201181668300e-04 1.334282531062951646e-03
-1.706974608143722654e-04 1.421145014216277855e-03
-1.602913163002608454e-05 1.404078371863137732e-03
1.971949999510821516e-05 1.279504957548899865e-03
-7.558630450409803414e-05 1.057803753241213932e-03
-2.906065939400874357e-04 7.614548440792238927e-04
-5.924227903750253028e-04 4.210346309776051609e-04
-9.324880704372495461e-04 6.981517483899162728e-05
-1.255511979183814714e-03 -2.620178218049056700e-04
-1.509604236912630466e-03 -5.524446864813661352e-04
-1.655764730484449079e-03 -7.910411341028622013e-04
-1.674930741059490937e-03 -9.801242647679338921e-04
-1.571255051950171296e-03 -1.133416574779180785e-03
-1.371002113678267392e-03 -1.272500961749999928e-03
-1.117278820493421880e-03 -1.421759164082604145e-03
-8.616046464166816563e-04 -1.602773931254033351e-03
-6.539236735186043257e-04 -1.829276950512136353e-03
-5.329552505183375154e-04 -2.103620889529047265e-03
-5.187149599845037630e-04 -2.415464488310011329e-03
-6.086255902158923354e-04 -2.742939266404644666e-03
-7.779569373727319558e-04 -3.056094726207308782e-03
-9.845124526208553963e-04 -3.321985281171323592e-03
-1.176675441311855405e-03 -3.510448681791443395e-03
-1.303290220992789090e-03 -3.599491869233541284e-03
-1.323505042330866237e-03 -3.579271374978215767e-03
-1.214709697738532547e-03 -3.453918207257861746e-03
-9.770604491325916591e-04 -3.240861939776525525e-03
-6.337301143323813366e-04 -2.967778883082758737e-03
-2.268297200398389029e-04 -2.667735826497550592e-03
1.902330145588086599e-04 -2.373439397016140207e-03
5.625189785262873663e-04 -2.111667552985437186e-03
8.436056049896180657e-04 -1.898922654865422893e-03
1.004022943209688119e-03 -1.739112008186266241e-03
1.036488527903430511e-03 -1.623676025664146485e-03
9.569575980576597437e-04 -1.534119290606949983e-03
8.012971296830895393e-04 -1.446443881215863248e-03
6.182201550493148044e-04 -1.336623692712724312e-03
4.598241886992930150e-04 -1.186061471835609185e-03
3.715303574491484210e-04 -9.859741631116068251e-04
3.833323261375210780e-04 -7.398562065837766683e-04
5.040150408085808170e-04 -4.635359560422040075e-04
7.194398558892490083e-04 -1.827981499894497819e-04
9.952214823747437909e-04 7.099136274056979832e-05
1.283289426623883747e-03 2.664414407213832898e-04
1.531089893166222640e-03 3.778282837045576509e-04
1.691683017494604972e-03 3.898520673522811895e-04
1.732819683868325059e-03 3.005586985627149211e-04
1.643274396696446865e-03 1.218719146678057014e-04
1.435229340686047187e-03 -1.223698526893693015e-04
1.142251701273090973e-03 -4.005081149911873567e-04
8.132401170718641520e-04 -6.785260951522452833e-04
5.034789435785200261e-04 -9.258570902833547760e-04
2.644864010723504359e-04 -1.120455639786296876e-03
1.345710178623705415e-04 -1.252189289859539055e-03
1.318768251066026803e-04 -1.323928300397824061e-03
2.512268668882742823e-04 -1.350147622558989279e-03
4.653559087909995727e-04 -1.353327115691866983e-03
7.302928243963344081e-04 -1.358852952621408426e-03
9.938682274609246265e-04 -1.389406526538268863e-03
1.205732095951351406e-03 -1.459923276223650413e-03
1.326981247480519231e-03 -1.574094512961400410e-03
1.337571490979318038e-03 -1.723091297702003836e-03
1.240109879649675673e-03 -1.886766403103076750e-03
1.059309067349917125e-03 -2.037118559662687810e-03
8.372083063265572033e-04 -2.143371939999555442e-03
6.250683542963683930e-04 -2.177714910189135732e-03
4.734784625454994565e-04 -2.120614038851154331e-03
4.225532011309480421e-04 -1.964696515718143254e-03
4.940808069983974003e-04 -1.716461947633655645e-03
6.871160253865653397e-04 -1.395492328297754346e-03
9.778588437020607586e-04 -1.031299667997954105e-03
1.323849446922533042e-03 -6.583952704232665576e-04
1.671692720688724640e-03 -3.104988630053119418e-04
1.966857388928389301e-03 -1.496650918285369596e-05
2.163701930700475534e-03 2.115269177210509746e-04
2.233836187006480942e-03 3.652537208553672133e-04
2.171242240809107774e-03 4.552400515750185464e-04
1.993191164395040176e-03 5.006713821975274830e-04
1.736787520849421155e-03 5.264092540081793253e-04
1.451800509492689410e-03 5.574885820496994259e-04
1.191142783302535750e-03 6.136565208004036379e-04
1.000802308755290720e-03 7.050042693941016049e-04
9.111350705547062662e-04 8.295340915231521652e-04
9.311675744512440574e-04 9.731348903378871399e-04
1.046987010682524401e-03 1.111980827951439656e-03
1.224521772294918671e-03 1.216905657950473297e-03
1.416182582802622989e-03 1.258928159391952415e-03
1.570102426482129212e-03 1.214882829234457820e-03
1.640220434885829130e-03 1.072086768715494343e-03
1.595294247510451076e-03 8.311529579668806671e-04
1.425127572338604886e-03 5.064079834601005253e-04
1.142826454417912151e-03 1.238229690719928661e-04
7.826493858715570994e-04 -2.831653019875970284e-04
3.938505469765922798e-04 -6.791688929388390401e-04
3.167420980559074260e-05 -1.032673660231687041e-03
-2.528020082679532671e-04 -1.321092113461138544e-03
-4.220589767677230771e-04 -1.534108800022902916e-03
-4.589911693347897446e-04 -1.674706559581174131e-03
-3.699328690485858152e-04 -1.757701011586177298e-03
-1.832874137956792761e-04 -1.806081819248136523e-03
5.597696973355934983e-05 -1.845873417676557014e-03
2.949195916419580679e-04 -1.900506617741770437e-03
4.826791969622455224e-04 -1.985783069978018685e-03
5.800813711870422352e-04 -2.106399900334985503e-03
5.669828494834204015e-04 -2.254703687872954172e-03
4.459638389677342187e-04 -2.411917862941070998e-03
2.416721335682188898e-04 -2.551616120208197169e-03
-4.052761223348184776e-06 -2.644785903984022812e-03
-2.403472122259989218e-04 -2.665521640633060178e-03
-4.172303020456223340e-04 -2.596264865603119601e-03
-4.953674217315166004e-04 -2.431590993176461178e-03
-4.538346581519698457e-04 -2.179814642964416054e-03
-2.944061732409613847e-04 -1.862095713742423046e-03
-4.154491959295649166e-05 -1.509199172491849711e-03
2.619094378406412412e-04 -1.156503729126792928e-03
5.625466597546898220e-04 -8.381845180061598408e-04
8.062154866649745870e-04 -5.816501702715134309e-04
9.480223477637061491e-04 -4.032658645961338727e-04
9.606122830834997947e-04 -3.061503415333747570e-04
8.391695968345687070e-04 -2.804425838951226779e-04
6.021959384508204479e-04 -3.059671659273903509e-04
2.879219952989919428e-04 -3.567744982912759944e-04
-5.296539187438749157e-05 -4.066790378561571878e-04
-3.669024154812981341e-04 -4.347318153349226193e-04
-6.075200539498682925e-04 -4.295786635534369819e-04
-7.443026165776739714e-04 -3.918694030099874543e-04
-7.681960824192117163e-04 -3.342554001420159748e-04
-6.931079054242660423e-04 -2.789728191141058601e-04
-5.530189294239565897e-04 -2.534693796979696078e-04
-3.952598148236841297e-04 -2.849062365428322230e-04
-2.712314165992115410e-04 -3.945828483864325417e-04
-2.263331912726800977e-04 -5.933503853291796724e-04
-2.910141672113374708e-04 -8.788949099559303403e-04
-4.746487842568439686e-04 -1.235420098509585783e-03
-7.634051700176058830e-04 -1.635807132109309142e-03
-1.122517418999716609e-03 -2.045862141855971268e-03
-1.502539326905863708e-03 -2.429867660444058435e-03
-1.848402750582630628e-03 -2.756408470181264704e-03
-2.109572145215374978e-03 -3.003390612268093309e-03
-2.249378546180728911e-03 -3.161324903384644947e-03
-2.251770764917029183e-03 -3.234274210639978640e-03
-2.124209619122190314e-03 -3.238304897925044223e-03
-1.896160228832622372e-03 -3.197753774456673064e-03
-1.613469734252612458e-03 -3.140033423785167088e-03
-1.329695659955601548e-03 -3.089973093364283083e-03
-1.096026306553121808e-03 -3.064777501135853600e-03
-9.516999320700753875e-04 -3.070565903912750999e-03
-9.167338725626858215e-04 -3.101151366138696960e-03
-9.883362798324142173e-04 -3.139292697961172923e-03
-1.141674876748446487e-03 -3.160180010573642936e-03
-1.334851290864016212e-03 -3.136488618773015241e-03
-1.517132514739546155e-03 -3.044035884371919503e-03
-1.638873779980639864e-03 -2.866958447258735436e-03
-1.661246502232857636e-03 -2.601415392191443535e-03
-1.563921666570257125e-03 -2.257099639055074741e-03
-1.349246124652445393e-03 -1.856252884218000110e-03
-1.042113469922769427e-03 -1.430350601314709334e-03
-6.855466816913939653e-04 -1.015063748704181845e-03
-3.328221645496031431e-04 -6.444296093522504810e-04
-3.762031899066231718e-05 -3.453139293784415883e-04
1.559377661029038610e-04 -1.331918667899302565e-04
2.214854251984500148e-04 -1.002654508623946629e-05
1.552890237718160824e-04 3.537170518671807181e-05
-2.311140454028248747e-05 2.459014987340896467e-05
-2.746197010118423595e-04 -1.500138125404957179e-05
-5.479555263072828381e-04 -5.583970322045091065e-05
-7.892861924289409914e-04 -7.566443147885175196e-05
-9.522971405659143296e-04 -6.187457082524786640e-05
-1.006797870288494295e-03 -1.391803247760586186e-05
-9.442384360407610287e-04 5.673766761418977032e-05
-7.790974797267555783e-04 1.290439943631959134e-04
-5.458852151840541374e-04 1.767503436167418718e-04
-2.923356539380060799e-04 1.738840106954804348e-04
-7.008432949866222990e-05 1.002805765525700723e-04
7.539586788115021192e-05 -5.389790272030986918e-05
1.136875908764474995e-04 -2.855299530131022142e-04
3.545939308903923830e-05 -5.783047351256044577e-04
-1.455154447466172792e-04 -9.049590392074481539e-04
-3.947406030779712204e-04 -1.231578757405174919e-03
-6.633340927118023351e-04 -1.523171654188676134e-03
-8.971267357316535952e-04 -1.749477207674777048e-03
-1.046803506526913091e-03 -1.889933573314307811e-03
-1.077171025098361788e-03 -1.936880004907875303e-03
-9.737988623839510371e-04 -1.896405421076732172e-03
-7.457784116027632668e-04 -1.786697341488987546e-03
-4.240769962628858380e-04 -1.634216205499236518e-03
-5.579769228315744343e-05 -1.468429042359473830e-03
3.045706165456725273e-04 -1.316106216142287708e-03
6.052596817939368727e-04 -1.196264511239167154e-03
8.067757664807478218e-04 -1.116714166105733756e-03
8.890974462179174762e-04 -1.072860470865796790e-03
8.551607307658378072e-04 -1.048980422826438713e-03
7.299785137058215296e-04 -1.021723203282883788e-03
5.555684441842291023e-04 -9.651592982268496212e-04
3.826572660033119937e-04 -8.564072814290222321e-04
2.607401535531754652e-04 -6.807556872427210750e-04
2.283849978930970262e-04 -4.352912066144533874e-04
3.056249918994409466e-04 -1.303259224549214589e-04
4.898870556623658237e-04 2.116678097617692125e-04
7.562335815357860329e-04 5.594346634042265563e-04
1.061877546519304771e-03 8.780076890583652554e-04
1.354121031578883402e-03 1.134534146246057775e-03
1.580217994929245407e-03 1.303772235497656449e-03
1.697296713423354511e-03 1.372235834256660359e-03
1.680464850052249513e-03 1.340218281144587003e-03
1.527563010619982335e-03 1.221325415845559044e-03
1.259666020112202266e-03 1.039616943963613373e-03
9.172350851137276665e-04 8.249050438316377727e-04
5.526463233459192204e-04 6.071048569659528646e-04
2.205061638609732175e-04 4.107077175215912519e-04
-3.241782751889159785e-05 2.504213912736606815e-04
-1.757501968660210058e-04 1.287973253874119951e-04
-2.009321867017420317e-04 3.628550041285974557e-05
-1.224978857523849069e-04 -4.630515968453238643e-05
2.503194449636069081e-05 -1.434210582170493669e-04
1.940422717878798639e-04 -2.793000501269427569e-04
3.331894032712180253e-04 -4.724827330863751672e-04
3.974586590642738065e-04 -7.313584826141236728e-04
3.570022692415344848e-04 -1.051610968333206286e-03
2.030771221191082494e-04 -1.416068805423390670e-03
-5.004821805266660003e-05 -1.797011644615542419e-03
-3.675838053787789609e-04 -2.160516605950247790e-03
-7.006389606510178905e-04 -2.472042654607053275e-03
-9.953610785710723368e-04 -2.702214666126442726e-03
-1.203064591017110468e-03 -2.831729228534517976e-03
-1.289433398767219317e-03 -2.854468240443471319e-03
-1.241054282466516438e-03 -2.778243080737579068e-03
-1.068042937298477497e-03 -2.623037846590134305e-03
-8.022629238218825830e-04 -2.417090550825599753e-03
-4.914711610139769430e-04 -2.191557241986082441e-03
-1.904938457544013753e-04 -1.974768950861812040e-03
4.890195573938244979e-05 -1.787165091413889326e-03
1.875296062871339140e-04 -1.637855574230003084e-03
2.059012241149809470e-04 -1.523452381895876043e-03
1.076026276906671205e-04 -1.429378769007691322e-03
-8.170642473892813108e-05 -1.333392566554541430e-03
-3.194695695958866925e-04 -1.210638666263535654e-03
-5.546006570145832915e-04 -1.039254477149316458e-03
-7.374482716840592873e-04 -8.054461726252013778e-04
-8.294640536888630601e-04 -5.070529685031672281e-04
-8.107375772879530772e-04 -1.549026737892318217e-04
-6.839652481865549950e-04 2.283198154664105100e-04
-4.740967802739075201e-04 6.114977877904956153e-04
-2.237222696264980866e-04 9.601729602586040998e-04
1.492949451635324659e-05 1.242355001211970737e-03
1.898680083648575183e-04 1.433966374151705988e-03
2.592235539289285454e-04 1.522905141108181308e-03
1.992631922840077600e-04 1.510967265602542776e-03
9.020450293469712243e-06 1.413272207506275756e-03
-2.893410454514616387e-04 1.255305114247014589e-03
-6.545030232844457332e-04 1.068136864352511135e-03
-1.033559502827658067e-03 8.827248752529507237e-04
-1.371748397527751059e-03 7.243683405031607972e-04
-1.622511783260158214e-03 6.083591638269126960e-04
-1.755987137526368851e-03 5.376405219608659499e-04
-1.764329318551006347e-03 5.029022099825509367e-04
-1.662863344319377799e-03 4.850782392623791215e-04
-1.486857475911211764e-03 4.597554139147345779e-04
-1.284535222500024325e-03 4.026383261617654322e-04
-1.107656677301171143e-03 2.950151992007102688e-04
-1.001459297560076955e-03 1.281683501867181209e-04
-9.958688305563099391e-04 -9.412711566862984108e-05
-1.099649750338402808e-03 -3.555102701426475259e-04
-1.298607026422122102e-03 -6.293843634612394889e-04
-1.558182887773505070e-03 -8.832831742730884797e-04
-1.829958943331167973e-03 -1.084443308767461074e-03
-2.060833380374404045e-03 -1.205541393945286409e-03
-2.203135248185952855e-03 -1.229521239691168735e-03
-2.223759210006405126e-03 -1.152605434019575827e-03
-2.110588463918187333e-03 -9.849264797188279300e-04
-1.874985922533066018e-03 -7.486600523914780422e-04
-1.549877209073998417e-03 -4.740126114737414336e-04
-1.183782822726010559e-03 -1.938185827313643628e-04
-8.319230917739803798e-04 6.223756910711666446e-05
-5.460731962451728910e-04 2.726910165398099763e-04
-3.650817831874763079e-04 4.277114608568541960e-04
-3.078407974141941176e-04 5.302324316024989133e-04
-3.700299539120547243e-04 5.945989731884271986e-04
-5.252446798885074871e-04 6.430091723040364318e-04
-7.302866567418143809e-04 7.004438317334703203e-04
-9.336083871715146259e-04 7.890654912861213037e-04
-1.085306638881883886e-03 9.231685991949109549e-04
-1.146767120428948423e-03 1.105657899023875434e-03
-1.098129693982776833e-03 1.326741861532912924e-03
-9.421571269046060716e-04 1.565107234325930448e-03
-7.037724709038308728e-04 1.791369202183003967e-03
-4.253514530392488299e-04 1.973158576555959255e-03
-1.586612257085834332e-04 2.080894911105750974e-03
4.502699403980639937e-05 2.093161703466977878e-03
1.447769477086381803e-04 2.000672093242926181e-03
1.179116313236721085e-04 1.808077099641541277e-03
-3.548199523162234165e-05 1.533273623390424495e-03
-2.923261756911042222e-04 1.204339529980343266e-03
-6.106524874198740417e-04 8.546692051123721406e-04
-9.372593787905187735e-04 5.172206424467793535e-04
-1.217484469417885002e-03 2.189505235221623981e-04
-1.405248863527961160e-03 -2.352437189863956996e-05
-1.471479354512775619e-03 -2.062354527275751348e-04
-1.409321482026192236e-03 -3.377225121016659126e-04
-1.235163796993921440e-03 -4.364928818886865559e-04
-9.852863922782920288e-04 -5.265820453153307462e-04
-7.087746832801950251e-04 -6.320780088361093634e-04
-4.580458254415425067e-04 -7.716677530992170717e-04
-2.787863013194048084e-04 -9.542592044317031730e-04
-2.012097005541370982e-04 -1.176527329438034489e-03
-2.342926563867696842e-04 -1.422866967240940181e-03
-3.640818549167157479e-04 -1.667777213667740897e-03
-5.563930120731347797e-04 -1.880239292687956899e-03
-7.633899216315034875e-04 -2.029269597691424343e-03
-9.327958260128282756e-04 -2.089604026232033153e-03
-1.017989806425834273e-03 -2.046441648287768925e-03
-9.870722456454348454e-04 -1.898350533223959816e-03
-8.291776438469443530e-04 -1.657783197036652532e-03
-5.568334142094483836e-04 -1.349098441608643064e-03
-2.039112469404439840e-04 -1.004455343952421250e-03
1.804483973526584443e-04 -6.583450900365470787e-04
5.407960164008438625e-04 -3.417815787671476375e-04
8.255284537028789379e-04 -7.723398379441237353e-05
9.963250002482399587e-04 1.247579795531499091e-04
1.035085282667045845e-03 2.666654611305831766e-04
9.470626742035760312e-04 3.625650972547089746e-04
7.596067891413689141e-04 4.345347847892332572e-04
5.167593233249614124e-04 5.075549103749867801e-04
2.707318104187710658e-04 6.039018302082773456e-04
7.188329052005366839e-05 7.381155411088544636e-04
-4.090114779170246715e-05 9.135132896029673870e-04
-4.760704156072054303e-05 1.120926231705148511e-03
4.913901749370192668e-05 1.339913014237298057e-03
2.246388297967107138e-04 1.542232491689629484e-03
4.369225958576440031e-04 1.696927089307120060e-03
6.348679583898573890e-04 1.776060194801643661e-03
7.680969943144764708e-04 1.760023825960630719e-03
7.967723985290743865e-04 1.641410830685278207e-03
6.994322715382337869e-04 1.426714338726907784e-03
4.773735185850189059e-04 1.135525347159680853e-03
1.547467373730165266e-04 7.973699768008098631e-04
-2.256629873534275147e-04 4.467720400330936047e-04
-6.101784012671361210e-04 1.174600893476649040e-04
-9.440375495882542475e-04 -1.632020226527734698e-04
-1.181417328408803334e-03 -3.785260660595379540e-04
-1.293782865962361112e-03 -5.247563693566237655e-04
-1.274989029024522179e-03 -6.108669610318612437e-04
-1.142174701453546430e-03 -6.559591018705950884e-04
-9.322863291372114614e-04 -6.847734739281639230e-04
-6.948938979868854015e-04 -7.221874906672681033e-04
-4.826635049092247646e-04 -7.877590823903780123e-04
-3.412932899768745436e-04 -8.913677788015786797e-04
-3.008199404306432113e-04 -1.030793993191626932e-03
-3.699422615999974724e-04 -1.191707909668067835e-03
