-1.223533159068460833e-03 -5.412232560955059857e-04
-8.641327736513906583e-04 -7.883675279769724676e-04
-3.976317633822742384e-04 -1.033587132604055431e-03
1.043497386525352823e-04 -1.260886516407311352e-03
5.629970166285873726e-04 -1.455332738145885063e-03
9.067900441601540323e-04 -1.605235782628532939e-03
1.084617110396397712e-03 -1.703776570259804167e-03
1.075039683743547964e-03 -1.749788169187198924e-03
8.899638845462653526e-04 -1.747554349360095662e-03
5.720325390210554252e-04 -1.705673693719135953e-03
1.862400654301685861e-04 -1.635212187964621769e-03
-1.926345831121550368e-04 -1.547499514860012403e-03
-4.943909548799265818e-04 -1.451989187264654405e-03
-6.668413370494397302e-04 -1.354587940295888006e-03
-6.857686476721515986e-04 -1.256768320575216017e-03
-5.595201175621677741e-04 -1.155627546448109418e-03
-3.273660901658588789e-04 -1.044874092737560793e-03
-5.193533808540166447e-05 -9.165455204144947561e-04
1.928386082720611101e-04 -7.631205668208456295e-04
3.359741885830936996e-04 -5.796120868114588119e-04
3.231971404235102789e-04 -3.652296020701151810e-04
1.275836325795653503e-04 -1.242805976165233482e-04
-2.449314501021755729e-04 1.338768972696515402e-04
-7.562324466166839764e-04 3.958386326103009766e-04
-1.342767932969662166e-03 6.459423450037540164e-04
-1.927095490314854453e-03 8.685179906827945537e-04
-2.432050477933126072e-03 1.050189861885344762e-03
-2.794866347370011245e-03 1.181809432646069389e-03
-2.978583075432912446e-03 1.259666144394245473e-03
-2.978593382519507688e-03 1.285758175269223957e-03
-2.823096412676178151e-03 1.267081069570911728e-03
-2.567381321562603458e-03 1.214075716234841625e-03
-2.283030514730026092e-03 1.138533865337465045e-03
-2.044093105452155987e-03 1.051359549988591319e-03
-1.912851603518930061e-03 9.606095152399187279e-04
-1.927880523280186848e-03 8.701804019763764676e-04
-2.096660197962911011e-03 7.793855171667220510e-04
-2.394145078414807067e-03 6.834932482105314164e-04
-2.767556813206419313e-03 5.751149427433997806e-04
-3.146492262128576523e-03 4.461673169219616819e-04
-3.456428779349826966e-03 2.900240402078126112e-04
-3.633064475848178654e-03 1.034340187151402632e-04
-3.634771826633880452e-03 -1.121728730679410997e-04
-3.450799138498182594e-03 -3.502564322918939204e-04
-3.103658643541849609e-03 -5.997111556348261579e-04
-2.645240080911390960e-03 -8.462988762564634332e-04
-2.147376284944169274e-03 -1.074713448627723006e-03
-1.688637624798267805e-03 -1.270901145698403924e-03
-1.339846243417347049e-03 -1.424210585634514380e-03
-1.151043690489188427e-03 -1.528976576383102304e-03
-1.142370778706246160e-03 -1.585247514044931536e-03
-1.300578337476491781e-03 -1.598526006201043438e-03
-1.581822140646333211e-03 -1.578576945427119559e-03
-1.920206373467208153e-03 -1.537531421331298810e-03
-2.240452683206006507e-03 -1.487645698894145361e-03
-2.472291979514146601e-03 -1.439137291485186737e-03
-2.563851341354829623e-03 -1.398503096314406913e-03
-2.491500105837548586e-03 -1.367630936127526512e-03
-2.264291123765115217e-03 -1.343863448151412943e-03
-1.922158014378934224e-03 -1.320990982907077312e-03
-1.528212956528752836e-03 -1.290972577905655878e-03
-1.156607947148411818e-03 -1.246044827332958623e-03
-8.782637312113528638e-04 -1.180803991347774721e-03
-7.471754234092402736e-04 -1.093851120455604327e-03
-7.898955166517785276e-04 -9.886724960112629971e-04
-1.000194001203499146e-03 -8.735726814310015549e-04
-1.339915492464897970e-03 -7.606574650213544092e-04
-1.745880117700083188e-03 -6.640448424313833602e-04
-2.141530575032615704e-03 -5.976296565995322524e-04
-2.451128920311606337e-03 -5.728136371636170397e-04
-2.613823445354984589e-03 -5.966210262580614590e-04
-2.594929978199630397e-03 -6.705491053551215384e-04
-2.392298547461668180e-03 -7.903661083839216579e-04
-2.036565935194214333e-03 -9.468920542756593386e-04
-1.585251220935711977e-03 -1.127614390722482453e-03
-1.111816024444592464e-03 -1.318834726375485867e-03
-6.917632811136248611e-04 -1.507944768465797067e-03
-3.884077543266340436e-04 -1.685407433939820586e-03
-2.410122008902714072e-04 -1.846077123969258908e-03
-2.575336941344850278e-04 -1.989620309345719283e-03
-4.133502184463257981e-04 -2.119969727604610003e-03
-6.562039031349286644e-04 -2.243929974671187485e-03
-9.164188930522395877e-04 -2.369214089819802332e-03
-1.120452022771187793e-03 -2.502299200885363395e-03
-1.205202508054643113e-03 -2.646523862852824364e-03
-1.130362459511463158e-03 -2.800803846623547890e-03
-8.864605071818046312e-04 -2.959225515942559732e-03
-4.970660590527928215e-04 -3.111608856227688659e-03
-1.472734502148357466e-05 -3.244947347209934611e-03
4.885969321273629217e-04 -3.345464244815872252e-03
9.348095191281042063e-04 -3.400906252833761721e-03
1.254145480606458189e-03 -3.402648542057607004e-03
1.398109674369922562e-03 -3.347218575687406061e-03
1.348437991425618758e-03 -3.236953913961899531e-03
1.120391379607295346e-03 -3.079670709060950209e-03
7.597635022830372077e-04 -2.887404378965590344e-03
3.341717425546516336e-04 -2.674457011722250650e-03
-7.971790305620526365e-05 -2.455114711749314428e-03
-4.106132479107643392e-04 -2.241458112318960114e-03
-6.059365650934011704e-04 -2.041669395682729933e-03
-6.415607132191586490e-04 -1.859143233268468294e-03
-5.261018612325750118e-04 -1.692555290287160947e-03
-2.989618454042052313e-04 -1.536859460820336329e-03
-2.249775041736195582e-05 -1.385008362454587033e-03
2.301907811641459183e-04 -1.230054267163893395e-03
3.895354756365965588e-04 -1.067215583095424856e-03
4.031226750674848838e-04 -8.955008700295046323e-04
2.460767780435322910e-04 -7.185668558397101001e-04
-7.377203738302728128e-05 -5.446330037294498964e-04
-5.169241843260149408e-04 -3.854551759513148669e-04
-1.019264623312565819e-03 -2.545407467965272183e-04
-1.503808106047657992e-03 -1.649330723572883751e-04
-1.894920511274808539e-03 -1.269769450869330009e-04
-2.132331377663623795e-03 -1.464826623187383443e-04
-2.182291184221507672e-03 -2.236334350489552398e-04
-2.043766269569124213e-03 -3.528427959772844854e-04
-1.748502442331446947e-03 -5.235914975378718047e-04
-1.354947737545847538e-03 -7.220905799831297666e-04
-9.371859488278341116e-04 -9.334633671965765749e-04
-5.709756956043931381e-04 -1.144043191193493082e-03
-3.195363221892357245e-04 -1.343363776924169726e-03
-2.217684106514455824e-04 -1.525479163097731225e-03
-2.851343500904243537e-04 -1.689378405863601468e-03
-4.845408199122158590e-04 -1.838432765371419324e-03
-7.674275516697224870e-04 -1.978996926264717932e-03
-1.064090733036279855e-03 -2.118446228970511779e-03
-1.301277582955649020e-03 -2.263038523750449029e-03
-1.416468753015849048e-03 -2.416021937677380587e-03
-1.370134663122873301e-03 -2.576362406331670577e-03
-1.153635381362717958e-03 -2.738346274097119143e-03
-7.912586031599055719e-04 -2.892146078548683136e-03
-3.360004832279768743e-04 -3.025253486717135662e-03
1.401206803427125394e-04 -3.124517142179038341e-03
5.593920376060860242e-04 -3.178406419145616158e-03
8.528588208515365489e-04 -3.179076909546989238e-03
9.731716577162417099e-04 -3.123848481352103825e-03
9.034008519877917897e-04 -3.015815353008539750e-03
6.601520783222718496e-04 -2.863469324932332773e-03
2.903953484424647014e-04 -2.679401564739026034e-03
-1.373921489090994762e-04 -2.478320376012055262e-03
-5.460936582665325278e-04 -2.274749714737115368e-03
-8.643973495029607908e-04 -2.080831806612387126e-03
-1.040086898384326962e-03 -1.904635994227357135e-03
-1.049667081600786462e-03 -1.749278929347466982e-03
-9.025083648533062039e-04 -1.613006797189428781e-03
-6.387332222645401587e-04 -1.490207670806901032e-03
-3.212526817815299475e-04 -1.373145930410061806e-03
-2.346980881160723627e-05 -1.254074300920022178e-03
1.850123216095018574e-04 -1.127308267287099180e-03
2.519625743107381782e-04 -9.908557964732154100e-04
1.527943745079504093e-04 -8.472808509416029400e-04
-1.044153388125451404e-04 -7.036258984117378396e-04
-4.801199872070779548e-04 -5.703987069977521814e-04
-9.104921949813410192e-04 -4.598080391880731690e-04
-1.319253749357994976e-03 -3.835774220350817582e-04
-1.631912995429875800e-03 -3.507485337831929497e-04
-1.789718942519049174e-03 -3.658902357734908546e-04
-1.760693688075390525e-03 -4.280549727682157832e-04
-1.545656578932553659e-03 -5.306851827986446349e-04
-1.178100357087393793e-03 -6.624947961927196271e-04
-7.179421200966275805e-04 -8.091684434736327912e-04
-2.403301745600789274e-04 -9.555681263641999839e-04
1.783774740412171584e-04 -1.088042709425349631e-03
4.748130786580614373e-04 -1.196417464172159443e-03
6.102950459208607119e-04 -1.275302421085376279e-03
5.778123901957505238e-04 -1.324487785429683158e-03
4.029832546234602157e-04 -1.348367638968573853e-03
1.388146023727031937e-04 -1.354516861750786451e-03
-1.447356581988782428e-04 -1.351705915058160241e-03
-3.744084490832904222e-04 -1.347743611060568019e-03
-4.879113015548820829e-04 -1.347569293125713873e-03
-4.460933681917295460e-04 -1.351967045292776400e-03
-2.407135244293019975e-04 -1.357154903825276947e-03
1.036775637731553743e-04 -1.355334254983774035e-03
5.341052424491294541e-04 -1.336100496908351276e-03
9.789680187845012805e-04 -1.288450535572919359e-03
1.361414368138408673e-03 -1.203007162781849926e-03
1.613770421015793023e-03 -1.074036748690637049e-03
1.690289347740491985e-03 -9.008732872840159722e-04
1.575809533101197365e-03 -6.884718044901976192e-04
1.288681768333872074e-03 -4.469767416615833011e-04
8.774093606536489823e-04 -1.903754580084654697e-04
4.116341275468122195e-04 6.552142881851299127e-05
-3.082942638478914244e-05 3.054049909526280657e-04
-3.784623378123899685e-04 5.166735145296988407e-04
-5.792789768484309402e-04 6.911171342786120910e-04
-6.103354722234760783e-04 8.257790434311692608e-04
-4.817167668385356847e-04 9.228466077184416033e-04
-2.342563484286289545e-04 9.886089717275159221e-04
6.857023855111270380e-05 1.031693684231011886e-03
3.530337061671467232e-04 1.060930177201569466e-03
5.494661569594612438e-04 1.083257021152146020e-03
6.057835698401670610e-04 1.102079714673914398e-03
4.976468411049841901e-04 1.116398328133011214e-03
2.333298473410996311e-04 1.120876218192920579e-03
-1.476338235057590145e-04 1.106840353225014336e-03
-5.817746975173685884e-04 1.064024804698383885e-03
-9.935992368403760450e-04 9.827256222550476671e-04
-1.309837000228436304e-03 8.559548356549035895e-04
-1.473326866012621486e-03 6.811790263180816842e-04
-1.453912937121098516e-03 4.613042810040304288e-04
-1.254285512988453748e-03 2.047099619957698220e-04
-9.096582258952785405e-04 -7.568799586069090363e-05
-4.813381572568881670e-04 -3.641813498003141909e-04
-4.540078183874507759e-05 -6.445068006585325145e-04
3.213927173771588585e-04 -9.021692018305836874e-04
5.557770885421247243e-04 -1.126427912306532126e-03
6.195869948940498344e-04 -1.311587330101506802e-03
5.065953777276651021e-04 -1.457364038395505797e-03
2.433009382585015509e-04 -1.568277087202695234e-03
-1.164746650215633944e-04 -1.652191794047499530e-03
-5.021472556183354061e-04 -1.718306300082600869e-03
-8.400792503581759000e-04 -1.774973910744887494e-03
-1.067832770001012933e-03 -1.827783351096353521e-03
-1.146259777986506764e-03 -1.878267994243145366e-03
-1.067132748631462961e-03 -1.923493591714199851e-03
-8.548648638601731662e-04 -1.956605118939531551e-03
-5.619891351740327091e-04 -1.968229099573306790e-03
-2.592489659468026966e-04 -1.948463145934752885e-03
-2.217445410022586810e-05 -1.889070686655306471e-03
8.331432009251349847e-05 -1.785457550681830707e-03
1.354999475987838081e-05 -1.638046121250878251e-03
-2.443898090293442982e-04 -1.452774831452224771e-03
-6.699526559504664957e-04 -1.240614679395988813e-03
-1.212666137076832571e-03 -1.016179198833447404e-03
-1.801310852175304691e-03 -7.956749685175102359e-04
-2.356982296658167737e-03 -5.945639785895400148e-04
-2.807576975166649249e-03 -4.253634760717550970e-04
-3.100969121856989204e-03 -2.959830048896125746e-04
-3.214392868084398579e-03 -2.088971430267146470e-04
-3.158263500256374215e-03 -1.612950761606074090e-04
-2.973724480604187162e-03 -1.461644129539966868e-04
-2.724394767133491487e-03 -1.540913081920438515e-04
-2.483888745713279389e-03 -1.754251862949494055e-04
-2.321480920976415254e-03 -2.023894411082929076e-04
-2.288637970242949835e-03 -2.307320512515753164e-04
-2.408975508703948588e-03 -2.605996588937526857e-04
-2.673547261764423148e-03 -2.964682849410344529e-04
-3.042363331915059425e-03 -3.461450995308489086e-04
-3.451853348187000885e-03 -4.190341487895217596e-04
-3.826863132936219984e-03 -5.240007956202110415e-04
-4.094913575431440717e-03 -6.672479394727137518e-04
-4.200020531563930515e-03 -8.506169510649386114e-04
-4.113456205674877880e-03 -1.070647665670996064e-03
-3.839410189418248145e-03 -1.318589562731309036e-03
-3.414472772196641692e-03 -1.581377318683336577e-03
-2.901031707802793035e-03 -1.843402116935546594e-03
-2.375825079522084909e-03 -2.088759845799374910e-03
-1.915809249218078120e-03 -2.303567054540079338e-03
-1.584008620215565134e-03 -2.477922358240777344e-03
-1.418016965765076225e-03 -2.607157387082684619e-03
-1.423317809881370632e-03 -2.692154811074154875e-03
-1.572678898056299995e-03 -2.738686201002328655e-03
-1.811725929054622871e-03 -2.755906364952524605e-03
-2.069631157274764988e-03 -2.754298545309511598e-03
-2.272884666478691435e-03 -2.743466643361416185e-03
-2.359533300055955372e-03 -2.730197231240840891e-03
-2.291184743682883433e-03 -2.717160534044190962e-03
-2.060498630652335059e-03 -2.702496025229686374e-03
-1.692742392158828098e-03 -2.680358231988089635e-03
-1.241114817553819541e-03 -2.642314055793667637e-03
-7.767218254455601767e-04 -2.579319334806637332e-03
-3.751030155221890061e-04 -2.483890544583449832e-03
-1.018621200383144475e-04 -2.352048686005353030e-03
-1.255255989921887777e-07 -2.184653952296773064e-03
-8.220816900443822083e-05 -1.987863872838990190e-03
-3.270706032414513091e-04 -1.772612715153694526e-03
-6.840554957266160429e-04 -1.553194734728052199e-03
-1.082203685263994535e-03 -1.345203400212487393e-03
-1.443394137816865312e-03 -1.163200887488108695e-03
-1.696828586273341558e-03 -1.018543802745351320e-03
-1.792127290583956332e-03 -9.177624802682684321e-04
-1.708565355645232228e-03 -8.617877097613135589e-04
-1.458709598973703843e-03 -8.461599423194814248e-04
-1.085775758344127272e-03 -8.621719217276518953e-04
-6.552142250321558786e-04 -8.987210907101354784e-04
-2.421244808114533971e-04 -9.445160367301949026e-04
8.311274751193395687e-05 -9.902166336269303641e-04
2.682602767601390947e-04 -1.030102593839590970e-03
2.891607078826037742e-04 -1.062956969265144592e-03
1.543005606488244679e-04 -1.092002276696259341e-03
-9.686261776662135475e-05 -1.123908684559322057e-03
-4.014926758655221152e-04 -1.167071591366716007e-03
-6.854470546521708625e-04 -1.229496207819385243e-03
-8.775394134766784484e-04 -1.316702819416077849e-03
-9.232873156106984492e-04 -1.430063824686697268e-03
-7.955359346867964861e-04 -1.565902882660424010e-03
-4.999392163159779596e-04 -1.715542830461007709e-03
-7.425277423614022642e-05 -1.866309629253614950e-03
4.184361589829306647e-04 -2.003318421102648003e-03
9.012688887650976413e-04 -2.111719143061554539e-03
1.297785970394207131e-03 -2.178991219690157473e-03
1.546034703763733437e-03 -2.196866327307481475e-03
1.609951492402820648e-03 -2.162527117658453752e-03
1.485872812297580822e-03 -2.078865075954193509e-03
1.202950342633582470e-03 -1.953756758046751307e-03
8.173992010534100435e-04 -1.798501182716777131e-03
4.016748250300450178e-04 -1.625717446246476017e-03
3.063300935142281023e-05 -1.447101170158896204e-03
-2.327025574526631274e-04 -1.271462445279326978e-03
-3.490680461362176889e-04 -1.103412039171420677e-03
-3.103231640533953700e-04 -9.429374468821488274e-04
-1.408570239903028372e-04 -7.859396392643583926e-04
1.072280268185856931e-04 -6.256174579512024285e-04
3.642393569264574453e-04 -4.544243703578594367e-04
5.564023871896693271e-04 -2.662124785045746596e-04
6.201906784467761452e-04 -5.814209396407587290e-05
5.147574139423574061e-04 1.680212024969163936e-04
2.301064155371022272e-04 4.054845467805553581e-04
-2.105533154970337054e-04 6.429777301363072970e-04
-7.547248966419987330e-04 8.661876599177887421e-04
-1.330080998666751486e-03 1.059821756519220169e-03
-1.857680959172835350e-03 1.209924561469879730e-03
-2.266455219716476469e-03 1.306022455587119678e-03
-2.506224463455128046e-03 1.342702134723733559e-03
-2.556797685482676240e-03 1.320333575791331855e-03
-2.431435010669745055e-03 1.244807811859262228e-03
-2.174027021409011533e-03 1.126343794105673715e-03
-1.850530903640916621e-03 9.775922194486710414e-04
-1.536289873660247806e-03 8.113946644825865799e-04
-1.301640480966321850e-03 6.386190468720899689e-04
-1.198535163551739131e-03 4.664755006224560827e-04
-1.250713746374461669e-03 2.976234353400529671e-04
-1.449284111635771276e-03 1.302285587267247992e-04
-1.754546583159837751e-03 -4.105319318340570905e-05
-2.103712908728752173e-03 -2.233650678390685100e-04
-2.423053251244828427e-03 -4.235514592050662630e-04
-2.642164926772366980e-03 -6.460860172782625140e-04
-2.707653764440903343e-03 -8.914352111150462268e-04
-2.593629217052337115e-03 -1.155184485528291472e-03
-2.307016882799882516e-03 -1.428109643277465906e-03
-1.886672860339194896e-03 -1.697196578761360009e-03
-1.396457674327237098e-03 -1.947431974654460340e-03
-9.135712139092541997e-04 -2.164040259452136312e-03
-5.143476412870179142e-04 -2.334755962982730006e-03
-2.601905762352569804e-04 -2.451711982376121937e-03
-1.863028808791360787e-04 -2.512594874903027135e-03
-2.953369770206675958e-04 -2.520854793966059021e-03
-5.571608921226173282e-04 -2.484934252810617767e-03
-9.147783937374142976e-04 -2.416663125957104006e-03
-1.295277663194709279e-03 -2.329122534661964318e-03
-1.623732308931209300e-03 -2.234378195977541025e-03
-1.837421057387563991e-03 -2.141506000266597994e-03
-1.897673667849334540e-03 -2.055274911215142133e-03
-1.797101579028908755e-03 -1.975725743225516945e-03
-1.560847095568963956e-03 -1.898712963122921359e-03
-1.241618814959595573e-03 -1.817292862916488998e-03
-9.094587694713307611e-04 -1.723680075402114677e-03
-6.381853868123465740e-04 -1.611386028366548285e-03
-4.910867450633806279e-04 -1.477118094808866841e-03
-5.085813310073390801e-04 -1.322063501802822009e-03
-7.001915681378484716e-04 -1.152298924414356645e-03
-1.042359184075246229e-03 -9.782329652777430398e-04
-1.482525576389611983e-03 -8.131728975634164129e-04
-1.948714097159812142e-03 -6.712742377661507593e-04
-2.362809196969399561e-03 -5.652502466714508407e-04
-2.655026921585965094e-03 -5.042658739772391558e-04
-2.776844958558581135e-03 -4.924079571106442562e-04
-2.709951149738766898e-03 -5.280167989582496783e-04
-2.469522112094252320e-03 -6.040037088205789297e-04
-2.101215873497147904e-03 -7.090950046097041926e-04
-1.672451261745257559e-03 -8.297701097167990876e-04
-1.259627128742257015e-03 -9.525323941312988530e-04
-9.337018155619329803e-04 -1.066090678975413226e-03
-7.468622948967334899e-04 -1.163048310161581824e-03
-7.228046726818087610e-04 -1.240791779509371100e-03
-8.524625628258834581e-04 -1.301423984077207645e-03
-1.095987045499745554e-03 -1.350769326812295036e-03
-1.390597076724701389e-03 -1.396654452751293048e-03
-1.662806703985883006e-03 -1.446806030021921931e-03
-1.842705917093590343e-03 -1.506779570038163998e-03
-1.877582494201451065e-03 -1.578327107860718649e-03
-1.742296539492529158e-03 -1.658527816791195144e-03
-1.444434022542934832e-03 -1.739860180502665957e-03
-1.023254163241877832e-03 -1.811214743942163308e-03
-5.426207991223717421e-04 -1.859666737480204128e-03
-7.924738874092986324e-05 -1.872682081760604009e-03
2.915267283397927336e-04 -1.840346085191021420e-03
5.097429265330660764e-04 -1.757197537292830942e-03
5.419669650547017953e-04 -1.623323180179611115e-03
3.874648576989741426e-04 -1.444505066091103084e-03
7.824535857664738575e-05 -1.231390089365447943e-03
-3.270366509905307459e-04 -9.978336063133576468e-04
-7.541607093670743339e-04 -7.587230251563236317e-04
-1.127307944120071320e-03 -5.276834899728634256e-04
-1.383272476052586951e-03 -3.150881463581584919e-04
-1.483229828403289079e-03 -1.267361590999954539e-04
-1.419838968159885251e-03 3.656608013414846430e-05
-1.218339310310294094e-03 1.784570570122427755e-04
-9.314420366807292994e-04 3.056256325110116271e-04
-6.289909278792160142e-04 4.258504743659885169e-04
-3.843589295003936547e-04 5.458609214368913146e-04
-2.601652183525799680e-04 6.694400013457079291e-04
-2.960264743281399314e-04 7.961435299257442607e-04
-5.006709771715241869e-04 9.208912974065251505e-04
-8.499179433442497758e-04 1.034519645148973760e-03
-1.290913630092449657e-03 1.125200852315681168e-03
-1.751830500918830080e-03 1.180468535543001494e-03
-2.155200588652880257e-03 1.189471226923894277e-03
-2.432365118408298058e-03 1.145030640416297906e-03
-2.536309949572662301e-03 1.045115557930568172e-03
-2.450460722817261131e-03 8.934503024965978176e-04
-2.191775167261350576e-03 6.991380266775548864e-04
-1.807548304891496999e-03 4.753630715965835021e-04
-1.366535172960819380e-03 2.374086802561005416e-04
-9.460701133195691418e-04 3.538762768314526568e-07
-6.176182518970915183e-04 -2.231277482396212700e-04
-4.334902852080204207e-04 -4.244653776557083102e-04
-4.172301769333677931e-04 -6.000790343891366108e-04
-5.594888155918007139e-04 -7.513069353341867091e-04
-8.201570112266521641e-04 -8.834029895825459356e-04
-1.136345294694415115e-03 -1.003811305005115635e-03
-1.434690386407354431e-03 -1.120061022882162848e-03
-1.645648642332733433e-03 -1.237695866253961602e-03
-1.717060441193796194e-03 -1.358645041822062211e-03
-1.624407605771520206e-03 -1.480357075358138203e-03
-1.375812399433230977e-03 -1.595871925036654922e-03
-1.010822791879140582e-03 -1.694827029808216538e-03
-5.932059260553484764e-04 -1.765213872999212051e-03
-1.991071288736091208e-04 -1.795557126801155005e-03
9.718960615867687589e-05 -1.777105903747775795e-03
2.372083494769812451e-04 -1.705621757058339242e-03
1.892979227479280350e-04 -1.582421821024868839e-03
-4.536541682010611018e-05 -1.414473958728633884e-03
-4.329254434562269460e-04 -1.213517832982941415e-03
-9.131168142081419383e-04 -9.943679872198361684e-04
-1.410474655238791062e-03 -7.727078944266492543e-04
-1.848364575809182796e-03 -5.627786162862570508e-04
-2.163182120846124379e-03 -3.753843209178283724e-04
-2.316039805060181919e-03 -2.165759351947801154e-04
-2.299736640159939088e-03 -8.724521753997172262e-05
-2.139699172340609780e-03 1.631103256794296479e-05
-1.888725170935967807e-03 1.009803780141286649e-04
-1.616534980359038941e-03 1.748611396977504159e-04
-1.396118897598037359e-03 2.451147554479564134e-04
-1.289475581942182807e-03 3.160646705492087304e-04
-1.335451587920880468e-03 3.879139910221623207e-04
-1.541993854656706266e-03 4.563350544059857801e-04
-1.884290798915358185e-03 5.130168452458522960e-04
-2.309161878535733858e-03 5.470725096322743251e-04
-2.744871394951219155e-03 5.470439283531151799e-04
-3.114514107351699229e-03 5.031247402500673826e-04
-3.350442641642765312e-03 4.091793024258323359e-04
-3.407008015625237647e-03 2.641711979465562838e-04
-3.269202506872297739e-03 7.272426470867203213e-05
-2.955568397049770230e-03 -1.552989347193518084e-04
-2.514820266079209523e-03 -4.061323579568213230e-04
-2.016817258959201047e-03 -6.641154540931443325e-04
-1.539590080418119615e-03 -9.140098509464916797e-04
-1.154873152594350621e-03 -1.143200659460002480e-03
-9.148742420750470561e-04 -1.343381920906034201e-03
-8.427785778210657077e-04 -1.511423761671231531e-03
-9.287766090954221836e-04 -1.649273707093005170e-03
-1.132358137331966304e-03 -1.762927019738653057e-03
-1.390428735163751683e-03 -1.860676349521861667e-03
-1.629701852372383939e-03 -1.950986231257404759e-03
-1.781010546866351220e-03 -2.040407472804776391e-03
-1.792819625767054894e-03 -2.131937127000340347e-03
-1.641370889444951353e-03 -2.224143347642230581e-03
-1.335532367570120994e-03 -2.311227397332396918e-03
-9.154260701967554181e-04 -2.384015290411957682e-03
-4.450878024252478190e-04 -2.431693107237954590e-03
-5.437525101190348979e-07 -2.443956741485729754e-03
3.444423323163270509e-04 -2.413165912449810688e-03
5.322550965699235316e-04 -2.336089056397511188e-03
5.323183333190305202e-04 -2.214900862150139590e-03
3.469277997556306651e-04 -2.057233566181155670e-03
1.091949533095878033e-05 -1.875260359292662367e-03
-4.147674391617089192e-04 -1.683970898512217882e-03
-8.544193561001646887e-04 -1.498950633712243033e-03
-1.231629404416519948e-03 -1.334068753895008589e-03
-1.483472424646913989e-03 -1.199496407256789472e-03
-1.572097453599278962e-03 -1.100414247752467276e-03
-1.491551454078780467e-03 -1.036638150583216785e-03
-1.268551262849213672e-03 -1.003218771434073254e-03
-9.570668344221843577e-04 -9.918872849915122674e-04
-6.277506309404605207e-04 -9.930608249438793028e-04
-3.542236061717515469e-04 -9.980168921877750551e-04
-1.988229519554723240e-04 -1.000815984001204905e-03
-2.005180371910204526e-04 -9.996015455909627347e-04
-3.672896178778394145e-04 -9.970265633054537467e-04
-6.744213269246318154e-04 -9.997238998796834607e-04
-1.069031867469486452e-03 -1.016921009574169423e-03
-1.479993423356552266e-03 -1.058464168020381091e-03
-1.831360573940039350e-03 -1.132631601481222730e-03
-2.056767867343434197e-03 -1.244157199211886645e-03
-2.112069343563835640e-03 -1.392848762422896000e-03
-1.983824746199587281e-03 -1.573074074634702108e-03
-1.692022184217152657e-03 -1.774225391328354854e-03
-1.286516981441003255e-03 -1.982089021495402059e-03
-8.378550277768675916e-04 -2.180876307223562557e-03
-4.242111159710840488e-04 -2.355547718948092836e-03
-1.169074485976649529e-04 -2.494006520392016805e-03
3.275433305661144302e-05 -2.588762951501481432e-03
2.863367452770227035e-06 -2.637769490665264373e-03
-1.952929428681889198e-04 -2.644283663256116572e-03
-5.196959372934013442e-04 -2.615797604599961242e-03
-9.058611359234330918e-04 -2.562248627875988657e-03
-1.279328542475285544e-03 -2.493859297087432959e-03
-1.570004852921561998e-03 -2.419023567554705236e-03
-1.725634725789359147e-03 -2.342644557966536752e-03
-1.721844148904704257e-03 -2.265241565851101955e-03
-1.566849158655693117e-03 -2.182995734394162311e-03
-1.299934578050157422e-03 -2.088723454927650901e-03
-9.839884858969820316e-04 -1.973588367537639724e-03
-6.935051421094947125e-04 -1.829220518632085086e-03
-5.003286433810723473e-04 -1.649831852260469920e-03
-4.598388844728015963e-04 -1.433915833950183015e-03
-6.001991265854782556e-04 -1.185195946534358920e-03
-9.167061540544720749e-04 -9.126285462753315741e-04
-1.372319086137946268e-03 -6.294435265504377298e-04
-1.904274069081576901e-03 -3.513877410858162915e-04
-2.435540609056935889e-03 -9.448682348523918949e-05
-2.888959253292014938e-03 1.272676512407109348e-04
-3.201393151041162944e-03 3.038841085072399562e-04
-3.335223764866286199e-03 4.306333512443892954e-04
-3.285024068723872183e-03 5.083828122476729151e-04
-3.078155673274472585e-03 5.429524319442407664e-04
-2.769186525761678855e-03 5.436254091884646332e-04
-2.429195328529224103e-03 5.211050208729351135e-04
-2.131996175450959902e-03 4.853112413467872165e-04
-1.939898997080703388e-03 4.434386781571474003e-04
-1.891708075474567759e-03 3.986452092300794316e-04
-1.995235780895375857e-03 3.496186160393121721e-04
-2.225752324192779505e-03 2.910996433712727737e-04
-2.530666883241745792e-03 2.152563065009896958e-04
-2.839554070525479330e-03 1.136407267943748898e-04
-3.077626084826027252e-03 -2.065267475486590502e-05
-3.180096993763470697e-03 -1.910488161251489112e-04
-3.104715267227100770e-03 -3.961545854204442333e-04
-2.840086191833128722e-03 -6.292911041489114218e-04
-2.408201731468824318e-03 -8.790005478086723462e-04
-1.860691066979053418e-03 -1.130448531658250887e-03
-1.269493022152917098e-03 -1.367473752973283243e-03
-7.137069755483552462e-04 -1.574913892610965661e-03
-2.651018871566762549e-04 -1.740783918642788879e-03
2.498312894063173251e-05 -1.857909900449381327e-03
1.348767243734538259e-04 -1.924723145082580210e-03
7.621263800515796312e-05 -1.945076700392187182e-03
-1.087127494651314336e-04 -1.927129331448628607e-03
-3.553534707263425463e-04 -1.881516385305785069e-03
-5.894967197935269826e-04 -1.819159580020997908e-03
-7.416258832947869107e-04 -1.749133628974218783e-03
-7.603385125991796254e-04 -1.676994308016859642e-03
-6.222741195343692994e-04 -1.603882650259062792e-03
-3.366689163826456924e-04 -1.526570488477223394e-03
5.632655393485608980e-05 -1.438431918809388163e-03
4.932484868351330294e-04 -1.331147696506108837e-03
8.993989970466175063e-04 -1.196808767088570558e-03
1.203113442850061322e-03 -1.030007786087789798e-03
1.349510193179118481e-03 -8.295082691921855378e-04
1.311113809277972579e-03 -5.991598313120148189e-04
1.093333431033842451e-03 -3.478699368392388887e-04
7.337513022095185208e-04 -8.862085215167724039e-05
2.953476132260305590e-04 1.632986696521829695e-04
-1.450645727043354855e-04 3.925282820037460452e-04
-5.110139131038217691e-04 5.859296215597971282e-04
-7.404805098943985798e-04 7.345183594174659264e-04
-7.972785656112967370e-04 8.346814676901766119e-04
-6.775658413251904860e-04 8.884600121214840341e-04
-4.102560032453228577e-04 9.028527066446129365e-04
-5.126369014870454292e-05 8.882786547586113109e-04
3.273210423808599356e-04 8.564945123599008872e-04
6.510732495652848386e-04 8.183621060636306387e-04
8.574633213588874576e-04 7.818883156292682785e-04
9.077791883713198957e-04 7.509049704231087786e-04
7.944812223319646727e-04 7.246329167366393018e-04
5.425967934041759158e-04 6.982047393117261089e-04
2.048914721373381101e-04 6.640370396470482569e-04
-1.482663314251579136e-04 6.137804916674415370e-04
-4.424243434537327032e-04 5.404649624287680230e-04
-6.133841137981185191e-04 4.404188504727358936e-04
-6.196363447781154691e-04 3.145837119419301123e-04
-4.505320075513969151e-04 1.689592968856728854e-04
-1.286339950132451507e-04 1.407871479244419071e-05
2.942046642199863085e-04 -1.364025814259141279e-04
7.463025659648867298e-04 -2.677518039120959010e-04
1.149369417634284055e-03 -3.664645303228410275e-04
1.432989452213777239e-03 -4.224070246862962705e-04
1.547635372417517944e-03 -4.304003207636816200e-04
1.473757164960396489e-03 -3.909549217818362966e-04
1.225232625924782852e-03 -3.100235981742225939e-04
8.465331378008333603e-04 -1.978233322322201079e-04
4.041471837187926661e-04 -6.695126402231720941e-05
-2.610982769044305641e-05 6.984932047725533064e-05
-3.734932479226355699e-04 2.018531385254254175e-04
-5.857062925289679197e-04 3.220430259174277021e-04
-6.387231691573241107e-04 4.280139041008131865e-04
-5.411992413034358036e-04 5.219294595276617686e-04
-3.326356182410680025e-04 6.095516468627603561e-04
-7.564953632975291451e-05 6.985402880598000699e-04
1.561807471270295266e-04 7.963595242264550613e-04
2.925886873763819266e-04 9.082032435630711924e-04
2.802999478442168724e-04 1.035348562064911711e-03
9.352206525633263538e-05 1.174265536036982888e-03
-2.607518063700765441e-04 1.316667850211972104e-03
-7.436386881503869589e-04 1.450510418506068249e-03
-1.291301101135329185e-03 1.561759529893718334e-03
-1.826618370583552682e-03 1.636613534114389305e-03
-2.273393401298199386e-03 1.663765075373125268e-03
-2.570413888841893008e-03 1.636286053096099383e-03
-2.682713827469915702e-03 1.552785722782543554e-03
-2.607910420848660350e-03 1.417627593235812767e-03
-2.376422913957180767e-03 1.240166485040287677e-03
-2.045537116674873371e-03 1.033150085119076324e-03
-1.688443389603967769e-03 8.105849797926119966e-04
-1.380326236489216743e-03 5.854660561248371808e-04
-1.184140468572860176e-03 3.677916491852302201e-04
-1.138766768372536861e-03 1.632304814734214830e-04
-1.251787459332684383e-03 -2.731899448255691715e-05
-1.498247009078866642e-03 -2.072069775555188543e-04
-1.825627217510779592e-03 -3.826622150625688039e-04
-2.164089033332706070e-03 -5.608489794356134178e-04
-2.440034589407406775e-03 -7.477359061074868082e-04
-2.590413411018365787e-03 -9.461974369691815087e-04
-2.575055073920366495e-03 -1.154724503116570308e-03
-2.384683716729266070e-03 -1.367005248264335868e-03
-2.043087110970392452e-03 -1.572470980388721235e-03
-1.603019719909743596e-03 -1.757718520656516075e-03
-1.136605779793836224e-03 -1.908552570764090713e-03
-7.220502245280031916e-04 -2.012272413200744299e-03
-4.291649683428871032e-04 -2.059778840876853780e-03
-3.064431522025480841e-04 -2.047108912093881065e-03
-3.721218068919666510e-04 -1.976111999994328242e-03
-6.109192923768858551e-04 -1.854140655496054569e-03
-9.770606150343332224e-04 -1.692813766283697780e-03
-1.403014507557993418e-03 -1.506082580501037597e-03
-1.812286129583785734e-03 -1.307959650769056296e-03
-2.133842866663310071e-03 -1.110332189804374156e-03
-2.315443028609422919e-03 -9.212631532347671792e-04
-2.333346481676918868e-03 -7.440890853377749026e-04
-2.196572737179668805e-03 -5.774712785000382176e-04
-1.944905754530808521e-03 -4.163750080832440050e-04
-1.641029948009006378e-03 -2.537749493649509242e-04
-1.358294173581656335e-03 -8.274682684749818154e-05
-1.166429179034882916e-03 1.014679535653924692e-04
-1.117932184127466613e-03 2.998325887567304194e-04
-1.237706392426783219e-03 5.086449884547272933e-04
-1.517927143910114806e-03 7.196077205129113074e-04
-1.919116752633535580e-03 9.208384574053254164e-04
-2.377234230773094849e-03 1.098641799763886871e-03
-2.815446722579277323e-03 1.239717196423567071e-03
-3.158362296072024598e-03 1.333392869199406328e-03
-3.346036757535332789e-03 1.373468288033534825e-03
-3.345108812577717201e-03 1.359319285760374673e-03
-3.154960359472702095e-03 1.296056889136190313e-03
-2.807739312356364366e-03 1.193707527376518555e-03
-2.362243060741711122e-03 1.065565102271179461e-03
-1.892821724666684342e-03 9.260198953268778885e-04
-1.475401922500779207e-03 7.882662168934744581e-04
-1.173275550248945899e-03 6.623117318547986146e-04
-1.025341128433182852e-03 5.536525695870682297e-04
-1.039019485795334699e-03 4.628508204654259071e-04
-1.189179158494282646e-03 3.860790264290701965e-04
-1.423267771788670928e-03 3.165123995980028749e-04
-1.671669568026507968e-03 2.462886005741628812e-04
-1.861318875149126605e-03 1.686474633693437765e-04
-1.929982221447613944e-03 7.982941687007056512e-05
-1.838494855350020826e-03 -1.964211444340382246e-05
-1.578624670942527057e-03 -1.245511737058071513e-04
-1.175064650200369643e-03 -2.255425752218471406e-04
-6.811671025959451864e-04 -3.105438050760132721e-04
-1.692186046817269229e-04 -3.667946428471176995e-04
2.829109078177536284e-04 -3.831062027837863187e-04
6.062238878156597744e-04 -3.519251800801438332e-04
7.534244168632660624e-04 -2.708134513738626138e-04
7.076963220413906878e-04 -1.430613754861368575e-04
4.857713045107139209e-04 2.268526213065410080e-05
1.347080060172133238e-04 2.137202758182535790e-04
-2.770076693638333625e-04 4.152572943427834218e-04
-6.723568578975570691e-04 6.127306349653283872e-04
-9.802376152242297559e-04 7.939933562478412301e-04
-1.148738171059295911e-03 9.510099632473265757e-04
-1.154725447702959016e-03 1.080738088684455971e-03
-1.007939600642857514e-03 1.185047853947550746e-03
-7.488266417591700735e-04 1.269710279975195654e-03
-4.405277519612897500e-04 1.342662474185719662e-03
-1.565509839515682642e-04 1.411893962138207866e-03
3.353095938652967799e-05 1.483369578087706184e-03
7.763921905634078163e-05 1.559396324035586560e-03
-4.857323145918254672e-05 1.637756085023419923e-03
-3.367518442797032665e-04 1.711779279460019657e-03
-7.470886666562938892e-04 1.771354277898084476e-03
-1.215559977912621277e-03 1.804687933101786291e-03
-1.665789907509159385e-03 1.800487880313890498e-03
-2.023299518695555362e-03 1.750154851970931597e-03
-2.229447923340248730e-03 1.649568780767260000e-03
-2.252428985069883632e-03 1.500126859057918181e-03
-2.093243321431541813e-03 1.308830966030384135e-03
-1.785515358616900604e-03 1.087399658453378588e-03
-1.389189253073871630e-03 8.505626182212038498e-04
-9.792951673494804457e-04 6.138484860970915696e-04
-6.319094812945209990e-04 3.912714275242551486e-04
-4.099625712901638734e-04 1.933397246875698543e-04
-3.515754744268239111e-04 2.574780742288650831e-05
-4.631268688092590301e-04 -1.110168262413238356e-04
-7.183552416636170175e-04 -2.210937629584863522e-04
-1.063657669139948933e-03 -3.118228846005410490e-04
-1.428572827011238486e-03 -3.917564019816908213e-04
-1.739453968904304190e-03 -4.685007655432678873e-04
-1.933733583012606488e-03 -5.468103752698876517e-04
-1.972069648345164787e-03 -6.273056386188773830e-04
-1.846065020142743191e-03 -7.060676970007945382e-04
-1.580090420187768184e-03 -7.751938771655301824e-04
-1.226858910758772160e-03 -8.242135504033149028e-04
-8.575839788168069903e-04 -8.420985834022641069e-04
-5.485801795134748410e-04 -8.194873498566997453e-04
-3.668402246884630439e-04 -7.506982264153398742e-04
-3.573176209033729952e-04 -6.351458364784235734e-04
-5.343224626191660090e-04 -4.778840231894174889e-04
-8.786606089020745610e-04 -2.891627215179941486e-04
-1.341060380854187852e-03 -8.307070507067681304e-05
-1.851241737735405098e-03 1.244923537413105221e-04
-2.330915771608107947e-03 3.181453942604636699e-04
-2.708259339279436330e-03 4.852318190758475418e-04
-2.931131393585158403e-03 6.175005153742099901e-04
-2.976536749853663216e-03 7.119605404465321249e-04
-2.854554320369444981e-03 7.707643605184508759e-04
-2.605995562844460982e-03 8.001580371834777919e-04
-2.294246415417992759e-03 8.087126151550462104e-04
-1.992847443313304316e-03 8.051858736617917116e-04
-1.771173724134791211e-03 7.964320261730178756e-04
-1.680935385133744278e-03 7.857659665974508524e-04
-1.746063646571773724e-03 7.721003982027333304e-04
-1.957905297140054117e-03 7.500254199521944141e-04
-2.276642306765253119e-03 7.108191178496107250e-04
-2.638673325798177299e-03 6.441987620627254380e-04
-2.968563586469648036e-03 5.404793004861001542e-04
-3.193303262440294089e-03 3.927261022547122189e-04
-3.256175760448439069e-03 1.984875114490310339e-04
-3.127609793030152775e-03 -3.922995527370550255e-05
-2.810958728081851439e-03 -3.119395863766682053e-04
-2.342109775627116124e-03 -6.066227705975187588e-04
-1.782992467127378616e-03 -9.074825605294806153e-04
-1.210209686317501379e-03 -1.198186220062104346e-03
-7.009368025953237368e-04 -1.464188782458526088e-03
-3.187506644879123082e-04 -1.694714815199992956e-03
-1.020626371491877796e-04 -1.884040389654694598e-03
-5.733618149851051060e-05 -2.031849416078393596e-03
-1.583631451599687499e-04 -2.142613031084027089e-03
-3.517255600163378794e-04 -2.224124611750566069e-03
-5.673985603294628326e-04 -2.285481457310652685e-03
-7.324768141099325964e-04 -2.334907245847275478e-03
-7.854158892790202417e-04 -2.377837543287847702e-03
-6.880831623717203766e-04 -2.415638607508845213e-03
-4.333285457014591949e-04 -2.445207386866073054e-03
-4.663473064546105884e-05 -2.459531184531913665e-03
4.184710485249010150e-04 -2.449101097151989547e-03
8.903790765966949775e-04 -2.403909018280711660e-03
1.292849370191922684e-03 -2.315644907553310664e-03
1.559407965605969166e-03 -2.179670649981447009e-03
1.645960899034155413e-03 -1.996386883530187114e-03
1.539235474356895252e-03 -1.771722140251432310e-03
1.259447098799569131e-03 -1.516638186318226096e-03
8.566820425995531115e-04 -1.245730427044689339e-03
4.016751662768461794e-04 -9.751726392736141408e-04
-2.727811367880946750e-05 -7.203788362249649579e-04
-3.588053158871687626e-04 -4.938083715794471017e-04
-5.416020818696910084e-04 -3.033133737564178926e-04
-5.537592729763100895e-04 -1.513253974695404948e-04
-4.065154771309586914e-04 -3.502013791987473976e-05
-1.417340710334398946e-04 5.258492281001711835e-05
1.764078951420424194e-04 1.208201751002653133e-04
4.739360890342554969e-04 1.791942036823379559e-04
6.814219675067401767e-04 2.352840887940835961e-04
7.474288363481085664e-04 2.930913536372956518e-04
6.485080384639087129e-04 3.521785987721259316e-04
3.938467973778116702e-04 4.077514826707462326e-04
2.368323858074162592e-05 4.516691187834117379e-04
-3.982143255653682631e-04 4.741876230243995865e-04
-7.965813973029450823e-04 4.661002987595585958e-04
-1.098926082580952996e-03 4.208605911480758086e-04
-1.249329554195911796e-03 3.362751737420690461e-04
-1.219162325683791331e-03 2.154341602138591855e-04
-1.012683107528634984e-03 6.668843298957496273e-05
-6.664547597756879200e-04 -9.733658344602130481e-05
-2.426815015462591575e-04 -2.615196301589757695e-04
1.822783617309308725e-04 -4.104939756467480176e-04
5.320571429475718078e-04 -5.309592155047687711e-04
7.444102182440205488e-04 -6.136322162402455677e-04
7.826692023196373318e-04 -6.544824571820704803e-04
6.423563312952967116e-04 -6.550314248352502415e-04
3.517167108925803353e-04 -6.216715280329996674e-04
-3.392353891530005416e-05 -5.641439469648719916e-04
-4.428966691630039482e-04 -4.934720934850878428e-04
-8.009891841665675192e-04 -4.197482079655662701e-04
-1.045675398179281897e-03 -3.501960193163325972e-04
-1.138088083969259270e-03 -2.878776163432216536e-04
-1.070455343960345987e-03 -2.312881636811029177e-04
-8.675926292906635615e-04 -1.749114788654954132e-04
-5.821658882462913461e-04 -1.106251245476517250e-04
-2.846227115824196156e-04 -2.968052281272268004e-05
-4.969942126602483034e-05 7.512737991206716549e-05
5.793817245651900882e-05 2.075240997212632029e-04
-3.802777108874878104e-06 3.664337380587485505e-04
-2.461692819416488138e-04 5.455366085023447605e-04
-6.470922708636572861e-04 7.338060023546804029e-04
-1.154994262789494058e-03 9.169387561782488781e-04
-1.698162359113192764e-03 1.079425095033540458e-03
-2.197920787968541886e-03 1.206881842944131306e-03
-2.583118182322292379e-03 1.288222488007687537e-03
-2.803195962529305904e-03 1.317267348414860552e-03
-2.837372737423498898e-03 1.293501606676703952e-03
-2.698214720674309286e-03 1.221848536386890621e-03
-2.428924637488814181e-03 1.111509702751311895e-03
-2.094870320325837882e-03 9.740984091009121737e-04
-1.770964078840594298e-03 8.214241803042386224e-04
-1.527288593777099447e-03 6.633497331205442330e-04
-1.415695940547578207e-03 5.061256496967141355e-04
-1.459920759523623216e-03 3.515149592730629300e-04
-1.651081732454771737e-03 1.968677208185215543e-04
-1.949423716278471906e-03 3.612336549070435828e-05
-2.291969658550018808e-03 -1.384593944463213193e-04
-2.604630865627500808e-03 -3.341850882940690230e-04
-2.816478535824068572e-03 -5.558315640958560837e-04
-2.873468870386274888e-03 -8.039989132921204198e-04
-2.749016319947346354e-03 -1.074226435878624600e-03
-2.449405285788396405e-03 -1.357061986959631761e-03
-2.013007089042275974e-03 -1.639087859026712619e-03
-1.503441357790122508e-03 -1.904725961334873376e-03
-9.979671809175962201e-04 -2.138496829649514600e-03
-5.732924044184762322e-04 -2.327320034797797366e-03
-2.914783107446796253e-04 -2.462434358174928409e-03
-1.885990536740519800e-04 -2.540586447457169033e-03
-2.682939952140553320e-04 -2.564273278880946274e-03
-5.014251953532550612e-04 -2.541000805580741293e-03
-8.318970602694064978e-04 -2.481705170205983704e-03
-1.187529311682770407e-03 -2.398638989290778015e-03
-1.493918748407879402e-03 -2.303123946905196850e-03
-1.688660666814026986e-03 -2.203593624594454067e-03
-1.733234154618615817e-03 -2.104292918290957826e-03
-1.620299343753610604e-03 -2.004873528681880290e-03
-1.375025012157353238e-03 -1.900952950004580018e-03
-1.050196831897044292e-03 -1.785519763030511339e-03
-7.160357084646015030e-04 -1.650905874378545083e-03
-4.466587307717143594e-04 -1.490937396849761291e-03
-3.057522781744997746e-04 -1.302840814001558637e-03
-3.341771518707174543e-04 -1.088526591135677551e-03
-5.418607268490002781e-04 -8.549898812922363542e-04
-9.055201378779211474e-04 -6.137351756917428566e-04
-1.372656978803891764e-03 -3.793169816924694330e-04
-1.871076858974888560e-03 -1.672567799095213360e-04
-2.322141191752867713e-03 8.284243077652519993e-06
-2.655251818429500352e-03 1.366494596388088110e-04
-2.820835309214180572e-03 2.122536807190263694e-04
-2.799377304134916932e-03 2.352855128118113608e-04
-2.604804410856326885e-03 2.114194652064292493e-04
-2.281580533286141008e-03 1.505971690036034651e-04
-1.896073613054395949e-03 6.511085209064232620e-05
-1.523832479360065668e-03 -3.264817433140039288e-05
-1.235186621424314447e-03 -1.323523357718689908e-04
-1.081897839759667253e-03 -2.274075013524796322e-04
-1.087392061004523224e-03 -3.158209132854440378e-04
-1.242420154028057392e-03 -4.001127299630553814e-04
-1.506967064814570059e-03 -4.862996909254857026e-04
-1.818043983700914001e-03 -5.821568530599451801e-04
-2.101882920577008949e-03 -6.951014584784056833e-04
-2.288218218804759750e-03 -8.301155816861499614e-04
-2.323943296465604859e-03 -9.881174927342370375e-04
-2.183548320007608519e-03 -1.165106916527204996e-03
-1.874353380201543035e-03 -1.352262609002936747e-03
-1.435536779043761202e-03 -1.536989706911781606e-03
-9.311327345121217947e-04 -1.704733431763321219e-03
-4.383147318256001520e-04 -1.841229230210494981e-03
-3.317366007381001170e-05 -1.934775101407175749e-03
2.233253153730838970e-04 -1.978105717856752307e-03
2.965564038759339015e-04 -1.969521208207441858e-03
1.845015831961064256e-04 -1.913062319960323089e-03
-8.210661610982659822e-05 -1.817701872707266171e-03
-4.457895073600733711e-04 -1.695706244108581822e-03
-8.333326756144005757e-04 -1.560475325547223697e-03
-1.169714768122440303e-03 -1.424265692262078470e-03
-1.392315850657960827e-03 -1.296221475299339345e-03
-1.462715103449152305e-03 -1.181076929255932923e-03
-1.373845589783085925e-03 -1.078765479581310404e-03
-1.151154425467683807e-03 -9.849966248708342479e-04
-8.475531360493312192e-04 -8.926773401873522784e-04
-5.331200910158276785e-04 -7.938935935264419125e-04
-2.815117304032934255e-04 -6.820607775674402979e-04
-1.556634428818595532e-04 -5.538195284858784227e-04
-1.954962044877240354e-04 -4.103016923949388698e-04
-4.099658171509873742e-04 -2.575109627580579206e-04
-7.749696072982436212e-04 -1.057312499557906790e-04
-1.237516403977391606e-03 3.193879198331652533e-05
-1.725379516209785396e-03 1.416596073175048595e-04
-2.160413860812171027e-03 2.111504122850882132e-04
-2.473024008929838955e-03 2.317872943632964420e-04
-2.615051213136032875e-03 2.001082001722591689e-04
-2.568645884461421679e-03 1.184431536220384884e-04
-2.349451043598289705e-03 -5.448800759075129421e-06
-2.003498281445294845e-03 -1.596688332764473173e-04
-1.598407012293113615e-03 -3.301536918493672059e-04
-1.210555117654838007e-03 -5.029695441736618897e-04
-9.106504849757477565e-04 -6.664985408168000490e-04
-7.504342961448608228e-04 -8.131146786719386154e-04
-7.530311913504309776e-04 -9.400440518785325170e-04
-9.087695138549869078e-04 -1.049260551568775889e-03
-1.177257786489309789e-03 -1.146451935805447827e-03
-1.495317785922577582e-03 -1.239268081996714723e-03
-1.789264629775800782e-03 -1.335199628530190155e-03
-1.989200373813062098e-03 -1.439505261717080944e-03
-2.042605763642716191e-03 -1.553596335517051612e-03
-1.924647316772586060e-03 -1.674200141902738078e-03
-1.643238739365970348e-03 -1.793474541720880373e-03
-1.237889063920166949e-03 -1.900064991473134849e-03
-7.725467237258521825e-04 -1.980914706423465583e-03
-3.237862093836294192e-04 -2.023493978963735070e-03
3.343340994078046208e-05 -2.018032986884370564e-03
2.397481230053479006e-04 -1.959339309598137104e-03
2.624653005031925626e-04 -1.847857476653311497e-03
1.016437893072879347e-04 -1.689768854132749250e-03
-2.099703859250106686e-04 -1.496109390294223396e-03
-6.131387923104013662e-04 -1.281066300414614601e-03
-1.033282518051329649e-03 -1.059767952138203437e-03
-1.394480760415499907e-03 -8.459750524280265508e-04
-1.633668001501714130e-03 -6.500980161960362609e-04
-1.712345496129926304e-03 -4.779019899954048043e-04
-1.623594772115117407e-03 -3.301294628380709527e-04
-1.393071600257137464e-03 -2.030956605169997441e-04
-1.073799738792236436e-03 -9.012710029946012957e-05
-7.357586483355005053e-04 1.644620372787659423e-05
-4.522458139856321436e-04 1.231390553847168065e-04
-2.856054930747381308e-04 2.334236903414309294e-04
-2.750358859572639035e-04 3.464794232189833648e-04
-4.287931416093495847e-04 4.568300505275213236e-04
-7.222777892652736988e-04 5.549498951061565153e-04
-1.102374838289864106e-03 6.287339230319134069e-04
-1.497233930447217261e-03 6.655614653663010022e-04
-1.829644936429138287e-03 6.545682109269841155e-04
-2.031482506771665249e-03 5.886991196365613278e-04
-2.056489461674107684e-03 4.661537642960333840e-04
-1.888982124732684238e-03 2.909480518438096477e-04
-1.546831493521892654e-03 7.248107112891768306e-05
-1.078156567888973079e-03 -1.758181960414842643e-04
-5.523552836810434246e-04 -4.385175625424521037e-04
-4.716918700951758074e-05 -7.005095039740604932e-04
3.657724659722861411e-04 -9.492127442405099910e-04
6.341969675374502886e-04 -1.176245496874745583e-03
7.347192584241687800e-04 -1.378269494037273873e-03
6.768625714273797779e-04 -1.556861734129359395e-03
5.008156974066281563e-04 -1.717455392761208432e-03
2.693607190785411330e-04 -1.867567626370217728e-03
5.550947749428762623e-05 -2.014666664935129987e-03
-7.180003994296235963e-05 -2.164098132403555284e-03
-6.122872208017785412e-05 -2.317478162833467182e-03
1.107883422462650844e-04 -2.471870957739897515e-03
4.351526964663972059e-04 -2.619918019336797514e-03
8.714344003090156773e-04 -2.750903926726261123e-03
1.355181057533746654e-03 -2.852563790075186931e-03
1.809827267149535530e-03 -2.913294522747663165e-03
2.160955491962459479e-03 -2.924352966385159250e-03
2.350212791456845769e-03 -2.881623751084858194e-03
2.346251659811726242e-03 -2.786618682710421870e-03
2.150625300725129019e-03 -2.646512544583310474e-03
1.797521638170358847e-03 -2.473200420034224901e-03
1.347385563798035157e-03 -2.281544868457780015e-03
8.756347211037081302e-04 -2.087132831528618320e-03
4.586016964521476844e-04 -1.903953341466058666e-03
1.593592495920582606e-04 -1.742420739502701212e-03
1.610606889108500035e-05 -1.608101676291510008e-03
3.530459009708892225e-05 -1.501370288997534155e-03
1.908617184802604899e-04 -1.418040004310957376e-03
4.294984002299973643e-04 -1.350835714743509270e-03
6.812816872025807000e-04 -1.291411575424608691e-03
8.733152079021653689e-04 -1.232517364548507298e-03
9.439859348034144136e-04 -1.169889593427160404e-03
8.550600580831953061e-04 -1.103497377533279320e-03
5.993285217498124000e-04 -1.037897248818474153e-03
2.023461180752092817e-04 -9.816220280997598521e-04
-2.820727444085381402e-04 -9.457141494207262859e-04
-7.817553300030576210e-04 -9.416782934377511405e-04
-1.219599603350327412e-03 -9.792406535738557710e-04
-1.527992451341392364e-03 -1.064341289391058107e-03
-1.661489885004106392e-03 -1.197744361047771476e-03
-1.605359646640636649e-03 -1.374536417637768973e-03
-1.378368605525959710e-03 -1.584616966614758567e-03
-1.029285591067262851e-03 -1.814099636284855974e-03
-6.277588688977129650e-04 -2.047371507644629978e-03
-2.512912929902651367e-04 -2.269434929820762347e-03
2.922614779722403858e-05 -2.468103665996542340e-03
1.626897876321267700e-04 -2.635653466286694106e-03
1.271805196336736133e-04 -2.769630766695944935e-03
-6.618827921588176302e-05 -2.872682533331342297e-03
-3.756919557447513987e-04 -2.951455126221177571e-03
-7.372174220362093374e-04 -3.014785445332500338e-03
-1.076721577423461144e-03 -3.071540356063341779e-03
-1.324557462771890114e-03 -3.128525383497073997e-03
-1.428947057525167645e-03 -3.188868663166422902e-03
-1.366041806132525880e-03 -3.251194037518695835e-03
-1.144658830493107664e-03 -3.309745482434988881e-03
-8.047898531850035311e-04 -3.355442511767339590e-03
-4.101600436914578578e-04 -3.377667454184829065e-03
-3.624182204776466498e-05 -3.366444427093097120e-03
2.440094619315496529e-04 -3.314593214348392127e-03
3.739983300555025205e-04 -3.219443648870899503e-03
3.242892064464764079e-04 -3.083777103678794068e-03
9.831712148423217990e-05 -2.915806014768808959e-03
-2.680752487698091118e-04 -2.728182720002291298e-03
-7.131909504021578458e-04 -2.536211202840984915e-03
-1.160887327604921259e-03 -2.355585111207510098e-03
-1.534686392050837924e-03 -2.200064358275237875e-03
