1.377508382921612548e-03 -1.719955192855160452e-03
1.335511027575286402e-03 -1.225719978843562959e-03
1.032045755057476059e-03 -8.190411064551159429e-04
5.116310158112087007e-04 -5.690258428982636861e-04
-1.398252934194641785e-04 -5.163373916647383613e-04
-8.108423353334296303e-04 -6.654729519469205568e-04
-1.385048762684059839e-03 -9.838436439817102759e-04
-1.762824821185478633e-03 -1.407833118078669066e-03
-1.879815376982514174e-03 -1.854691421792477573e-03
-1.718816596783991762e-03 -2.238016865903432080e-03
-1.312792490437955997e-03 -2.483900180882000607e-03
-7.384557041866963165e-04 -2.544680626031946453e-03
-1.016321031928387603e-04 -2.407716484199164120e-03
4.828171775571375810e-04 -2.097516807873605477e-03
9.127136429476212509e-04 -1.670838550043062757e-03
1.117807870860365984e-03 -1.205685251372121212e-03
1.072912625498201929e-03 -7.862980382057917737e-04
8.024398954032061762e-04 -4.869881888691957213e-04
3.754881714275879931e-04 -3.578793306571045277e-04
-1.075831513108403930e-04 -4.152650245859572419e-04
-5.345423479327308502e-04 -6.384127111752199366e-04
-8.029569817753037016e-04 -9.734233988199149801e-04
-8.400355651624906352e-04 -1.343419407550554279e-03
-6.168721838972737910e-04 -1.663133122010712964e-03
-1.543864435890112893e-04 -1.855135167040812333e-03
4.801765360015603206e-04 -1.864628735842271783e-03
1.185533776384134182e-03 -1.670007024914707278e-03
1.845123144825484883e-03 -1.287171739481630375e-03
2.348790631302326293e-03 -7.667907992479834926e-04
2.613308389498348455e-03 -1.850092596344409305e-04
2.597846092562846286e-03 3.706338716647358204e-04
2.311472482147356941e-03 8.174233338395617450e-04
1.811271612039126126e-03 1.092756789588383241e-03
1.191433796002576992e-03 1.165618807587624154e-03
5.653885473453217373e-04 1.042075722994271602e-03
4.436264576120041957e-05 7.637596855461820274e-04
-2.835782157227474329e-04 3.996375387758036978e-04
-3.700388042359599970e-04 3.263129168709253628e-05
-2.152331329011111273e-04 -2.563688042640549676e-04
1.323341980271868900e-04 -4.040646096125229906e-04
5.853769338897594435e-04 -3.769315806389798764e-04
1.034718045637804309e-03 -1.777098760374261560e-04
1.370355661652720210e-03 1.550278323379349760e-04
1.502706009054329255e-03 5.541526311333107909e-04
1.379991400805506523e-03 9.367233133590884431e-04
9.984710243957448800e-04 1.219785006424223056e-03
4.035674773856502912e-04 1.336229806849810464e-03
-3.183339307641145613e-04 1.247713758165171606e-03
-1.055869554384650895e-03 9.521806657691855033e-04
-1.693447377135259922e-03 4.845632409963036174e-04
-2.132841153523478122e-03 -8.947721103733735583e-05
-2.311546267176301309e-03 -6.855942534447678673e-04
-2.214426636714508182e-03 -1.216310490296471786e-03
-1.876450855635996510e-03 -1.607145948852280529e-03
-1.376001475049715237e-03 -1.810275882217026941e-03
-8.200247678262920573e-04 -1.813141195988206018e-03
-3.238317712444449461e-04 -1.640390390471094077e-03
1.062734064641171830e-05 -1.348794362604835862e-03
1.139058892745015584e-04 -1.016105590205305421e-03
-3.799891736574849410e-05 -7.259792431990310865e-04
-4.193515460859409969e-04 -5.518186234018803912e-04
-9.598353289637325848e-04 -5.426100051825243423e-04
-1.558176576492904938e-03 -7.134341077025595310e-04
-2.101647155734646423e-03 -1.042454682957624865e-03
-2.487743605021325299e-03 -1.474957009906587534e-03
-2.643928505603804300e-03 -1.933672931883663329e-03
-2.541686705935430370e-03 -2.333437461304373878e-03
-2.202225664600056341e-03 -2.597400524279910427e-03
-1.692731796945433527e-03 -2.671721674779862360e-03
-1.113883601275753987e-03 -2.535961605431083510e-03
-5.809787459831202263e-04 -2.207197919045795782e-03
-2.022425490791504663e-04 -1.737079886315838961e-03
-5.842020514321990231e-05 -1.202373012666123212e-03
-1.875134288635525726e-04 -6.907761757849001328e-04
-5.775496462282149381e-04 -2.846886016812424361e-04
-1.168752581496382411e-03 -4.599166541819276963e-05
-1.864704654960219320e-03 -4.718065038587164299e-06
-2.550390671043179826e-03 -1.537448155821542588e-04
-3.113710824849272221e-03 -4.505061597096768930e-04
-3.466395465540002968e-03 -8.253938149747649770e-04
-3.560368451038719781e-03 -1.195246516947789332e-03
-3.396468669729834234e-03 -1.479368115156666757e-03
-3.023887059209542059e-03 -1.615035747830623723e-03
-2.530435095888006886e-03 -1.569557271245470599e-03
-2.025497240363973751e-03 -1.346591648981402753e-03
-1.618905355343682123e-03 -9.855334905859831039e-04
-1.399745290273715637e-03 -5.540774538278238869e-04
-1.419118442926375293e-03 -1.353708588463000675e-04
-1.680131798492296878e-03 1.878111980123628759e-04
-2.137020611344086357e-03 3.488689963859116115e-04
-2.703577811207049861e-03 3.101634062906110908e-04
-3.269300950113323244e-03 7.035738442214716816e-05
-3.720204914565062530e-03 -3.350822289563831508e-04
-3.960363667184057732e-03 -8.403243905582403030e-04
-3.930104586437865519e-03 -1.361343178275995630e-03
-3.617411091747446076e-03 -1.811520553077242482e-03
-3.060373574652477859e-03 -2.117736479508375118e-03
-2.340222064028681971e-03 -2.233907993935985853e-03
-1.566255885652557056e-03 -2.149421550762007933e-03
-8.555184216074133595e-04 -1.890869459389896232e-03
-3.110586887634784505e-04 -1.516768502753233078e-03
-2.887741607663545443e-06 -1.106266956007335425e-03
4.477347961129611240e-05 -7.439836969722792969e-04
-1.424496187699723308e-04 -5.038545098563603419e-04
-4.944823082482833164e-04 -4.350475412059787248e-04
-9.106179032816638349e-04 -5.526168365336558454e-04
-1.279128122297233574e-03 -8.346644585831027420e-04
-1.498942360381907328e-03 -1.226548042024483334e-03
-1.499280395316070214e-03 -1.651335393497785440e-03
-1.253511125520660827e-03 -2.024523727116616777e-03
-7.846040225763318068e-04 -2.270232520785181972e-03
-1.611329018997869245e-04 -2.335798912883491063e-03
5.154182850222168918e-04 -2.202006109045947894e-03
1.129649663903492442e-03 -1.887001395073129289e-03
1.573947381950931623e-03 -1.443154665109423144e-03
1.768786818215260575e-03 -9.474447254693505859e-04
1.677793854807448038e-03 -4.871859463388792267e-04
1.314711855904481278e-03 -1.437900565082362182e-04
7.409528676088090321e-04 2.237003667395235859e-05
5.419265442079196967e-05 -1.686402136948160317e-05
-6.298366124459059932e-04 -2.523296978995594620e-04
-1.198915609630540760e-03 -6.394670354847459010e-04
-1.565193242709541363e-03 -1.106902155841951859e-03
-1.681388415736220429e-03 -1.570061096024877052e-03
-1.549280271537097379e-03 -1.947233019403256816e-03
-1.218889595956761497e-03 -2.175039352764339580e-03
-7.785169218277430839e-04 -2.220379196561650392e-03
-3.375341430000203648e-04 -2.086589869285620288e-03
-5.198335058519002252e-06 -1.812658080440702254e-03
1.304907741134216179e-04 -1.465634304202939695e-03
1.987713303847299211e-05 -1.127691016993948026e-03
-3.385652414285918350e-04 -8.802806288839615028e-04
-8.976063933338502025e-04 -7.883989448166340511e-04
-1.569920060519840697e-03 -8.879407047269352680e-04
-2.244394359005438475e-03 -1.178548843081009267e-03
-2.807008944985903923e-03 -1.623319338374358501e-03
-3.162327874682477422e-03 -2.155425760362318123e-03
-3.251539154028960932e-03 -2.690417571097620652e-03
-3.063624168263101404e-03 -3.141871918816238011e-03
-2.637539379953980113e-03 -3.437443472739969662e-03
-2.054992940173069015e-03 -3.532281041300535870e-03
-1.425178273998646723e-03 -3.417277657916164939e-03
-8.643483827434422177e-04 -3.120598244129701299e-03
-4.740904600790095402e-04 -2.702200815521246108e-03
-3.224057122079757552e-04 -2.242392671419725977e-03
-4.311675876316504660e-04 -1.826591149175343974e-03
-7.723236340396407752e-04 -1.529175760172795610e-03
-1.273550609623278753e-03 -1.399489116507114141e-03
-1.832282727888374972e-03 -1.452635770731030944e-03
-2.335447866929963624e-03 -1.666818283019954727e-03
-2.681166339892946705e-03 -1.987710796959296471e-03
-2.798295936432204905e-03 -2.339036770179016983e-03
-2.660115622571626419e-03 -2.637341802826434316e-03
-2.289551135061974538e-03 -2.808157362198344161e-03
-1.754948380385389084e-03 -2.800487178418796172e-03
-1.157191577656706662e-03 -2.596865174290603501e-03
-6.106033312242158421e-04 -2.217071948788665401e-03
-2.212426884635459046e-04 -1.714797353276690129e-03
-6.671148508247516998e-05 -1.167872271332352123e-03
-1.812952713356197083e-04 -6.639104663150649900e-04
-5.492565576351104246e-04 -2.840707451583770419e-04
-1.107555913980029982e-03 -8.800611272519469515e-05
-1.757492563428869354e-03 -1.028425744239961238e-04
-2.383068273700087239e-03 -3.182681781325428106e-04
-2.872606146421424235e-03 -6.886570260861950158e-04
-3.139540200077928743e-03 -1.141822159976595792e-03
-3.138448993891462466e-03 -1.592737397163372388e-03
-2.873307130097503374e-03 -1.959628760453965141e-03
-2.396401780889891638e-03 -2.179388938839820974e-03
-1.798128478500317026e-03 -2.219397859686339600e-03
-1.189606733801177978e-03 -2.083514331748549490e-03
-6.814147772692511103e-04 -1.811108667316196517e-03
-3.624766043040558283e-04 -1.469324957310784831e-03
-2.831046096561889817e-04 -1.140044537415813236e-03
-4.454130745332293868e-04 -9.040262456622337678e-04
-8.029208287942657916e-04 -8.252342327872063885e-04
-1.269420059943942442e-03 -9.383290269266824626e-04
-1.735432224581690344e-03 -1.241698907744123856e-03
-2.089133874525678398e-03 -1.697359746990895419e-03
-2.237787289882762522e-03 -2.237750915310358479e-03
-2.125613698929338172e-03 -2.778148897093852144e-03
-1.744718975961210856e-03 -3.232356186964388013e-03
-1.136995818813680940e-03 -3.528702347421844646e-03
-3.866337506630870792e-04 -3.623334305585391817e-03
3.953543445537645307e-04 -3.508285361283406279e-03
1.091669527316266580e-03 -3.212799930406360586e-03
1.600449895340394588e-03 -2.797666768776655051e-03
1.854076946382814204e-03 -2.343635801758146581e-03
1.831514744325220181e-03 -1.936112425792777805e-03
1.561855542882651174e-03 -1.649026535902670381e-03
1.118409996671343009e-03 -1.530928475947798727e-03
6.044697691713948190e-04 -1.595941297687309508e-03
1.334463243837832446e-04 -1.821278179752829334e-03
-1.928464869427254976e-04 -2.151789855071836559e-03
-3.036482068703679534e-04 -2.510674956353869426e-03
-1.727577244530526142e-04 -2.814318532979013035e-03
1.764706670069937687e-04 -2.988441747319519302e-03
6.755882410816608976e-04 -2.982497062991419992e-03
1.224124638296397770e-03 -2.779575180410001015e-03
1.708794965699723554e-03 -2.399939693896972238e-03
2.025200456214751310e-03 -1.897512056938665441e-03
2.097908187602462102e-03 -1.349964522311582812e-03
1.895100853123807532e-03 -8.442895353001486289e-04
1.435014548646752460e-03 -4.605713649826787427e-04
7.829365517663196185e-04 -2.570271968608229488e-04
3.932182962584042309e-05 -2.591457402177001906e-04
-6.787318466888938185e-04 -4.549768103358409112e-04
-1.259153126961666275e-03 -7.974619230756153617e-04
-1.615618411169640525e-03 -1.213363946199068604e-03
-1.703412523184744945e-03 -1.617105496121853860e-03
-1.527436074028104898e-03 -1.926897434059054656e-03
-1.140853349765101913e-03 -2.080106284447444734e-03
-6.346459719083709285e-04 -2.044954556121872380e-03
-1.200585299404856266e-04 -1.826343276198597217e-03
2.927329424498727834e-04 -1.464699855560151233e-03
5.156849638067036948e-04 -1.028075779264339944e-03
4.996905791402874927e-04 -5.989973574497544587e-04
2.439391024501036138e-04 -2.585667570899490052e-04
-2.039412926116891287e-04 -7.083153508332957343e-05
-7.569840547028273796e-04 -7.039021877177894029e-05
-1.305501885991882868e-03 -2.555886833955364019e-04
-1.738070678314927210e-03 -5.886031631035823324e-04
-1.962900755651109455e-03 -1.002401205265665346e-03
-1.925541862767907045e-03 -1.413268769395486851e-03
-1.619561491601716197e-03 -1.736536763796719561e-03
-1.088165752178698329e-03 -1.902533398840046148e-03
-4.164463181225137953e-04 -1.869744777431694115e-03
2.842885781855941283e-04 -1.632693495680067903e-03
8.971425257744133431e-04 -1.223043863663135196e-03
1.321323110710283938e-03 -7.037235867408562703e-04
1.490800708279831077e-03 -1.571728233619604990e-04
1.386410707353484843e-03 3.300576422359522192e-04
1.039116885088144353e-03 6.834471175326423684e-04
5.238264808110322870e-04 8.543336305413318016e-04
-5.506448381386398533e-05 8.288181100832390114e-04
-5.836524691737485053e-04 6.300649282704165379e-04
-9.602460754288135803e-04 3.135706282429894724e-04
-1.114708307001264966e-03 -4.369538387065640675e-05
-1.021757468108727218e-03 -3.582137281798132350e-04
-7.057083265793466682e-04 -5.560674654110507771e-04
-2.357576200968593987e-04 -5.872572000847416269e-04
2.872900209167517788e-04 -4.354601735586869889e-04
7.503374538371037576e-04 -1.213777932641664720e-04
1.049688214138363301e-03 3.009692390656430391e-04
1.111002673249607362e-03 7.543027645295295172e-04
9.037303194929556874e-04 1.152605748148595932e-03
4.472765602544475760e-04 1.417352247445851981e-03
-1.922729906362610156e-04 1.492378005075181095e-03
-9.142601413527278809e-04 1.354576890970753036e-03
-1.602110847432074939e-03 1.018397377005190183e-03
-2.145018039081689545e-03 5.332858041976237373e-04
-2.458554252560010180e-03 -2.544258627966162339e-05
-2.500319900457568731e-03 -5.705806357337391997e-04
-2.277672311777465507e-03 -1.019213138221059965e-03
-1.846079269026299971e-03 -1.308049532512795942e-03
-1.298414904266354843e-03 -1.405009328823455042e-03
-7.472295754623490757e-04 -1.314874408934095951e-03
-3.033542681717686824e-04 -1.077946315786596290e-03
-5.489257099418462169e-05 -7.619715392688594527e-04
-5.057827438611313051e-05 -4.488727344908031471e-04
-2.906483866436048412e-04 -2.188073641423561415e-04
-7.269567305121013958e-04 -1.345811873824077042e-04
-1.272302090117736085e-03 -2.293765054127959186e-04
-1.817198759798783255e-03 -5.001268863060960492e-04
-2.250906967329162085e-03 -9.078001741467385359e-04
-2.482733082433192205e-03 -1.384542540012189370e-03
-2.459557703582460758e-03 -1.846336044273521552e-03
-2.176263458720012825e-03 -2.208776893798827454e-03
-1.677078507107284365e-03 -2.402989264331473716e-03
-1.047571766126889972e-03 -2.388662423963831653e-03
-3.988061132706402934e-04 -2.161742126075858438e-03
1.533589677830488269e-04 -1.755318024907458977e-03
5.099048531092474591e-04 -1.233535858277599612e-03
6.071422024821356272e-04 -6.796826897869259580e-04
4.285565867251247239e-04 -1.806957745708237442e-04
7.774327121691493835e-06 1.889781080095498909e-04
-5.779082916374850189e-04 3.811237912755051100e-04
-1.222203851707042831e-03 3.825052488083912055e-04
-1.809939426039843587e-03 2.169714561752378226e-04
-2.238781776357104056e-03 -5.946955823265634455e-05
-2.438469851238635969e-03 -3.696670087181185222e-04
-2.383915899001554962e-03 -6.303393536635357912e-04
-2.099699030399344944e-03 -7.682309677364712076e-04
-1.655106345420956533e-03 -7.343460689993165473e-04
-1.150667837416711244e-03 -5.135571082736331040e-04
-6.987430139925598655e-04 -1.277614268877669962e-04
-4.018443175394976769e-04 3.680174244395094147e-04
-3.328115520726108480e-04 8.958502559545838181e-04
-5.206013732696906406e-04 1.369512927972456068e-03
-9.443927848054758760e-04 1.710722749640388417e-03
-1.537134817838374610e-03 1.863926929967888411e-03
-2.197874342692562096e-03 1.806842168061609027e-03
-2.810538883630671683e-03 1.554747608326717545e-03
-3.265626303668106058e-03 1.157714897519762946e-03
-3.480701903568299282e-03 6.912953003249431650e-04
-3.415828254913605942e-03 2.424217844445794318e-04
-3.081011399012665176e-03 -1.068107298510868365e-04
-2.534257413423300631e-03 -2.944225940284028774e-04
-1.870609777464667372e-03 -2.899987112671707822e-04
-1.204244120853526770e-03 -1.001496271905464664e-04
-6.470098231402432887e-04 2.330417483010017500e-04
-2.874790257851329162e-04 6.402857732373572674e-04
-1.744659069691421004e-04 1.038491221007289403e-03
-3.081310886327856893e-04 1.346764268310328676e-03
-6.403483930386160870e-04 1.501964994296664697e-03
-1.084256103026335098e-03 1.470869493432393118e-03
-1.531174774689315465e-03 1.256629246051654304e-03
-1.871678032815079096e-03 8.983001937036547754e-04
-2.016815928071922191e-03 4.635273694573491905e-04
-1.915461332379428047e-03 3.576820446437505106e-05
-1.564483974010860657e-03 -3.015269292981842889e-04
-1.009815024757624398e-03 -4.807809008992474428e-04
-3.381904365554926420e-04 -4.631965599007049298e-04
3.388731857626873568e-04 -2.462570248369317163e-04
9.058447877379918571e-04 1.356049154509341315e-04
1.264762789774156451e-03 6.173003431050995502e-04
1.353556297951063895e-03 1.115155229375141546e-03
1.157639580809369587e-03 1.542480220284911776e-03
7.125880293530215343e-04 1.825698485866798348e-03
9.739100253575324034e-05 1.917985533558617516e-03
-5.804403700193758089e-04 1.807846076863352811e-03
-1.205091742554266054e-03 1.521011643290548932e-03
-1.674164909917364667e-03 1.115307115468519572e-03
-1.917789886700046326e-03 6.694653945900149068e-04
-1.911516875534583458e-03 2.680148157820464198e-04
-1.680554459486348611e-03 -1.489308324152823458e-05
-1.294560109400760524e-03 -1.296480304458127574e-04
-8.539789282362255426e-04 -6.065148831417164956e-05
-4.705275623561230294e-04 1.707031737065260735e-04
-2.455292585867630863e-04 5.101069503983366067e-04
-2.502131396149925250e-04 8.806966619213168427e-04
-5.117188134104227668e-04 1.197738950077207720e-03
-1.007466844037173750e-03 1.384854360422396822e-03
-1.668971009519665217e-03 1.388706135566016497e-03
-2.394379733430106010e-03 1.189367810106547801e-03
-3.067380303077602705e-03 8.044008071107673630e-04
-3.578893655453102909e-03 2.858633211121909524e-04
-3.847457959000159106e-03 -2.891904884980881591e-04
-3.834446204217319305e-03 -8.329298909551433689e-04
-3.551239754446597948e-03 -1.263001368095809183e-03
-3.057001359770718588e-03 -1.517747611178081732e-03
-2.447469445262971752e-03 -1.567518567410059859e-03
-1.836893913126081291e-03 -1.419941228192570177e-03
-1.336530739120659261e-03 -1.118158418170034796e-03
-1.033762763974811500e-03 -7.323775836197294600e-04
-9.757942033054487450e-04 -3.463365479968606025e-04
-1.160999224802453361e-03 -4.125474265996977117e-05
-1.539554672642481047e-03 1.196864915423762792e-04
-2.023228286328748651e-03 1.033922386952660288e-04
-2.502459614235066736e-03 -8.685280521119091105e-05
-2.867489649009195320e-03 -4.120390504745501613e-04
-3.029528541639546664e-03 -8.049104598005709255e-04
-2.937943730239141009e-03 -1.182849106911351006e-03
-2.590204743216749893e-03 -1.463723258354381832e-03
-2.032693023089088714e-03 -1.581694003981722963e-03
-1.352215558177738766e-03 -1.499982174816491759e-03
-6.598222588306265407e-04 -1.218171830561847260e-03
-6.998540893057630594e-05 -7.726601848335999147e-04
3.209209976187368980e-04 -2.301607731598847260e-04
4.527702328178295939e-04 3.245185800119958826e-04
3.130252430932333471e-04 8.041177774500552064e-04
-6.087309711379196818e-05 1.135033819966746980e-03
-5.885255224423109914e-04 1.270856328664093232e-03
-1.161675454396998361e-03 1.200775069736305335e-03
-1.664536548791465927e-03 9.512758235351658582e-04
-1.995503333945501060e-03 5.808111275078409620e-04
-2.086140854644382391e-03 1.684618082330729288e-04
-1.913865445556330383e-03 -2.012579146028472751e-04
-1.505924097016753420e-03 -4.545698761341392417e-04
-9.339279918955523249e-04 -5.425107986795821681e-04
-2.999846212435397855e-04 -4.502525158669487115e-04
2.829362670224050717e-04 -1.998979850434664867e-04
7.126759785267154559e-04 1.537758169029588358e-04
9.174867721558114218e-04 5.338202028123702593e-04
8.698388543660906264e-04 8.558705828855677237e-04
5.918126365766767250e-04 1.044357454854453028e-03
1.510487218457489539e-04 1.047097591389734364e-03
-3.519828829812695140e-04 8.454961279457878049e-04
-8.029878512718037140e-04 4.584204517345281124e-04
-1.095531008075845830e-03 -6.099567140251349563e-05
-1.151293645624308637e-03 -6.350211556960757599e-04
-9.350686375559237986e-04 -1.175647884727068883e-03
-4.616521325188086477e-04 -1.600859675388721128e-03
2.066765644871762248e-04 -1.849778271254334805e-03
9.716146767442778972e-04 -1.893827025870202518e-03
1.717071628847440835e-03 -1.741806443800855697e-03
2.330735320800633899e-03 -1.437927798667174364e-03
2.724894008926574164e-03 -1.053183531458135383e-03
2.852580587727702403e-03 -6.716937759655110382e-04
2.715992381417289651e-03 -3.746184877521685800e-04
2.365602552012977932e-03 -2.246843857635727297e-04
1.890141882590139124e-03 -2.542582241043134933e-04
1.399358242712045626e-03 -4.592251073757107078e-04
1.002828201424842179e-03 -7.998300734498064220e-04
7.888421708706970341e-04 -1.208321402775506138e-03
8.073697324473289721e-04 -1.601944998865728088e-03
1.060338224625182900e-03 -1.898824836714232533e-03
1.501071750171446752e-03 -2.033716981331103700e-03
2.043001936073641361e-03 -1.970647727971174944e-03
2.576004757568469122e-03 -1.710035670761050159e-03
2.987272240117592494e-03 -1.288941416553567075e-03
3.182767610182867316e-03 -7.743895761573844991e-04
3.105200382511287202e-03 -2.510192572197790083e-04
2.745115189175271597e-03 1.946068074747682019e-04
2.142990440819480310e-03 4.900714873726939782e-04
1.381943625578939405e-03 5.905158185972555259e-04
5.724172299827385603e-04 4.868623668231047844e-04
-1.682635356389625310e-04 2.072986688455422848e-04
-7.376000385200390860e-04 -1.882547068408945215e-04
-1.066796246781641627e-03 -6.196396806498103392e-04
-1.133238156810304712e-03 -1.001739976940976004e-03
-9.642247459302927563e-04 -1.260649264817263141e-03
-6.312550901349839490e-04 -1.347666151106723456e-03
-2.359642330463085618e-04 -1.248466811574223999e-03
1.096187742156670740e-04 -9.857203923219013536e-04
3.047428417430949211e-04 -6.146550955834896666e-04
2.794244445405629027e-04 -2.124187374310841582e-04
8.056777426815623852e-06 1.367464491293559747e-04
-4.854449680409117767e-04 3.577015942637848649e-04
-1.131941694366638430e-03 3.989078171158816789e-04
-1.830001833851254908e-03 2.424695615456482368e-04
-2.465019865605545292e-03 -9.218462987196809726e-05
-2.930902513244725352e-03 -5.516886501211323238e-04
-3.150215355142153145e-03 -1.058559296621011539e-03
-3.088972415896163587e-03 -1.525598930427628144e-03
-2.763264039977125861e-03 -1.872160624424357156e-03
-2.236462280761713182e-03 -2.039202883801560524e-03
-1.607525867044638616e-03 -2.000289442485562227e-03
-9.926109703774560131e-04 -1.766456487435312398e-03
-5.034606001719872572e-04 -1.384029790114241557e-03
-2.266546859232502348e-04 -9.258080011651006460e-04
-2.076394444332698309e-04 -4.772832574399574852e-04
-4.425494640369679027e-04 -1.205086531352898491e-04
-8.793604772810993371e-04 8.133362911609521261e-05
-1.428144397564388643e-03 9.574371989766092793e-05
-1.978475282745845772e-03 -7.313802139277192967e-05
-2.420681638603227204e-03 -3.855501097964533623e-04
-2.666913087969041262e-03 -7.739075217900778358e-04
-2.668025628754205035e-03 -1.155894916131310762e-03
-2.423082641714961565e-03 -1.450369241120994229e-03
-1.979668349896560476e-03 -1.593052975046023488e-03
-1.424951553178946048e-03 -1.549038468104330882e-03
-8.691904325011825909e-04 -1.319727409741584768e-03
-4.248020536472303784e-04 -9.428830932383157684e-04
-1.849615470652062662e-04 -4.857774033906528659e-04
-2.057864706761706845e-04 -3.272234161511564706e-05
-4.954844320211389437e-04 3.306602566113189812e-04
-1.012524911719927742e-03 5.334588327321588370e-04
-1.673188746313330512e-03 5.327543428707837148e-04
-2.367074134484975067e-03 3.216543347346750847e-04
-2.977632271251157842e-03 -6.943886198399645045e-05
-3.403853860905418655e-03 -5.785637761963425890e-04
-3.579010048393599982e-03 -1.123852481245300391e-03
-3.482909008053979537e-03 -1.618894609311560904e-03
-3.145356991269215342e-03 -1.988905627232749260e-03
-2.640177649149570531e-03 -2.184641285852091316e-03
-2.070930631586974466e-03 -2.191428058364268319e-03
-1.551041386729865544e-03 -2.031605214858280602e-03
-1.182111277935044349e-03 -1.759922653883476363e-03
-1.034520446816489117e-03 -1.452773314211957103e-03
-1.134000339864951745e-03 -1.193307147437851212e-03
-1.456721020343474315e-03 -1.055253999191432856e-03
-1.933824663458072989e-03 -1.088527530160533037e-03
-2.464546554198008849e-03 -1.309345164766287590e-03
-2.935437417192527428e-03 -1.696743853953641213e-03
-3.242044172329623143e-03 -2.196160136381360584e-03
-3.308939289476216759e-03 -2.729404936390373605e-03
-3.104300285145835704e-03 -3.209152078653717058e-03
-2.646271673138212658e-03 -3.555203992315536868e-03
-1.999896714299143844e-03 -3.709460519554156135e-03
-1.265191162747395567e-03 -3.646761103624014851e-03
-5.586078926193697222e-04 -3.379550718146182974e-03
8.607682381793317627e-06 -2.955488070540876130e-03
3.510829713955806834e-04 -2.448449700433932754e-03
4.251013006761384955e-04 -1.944632781410615859e-03
2.365237869932772805e-04 -1.526386156838843797e-03
-1.606411427359470808e-04 -1.256827923236929689e-03
-6.747418498860005207e-04 -1.168157583070504385e-03
-1.194065578501612730e-03 -1.255869973200395657e-03
-1.608164014189254407e-03 -1.479959621512910240e-03
-1.828880303044428703e-03 -1.772879735762443150e-03
-1.807093429471844006e-03 -2.052740466401862390e-03
-1.542008173836929320e-03 -2.239238662205361458e-03
-1.081231803050159129e-03 -2.269293937954467051e-03
-5.116246328861713327e-04 -2.109421458081142241e-03
5.734000232435307494e-05 -1.762489897056120254e-03
5.145511302346731167e-04 -1.267576551609011365e-03
7.685934562060891054e-04 -6.929391671520921357e-04
7.653922392128920549e-04 -1.234280752025536279e-04
4.988206627685565870e-04 3.552842384801362281e-04
1.225220600544656493e-05 6.726755065488103499e-04
-6.092457212578195405e-04 7.865281326650136202e-04
-1.254609092195041378e-03 6.907783105973714635e-04
-1.807403825124859892e-03 4.165756929607112484e-04
-2.167486435736451847e-03 2.635368412068182656e-05
-2.269607381542710061e-03 -3.979675889072722787e-04
-2.095443886535769927e-03 -7.704140428734377374e-04
-1.676792230329331862e-03 -1.017107479619634974e-03
-1.089322347954708656e-03 -1.090079251417576953e-03
-4.380833843933003660e-04 -9.761378620098236239e-04
1.624905520329767827e-04 -6.991179862293574795e-04
6.102852776213440068e-04 -3.150922901415502148e-04
8.348105401478905655e-04 9.853957513358431171e-05
8.104477916341217003e-04 4.580107789755910228e-04
5.611346447261500968e-04 6.893551749994296634e-04
1.556018501233751819e-04 7.427138784841318900e-04
-3.059310969767047787e-04 6.020639729228548145e-04
-7.110769691572291261e-04 2.885200467938669674e-04
-9.569531611002432504e-04 -1.434231764013759543e-04
-9.700936920910962352e-04 -6.160015640599149052e-04
-7.208214329792970174e-04 -1.042736293940405706e-03
-2.293492324368653305e-04 -1.344680795585143345e-03
4.375558712553320479e-04 -1.465286648489300125e-03
1.178724655556410723e-03 -1.381075499069440125e-03
1.877264004105077622e-03 -1.106096961044288193e-03
2.422235656922600532e-03 -6.893278454013665284e-04
2.729241037507127918e-03 -2.055033845393714831e-04
2.756024182105814950e-03 2.588864689889623042e-04
2.510147087433635751e-03 6.217883081389100758e-04
2.047291591693590953e-03 8.209036609351492726e-04
1.460515305654233598e-03 8.252403260668963363e-04
8.625004059229251412e-04 6.407165344858760728e-04
3.641593173004374108e-04 3.087644317193294482e-04
5.364955022163671317e-05 -1.017947766265860744e-04
-2.022907338555422416e-05 -5.080576251830878258e-04
1.428871064273141891e-04 -8.289997141617575860e-04
4.950871444507972015e-04 -1.001061862598222373e-03
9.495518232462876306e-04 -9.904029505195021191e-04
1.397345281197729955e-03 -7.994931277464042453e-04
1.728445262082172048e-03 -4.667934809139384069e-04
1.853021617052467984e-03 -5.957817603594666128e-05
1.718924695098229555e-03 3.387455152169683149e-04
1.322062095809197098e-03 6.444210754712959358e-04
7.076882526722192389e-04 7.892434469630185906e-04
-3.764834980719341400e-05 7.335662278467919468e-04
-8.019865725590295683e-04 4.739516275645020088e-04
-1.468666274646499318e-03 4.401255396482617105e-05
-1.937962351729159141e-03 -4.917159880763509808e-04
-2.145552228628255440e-03 -1.049720307998409192e-03
-2.074328418284590407e-03 -1.543010455196915792e-03
-1.757326595647268081e-03 -1.897252971196136413e-03
-1.271220452239017707e-03 -2.064486784772218489e-03
-7.216192034597754528e-04 -2.031833353906925717e-03
-2.229541759991753372e-04 -1.823560408475887124e-03
1.232361276304473185e-04 -1.496117284909149591e-03
2.475113654643043906e-04 -1.127090549020819338e-03
1.255906091647248160e-04 -8.001794385744711571e-04
-2.172002150418784767e-04 -5.890437630231122818e-04
-7.109320936657011203e-04 -5.430897221561370447e-04
-1.254574483315199114e-03 -6.778913753722672509e-04
-1.735431070868934805e-03 -9.720668391707555081e-04
-2.050821550902073940e-03 -1.371205080155422787e-03
-2.127895173274523509e-03 -1.798103030390186359e-03
-1.937814967632980195e-03 -2.167376710930615531e-03
-1.501617052553120505e-03 -2.401680613491934558e-03
-8.866255508410971712e-04 -2.446463833012338211e-03
-1.940919608989511152e-04 -2.280467259937817362e-03
4.596101982466746635e-04 -1.919971296605339165e-03
9.646837105595113286e-04 -1.415985606601063247e-03
1.238398482155509024e-03 -8.449075565081287436e-04
1.240501848979936022e-03 -2.944115280800707309e-04
9.806360296456442371e-04 1.527666895593145224e-04
5.163624204977429900e-04 4.340884017427343571e-04
-5.783041473231083818e-05 5.186330823251966878e-04
-6.284524393094250393e-04 4.125285467361816151e-04
-1.084477511775221083e-03 1.573711627752196352e-04
-1.338285701408956779e-03 -1.780557603075976305e-04
-1.342120343849290435e-03 -5.111885864112162290e-04
-1.096948277900033431e-03 -7.616682498678096699e-04
-6.520513546695303527e-04 -8.668692475753640020e-04
-9.543334972638044321e-05 -7.940257825590703485e-04
4.631336482600519337e-04 -5.466534940527846033e-04
9.132048848556266300e-04 -1.640464591220206696e-04
1.164897279854639053e-03 2.860584970494066837e-04
1.166232463760251675e-03 7.202631834870988452e-04
9.132951645549371167e-04 1.055315727565916181e-03
4.512741099241128788e-04 1.223950819630988639e-03
-1.338206234194867046e-04 1.187761246444406834e-03
-7.312038553542785481e-04 9.446602202463590722e-04
-1.226094341545329834e-03 5.295169868063842773e-04
-1.521298675830606243e-03 7.839718242455139159e-06
-1.555518578587669837e-03 -5.363047764919259136e-04
-1.314919186823585578e-03 -1.015854568946620564e-03
-8.357704747565258699e-04 -1.356860562385114920e-03
-1.976625897207685617e-04 -1.512097548045548186e-03
4.914209668726620198e-04 -1.469610163920765083e-03
1.115348286559395951e-03 -1.254584696004163369e-03
1.571572595308984863e-03 -9.242011821284637149e-04
1.790244307163310926e-03 -5.564489556016533316e-04
1.747089057090378929e-03 -2.350310851707497050e-04
1.467620649800259816e-03 -3.322291317508672352e-05
1.021899550254929886e-03 2.529513818685328458e-07
5.108385644264372329e-04 -1.493444119316488785e-04
4.665852591587669757e-05 -4.598307030186596107e-04
-2.687951179477772543e-04 -8.761985149108159326e-04
-3.637587709202005568e-04 -1.320989989748070454e-03
-2.105386211500219571e-04 -1.708976296178076927e-03
1.688783797358062947e-04 -1.963363412680513547e-03
7.066621685471125101e-04 -2.030453424385552513e-03
1.301707636022897147e-03 -1.889981756717092412e-03
1.838560745835738589e-03 -1.559168339937317543e-03
2.209125177198453110e-03 -1.089709842249255486e-03
2.333044016444712609e-03 -5.582757225607651308e-04
2.172900354671517160e-03 -5.230012201556727067e-05
1.741360124020543791e-03 3.462481609112115022e-04
1.098904697795483011e-03 5.760527359487384400e-04
3.425810774356697523e-04 6.077263087316205114e-04
-4.121032257697724872e-04 4.490497939321481903e-04
-1.052716991295080291e-03 1.431895319432032994e-04
-1.490801861884176157e-03 -2.397625698054788956e-04
-1.678179407707393366e-03 -6.163174194437707467e-04
-1.615589659704350783e-03 -9.056180828912800641e-04
-1.352035133733415096e-03 -1.044929826105923682e-03
-9.749650314110087229e-04 -1.001653716437742817e-03
-5.931692010339960353e-04 -7.795860206896539557e-04
-3.156320788725889507e-04 -4.182363855658341413e-04
-2.303617897464634284e-04 1.466665868009874852e-05
-3.872140179922987143e-04 4.360630859656635045e-04
-7.879733236733424406e-04 7.633994470702392277e-04
-1.385579612256363294e-03 9.304154489234417978e-04
-2.092654851046257553e-03 8.998854184489793592e-04
-2.797722977030855408e-03 6.708965515401608005e-04
-3.386057963745237737e-03 2.792794138786061447e-04
-3.761217307273642587e-03 -2.088979022194609137e-04
-3.863186959564662761e-03 -7.095476306964679670e-04
-3.679703827271907975e-03 -1.136186558656942722e-03
-3.248612164600035105e-03 -1.416016090509092601e-03
-2.650806240875172581e-03 -1.503421238739418870e-03
-1.995092467314447081e-03 -1.388340129333239491e-03
-1.397832604848149108e-03 -1.097926460907975785e-03
-9.612164054027532312e-04 -6.911967186723778347e-04
-7.542702660968980156e-04 -2.476814816530682620e-04
-8.001893183410004572e-04 1.477654534653752814e-04
-1.072382140499182363e-03 4.211199278515634489e-04
-1.499966873745727609e-03 5.232410058703533843e-04
-1.981667465990251051e-03 4.391627015517159116e-04
-2.405468038616027059e-03 1.908641342768088636e-04
-2.670293177584030613e-03 -1.670054787113903975e-04
-2.705598707113808510e-03 -5.576353139952569971e-04
-2.485153744599485730e-03 -8.968016959184000767e-04
-2.032395494338629267e-03 -1.109059850147679598e-03
-1.416334879556017858e-03 -1.142307136753290941e-03
-7.387814046695968632e-04 -9.779537154276432814e-04
-1.153005909218982571e-04 -6.347675832083833364e-04
3.464945424482565942e-04 -1.656580892095215027e-04
5.672101752102551167e-04 3.520012887988173324e-04
5.106602231048666327e-04 8.306869933977265681e-04
1.907382116572532227e-04 1.188974349316117458e-03
-3.311306829722991674e-04 1.366652898449005182e-03
-9.574784510890634514e-04 1.335853754708262592e-03
-1.573053417787765359e-03 1.106089098637214486e-03
-2.066398598912201623e-03 7.222558621519325171e-04
-2.350670753128170521e-03 2.559869451898537243e-04
-2.379766381246212724e-03 -2.080081068006140116e-04
-2.156710291320641272e-03 -5.880234529641924311e-04
-1.732727913364498495e-03 -8.208116506345145393e-04
-1.197186800472341446e-03 -8.734857815604357440e-04
-6.603216440001858159e-04 -7.496161016925550254e-04
-2.320233123903408471e-04 -4.883688761353757127e-04
-7.172255409443328844e-07 -1.568537789778560532e-04
-1.633878162613346466e-05 1.628666148215409098e-04
-2.806369035453612666e-04 3.896398791891029232e-04
-7.466481443913782325e-04 4.589490445308748098e-04
-1.327446148545367768e-03 3.355150918479662871e-04
-1.912513660135449576e-03 2.038216009753689422e-05
-2.388639535271112717e-03 -4.488648280581847283e-04
-2.661384936548851637e-03 -1.004800356605095851e-03
-2.673053610775100088e-03 -1.562516771382998397e-03
-2.413761597259877351e-03 -2.035309941147899100e-03
-1.923506865644270631e-03 -2.350730725978075492e-03
-1.284842148842756061e-03 -2.463971043933943852e-03
-6.075322396506344438e-04 -2.366057277351605627e-03
-8.093629714371066396e-06 -2.085306071452660073e-03
4.119175545819885476e-04 -1.681772280756165926e-03
5.847671049408208243e-04 -1.235744582576626255e-03
4.889918279345448508e-04 -8.324700984349485368e-04
1.530887179748066781e-04 -5.460020917109142209e-04
-3.502445534546347588e-04 -4.252295081572951638e-04
-9.182177293567024556e-04 -4.847326349645038075e-04
-1.437724221285852956e-03 -7.021939923283351077e-04
-1.807032543399552651e-03 -1.022851062143019215e-03
-1.955278193026095505e-03 -1.370142900969078398e-03
-1.856058783837621819e-03 -1.660528796201644203e-03
-1.532552990654138759e-03 -1.819666193422870551e-03
-1.053190164418205902e-03 -1.796876927005111764e-03
-5.186881387351288588e-04 -1.575154237907359662e-03
-4.291267490551286309e-05 -1.174806945547103099e-03
2.688166203215165478e-04 -6.500416897516368480e-04
3.398640525362516592e-04 -7.912130197493708419e-05
1.370426302089848038e-04 4.500460949849399510e-04
-3.227948219597993234e-04 8.561670941649478835e-04
-9.755926181410815674e-04 1.079601273867626188e-03
-1.721827667711438000e-03 1.093337493739273639e-03
-2.444929996782140100e-03 9.078362079805959344e-04
-3.032909903666452731e-03 5.688261678228428942e-04
-3.399106692868949543e-03 1.484767320901149087e-04
-3.498140548391590228e-03 -2.683800010266641344e-04
-3.334057441910146143e-03 -6.003670693389995825e-04
-2.959135056321947864e-03 -7.849685995435615356e-04
-2.463585670019895375e-03 -7.903079689259853106e-04
-1.958115015343338001e-03 -6.210704235068836843e-04
-1.552648021072744683e-03 -3.174522853068813873e-04
-1.335257099013163837e-03 5.265962517510688553e-05
-1.355289039051434585e-03 4.067918716533123428e-04
-1.613890180831889813e-03 6.637838413978998505e-04
-2.063727178188639634e-03 7.594649327696890214e-04
-2.617957933400822095e-03 6.591332173713780650e-04
-3.166754159471951626e-03 3.644645719850596842e-04
-3.598245503305812307e-03 -8.646432802897883498e-05
-3.819916327939070454e-03 -6.260518732377503117e-04
-3.776398999282349830e-03 -1.169652442849449143e-03
-3.460288434850345134e-03 -1.631306800809832411e-03
-2.913922859416145233e-03 -1.939750380373890873e-03
-2.221785209603980432e-03 -2.051674335311622077e-03
-1.494954735938305683e-03 -1.959733361335541310e-03
-8.505429444108108692e-04 -1.693787845929600223e-03
-3.899972132840588170e-04 -1.315147807157370907e-03
-1.803695089722336022e-04 -9.049100099661696889e-04
-2.420861055608789121e-04 -5.485969241518983894e-04
-5.455234448750244207e-04 -3.200052535168379985e-04
-1.017028320711943880e-03 -2.673202580189589905e-04
-1.553233054275812361e-03 -4.041219187038639759e-04
-2.040946671165070649e-03 -7.069816552112000467e-04
-2.378848458596887275e-03 -1.120099430402665816e-03
-2.496870334612072851e-03 -1.566097160800228403e-03
-2.369593549714815901e-03 -1.960917971410638515e-03
-2.021120206581627186e-03 -2.230002840247069865e-03
-1.520495983704761925e-03 -2.322673898547646370e-03
-9.685512560656659624e-04 -2.221992997812926793e-03
-4.786543652849755684e-04 -1.948220910994150415e-03
-1.550250606111676019e-04 -1.555214502647812771e-03
-7.271952320028860113e-05 -1.120436891392862780e-03
-2.630831578749449982e-04 -7.304657084047219478e-04
-7.074331906094488394e-04 -4.647378435718742522e-04
-1.340175859311501820e-03 -3.806039504462123760e-04
-2.060777458331363495e-03 -5.025190268786925134e-04
-2.752332719511114446e-03 -8.174133691860723536e-04
-3.303225235105958051e-03 -1.277119192290739058e-03
-3.627789286055822446e-03 -1.807393537571134762e-03
-3.682071390182406652e-03 -2.321830407927416660e-03
-3.471717393560534021e-03 -2.738030548667147977e-03
-3.050501399672797195e-03 -2.992970940876677095e-03
-2.509784043343770994e-03 -3.054668612317876057e-03
-1.960904171659195398e-03 -2.927935937827903443e-03
-1.513844852158910794e-03 -2.653144187971085820e-03
-1.256218676772070594e-03 -2.298236695838448869e-03
-1.236555314915478970e-03 -1.945511798622288988e-03
-1.455058014207973732e-03 -1.675686481037042680e-03
-1.863579885629208181e-03 -1.552266752140267665e-03
-2.374823479437767563e-03 -1.609192674457719015e-03
-2.879019224725262727e-03 -1.844105657711776064e-03
-3.264920735553264279e-03 -2.218520618316884973e-03
-3.441136209169000718e-03 -2.664877569960775582e-03
-3.353750234929618688e-03 -3.099143819932708918e-03
-2.996891644952685233e-03 -3.436585979579925235e-03
-2.414237820212959684e-03 -3.607729646383358788e-03
-1.691161387652901152e-03 -3.571487785520072525e-03
-9.389966502500407628e-04 -3.322973577148010706e-03
-2.743949406243429172e-04 -2.894518628036800954e-03
2.023321060912847916e-04 -2.349702703843411893e-03
4.257906290492861857e-04 -1.771523167609500822e-03
3.774958189630079133e-04 -1.246940759617586481e-03
8.901478638080400577e-05 -8.507233121017973750e-04
-3.643261216167457484e-04 -6.316407726222991910e-04
-8.779713020560238161e-04 -6.036186187001370143e-04
-1.338146560164981151e-03 -7.435169718438671554e-04
-1.643557508940901059e-03 -9.959474713532650778e-04
-1.724664632284987056e-03 -1.284206944397694354e-03
-1.556884257436631173e-03 -1.525248489816796163e-03
-1.165216286763273018e-03 -1.645846085750997737e-03
-6.194243603103115727e-04 -1.596882975274253056e-03
-2.068445444214117883e-05 -1.363049657687956471e-03
5.177652913899346426e-04 -9.661070163357562187e-04
8.923036728386581594e-04 -4.610892818302404360e-04
1.028822587184155448e-03 7.384070968859501156e-05
8.970651255889105320e-04 5.519685090776950496e-04
5.166821145718774547e-04 8.942814585678267487e-04
-4.614886836666669224e-05 1.044324050098831020e-03
-6.909113956469311235e-04 9.788442507855342478e-04
-1.301446951606011811e-03 7.122154609132308510e-04
-1.767629876631876410e-03 2.937959450637115484e-04
-2.005925411606318022e-03 -2.012765828823669546e-04
-1.974946496122014991e-03 -6.861158981300882580e-04
-1.683071013883127246e-03 -1.078291976680926341e-03
-1.186683446107338145e-03 -1.315147223651953095e-03
-5.793789550978352063e-04 -1.365331090153600524e-03
2.582214862354023036e-05 -1.234376713320965366e-03
5.178795782872570082e-04 -9.632719204853285033e-04
8.087040828688627468e-04 -6.203038715979011667e-04
8.497242950995955281e-04 -2.877304897753733457e-04
6.409148753258226989e-04 -4.581139730187736361e-05
2.305802861730075234e-04 4.276917170977195381e-05
-2.940597607486901150e-04 -5.487031486083092467e-05
-8.236942826154408474e-04 -3.352540256674028810e-04
-1.247961500804292256e-03 -7.589147451472416173e-04
-1.476713559057551929e-03 -1.257617178461257861e-03
-1.457469982469384575e-03 -1.747075847999795444e-03
-1.185745445846493823e-03 -2.142763347246898556e-03
-7.062863117954830752e-04 -2.375818346235689452e-03
-1.049717119160338097e-04 -2.406042558615973086e-03
5.070972626119385701e-04 -2.229525758331885130e-03
1.014317167532218390e-03 -1.879453808726548733e-03
1.318196399024615644e-03 -1.419944214114772160e-03
1.355779555125224099e-03 -9.340727515782124100e-04
1.111400453200106367e-03 -5.083535231657094469e-04
6.195441673249033662e-04 -2.166052480557258391e-04
-4.171958430056879673e-05 -1.062518847631516552e-04
-7.654857080862933691e-04 -1.896439749458734636e-04
-1.436151956975051380e-03 -4.420359090296898654e-04
-1.951133646180057456e-03 -8.065937596148631782e-04
-2.240045467733797844e-03 -1.205477087605451693e-03
-2.277722103506437615e-03 -1.554888239134116952e-03
-2.088617357845347182e-03 -1.781231813982226114e-03
-1.741755303869629325e-03 -1.835317338543682175e-03
-1.337197088798566628e-03 -1.701909395009132105e-03
-9.865945852388954655e-04 -1.402811240797350711e-03
-7.915225986809962862e-04 -9.928933196958150773e-04
-8.237026623366221212e-04 -5.498149754288594610e-04
-1.110873781466989712e-03 -1.593829622183481984e-04
-1.630996538647151413e-03 1.006823403640319308e-04
-2.315899119220626162e-03 1.754994218704013188e-04
-3.063685801096934034e-03 4.350253416560926484e-05
-3.757568816074466876e-03 -2.793429622615317643e-04
-4.287567477934664875e-03 -7.423883289748653283e-04
-4.570974538258054665e-03 -1.269677555830108807e-03
-4.567721898762057246e-03 -1.774082065247500721e-03
-4.287742167451791785e-03 -2.173524126874713455e-03
-3.788936553531449102e-03 -2.406224337995034948e-03
-3.166136631039687035e-03 -2.442093836309034392e-03
-2.533151124512563000e-03 -2.288122194389774749e-03
-2.001296534658449089e-03 -1.986748928827587312e-03
-1.658474558221501851e-03 -1.607534965581978396e-03
-1.552754152195710835e-03 -1.233718709909683957e-03
-1.683561690244512457e-03 -9.462094294654324481e-04
-2.002140767321225132e-03 -8.080551893617679256e-04
-2.421186861554170972e-03 -8.523318623969071504e-04
-2.831823828651834889e-03 -1.075750987416820067e-03
-3.124698222730163278e-03 -1.439200334355505593e-03
-3.211187101303126373e-03 -1.875117216675176212e-03
-3.040693053971535702e-03 -2.300299656979798262e-03
-2.610740863494094219e-03 -2.631729667266973632e-03
-1.967953236443363303e-03 -2.802411355724959349e-03
-1.199710350234125438e-03 -2.774222560337082089e-03
-4.180624906001189842e-04 -2.545343022645127351e-03
2.610673173364295128e-04 -2.150847929105763248e-03
7.394609511163432883e-04 -1.656348749777602179e-03
9.548844109693317272e-04 -1.145878868740665473e-03
8.926130643635399970e-04 -7.063104549211022317e-04
5.880246671422935910e-04 -4.112452123059824431e-04
1.197715907931817803e-04 -3.074208665852531898e-04
-4.051741437226974874e-04 -4.061987300751484240e-04
-8.717721683845048404e-04 -6.817356680683388671e-04
-1.178629251855955844e-03 -1.076178409321802698e-03
-1.257071033700048624e-03 -1.510888980209992112e-03
-1.083964006716111586e-03 -1.901568755317005954e-03
-6.858663060086769847e-04 -2.174411291152149490e-03
-1.337287412892338313e-04 -2.280220330397595037e-03
4.708423775003378630e-04 -2.203815786115710749e-03
1.015150670870996379e-03 -1.966943925909205720e-03
1.397089388055109110e-03 -1.624139168803781855e-03
1.544820762677274334e-03 -1.252320733704400529e-03
1.430719094331672466e-03 -9.360948981179240515e-04
1.076927938300925331e-03 -7.515479943080539483e-04
5.514700691411446093e-04 -7.516022891785483807e-04
-4.436160551041094021e-05 -9.557121914859570281e-04
-5.949521423571544308e-04 -1.345857554335251095e-03
-9.920702429793925269e-04 -1.869599527040780810e-03
-1.155226690795613936e-03 -2.449627989944824259e-03
-1.046834435942163620e-03 -2.998001111171176136e-03
-6.793020307618922830e-04 -3.432389606220359168e-03
-1.127179625603642312e-04 -3.691258984608144361e-03
5.564365493623596361e-04 -3.745124226420702349e-03
1.213411496607385816e-03 -3.601754823226482188e-03
1.746720833447756123e-03 -3.304353146336338771e-03
2.069011890235839847e-03 -2.923058886026791946e-03
2.133326002595662893e-03 -2.541395116050789316e-03
1.941678575306597567e-03 -2.240228354783085647e-03
1.544342013467675089e-03 -2.082284705783054180e-03
1.029976136124131220e-03 -2.100157832172259986e-03
5.084842877985140978e-04 -2.290082247287061629e-03
8.985105660146608560e-05 -2.612652550753374794e-03
-1.370216040811119296e-04 -3.000352728560069446e-03
-1.214630361002077153e-04 -3.370468778281910001e-03
1.390886680436476293e-04 -3.640937189857950014e-03
5.983588258718417320e-04 -3.746124534321206186e-03
1.169802896424577314e-03 -3.649545150889941299e-03
1.742851656180841339e-03 -3.351102494386335590e-03
2.203763486411777252e-03 -2.887475607147055312e-03
2.457138706922367202e-03 -2.325569325453668342e-03
2.444024131343613439e-03 -1.750259657910692174e-03
2.153180260812396184e-03 -1.248745711008361885e-03
1.623376776642617998e-03 -8.944620611386288299e-04
9.362793376240389001e-04 -7.335888587910602623e-04
2.012707454486302081e-04 -7.767053678426254302e-04
-4.649246916361721854e-04 -9.971591684449687600e-04
-9.599621210111891016e-04 -1.336452230541069434e-03
-1.214837432394896876e-03 -1.715617171116891933e-03
-1.206507429602421454e-03 -2.050423662264773406e-03
-9.617889394731820706e-04 -2.267530730061454239e-03
-5.518088097662064402e-04 -2.318522686060224200e-03
-7.806624560506092783e-05 -2.189168356774864009e-03
3.472428316223798942e-04 -1.902149011439604152e-03
6.229034880884175111e-04 -1.512738421258683335e-03
6.782470674827586251e-04 -1.098254365062094166e-03
4.868903448013214147e-04 -7.432816311155985168e-04
7.203896183426779405e-05 -5.234685223833741028e-04
-4.976560241887794181e-04 -4.909701490930121030e-04
-1.120909644483690602e-03 -6.643009895683827954e-04
-1.682861092902722530e-03 -1.024525156838805920e-03
-2.076772638594556308e-03 -1.518513443251062354e-03
-2.224262057884683445e-03 -2.068658609571310224e-03
-2.090237361086078570e-03 -2.587217786761136437e-03
-1.689704135797049159e-03 -2.992574746703466002e-03
-1.085153216524467785e-03 -3.224351067637245064e-03
-3.750185361661730575e-04 -3.254512770711758506e-03
3.246155174270217965e-04 -3.092376682941285534e-03
9.016010087197008811e-04 -2.782575161941479563e-03
1.268528797529248041e-03 -2.396370345059756039e-03
1.378817044361413694e-03 -2.017967454263823457e-03
1.235049931824914755e-03 -1.728422616337784486e-03
8.879985486662118335e-04 -1.590195021307529936e-03
4.265203694705733874e-04 -1.635270014544443424e-03
-3.973924806270580021e-05 -1.859102271977730765e-03
-4.015575993906688032e-04 -2.221524875941062634e-03
-5.712311417020552069e-04 -2.654449859964516829e-03
-4.995543303871640599e-04 -3.074898645704984227e-03
-1.854578272126029782e-04 -3.400890492009447236e-03
3.235257558015053282e-04 -3.567174933752756752e-03
9.400622994092365254e-04 -3.537822891622525306e-03
1.553420575902308715e-03 -3.313285287296844316e-03
2.050377104925150962e-03 -2.930575129279229182e-03
2.336664307285408072e-03 -2.456530873843245331e-03
2.354900380016835756e-03 -1.975428885341587795e-03
2.095603904031297440e-03 -1.573282931423532552e-03
1.599203967143701492e-03 -1.321796205232028286e-03
9.486599726719049594e-04 -1.264997552674895559e-03
2.540818587691122139e-04 -1.411085899671368077e-03
-3.677451298742945296e-04 -1.731021477346351154e-03
-8.150632084252868890e-04 -2.164125912405854679e-03
-1.019972795761602078e-03 -2.629627259701983709e-03
-9.608360050324463164e-04 -3.041961627029644497e-03
-6.659149009898960615e-04 -3.326933035626714052e-03
-2.075662381027571944e-04 -3.435671970152720696e-03
3.118977231326332538e-04 -3.353751186447950262e-03
7.799951708615548464e-04 -3.103735562687069943e-03
1.095751775807561265e-03 -2.740687200642304318e-03
1.189155879503372808e-03 -2.341481942963701771e-03
1.034700602378307334e-03 -1.989966171681567964e-03
6.564423955534280392e-04 -1.760771137909036572e-03
1.236131740561915624e-04 -1.704856872319295827e-03
-4.623867643603341016e-04 -1.839530701233492958e-03
-9.871542807083364193e-04 -2.144838457317434395e-03
-1.344978960081826685e-03 -2.567019971528955620e-03
-1.458959594643526383e-03 -3.028382792372900402e-03
-1.295729877070389427e-03 -3.441732570126345737e-03
-8.720007903008108498e-04 -3.726635323779132689e-03
-2.516752246659291221e-04 -3.824439331563429280e-03
4.659258194329898416e-04 -3.709218448183350045e-03
1.164504185449045676e-03 -3.392569933326899934e-03
1.732409857293849050e-03 -2.921362343165336255e-03
2.083365421486097109e-03 -2.368862608094405350e-03
2.172375414566026734e-03 -1.820923647084872997e-03
2.003818110673455735e-03 -1.359847725159102219e-03
1.630197460068535682e-03 -1.048979493468004103e-03
1.141801111356355574e-03 -9.209432242037644085e-04
6.492319094815301311e-04 -9.717475633593214510e-04
2.621289762968826743e-04 -1.161869030613983189e-03
6.811506647250577078e-05 -1.424103064360711553e-03
1.159629299098108822e-04 -1.676689059633875399e-03
4.061732711474212634e-04 -1.839216423703122355e-03
8.907521287900645223e-04 -1.848291451843596129e-03
1.482232129090178862e-03 -1.669989652169624273e-03
2.070230224336401179e-03 -1.306726539538062689e-03
2.542405942332270560e-03 -7.972366787831347296e-04
2.805849391349998431e-03 -2.096558069870147801e-04
2.804845413100282535e-03 3.709928756952240721e-04
2.531645106404215202e-03 8.585469997971525817e-04
2.028198825015133620e-03 1.181713346706115674e-03
1.378515205568915701e-03 1.297311344340819307e-03
6.930849207777598723e-04 1.198249202931182464e-03
8.830973722957758103e-05 9.147262448575379287e-04
-3.351772869729173054e-04 5.084362847008162215e-04
-5.112049609164323822e-04 6.087084297643835995e-05
-4.202405572852709915e-04 -3.420631460265944430e-04
-9.275364303160192180e-05 -6.261999324777129099e-04
3.968608284159957597e-04 -7.429893309555406396e-04
9.446412510276077420e-04 -6.784657354782063898e-04
1.436973780904537241e-03 -4.556186017344623614e-04
1.772285420567305553e-03 -1.297216834053465414e-04
1.880403218488341894e-03 2.224875449002402985e-04
1.735910332530218002e-03 5.177216241419812202e-04
1.362967897202499012e-03 6.823176889497149789e-04
8.306891570699267415e-04 6.666013551891565797e-04
2.399428436324955549e-04 4.547109547429401856e-04
-2.959128170885032575e-04 6.801268464305687284e-05
-6.727134056181680900e-04 -4.385490013358447296e-04
-8.154778295358195914e-04 -9.864832649146811419e-04
-6.929125182554335318e-04 -1.488275361537293650e-03
-3.236763619454714877e-04 -1.863656896637790050e-03
2.267883104590681870e-04 -2.054549060860747997e-03
8.582677963258565071e-04 -2.035854156746631435e-03
