1.890431095589752673e-04 7.333207800636850661e-04
-2.184465265761308052e-04 1.274277977292439883e-04
-6.379886356781860109e-04 -4.419436583187556083e-04
-9.927875320311137924e-04 -8.827072518558547925e-04
-1.218277514237760912e-03 -1.130735639518385197e-03
-1.274115417121923517e-03 -1.161584317443252684e-03
-1.151604905641924817e-03 -9.946364235417198395e-04
-8.751524240067232044e-04 -6.888946774210574081e-04
-4.974841050389817131e-04 -3.312293941915884924e-04
-8.953346948437993229e-05 -1.932081219128175664e-05
2.730821036821858960e-04 1.574608236125777695e-04
5.244332423781584897e-04 1.356032242611419740e-04
6.207763006508746056e-04 -1.099084501589618970e-04
5.488103786775351284e-04 -5.602673268842903957e-04
3.281311143458867153e-04 -1.155856770826918598e-03
7.418574279030378817e-06 -1.807040145752044323e-03
-3.449160144810532540e-04 -2.410696056775741593e-03
-6.538498353061954899e-04 -2.869377391011999900e-03
-8.521455377346637706e-04 -3.109473990789509649e-03
-8.932943620858403580e-04 -3.094945605722967431e-03
-7.605486364643922539e-04 -2.834028544828500178e-03
-4.703269877096975284e-04 -2.377647792780669331e-03
-6.934085328037808710e-05 -1.809834798252184804e-03
3.740203599731522794e-04 -1.231962761248402930e-03
7.824209379086617937e-04 -7.437798751209903983e-04
1.084023054186335905e-03 -4.248253937349461083e-04
1.225914535680167365e-03 -3.197391979352889099e-04
1.183983126715115611e-03 -4.302368166629822127e-04
9.673723163657421773e-04 -7.152585232621807383e-04
6.166789230533469262e-04 -1.099252410382562349e-03
1.962366699924431674e-04 -1.487010510308371062e-03
-2.180512377004071309e-04 -1.782235835080859133e-03
-5.530258210712334218e-04 -1.906311682065147360e-03
-7.520223288024739400e-04 -1.813706461860122195e-03
-7.854543977899337967e-04 -1.501084860839151667e-03
-6.562307819867917776e-04 -1.008388619743680022e-03
-3.989825480572652431e-04 -4.116717881217351466e-04
-7.325157926344650239e-05 1.909621222197908528e-04
2.480644945819892840e-04 6.976660037599313833e-04
4.928169008777057462e-04 1.021937839464609477e-03
6.035824778723540692e-04 1.108881914955899602e-03
5.488589600953108121e-04 9.455656637553510203e-04
3.293515595076501427e-04 5.635112033504556615e-04
-2.184705959074490509e-05 3.284787355020650089e-05
-4.452249906059862149e-04 -5.507709081179066246e-04
-8.658446900249764473e-04 -1.084014957122817098e-03
-1.207287245611188753e-03 -1.475116899858014766e-03
-1.405913310792122894e-03 -1.660870000574773356e-03
-1.422746029541083895e-03 -1.618175957240287162e-03
-1.250730687307678897e-03 -1.367967339745557523e-03
-9.160002492934341337e-04 -9.707739050923630065e-04
-4.729098385382293941e-04 -5.147846580468395765e-04
6.218113015863920359e-06 -9.867856166606559214e-05
4.446959907564716524e-04 1.875128265723634280e-04
7.758457764674962526e-04 2.798753282130938148e-04
9.554267676000697661e-04 1.530957182685902321e-04
9.697663634522399280e-04 -1.744149407922057637e-04
8.380587556926345858e-04 -6.437371543012966948e-04
6.084016558196411652e-04 -1.166396516802562650e-03
3.483277668827199254e-04 -1.640986616302203159e-03
1.316308676035316460e-04 -1.972317752711263018e-03
2.398858549593023675e-05 -2.089467731659618542e-03
7.011221268161515335e-05 -1.959316898914851852e-03
2.848650265923606149e-04 -1.593002616178750431e-03
6.500392123124167131e-04 -1.044067077115674175e-03
1.117409915312391616e-03 -3.986433008935362271e-04
1.617496090236088735e-03 2.404700753902583332e-04
2.072376773375499397e-03 7.728390162671934212e-04
2.410142897644968439e-03 1.118936537386639590e-03
2.578254316413620007e-03 1.234698020950427159e-03
2.553278102548282337e-03 1.119345751614750362e-03
2.345168375266696095e-03 8.150139411238458038e-04
1.995280349708591396e-03 3.982582140178325030e-04
1.568496534587120834e-03 -3.492997529761258588e-05
1.140956626848869298e-03 -3.877541535495547184e-04
7.857138346328333906e-04 -5.813495470430297919e-04
5.590317480765903463e-04 -5.700673294915587679e-04
4.899133945370867270e-04 -3.504029743234665087e-04
5.748409847842508554e-04 3.812978484174988584e-05
7.787172057684558276e-04 5.203511514342425929e-04
1.041823780662501321e-03 9.996059648532721296e-04
1.291472928728558357e-03 1.376108438318326965e-03
1.456138203997012909e-03 1.565967869778792532e-03
1.479381340200228764e-03 1.517291228411825951e-03
1.330930147828954507e-03 1.220309922798154881e-03
1.012801921299008459e-03 7.096075448616522268e-04
5.593050785299754496e-04 5.801914678069109137e-05
3.091120634520698289e-05 -6.366521403452921665e-04
-4.968492252943518045e-04 -1.269596819013434552e-03
-9.473713495087004305e-04 -1.748250148269976396e-03
-1.257198355376112605e-03 -2.009200551124346729e-03
-1.387793753506746377e-03 -2.029567392667846071e-03
-1.332638274614512692e-03 -1.830707724238426603e-03
-1.118310445401109621e-03 -1.473564052482536886e-03
-7.993479549463573981e-04 -1.046547599520635061e-03
-4.478633720117403193e-04 -6.482642629343654279e-04
-1.398798692581182650e-04 -3.683660829606658603e-04
5.902746642410616838e-05 -2.701647747737451980e-04
1.060687571447389019e-04 -3.783088290539489158e-04
-1.077730815285003405e-05 -6.738652926256930454e-04
-2.706408128103932617e-04 -1.097743489562955478e-03
-6.238951136212016017e-04 -1.561816479745469204e-03
-1.001759587424266417e-03 -1.965636458632665472e-03
-1.329545872708864929e-03 -2.215578989949364402e-03
-1.541032710377065670e-03 -2.242788934433958062e-03
-1.591240709409475667e-03 -2.016525727326967665e-03
-1.465181425415439716e-03 -1.550374756036222755e-03
-1.180917649398665129e-03 -9.001404914478052053e-04
-7.863493694091793417e-04 -1.538103735724620199e-04
-3.503284421340139817e-04 5.845216177455768696e-04
5.022047184487324909e-05 1.213740232849533319e-03
3.447381679734958762e-04 1.654202740317918963e-03
4.822977037285330415e-04 1.862153447461777338e-03
4.411899588651028580e-04 1.837343773111082493e-03
2.330141815390148071e-04 1.622429077745003462e-03
-9.950082776268378854e-05 1.294270059873073656e-03
-4.905332143183441327e-04 9.487986316589654134e-04
-8.635424793232567790e-04 6.823257168152917045e-04
-1.145641667358040117e-03 5.728408621710982113e-04
-1.281249862090177820e-03 6.648536248040461463e-04
-1.242444636209730831e-03 9.606544071244537460e-04
-1.034059677268067950e-03 1.419655091338750284e-03
-6.925683728191778330e-04 1.965938002376217686e-03
-2.789711598565019872e-04 2.502585486544370210e-03
1.329599545822740514e-04 2.930076440511635624e-03
4.708471422063849462e-04 3.165263996343973228e-03
6.775939718778720058e-04 3.157336512541979948e-03
7.223583467184171991e-04 2.897733309858314347e-03
6.065276855358035140e-04 2.422129486754601331e-03
3.635597878778908110e-04 1.804104300573670071e-03
5.271506115956182313e-05 1.141681000376095715e-03
-2.521367270419788936e-04 5.392747585089256593e-04
-4.765184573786476448e-04 8.845410711661675501e-05
-5.595068770802667920e-04 -1.488544413969789936e-04
-4.653722669409247979e-04 -1.515515841021322077e-04
-1.904921451118316272e-04 5.716476329335274179e-05
2.357716638293563555e-04 4.146893501757277023e-04
7.564013361311388434e-04 8.313220172929524504e-04
1.297251550178800221e-03 1.207660999037748518e-03
1.780789335353129017e-03 1.453774735679399903e-03
2.140449245333170443e-03 1.506514616908860831e-03
2.332892085626613043e-03 1.341684787630863848e-03
2.345853001411960567e-03 9.787607669666986612e-04
2.200100334085713493e-03 4.772613911161890064e-04
1.945142052435862908e-03 -7.453905379001829631e-05
1.649500552221859961e-03 -5.764193479857722489e-04
1.387405006341612106e-03 -9.353541367936183196e-04
1.224428511357557488e-03 -1.083360851542481285e-03
1.204796626863189994e-03 -9.906642800480746150e-04
1.342776804485392968e-03 -6.716773815806081210e-04
1.619784713550577980e-03 -1.826558477510766866e-04
1.987760074745032954e-03 3.885406040384659370e-04
2.378176478591303381e-03 9.386534277991143973e-04
2.714981789991929503e-03 1.368140880825918825e-03
2.929020346973967848e-03 1.599597076765603334e-03
2.971206410405866950e-03 1.591999132092004844e-03
2.821953580597079837e-03 1.348096484414888427e-03
2.495072640861266920e-03 9.135541378835251424e-04
2.035396529132492676e-03 3.680218570155097254e-04
1.510577795979220614e-03 -1.901712102300933630e-04
9.986063137371980862e-04 -6.627915265404330306e-04
5.734044434231373071e-04 -9.703855484162549408e-04
2.912201029079702517e-04 -1.067332228364370646e-03
1.803864585952293272e-04 -9.504119292558244883e-04
2.363790344108791970e-04 -6.592696097285391217e-04
4.230977038756772446e-04 -2.686868570817463092e-04
6.801222906080812373e-04 1.258697977009751775e-04
9.345595423654472125e-04 4.266819194433193216e-04
1.115230201927983056e-03 5.526956466509014114e-04
1.166502314037552290e-03 4.553306187084137048e-04
1.059144567592277143e-03 1.281774340259335095e-04
7.961385453992850334e-04 -3.912641865574812685e-04
4.123442214361828476e-04 -1.028148109528089285e-03
-3.192203374988219903e-05 -1.683915721355629764e-03
-4.621839070309264035e-04 -2.254432708915019793e-03
-8.038388902551981980e-04 -2.649207563762708169e-03
-9.962726660198914508e-04 -2.808065381330361598e-03
-1.004381014337615450e-03 -2.712131554827824746e-03
-8.253158234278008473e-04 -2.387056272831993790e-03
-4.891749463708435506e-04 -1.897878559124319305e-03
-5.350127366235452487e-05 -1.336510053435387797e-03
4.073724053931319618e-04 -8.042144174917878127e-04
8.161211379199303064e-04 -3.924039333292974642e-04
1.106762239518299142e-03 -1.653915192810207196e-04
1.236819498427839479e-03 -1.483641076529731290e-04
1.195021574443626017e-03 -3.228526402339267380e-04
1.003084835198613184e-03 -6.305524690919108669e-04
7.112510043491309568e-04 -9.847648915163856233e-04
3.884323454158936117e-04 -1.287285686149028212e-03
1.088378041791168271e-04 -1.447533472806162690e-03
-6.238066914719198400e-05 -1.400285137201855590e-03
-8.173754363477577986e-05 -1.118648068596349819e-03
6.411412891296590366e-05 -6.197998868229679043e-04
3.556565378206340408e-04 3.760487345358355053e-05
7.440466816926855336e-04 7.638841581595029028e-04
1.160253986028098559e-03 1.454669394992100673e-03
1.528067198885844566e-03 2.010057758457721964e-03
1.778508024554698811e-03 2.352962425901647392e-03
1.862921458099458128e-03 2.443198478562578178e-03
1.762262238151910852e-03 2.284648326607093601e-03
1.490816037840176581e-03 1.924159430030239221e-03
1.093646811863269522e-03 1.442390849557014139e-03
6.382487892779365249e-04 9.383477444806386696e-04
2.019781969715918248e-04 5.105360911261170882e-04
-1.423617017596293848e-04 2.383077563454568532e-04
-3.400594431621995145e-04 1.669278968575963092e-04
-3.646014224623587031e-04 2.991897397949770665e-04
-2.224386006475358732e-04 5.951600295459992876e-04
4.848181793211311106e-05 9.800969701790314750e-04
3.861350947838704923e-04 1.359033263680255958e-03
7.163771527055821497e-04 1.635253222643550004e-03
9.671724003671333019e-04 1.729154218541444380e-03
1.082392300900682572e-03 1.593908815368555876e-03
1.032567917880321305e-03 1.224948851991867257e-03
8.205573671044179068e-04 6.614619574335490158e-04
4.810529634987379213e-04 -2.039685848716574082e-05
7.402034615947493087e-05 -7.213071099881825403e-04
-3.266880994392616210e-04 -1.336998430437164476e-03
-6.473884070237693328e-04 -1.777443616659321558e-03
-8.286253481744700923e-04 -1.983406780304516372e-03
-8.365725155023973330e-04 -1.937223765182670768e-03
-6.696095820923197040e-04 -1.665782551609589586e-03
-3.588265192303765456e-04 -1.235146540093485677e-03
3.764623841286639239e-05 -7.378441125637251376e-04
4.454142238593877205e-04 -2.752344913309500611e-04
7.876680077656183837e-04 6.170985199898358642e-05
9.994894038919850676e-04 2.095662321631955750e-04
1.039912821189700482e-03 1.443232809744336275e-04
8.994647213720929121e-04 -1.143002028665049668e-04
6.017600617963313019e-04 -5.068902534934834406e-04
1.988594387935902364e-04 -9.459543210679722744e-04
-2.387285756721981250e-04 -1.332910164167310473e-03
-6.355022501633442785e-04 -1.577219320429130208e-03
-9.253272815128233460e-04 -1.614030389719695556e-03
-1.063981235463514873e-03 -1.416978846101303764e-03
-1.037504839353143053e-03 -1.003706813489360986e-03
-8.647781661039193220e-04 -4.330446265130358371e-04
-5.938343506776133651e-04 2.056249400446179482e-04
-2.926103629379742761e-04 8.088181505749973427e-04
-3.588876947067509010e-05 1.278113844490062073e-03
1.090933221290528096e-04 1.538410741430548938e-03
9.563861353754650029e-05 1.551830457723436764e-03
-9.327866740894193848e-05 1.324641067855022699e-03
-4.414789789993893996e-04 9.058958258031256285e-04
-9.023175564156395026e-04 3.780484799639912091e-04
-1.407186837434951186e-03 -1.586761502749733563e-04
-1.878178876080699835e-03 -6.051972500885914640e-04
-2.242517814787761861e-03 -8.821995055864206717e-04
-2.446037245751476324e-03 -9.449392910923018474e-04
-2.463157871306963318e-03 -7.914380318813534539e-04
-2.301483084419090643e-03 -4.625189851035790920e-04
-2.000148556299793760e-03 -3.368955137861774001e-05
-1.622243810342419460e-03 3.995835264260874133e-04
-1.242745311006670031e-03 7.404067155974442416e-04
-9.342494627692272957e-04 9.092789529708307375e-04
-7.532093917547873739e-04 8.596218705982041795e-04
-7.292828280848639598e-04 5.870679031648069757e-04
-8.598081301915440604e-04 1.307353083341810914e-04
-1.110453288104005024e-03 -4.337631248452998838e-04
-1.421912721574109060e-03 -1.008264920750136110e-03
-1.721380415830382499e-03 -1.490325863705770342e-03
-1.936622479592011326e-03 -1.792360717759901648e-03
-2.009979035040293429e-03 -1.858039602096628762e-03
-1.909637860771649324e-03 -1.672840820934679267e-03
-1.636038058150533032e-03 -1.266765544840371162e-03
-1.222183543129995789e-03 -7.087019142874564567e-04
-7.277989057436287396e-04 -9.350529092610934115e-05
-2.284258716531039528e-04 4.757614387532734597e-04
1.984834687901807231e-04 9.070691118543882043e-04
4.878517069623082764e-04 1.136507998700016057e-03
5.989425291480260545e-04 1.139990708340477867e-03
5.227501058523138875e-04 9.373657328210497275e-04
2.834190338693683879e-04 5.881733621130751967e-04
-6.656812716050398624e-05 1.798592074291894801e-04
-4.565195582031146559e-04 -1.893105615588985997e-04
-8.110574151726594998e-04 -4.293844985537402775e-04
-1.064472292185896689e-03 -4.762755090169938817e-04
-1.173189426937324515e-03 -3.043890493048732968e-04
-1.123985931054858733e-03 6.807356287336367891e-05
-9.364040929356236623e-04 5.821524894257336163e-04
-6.589059626890035951e-04 1.148942818694901604e-03
-3.595006478037352524e-04 1.666145896876060784e-03
-1.126233908683325555e-04 2.037232340615240805e-03
1.524382305557591289e-05 2.189594278317396909e-03
-2.151874608283211796e-05 2.088253857356786678e-03
-2.386811739253603612e-04 1.742534452630064082e-03
-6.188072019979016678e-04 1.204431433649492782e-03
-1.114171728591141150e-03 5.589889334569104638e-04
-1.655408099022330840e-03 -9.149933358164634087e-05
-2.164255951271005889e-03 -6.464797071260580544e-04
-2.568003793411179764e-03 -1.025730881713738567e-03
-2.812899257603060192e-03 -1.184047955937438503e-03
-2.873994924822384413e-03 -1.119248748694021481e-03
-2.759571846723012176e-03 -8.719984799705662436e-04
-2.509308761221454818e-03 -5.174989749578155687e-04
-2.186548283421661538e-03 -1.506295758025224130e-04
-1.866128027524514236e-03 1.326328657983235921e-04
-1.620083268590260953e-03 2.539830227531294018e-04
-1.503929620486669626e-03 1.681778122606266378e-04
-1.546123227063921426e-03 -1.278782105854369983e-04
-1.742693179293020554e-03 -5.940849457860403453e-04
-2.058060440093766562e-03 -1.154345379528747169e-03
-2.431885140576322667e-03 -1.710656865058059108e-03
-2.790641715913895829e-03 -2.161434369415617292e-03
-3.061725301448660688e-03 -2.420601828642939511e-03
-3.187412792255840070e-03 -2.433840322001324524e-03
-3.136028891947929050e-03 -2.188918042725104037e-03
-2.908196259814265633e-03 -1.718145512339259908e-03
-2.536979399951451702e-03 -1.092488426769537210e-03
-2.081888035630811290e-03 -4.084480604297148379e-04
-1.617868474600682059e-03 2.298133602984829332e-04
-1.221360728584324276e-03 7.297263500929984138e-04
-9.560551592075289219e-04 1.027311435563226915e-03
-8.610398969028539278e-04 1.098713124300106309e-03
-9.435783240456838790e-04 9.640992511510714565e-04
-1.177880085626145570e-03 6.832007860368600766e-04
-1.510095198770513864e-03 3.433505478055657993e-04
-1.868583543629328018e-03 4.229976539510383292e-05
-2.177514215573484596e-03 -1.309199119684586066e-04
-2.371219802165302863e-03 -1.134517262756534230e-04
-2.406588768524433198e-03 1.189314046283749312e-04
-2.271151631436793810e-03 5.467425827864332791e-04
-1.985332922174536194e-03 1.110040157036917396e-03
-1.598446492243263406e-03 1.719422151182509401e-03
-1.179197154425829430e-03 2.272681170568426490e-03
-8.024925018491238082e-04 2.673971359008465130e-03
-5.350679206301590940e-04 2.851861312689893749e-03
-4.226529148714844829e-04 2.772855729218499238e-03
-4.811152660349790437e-04 2.447824479813455380e-03
-6.932664530981446152e-04 1.930118722131724841e-03
-1.011939747271536644e-03 1.305725758966688526e-03
-1.368764435497996351e-03 6.773199608373863369e-04
-1.686980652188177195e-03 1.452211621174918053e-04
-1.895873614841536367e-03 -2.111439745460469506e-04
-1.944098662098821088e-03 -3.477786089797057232e-04
-1.809377611090613475e-03 -2.639101120104671034e-04
-1.502733018333437219e-03 -1.579221456183286035e-06
-1.066460072864324361e-03 3.628850036930216026e-04
-5.662204830029001369e-04 7.338769609007876008e-04
-7.875456588419486176e-05 1.015157586858207034e-03
3.224636821347962859e-04 1.128586345726793113e-03
5.809153255453157385e-04 1.029383791932563831e-03
6.674810648567492451e-04 7.150244769929289639e-04
5.856688379189858417e-04 2.260674587330732720e-04
3.706402437468710371e-04 -3.612401249223618741e-04
8.222642813958854207e-05 -9.491914400664153281e-04
-2.067373121062368742e-04 -1.436989828871304987e-03
-4.245421605792306058e-04 -1.739783573527100766e-03
-5.145185622015423146e-04 -1.804761092219946085e-03
-4.460892195278431602e-04 -1.621256759746467300e-03
-2.208619333658364816e-04 -1.222949732669432153e-03
1.273986424865132397e-04 -6.817335434136606543e-04
5.389218200143674293e-04 -9.440970131208538743e-05
9.390458530125992548e-04 4.352841706830739318e-04
1.252197925029803439e-03 8.159189875865334972e-04
1.416096592580988120e-03 9.852589594552913985e-04
1.393490950729019432e-03 9.216013210969983566e-04
1.179216050539540509e-03 6.474362453436305429e-04
8.012297349903064461e-04 2.247463963354831562e-04
3.154344136177554591e-04 -2.571516350748756139e-04
-2.047371423004478753e-04 -6.989101373132763787e-04
-6.820026894143011668e-04 -1.010310240548200657e-03
-1.049591394231200962e-03 -1.127641418129236503e-03
-1.263570311801473630e-03 -1.026001392099363304e-03
-1.310808219887260855e-03 -7.241806762021898861e-04
-1.211075445402515910e-03 -2.812017918539450110e-04
-1.012889339264164395e-03 2.148347972082504601e-04
-7.838998337756104134e-04 6.634873576278086998e-04
-5.976437079747083962e-04 9.711224763375709938e-04
-5.191839639032356504e-04 1.068849041535533447e-03
-5.923618503758279301e-04 9.258363608632783634e-04
-8.310835836251878215e-04 5.554883687583847540e-04
-1.216299549469591033e-03 1.329690817230145660e-05
-1.699255440075762283e-03 -6.132288446460740618e-04
-2.210406559812614063e-03 -1.220660626570626694e-03
-2.672313420800436976e-03 -1.708740494940106519e-03
-3.014081944337197033e-03 -1.998859245846301615e-03
-3.184618031741170193e-03 -2.048437819151521962e-03
-3.162189579989023967e-03 -1.858501552570282749e-03
-2.958486944181606352e-03 -1.473025873536713218e-03
-2.616413275435083320e-03 -9.701895673747720468e-04
-2.202022122808336077e-03 -4.472032257331049723e-04
-1.792126657311473702e-03 -1.595900179050726425e-06
-1.459923285392769002e-03 2.874877485396804423e-04
-1.261347333456744975e-03 3.744310961028539126e-04
-1.224738937697585333e-03 2.558569965367955184e-04
-1.345769703373145883e-03 -2.874612636798406888e-05
-1.588583942196312255e-03 -4.046037177680993665e-04
-1.892931092975896120e-03 -7.760044726351190362e-04
-2.185931181570728837e-03 -1.044700134131701375e-03
-2.396237745487180514e-03 -1.128867237061144564e-03
-2.467908677882653650e-03 -9.790340075796488684e-04
-2.371350896044046620e-03 -5.879484956119438756e-04
-2.109259112488634774e-03 7.490369457493649061e-06
-1.716417312201144307e-03 7.326156303107092711e-04
-1.253394249263113094e-03 1.488492816746312189e-03
-7.953212052566659227e-04 2.169995041743717941e-03
-4.178723255958093335e-04 2.685043992080100167e-03
-1.830985640945041000e-04 2.971387643062890077e-03
-1.277951059413085606e-04 3.007751901606484264e-03
-2.566036112562177299e-04 2.817268303593059488e-03
-5.411552950379984591e-04 2.462541720808871740e-03
-9.254182221060170722e-04 2.033303984949355776e-03
-1.336238565847019857e-03 1.629001892069320903e-03
-1.697083149985142200e-03 1.339625670685138390e-03
-1.942385359777594901e-03 1.228415397798974596e-03
-2.029783054901995558e-03 1.319725326305577718e-03
-1.947936911675014716e-03 1.594347391212396978e-03
-1.718454961014905143e-03 1.993180657826738606e-03
-1.391565421538125576e-03 2.428551049376471808e-03
-1.036363880834888316e-03 2.801035024992523138e-03
-7.274882742792635653e-04 3.018596698903476885e-03
-5.307514119567058233e-04 3.014407950513408631e-03
-4.904579480446724128e-04 2.759968706152190338e-03
-6.208133381314599047e-04 2.271032915319834769e-03
-9.030569559974452234e-04 1.605206619365481726e-03
-1.288866967941148514e-03 8.516602722332497922e-04
-1.709396172951243784e-03 1.148897897052382315e-04
-2.088230858519380968e-03 -5.044128583484559867e-04
-2.355820888598147110e-03 -9.277715851493856291e-04
-2.462649602560233828e-03 -1.113148423804086878e-03
-2.388649635385027212e-03 -1.062296654160820031e-03
-2.147080518115564336e-03 -8.198652514825906365e-04
-1.782131521109984974e-03 -4.644358539683280935e-04
-1.360700327982637637e-03 -9.319963855688724423e-05
-9.599000240084513361e-04 1.968158311980541027e-04
-6.526549321549548035e-04 3.274082471344836199e-04
-4.941070495685129542e-04 2.542121848887657267e-04
-5.114008452870734802e-04 -2.478465146220094201e-05
-6.987741452266977345e-04 -4.688339970082382180e-04
-1.018877951279941602e-03 -1.002204393287088255e-03
-1.410068595602463615e-03 -1.528667553717317487e-03
-1.798284945397494701e-03 -1.949945656501697860e-03
-2.111255534358285734e-03 -2.184619688128772337e-03
-2.292339814413704019e-03 -2.183910014191185398e-03
-2.311377620200882280e-03 -1.941331152626390825e-03
-2.170488166066356344e-03 -1.494381439121127836e-03
-1.903717033618407186e-03 -9.179355339628710291e-04
-1.570595413091868805e-03 -3.105781465613557100e-04
-1.244829578916100419e-03 2.235463978852958141e-04
-1.000261737767059152e-03 5.939450654738544395e-04
-8.967611635052635160e-04 7.404227047243483418e-04
-9.687188568913176990e-04 6.440244619342546132e-04
-1.218327092712762766e-03 3.302133162701102439e-04
-1.614920245898486192e-03 -1.363089035621699600e-04
-2.100506547410306568e-03 -6.641478134332772475e-04
-2.600449019571448098e-03 -1.152747533055922726e-03
-3.037279561234501081e-03 -1.511581912367913980e-03
-3.345037455718504089e-03 -1.677368886883230312e-03
-3.481424669653194331e-03 -1.626047207954121627e-03
-3.435483915509698893e-03 -1.377248506874797964e-03
-3.229353244986439032e-03 -9.904205902439228507e-04
-2.913772398186646219e-03 -5.533405528469169388e-04
-2.558198915094006456e-03 -1.651990129186566925e-04
-2.237412171917509997e-03 8.253368952339831636e-05
-2.017147879319458777e-03 1.238271089847103271e-04
-1.941488384063661844e-03 -6.896950986156062842e-05
-2.024400750149154583e-03 -4.794287895300149930e-04
-2.247028201960813831e-03 -1.049679207998971756e-03
-2.561250018536529675e-03 -1.690885257458613067e-03
-2.898836887219907472e-03 -2.299601935392394259e-03
-3.184468047045913800e-03 -2.776919191825144399e-03
-3.350144141076290619e-03 -3.046783115704885733e-03
-3.348264256378680540e-03 -3.070035649078887031e-03
-3.160887442467371147e-03 -2.851524146384230504e-03
-2.803420405480934463e-03 -2.438942900273590418e-03
-2.322027502803154092e-03 -1.913632677387910050e-03
-1.785246982205703371e-03 -1.375085265861334316e-03
-1.271393733487668608e-03 -9.220900871399395540e-04
-8.541260827532401066e-04 -6.340937824588328223e-04
-5.889014155052343501e-04 -5.563013781771234453e-04
-5.028769228473172013e-04 -6.913372220483624290e-04
-5.901594346169841514e-04 -9.990399234087138196e-04
-8.132956528960381352e-04 -1.404423604878953695e-03
-1.110712868547128994e-03 -1.812289877678088107e-03
-1.408694086138401365e-03 -2.125714211250510043e-03
-1.635613618504328870e-03 -2.264895531542625295e-03
-1.735732054869405273e-03 -2.182788121464918595e-03
-1.679933912989083847e-03 -1.874543448746094536e-03
-1.471371249088163254e-03 -1.378961205001984517e-03
-1.144942181041889951e-03 -7.716617692608070556e-04
-7.607018082781842041e-04 -1.512600459398893288e-04
-3.924531060012629072e-04 3.788536778690615144e-04
-1.136792403402516003e-04 7.296875844597735692e-04
1.651666961292972292e-05 8.431567296687289374e-04
-3.520140507898446552e-05 7.028091602468976599e-04
-2.698491937424717839e-04 3.367461584952761121e-04
-6.556490656051518554e-04 -1.878107483587820403e-04
-1.133732998865362961e-03 -7.772736545142441096e-04
-1.628948726842497936e-03 -1.329346502573793259e-03
-2.063730457420060328e-03 -1.752244601045087205e-03
-2.372415641364033611e-03 -1.981838797774885304e-03
-2.513304971926783038e-03 -1.993482638198650590e-03
-2.476190088475553781e-03 -1.806289498416973043e-03
-2.283931425515976516e-03 -1.479058013056691904e-03
-1.987794848121301680e-03 -1.098627060465002603e-03
-1.657436914318360151e-03 -7.628763637323704005e-04
-1.367441163334278016e-03 -5.616037118546894896e-04
-1.182960039821312741e-03 -5.589126996117484755e-04
-1.147185455938349360e-03 -7.804594207224454377e-04
-1.273023705387284904e-03 -1.207986763035751639e-03
-1.540553260029017477e-03 -1.782194995738759641e-03
-1.900747871187036730e-03 -2.413418494613022054e-03
-2.284759934844007682e-03 -2.998099676178918576e-03
-2.617005130087264684e-03 -3.437952519755903876e-03
-2.829568489809874705e-03 -3.658197503283041295e-03
-2.875200826444009646e-03 -3.621424064875225241e-03
-2.736440407382304679e-03 -3.334462863045663424e-03
-2.429127615617610383e-03 -2.846971755694793424e-03
-1.999641299421071189e-03 -2.242006349356407465e-03
-1.516373736070145703e-03 -1.620361543863139270e-03
-1.057051635862030388e-03 -1.081647797781383306e-03
-6.942969204687759154e-04 -7.056820013278551542e-04
-4.821542450980957281e-04 -5.377112478338478066e-04
-4.461293017746514617e-04 -5.802601509843814415e-04
-5.786174763723573797e-04 -7.931364811759103722e-04
-8.405822414521853768e-04 -1.101583622378590234e-03
-1.169159907647297292e-03 -1.411024493917309702e-03
-1.489745962954725509e-03 -1.625592490255088401e-03
-1.730270513853332612e-03 -1.666927198302745657e-03
-1.834956794449916877e-03 -1.489662082752952598e-03
-1.774955609632587620e-03 -1.090657569794715401e-03
-1.553841173221938996e-03 -5.102174360029610410e-04
-1.206927858835329676e-03 1.749551552537084026e-04
-7.945384366430535434e-04 8.657407499473507902e-04
-3.905006599623361417e-04 1.458889610197211225e-03
-6.805351987079495246e-05 1.866158296944326256e-03
1.141641732195523493e-04 2.030681829922306118e-03
1.233850458573020580e-04 1.937488052838368894e-03
-4.089538377993631822e-05 1.616168028449733529e-03
-3.466232304338954942e-04 1.135199463040823930e-03
-7.350490364485558594e-04 5.889985304564197572e-04
-1.131645288068991537e-03 8.015022342124328118e-05
-1.460018050258070918e-03 -2.998217530390818574e-04
-1.656185056956120498e-03 -4.875099414414280812e-04
-1.680522900156387629e-03 -4.592809958478983462e-04
-1.525126837243408412e-03 -2.353380364828678087e-04
-1.215194715135619729e-03 1.245713415936879303e-04
-8.041772585527744545e-04 5.329772319426084740e-04
-3.636164039464430094e-04 8.917888950599572699e-04
3.040181829876489883e-05 1.111424492866483048e-03
3.116133750199783143e-04 1.128333699191820354e-03
4.360408333675149222e-04 9.175821426815990774e-04
3.901971507568816467e-04 4.981020094664738787e-04
1.934771760889512048e-04 -7.039757900654083000e-05
-1.057130362140943681e-04 -6.982866670823731749e-04
-4.393522917240525794e-04 -1.282591544501684219e-03
-7.329417758031623546e-04 -1.726162628328022043e-03
-9.198908623680600218e-04 -1.955810787059050846e-03
-9.544209996253639160e-04 -1.935983282424121260e-03
-8.205375150202035483e-04 -1.675393151553080913e-03
-5.353633288974616374e-04 -1.225348101258991445e-03
-1.461959168356898931e-04 -6.700946299683335598e-04
2.781626811148410526e-04 -1.110029798736109812e-04
6.601684728286459592e-04 3.524171832495387501e-04
9.279811666029304847e-04 6.410821649127134347e-04
1.028864112985814925e-03 7.109734490094559703e-04
9.390071386359700577e-04 5.610882635246717621e-04
6.679173944293154575e-04 2.332066773316156705e-04
2.565509452196469394e-04 -1.964692000657056528e-04
-2.304580330518530651e-04 -6.322087515065054515e-04
-7.169971004536289556e-04 -9.773466951426424808e-04
-1.129793646067718451e-03 -1.153044163977023787e-03
-1.412140554900891392e-03 -1.113652567012061350e-03
-1.534432167726304270e-03 -8.557595972079387993e-04
-1.499518409534870023e-03 -4.191938560995440077e-04
-1.341867268237094055e-03 1.202117271481180361e-04
-1.120699231186628175e-03 6.647357186187300175e-04
-9.083996185753418287e-04 1.113097158753961757e-03
-7.764096698216708253e-04 1.379532117556515891e-03
-7.812752777933934349e-04 1.410008804722683159e-03
-9.535029045832332491e-04 1.192512039742021912e-03
-1.291341008846133565e-03 7.594488245711374140e-04
-1.760672847824859165e-03 1.817166217922047537e-04
-2.301049341902835794e-03 -4.444473243405786954e-04
-2.836727906859951541e-03 -1.015352182503445047e-03
-3.290634933798657069e-03 -1.439096767775375129e-03
-3.598615473832778890e-03 -1.652535806294164362e-03
-3.721278594389258905e-03 -1.632767547654625021e-03
-3.651201262914936536e-03 -1.400979333574707900e-03
-3.414131464618079190e-03 -1.017935372838336787e-03
-3.063966378332070532e-03 -5.719738443691517807e-04
-2.672458914336060375e-03 -1.617988346150977348e-04
-2.315602839112509449e-03 1.226620561550297896e-04
-2.059274346202413352e-03 2.176978991039462286e-04
-1.946847475944624237e-03 9.823903205750592060e-05
-1.991125851439873307e-03 -2.170964984322121261e-04
-2.172114802521487795e-03 -6.692987914536968792e-04
-2.441051072019045746e-03 -1.169987186663440717e-03
-2.729921534632404057e-03 -1.618075004523070789e-03
-2.964662239405294053e-03 -1.918925809892177339e-03
-3.079531568188907317e-03 -2.002375309916527152e-03
-3.029928473220413684e-03 -1.836205739828757977e-03
-2.801220825088902248e-03 -1.432518603751858650e-03
-2.411904199760577308e-03 -8.457943151890796700e-04
-1.910484953466672856e-03 -1.629994392648750597e-04
-1.366669909820421086e-03 5.123937587539760833e-04
-8.585233762460813076e-04 1.079459639275459019e-03
-4.580163196167824765e-04 1.458347263143946766e-03
-2.176976722449358104e-04 1.604788441445907611e-03
-1.610061176427392965e-04 1.517851970961486959e-03
-2.780523696612052786e-04 1.239489585655805404e-03
-5.276672139935446740e-04 8.459735598870342767e-04
-8.453253185251803680e-04 4.328610583234572713e-04
-1.155443428159144345e-03 9.634556133572493193e-05
-1.385724445415717834e-03 -8.546098308070981288e-05
-1.480832643289946987e-03 -6.775958498905169242e-05
-1.412812974071548516e-03 1.520849946800219721e-04
-1.186284924024773053e-03 5.337585633780811195e-04
-8.374316817782634283e-04 1.001432526959239499e-03
-4.269810081941186118e-04 1.458016729158480469e-03
-2.851250408309326072e-05 1.803534221034272782e-03
2.856885755683007361e-04 1.954139493864060027e-03
4.585458808519783614e-04 1.858177743840811347e-03
4.592334489259626193e-04 1.506240915882577948e-03
2.892465942558840319e-04 9.333109538861329713e-04
-1.765404832579093707e-05 2.125770594261161626e-04
-4.016212190359501398e-04 -5.579114658099760052e-04
-7.878585987641613039e-04 -1.273240189437003329e-03
-1.100613824693114215e-03 -1.840876976491877997e-03
-1.277382107568902653e-03 -2.197540410668558618e-03
-1.280634838698492929e-03 -2.320508945232517030e-03
-1.104855223438341687e-03 -2.231243580191770437e-03
-7.775505239507769784e-04 -1.990652371629124916e-03
-3.540499170480899700e-04 -1.686907436566689126e-03
9.292744074999029691e-05 -1.418134713494883549e-03
4.869603630729275575e-04 -1.273266687710257342e-03
7.622803081404847534e-04 -1.314694959507102393e-03
8.760781709444128915e-04 -1.566017313225901656e-03
8.164371757949403889e-04 -2.007207672738100905e-03
6.043947557111630951e-04 -2.578130008619011412e-03
2.897485638897763353e-04 -3.189735413596403620e-03
-5.859323345017977344e-05 -3.740824753267905315e-03
-3.658838685952036903e-04 -4.137203418236284902e-03
-5.659125234314670190e-04 -4.309599721878661777e-03
-6.137531349211251385e-04 -4.226950591178267949e-03
-4.944670332603019096e-04 -3.902533472234810848e-03
-2.261054346827006865e-04 -3.391776122423722194e-03
1.435623918195001226e-04 -2.782150089722176898e-03
5.459807848978764575e-04 -2.177051176177810347e-03
9.047122139353846060e-04 -1.676707546559034513e-03
1.149874544280021608e-03 -1.359718057622165280e-03
1.231379711614690679e-03 -1.268703478503040074e-03
1.128468368538912588e-03 -1.402774265694499900e-03
8.537353224426432212e-04 -1.718227950836742146e-03
4.508826329968582689e-04 -2.137331359464342100e-03
-1.337620361591328958e-05 -2.563512758664559989e-03
-4.617311350331401612e-04 -2.900076329463343455e-03
-8.206628392413836334e-04 -3.068885664934830650e-03
-1.034083200171591202e-03 -3.025470318220634027e-03
-1.073651969019390456e-03 -2.767688341360842290e-03
-9.438226446867863540e-04 -2.336299678556028221e-03
-6.806691491979487661e-04 -1.807338803591577959e-03
-3.447228321960290991e-04 -1.277729716495783728e-03
-9.183656646689019286e-06 -8.468679179348207733e-04
2.542546897715626574e-04 -5.976595695604768575e-04
3.892743925007241968e-04 -5.806127155402720976e-04
3.658646091609052365e-04 -8.039993178635353090e-04
1.862377741371926219e-04 -1.231958985340484564e-03
-1.153949820437102946e-04 -1.790912955746130214e-03
-4.791518250883218641e-04 -2.383084543248984149e-03
-8.307175590648623520e-04 -2.904577575450134792e-03
-1.095365660410762372e-03 -3.264601902770071160e-03
-1.212111971115907832e-03 -3.402218150983692818e-03
-1.145320934724071383e-03 -3.297443570159896021e-03
-8.915664289476162453e-04 -2.974628181811477326e-03
-4.804465879073320706e-04 -2.497473357063511624e-03
3.080436930911558161e-05 -1.956646494682168311e-03
5.678908951914686271e-04 -1.452346179471280911e-03
1.053220037921672424e-03 -1.075126901152768759e-03
1.420254213049499835e-03 -8.886203667545203213e-04
1.625741838256862352e-03 -9.174295853009925561e-04
1.657517350837020521e-03 -1.142490606621002040e-03
1.536401567442439130e-03 -1.504780900450542738e-03
1.311850760484587234e-03 -1.916671002254359459e-03
1.052186626028059780e-03 -2.278766883413605501e-03
8.312653519331102353e-04 -2.499048963903943016e-03
7.141179912518565371e-04 -2.510677033988127638e-03
7.442886988706099967e-04 -2.285081316047150694e-03
9.352753180151331678e-04 -1.837851008795208206e-03
1.267699310779754531e-03 -1.226294229095341391e-03
1.692746346294850181e-03 -5.391193367687151412e-04
2.141230575192402865e-03 1.198212067039913157e-04
2.536569739900313997e-03 6.506593701337887907e-04
2.809216632769851937e-03 9.759035242799644645e-04
2.909815465264785524e-03 1.054624058928035294e-03
2.818591916873738022e-03 8.897586982162489656e-04
2.549197539671043972e-03 5.271654270660505043e-04
2.146278037147492275e-03 4.661233256997993069e-05
1.677222149759467545e-03 -4.535810300404312899e-04
1.219648699621864608e-03 -8.753356950915847480e-04
8.469953656069528249e-04 -1.139475401141821186e-03
6.149313881298389085e-04 -1.200721926263688660e-03
5.511597575823883825e-04 -1.056183118602839824e-03
6.505321965922528918e-04 -7.457272989686519835e-04
8.763940159710163508e-04 -3.441760630821566512e-04
1.167896230805636837e-03 5.320132381202678784e-05
1.451882529909220712e-03 3.491385278947455257e-04
1.657092712295024813e-03 4.632656166558277774e-04
1.727986000265914826e-03 3.478578685550887725e-04
1.635560174158077161e-03 -2.553492468117040878e-06
1.383112004187291716e-03 -5.495408861941706181e-04
1.005843127854198988e-03 -1.217434157183263027e-03
5.643817981249372095e-04 -1.907022408032320576e-03
1.334439580784718259e-04 -2.513723372536355756e-03
-2.122214602649771320e-04 -2.946793734439057816e-03
-4.119427532881394334e-04 -3.145956215492593487e-03
-4.306192415032963428e-04 -3.092307600925220043e-03
-2.654209492802429978e-04 -2.811453694128387363e-03
5.357691140399031306e-05 -2.368287677109354866e-03
4.689483751988706263e-04 -1.854409091324488341e-03
9.066129079660979230e-04 -1.370572365983299679e-03
1.289653425829164445e-03 -1.007493027723417242e-03
1.552645790099871879e-03 -8.286486352640876161e-04
1.653793067337507288e-03 -8.583316550572878643e-04
1.582573820780625636e-03 -1.077214902724365261e-03
1.361463242855329853e-03 -1.426265576942168430e-03
1.041408196687292715e-03 -1.818261104725887086e-03
6.919197222271692782e-04 -2.154718750692171097e-03
3.876653923754876064e-04 -2.345024163624368635e-03
1.941061767060884430e-04 -2.324126198140840684e-03
1.549027957951283098e-04 -2.065435603100065128e-03
2.834807908089700826e-04 -1.586472359896109671e-03
5.603552725637384090e-04 -9.461788217677687346e-04
9.367248171583713494e-04 -2.343935048713716553e-04
1.343655930615985554e-03 4.445353121698734184e-04
1.705119889512144663e-03 9.909071551202379077e-04
1.952413241576239546e-03 1.327983782047466744e-03
2.037230171759672574e-03 1.416004943700207826e-03
1.940909148243862058e-03 1.259262735103966338e-03
1.678099655557331463e-03 9.049047217628833958e-04
1.294150456061327580e-03 4.337005193121151996e-04
8.567088439663736454e-04 -5.547362338419322639e-05
4.431158440075305335e-04 -4.644901811284936257e-04
1.259778511425670069e-04 -7.145932534686498441e-04
-4.035981495792862611e-05 -7.612627425813195316e-04
-2.988287353992448696e-05 -6.025073476670494022e-04
1.503785696006246448e-04 -2.790201901135450730e-04
4.618793733889625989e-04 1.338264028623026834e-04
8.420358232552225489e-04 5.406234288763322928e-04
1.216228057908075658e-03 8.444232012173493850e-04
1.512050979358736062e-03 9.655795856128963298e-04
1.673111177490366067e-03 8.573513849076132808e-04
1.669754215310009695e-03 5.153018640127505785e-04
1.504688782396356155e-03 -2.129840982660927921e-05
1.212441485207459146e-03 -6.763442817058664801e-04
8.527452396694874034e-04 -1.350756084954138824e-03
4.991139619177688844e-04 -1.940715436228376313e-03
2.247687971892629259e-04 -2.356835876675543624e-03
8.858366986840265217e-05 -2.540649498253035911e-03
1.237152924265622848e-04 -2.475297668367262144e-03
3.310754041280621887e-04 -2.188409930065156068e-03
6.788869582869552863e-04 -1.746632621630379032e-03
1.108414665445478292e-03 -1.242848014561768848e-03
1.544791708678862124e-03 -7.785068343568433708e-04
1.910899835066585516e-03 -4.444202692671967055e-04
2.141682035517851468e-03 -3.036472317601366776e-04
2.196185093474625847e-03 -3.797139239349828308e-04
2.065058927698478625e-03 -6.523912171900232313e-04
1.772099530225489670e-03 -1.061822566045939097e-03
1.369549603292435176e-03 -1.520212471175634268e-03
9.280522900745232775e-04 -1.928852601439959465e-03
5.231650128937719024e-04 -2.197250920972018684e-03
2.209908454532134164e-04 -2.260730137054073677e-03
6.565091354296837423e-05 -2.093151054440627913e-03
7.097161592220047142e-05 -1.712339228355612419e-03
2.179612240013800760e-04 -1.177174929411121430e-03
4.585530188761439193e-04 -5.768852708520140656e-04
7.249043801798782036e-04 -1.455445683761109887e-05
9.424880809026591443e-04 4.120362018295058637e-04
1.044492906055819511e-03 6.286200737069878690e-04
9.848017897780190176e-04 5.982684700304156293e-04
7.470841072688869881e-04 3.282143732926091299e-04
3.482737538392146476e-04 -1.316108450026288990e-04
-1.642329587665708511e-04 -6.980479925264400842e-04
-7.211369045906871212e-04 -1.270394013495528473e-03
-1.243940704453617855e-03 -1.749330948229246320e-03
-1.659401000286985298e-03 -2.055519034443499711e-03
-1.913000218634969924e-03 -2.144338554086314998e-03
-1.978895016977690133e-03 -2.013995990887043619e-03
-1.864465316443512282e-03 -1.705468077431853162e-03
-1.608609594734554350e-03 -1.294304142111132134e-03
-1.274115486770240361e-03 -8.758499001980451712e-04
-9.355556665466683609e-04 -5.467023346041472711e-04
-6.650052399758785582e-04 -3.859195402215001049e-04
-5.182882546176816431e-04 -4.395561092682075642e-04
-5.243595632437393671e-04 -7.114649605042540174e-04
-6.798333863667901456e-04 -1.162119685467260730e-03
-9.496941730709474979e-04 -1.715692225237542808e-03
-1.274053541249726279e-03 -2.274056678496629534e-03
-1.579671094223346946e-03 -2.735077433401709307e-03
-1.794053774763797703e-03 -3.011727173953584677e-03
-1.859459159893504191e-03 -3.048421538170331159e-03
-1.744145381483408778e-03 -2.831482402203567075e-03
-1.448730924804914576e-03 -2.391751532803282516e-03
-1.006452857147694963e-03 -1.798860610200893285e-03
-4.772668812341570514e-04 -1.148241388452809998e-03
6.310166203932416392e-05 -5.433323394040879455e-04
5.370908193475900424e-04 -7.634567751675365270e-05
8.795889831020303881e-04 1.887706082992522206e-04
1.049878430676198663e-03 2.279584012706400899e-04
1.038981395989278496e-03 6.107176431858791100e-05
8.710245569715671481e-04 -2.524541845118127761e-04
5.983696792582782762e-04 -6.254552305990867221e-04
2.914376424391015049e-04 -9.601534961641493109e-04
2.515688062897938025e-05 -1.167281947111941873e-03
-1.353946470603431844e-04 -1.183583044917746593e-03
-1.474332680249717739e-04 -9.843546610577955276e-04
1.357890744442080515e-06 -5.886546632841581535e-04
2.904748579133646820e-04 -5.616645176670002166e-05
6.705015784661602770e-04 5.236922028081543576e-04
1.072538902398434673e-03 1.048364593402255698e-03
1.421364986966578824e-03 1.421320668791193221e-03
1.649830859739886187e-03 1.570170216876827550e-03
1.711760221161131613e-03 1.460298382996774984e-03
1.590905119096624153e-03 1.101444025295596381e-03
1.304255419273648176e-03 5.459755220659355968e-04
8.990687281262469506e-04 -1.208114436825717404e-04
4.441762438934003868e-04 -7.965410916419194244e-04
1.720382151560589934e-05 -1.380755188731530624e-03
-3.098788783876454738e-04 -1.793471914790580350e-03
-4.841514032696048230e-04 -1.989801490722292905e-03
-4.815477553414462125e-04 -1.967862203189498990e-03
-3.112226437448761948e-04 -1.768510211473404373e-03
-1.365660137587576626e-05 -1.466947485453737017e-03
3.471375353482339713e-04 -1.157810709144344811e-03
6.958283737468467373e-04 -9.365786694498634676e-04
9.600856091584959512e-04 -8.808327424969053347e-04
1.084293557111684105e-03 -1.034932596791412205e-03
1.040062396651081789e-03 -1.401021951584903663e-03
8.315483318660261839e-04 -1.938079733245231563e-03
4.945777808530872188e-04 -2.569207400635562921e-03
8.974479859856199476e-05 -3.195782259377423495e-03
-3.092070988834113698e-04 -3.715804847958039357e-03
-6.295139572402058854e-04 -4.042972478110532647e-03
-8.133504975661827105e-04 -4.122871519259457655e-03
-8.289702770525734284e-04 -3.943224500246549427e-03
-6.769112820153402096e-04 -3.536251707926560493e-03
-3.900854965214108766e-04 -2.972697987570033402e-03
-2.772901257516199289e-05 -2.348651613938715181e-03
3.356481169148912568e-04 -1.767644999729093853e-03
6.242259667011836825e-04 -1.321418616643144951e-03
7.751141959499783900e-04 -1.072981039427462358e-03
7.501754810397441228e-04 -1.045161896872490951e-03
5.431981757730280219e-04 -1.216813341722588343e-03
1.810631201782792452e-04 -1.527366606959307520e-03
-2.813143163628596937e-04 -1.888867693589815159e-03
-7.713083093030835341e-04 -2.203199894282800893e-03
-1.212218096978586986e-03 -2.381218882261774972e-03
-1.537634345712828986e-03 -2.360164414864837027e-03
-1.703818434123636517e-03 -2.116039784575529659e-03
-1.697753972054020805e-03 -1.668604041106054071e-03
-1.539350240379874085e-03 -1.078022058561471956e-03
-1.277385387362545274e-03 -4.337985999045984868e-04
-9.799633071617946251e-04 1.619147751973408706e-04
-7.212975607404686820e-04 6.134838017144379546e-04
-5.673316512412056225e-04 8.498006483596628894e-04
-5.629256445660517187e-04 8.377288735611022929e-04
-7.230427322540491919e-04 5.884372098631301604e-04
-1.029611975795603328e-03 1.554197319951766145e-04
-1.434668542682832320e-03 -3.754277342072678001e-04
-1.869183775058177099e-03 -9.018027123844143131e-04
-2.255919552512573346e-03 -1.324042383831420741e-03
-2.523878724700314748e-03 -1.563624428840581972e-03
-2.621620325701409706e-03 -1.577630132081836358e-03
-2.526922246765783611e-03 -1.366442867000875003e-03
-2.250964550888795782e-03 -9.732364905605180331e-04
-1.836242947729166278e-03 -4.753629798234917719e-04
-1.348607917709002037e-03 3.071757886859925171e-05
-8.649360534698291103e-04 4.480991942583868086e-04
-4.587660262677093533e-04 6.981394427701785588e-04
-1.866158399980506104e-04 7.356633185358318330e-04
-7.756796994283173853e-05 5.577735887835079658e-04
-1.280892427093934492e-04 2.045918309314892578e-04
-3.030602614013902410e-04 -2.482161294821652207e-04
-5.428126750096136811e-04 -7.037192764800031738e-04
-7.748344168185252942e-04 -1.062103553319149619e-03
-9.279187157596881881e-04 -1.239676842326064904e-03
-9.460696690766224595e-04 -1.184896617794135680e-03
-7.995231303645796003e-04 -8.883819328381978991e-04
-4.907879149101555729e-04 -3.850086009600722304e-04
-5.455542849162680567e-05 2.523162674380242422e-04
4.485127836857536387e-04 9.260302850683506479e-04
9.429503000222029530e-04 1.531919702747718600e-03
1.352496083442992006e-03 1.978353413608900137e-03
1.614302331081562958e-03 2.203117201389876226e-03
1.690654054030398630e-03 2.184673362459975485e-03
1.575984534647780801e-03 1.945726651357555619e-03
1.297860309891131058e-03 1.548434236389799237e-03
9.117499345094267661e-04 1.082179174427979392e-03
4.905665504660679157e-04 6.462343170754540882e-04
1.109626312564039596e-04 3.306100730593457444e-04
-1.610309280892195660e-04 1.987220915120886233e-04
-2.823061374777711009e-04 2.751688500499313832e-04
-2.405953653854774315e-04 5.409398960735192514e-04
-5.651155356543944696e-05 9.369666640986843700e-04
2.206686185779953941e-04 1.375346180745938562e-03
5.226731005065778611e-04 1.756113095551069779e-03
7.755161866442310693e-04 1.986382865087544213e-03
9.138709468526273402e-04 1.998237924715135991e-03
8.938030985527916673e-04 1.761964742950636971e-03
7.014473615236343877e-04 1.292128109927763099e-03
3.559758497694861341e-04 6.453235690487371147e-04
-9.371074887585447159e-05 -8.997688273357386636e-05
-5.779493048738073169e-04 -8.095748600677340166e-04
-1.019245862481231186e-03 -1.412646186986037805e-03
-1.346729187916140833e-03 -1.820188843339907818e-03
-1.509393538461192234e-03 -1.989339068074262497e-03
-1.485626115689931033e-03 -1.920858875509360653e-03
-1.287217000362810698e-03 -1.658390987358936836e-03
-9.570929084549214139e-04 -1.279635453250840393e-03
-5.612033019448420951e-04 -8.811309809812711922e-04
-1.760934785348133337e-04 -5.595337772099866604e-04
1.254851517884490470e-04 -3.929484673723874881e-04
2.882067211011280806e-04 -4.258541511237914651e-04
2.844680080151827705e-04 -6.604860782656173535e-04
1.194066320886814870e-04 -1.056309088857972913e-03
-1.703038832754798421e-04 -1.537684723798270550e-03
-5.236476245838475553e-04 -2.008280331287530703e-03
-8.670796112198830667e-04 -2.369489786627868542e-03
-1.128715271148435922e-03 -2.539373778019918607e-03
-1.252202503240786935e-03 -2.468527257608153433e-03
-1.207643017702232906e-03 -2.149861661276548583e-03
-9.974886620260567383e-04 -1.620440078605523684e-03
-6.562903676006524118e-04 -9.550068789347246952e-04
-2.443419457162924113e-04 -2.524247474252485995e-04
1.635822982442929302e-04 3.824258685278752014e-04
4.922673172968047243e-04 8.578713480813335724e-04
6.802187599875759213e-04 1.112167451616925991e-03
6.912663113239198281e-04 1.124567523483827394e-03
5.214124211791658315e-04 9.186543348041571397e-04
1.996290616606988949e-04 5.573177701459064567e-04
-2.175500116428320460e-04 1.303414439096658799e-04
-6.566202478269650162e-04 -2.630404294980551519e-04
-1.040878801635920911e-03 -5.333037156544061241e-04
-1.304775230638397909e-03 -6.178768957259600427e-04
-1.406128290655190433e-03 -4.931948475649835508e-04
-1.333901333735948783e-03 -1.792777529425406031e-04
-1.110070181931122838e-03 2.640335535347793170e-04
-7.852361728370268372e-04 7.484725389767194013e-04
-4.288215045822156568e-04 1.174212118800794288e-03
-1.157097827306649779e-04 1.449002117148342258e-03
8.813243449006446725e-05 1.505949029183051291e-03
1.383246905173509799e-04 1.316563436053304987e-03
2.062803130578583742e-05 8.965949648630424512e-04
-2.462379767746053797e-04 3.035390570987701788e-04
-6.140540506839842986e-04 -3.737243044513365660e-04
-1.014184083732884130e-03 -1.031210725395912027e-03
-1.370564527214042285e-03 -1.568960944255732952e-03
-1.614141935157493903e-03 -1.909410975996144420e-03
-1.696025045082143407e-03 -2.011537671240058636e-03
-1.596860046132903780e-03 -1.878113952281568752e-03
-1.330651702792175987e-03 -1.554711879780726856e-03
-9.423035953880115915e-04 -1.120653172421098333e-03
-4.993390156302893916e-04 -6.736302094340049012e-04
-7.936505066753393994e-05 -3.109174710240798388e-04
2.443523421618693479e-04 -1.107372189187046368e-04
4.164773822547467941e-04 -1.173121232334014066e-04
4.097914458829308992e-04 -3.324374404161917857e-04
2.300562204318917282e-04 -7.151688547455312649e-04
-8.536058728194056283e-05 -1.189683391866905001e-03
-4.748296431494734740e-04 -1.659821298075856875e-03
-8.643769456079173057e-04 -2.027549898563213871e-03
-1.181910400131202035e-03 -2.211846126060798903e-03
-1.371056258703820573e-03 -2.164413621271719414e-03
-1.401980201248228955e-03 -1.879248375977098876e-03
-1.277139568295756642e-03 -1.394230599915945255e-03
-1.030873927786243958e-03 -7.844295176447689619e-04
-7.229088593201268538e-04 -1.483764287582447594e-04
-4.270014461250259052e-04 4.101074070512783672e-04
-2.168770219999630261e-04 8.010997249584451583e-04
-1.521208011501343519e-04 9.651617818539476572e-04
-2.666977549069046586e-04 8.841896334451132718e-04
-5.622776170009484041e-04 5.844879381545778569e-04
-1.007633173432103063e-03 1.314934706083118105e-04
-1.544231055292715144e-03 -3.828448371419355479e-04
-2.096962619475590574e-03 -8.576337100041206071e-04
-2.587989991411547216e-03 -1.202220546707204836e-03
-2.951093077852184020e-03 -1.353360712192394535e-03
-3.143808899707392895e-03 -1.287116230436565270e-03
-3.155072825224172067e-03 -1.023234608483056295e-03
-3.006923012492390690e-03 -6.211823576055658901e-04
-2.749953330832223021e-03 -1.685898139339456008e-04
-2.453383414466632408e-03 2.356975028387717501e-04
-2.191633252196837755e-03 5.007429631697762331e-04
-2.029950951321070080e-03 5.611870598634386342e-04
-2.011820844355451977e-03 3.901031046386149812e-04
-2.150541141037475706e-03 4.594130272589391252e-06
-2.426569868631469652e-03 -5.369413446349570549e-04
-2.791144572935662631e-03 -1.145369775143142196e-03
-3.175492193418874044e-03 -1.717222410421531849e-03
-3.503885844500668600e-03 -2.153841571101710716e-03
-3.708075605146494026e-03 -2.379659778145292674e-03
-3.740359024109623544e-03 -2.356161369655174805e-03
-3.582813414974792172e-03 -2.088892534900848186e-03
-3.250937634649351485e-03 -1.626200500248394746e-03
-2.791008550223280770e-03 -1.049946995782936963e-03
-2.271646596446171527e-03 -4.599589374489984226e-04
-1.771180564919035832e-03 4.483687211305693084e-05
-1.363196591356724986e-03 3.850224042713574395e-04
-1.102999732746394717e-03 5.155184861888479362e-04
