3.420498537019775768e-04 -6.258274544035943117e-04
1.553121911551104102e-04 -1.461826616504750299e-03
6.720390697804881717e-06 -2.088682710363966993e-03
-8.883655822455768488e-05 -2.393447702762311387e-03
-1.265122225170131815e-04 -2.321112237259358169e-03
-1.123464323973346105e-04 -1.885126835445798035e-03
-6.206655992796054943e-05 -1.165028339510421323e-03
1.926550423881146937e-06 -2.916153364673696510e-04
5.481774117017856256e-05 5.775276224552395752e-04
7.407630267501752312e-05 1.287531076505686514e-03
4.370609571513229012e-05 1.715190622162213576e-03
-4.275581085998463211e-05 1.791894609535022971e-03
-1.810574701133215196e-04 1.516199235880550744e-03
-3.570884587985159232e-04 9.536811991959078753e-04
-5.496092861139679694e-04 2.241070096864763940e-04
-7.343339207388850827e-04 -5.216406781114583426e-04
-8.885892590139992265e-04 -1.130500412930748400e-03
-9.956661250829865889e-04 -1.476544188242865296e-03
-1.048034888955380215e-03 -1.485105823853148481e-03
-1.048813927583851962e-03 -1.147149512483354016e-03
-1.011210204012183249e-03 -5.211519603594822305e-04
-9.560355257478948083e-04 2.778626434420156284e-04
-9.077668051550129291e-04 1.100061388258305548e-03
-8.898948023921312688e-04 1.789200028277347383e-03
-9.204410672947335118e-04 2.212301368459669744e-03
-1.008491472359237476e-03 2.284992723687952892e-03
-1.152402756394368000e-03 1.987700737672896088e-03
-1.340022228089930365e-03 1.369631327883511418e-03
-1.550880110259062004e-03 5.397738696356027977e-04
-1.759941026283609730e-03 -3.533756359481646367e-04
-1.942206448982055017e-03 -1.149542678627640552e-03
-2.077299308297305119e-03 -1.706613813569238291e-03
-2.153165757241196250e-03 -1.927129668955297487e-03
-2.168196575877563356e-03 -1.776326249751821167e-03
-2.131370135863854074e-03 -1.288319740076720836e-03
-2.060393572882604843e-03 -5.592747557664573500e-04
-1.978197889330031174e-03 2.711398937804593051e-04
-1.908454363009430424e-03 1.046486970381383438e-03
-1.870964841674727227e-03 1.623417155885371280e-03
-1.877802165500209704e-03 1.898985419925502526e-03
-1.930934591211564766e-03 1.830249175205107739e-03
-2.021786672825779708e-03 1.442432934801236855e-03
-2.132821916762345747e-03 8.241107438301951060e-04
-2.240849231444888481e-03 1.103175930160389109e-04
-2.321428320936131783e-03 -5.432114837052963441e-04
-2.353540599065668919e-03 -9.897940737793708543e-04
-2.323641384986429876e-03 -1.119906589605135054e-03
-2.228325688469086178e-03 -8.823158343938698051e-04
-2.075101749310143649e-03 -2.942268518644338901e-04
-1.881124116916183626e-03 5.614836194025887807e-04
-1.670123773316859470e-03 1.551434596249237890e-03
-1.468113610273216133e-03 2.516448551917354823e-03
-1.298678942761884126e-03 3.301132948996948757e-03
-1.178740860425129969e-03 3.782746695880638728e-03
-1.115590300926614644e-03 3.893898058867129724e-03
-1.105749836491800144e-03 3.634788312853813076e-03
-1.135873960508675768e-03 3.072694415542750763e-03
-1.185512726263580419e-03 2.328799564737351821e-03
-1.231210980097686980e-03 1.554875264385852020e-03
-1.251162853485264558e-03 9.042390111897475203e-04
-1.229536397475200363e-03 5.024942570899014818e-04
-1.159646066293282566e-03 4.235989358036941575e-04
-1.045369287242327349e-03 6.757981017597104907e-04
-9.005362271145436011e-04 1.200086558580488452e-03
-7.464060689394230947e-04 1.881492833553665995e-03
-6.077059111777825817e-04 2.571046155152496761e-03
-5.079811041688686406e-04 3.114263325353783338e-03
-4.651368084280736162e-04 3.380755981778409483e-03
-4.880149947738458100e-04 3.289344875748824622e-03
-5.746557398542743956e-04 2.823916999208719338e-03
-7.125734851581488807e-04 2.037012924787965328e-03
-8.809981394121515520e-04 1.040453950847856825e-03
-1.054659562083806908e-03 -1.522814679922180996e-05
-1.208402329580043726e-03 -9.686762844604127108e-04
-1.321760946625639803e-03 -1.677640911313440066e-03
-1.382633496771274156e-03 -2.045305573819530820e-03
-1.389362648195699261e-03 -2.038033037358389244e-03
-1.350834578041106276e-03 -1.691183781026922789e-03
-1.284581632996950346e-03 -1.101916384783233798e-03
-1.213252365369159574e-03 -4.103432743255105747e-04
-1.160121461605168004e-03 2.273810580766945193e-04
-1.144493559741010169e-03 6.689361249869842704e-04
-1.177874691499082582e-03 8.130129421184679843e-04
-1.261639356810017243e-03 6.186428622457290031e-04
-1.386637642143481210e-03 1.130156983157931585e-04
-1.534819027646016319e-03 -6.136934023618175913e-04
-1.682567219020132806e-03 -1.425507020979921479e-03
-1.805115864612967958e-03 -2.166581171899715705e-03
-1.881209807370576867e-03 -2.690977246648806193e-03
-1.897129434375833699e-03 -2.890625758761982897e-03
-1.849315649157414268e-03 -2.716178378181400774e-03
-1.745097302140488334e-03 -2.186790116575475923e-03
-1.601381547087604197e-03 -1.386968625348511180e-03
-1.441552674991848464e-03 -4.510757013135854388e-04
-1.291163639398257333e-03 4.615962935991846676e-04
-1.173232636897671719e-03 1.196465929493207517e-03
-1.104031559206011034e-03 1.632421521113523212e-03
-1.090159796249296799e-03 1.704263421190072318e-03
-1.127453421988472426e-03 1.414591360994698526e-03
-1.201932337133541093e-03 8.328961170003591243e-04
-1.292602255508948101e-03 8.203656318366478180e-05
-1.375577502264812863e-03 -6.853295330688041970e-04
-1.428740849768570572e-03 -1.315891819719404790e-03
-1.436055310267902400e-03 -1.684887222647217866e-03
-1.390709101147419172e-03 -1.719821417249745889e-03
-1.296496338893592939e-03 -1.414219119543439363e-03
-1.167170487934520188e-03 -8.288003021516629357e-04
-1.023891862387790166e-03 -7.986217486849282992e-05
-8.912518027379361498e-04 6.829288816376537967e-04
-7.926261211144600919e-04 1.305124380034426625e-03
-7.457379115444641568e-04 1.657039409441106795e-03
-7.592707053254739566e-04 1.658653779187777835e-03
-8.311746125077221214e-04 1.295143877367867062e-03
-9.489880706597208062e-04 6.200938042079668765e-04
-1.092116694008950749e-03 -2.542332185192107321e-04
-1.235640609762735619e-03 -1.177732232378045970e-03
-1.354932624162104478e-03 -1.990468280953810575e-03
-1.430216281294020841e-03 -2.552569278490859038e-03
-1.450204373389355535e-03 -2.770350022878782185e-03
-1.414132550552470603e-03 -2.613730195186435463e-03
-1.331806397613231668e-03 -2.121656655381378050e-03
-1.221656201538866759e-03 -1.394510526307635558e-03
-1.107170490159237186e-03 -5.749426114011872181e-04
-1.012385965492362252e-03 1.792297485711776342e-04
-9.572896688101616060e-04 7.249297716427145939e-04
-9.540053664786741876e-04 9.608684911235144998e-04
-1.004487181519111028e-03 8.466116625495698298e-04
-1.100157631720562624e-03 4.100586479750387885e-04
-1.223558611780874682e-03 -2.580784945134098401e-04
-1.351702276083002361e-03 -1.021744355509059685e-03
-1.460486481204310762e-03 -1.725642671819529583e-03
-1.529337443230277321e-03 -2.225020712286784105e-03
-1.545198793592802815e-03 -2.413486060291295671e-03
-1.505109511382096525e-03 -2.243578072515470170e-03
-1.416879938598894582e-03 -1.736187687720197777e-03
-1.297734771656048995e-03 -9.770306063740406485e-04
-1.171176502008710978e-03 -1.008303659412716107e-04
-1.062659470404928204e-03 7.338047122288841699e-04
-9.948897712609349950e-04 1.374064041527569939e-03
-9.836370785046479742e-04 1.701565932942794568e-03
-1.034847643442735705e-03 1.654524587194030043e-03
-1.143601575087785935e-03 1.239262811100970332e-03
-1.295108668151058896e-03 5.288962956531463328e-04
-1.467551539517766498e-03 -3.505572054315459992e-04
-1.636235631352873400e-03 -1.244011018692055878e-03
-1.778258809899584255e-03 -1.996571391972519482e-03
-1.876815526716094345e-03 -2.482688274984776525e-03
-1.924320297602868544e-03 -2.629678119997909923e-03
-1.923759366978455799e-03 -2.431169227828042408e-03
-1.888015426077933184e-03 -1.947930043998464221e-03
-1.837294532754823713e-03 -1.295931433698926331e-03
-1.795144195220150628e-03 -6.239126107298050656e-04
-1.783818813633234737e-03 -8.470904895377644878e-05
-1.819872717400789104e-03 1.942172119037421669e-04
-1.910818388937197227e-03 1.354527807616930264e-04
-2.053486189188147553e-03 -2.731709653810579595e-04
-2.234400102782920297e-03 -9.757506685664667830e-04
-2.432102624392329729e-03 -1.858400190808861619e-03
-2.620993105047726875e-03 -2.770357455820684784e-03
-2.775957463204792568e-03 -3.552123135105500484e-03
-2.876917337912932113e-03 -4.065312831401757081e-03
-2.912441869550703565e-03 -4.218578690244940803e-03
-2.881742472368311637e-03 -3.984699186308714516e-03
-2.794676678389045738e-03 -3.405606561887621758e-03
-2.669763533284840677e-03 -2.584403706289518932e-03
-2.530588891430949304e-03 -1.665884013851295833e-03
-2.401283164359727801e-03 -8.092428360686697558e-04
-2.301929043348004741e-03 -1.581457478194235166e-04
-2.244769313243927082e-03 1.861825498546234355e-04
-2.231932718531622062e-03 1.837586199046027050e-04
-2.255107765520008179e-03 -1.370226639084183573e-04
-2.297224922446093956e-03 -6.852570624826193274e-04
-2.335826874933531055e-03 -1.325284502831629340e-03
-2.347486398728114085e-03 -1.902954279405400830e-03
-2.312432606630019771e-03 -2.275416422026748341e-03
-2.218506434684758537e-03 -2.338785449570636703e-03
-2.063692805416374003e-03 -2.048425321058349163e-03
-1.856745993433377368e-03 -1.428001629086836800e-03
-1.615785400632581371e-03 -5.655743724596925398e-04
-1.365122967574464207e-03 4.025408347103913063e-04
-1.130918122551719494e-03 1.317098303259531039e-03
-9.364781444471667127e-04 2.025649087401719568e-03
-7.980890585544703902e-04 2.411048863690408092e-03
-7.221619634203036309e-04 2.413355906478523594e-03
-7.042309861839693647e-04 2.040978091634782811e-03
-7.299889782614482929e-04 1.368961788576688460e-03
-7.781618579136000569e-04 5.247483780427947796e-04
-8.246750672544426574e-04 -3.359046887474787966e-04
-8.473216669385313666e-04 -1.058280865399644725e-03
-8.300472924403696530e-04 -1.517784516307075322e-03
-7.660403793712182007e-04 -1.643243145296046205e-03
-6.590428669168782189e-04 -1.430026701373075977e-03
-5.226340589093709903e-04 -9.405084408218818744e-04
-3.776245654217677441e-04 -2.917899980750686992e-04
-2.480555243978374460e-04 3.669740986737311328e-04
-1.565627929721545564e-04 8.833471004412736093e-04
-1.199864297043782397e-04 1.131015923694333666e-03
-1.460597157772167728e-04 1.034251821308426137e-03
-2.318078989699423490e-04 5.827819198743712167e-04
-3.639634172085237217e-04 -1.657561529113471890e-04
-5.213227928706319495e-04 -1.096252451876370557e-03
-6.786029082829491159e-04 -2.057489356590730054e-03
-8.110705299849401556e-04 -2.890396167008677658e-03
-8.990724659431348787e-04 -3.457851121899942030e-03
-9.316123365765726673e-04 -3.670393753731928527e-03
-9.083000883076548229e-04 -3.502983232051693277e-03
-8.393079765333709506e-04 -2.999632105594828794e-03
-7.433435908793234849e-04 -2.265038940047167312e-03
-6.440253013939036507e-04 -1.444803379414199857e-03
-5.653473648384594718e-04 -6.979673340363433658e-04
-5.270937174194330679e-04 -1.670773278340791784e-04
-5.410686588393689295e-04 4.856921746161559778e-05
-6.088574487236437204e-04 -8.856467985479438317e-05
-7.215396774126888683e-04 -5.474830955992029003e-04
-8.614081017816860829e-04 -1.234896309008200188e-03
-1.005365562233418277e-03 -2.013279636178799507e-03
-1.129354580410501293e-03 -2.727321502760409692e-03
-1.212978467338765966e-03 -3.233741478715175185e-03
-1.243436286159772418e-03 -3.428820920421843735e-03
-1.218023706140538339e-03 -3.268422338411713576e-03
-1.144723114414540176e-03 -2.776696536827546330e-03
-1.040767990854194868e-03 -2.041819469720470692e-03
-9.294500832207219397e-04 -1.199557803627260624e-03
-8.357707597191456686e-04 -4.077680729236349885e-04
-7.817570319619581484e-04 1.833475704614605586e-04
-7.823265985180383707e-04 4.596009903559150102e-04
-8.424827224887704996e-04 3.644255627055195852e-04
-9.563684185449617932e-04 -9.035924373186924805e-05
-1.108357893660540019e-03 -8.266656729185745687e-04
-1.275978039132671807e-03 -1.714739800619748296e-03
-1.434106919703586605e-03 -2.597487611625022650e-03
-1.559655081700306528e-03 -3.319924941037121630e-03
-1.635844694739977583e-03 -3.758182350652317181e-03
-1.655278194231269567e-03 -3.842581526065670054e-03
-1.621217679120474150e-03 -3.570423420605831066e-03
-1.546835400188750938e-03 -3.006077315082752652e-03
-1.452580097968818144e-03 -2.268365102053190602e-03
-1.362160965621902163e-03 -1.507640977610061241e-03
-1.297913016147746483e-03 -8.769177832248320568e-04
-1.276424969129362008e-03 -5.025181022187013603e-04
-1.305261169476894592e-03 -4.598175701328193789e-04
-1.381401879323822289e-03 -7.586828196654922703e-04
-1.491700790811352918e-03 -1.341369773672941709e-03
-1.615276460540820015e-03 -2.093287384222196259e-03
-1.727387944846149386e-03 -2.864594375513559305e-03
-1.804063585196179556e-03 -3.498543674055300083e-03
-1.826608886602584282e-03 -3.861209785419666800e-03
-1.785141797759067644e-03 -3.866970735442121221e-03
-1.680487212865952552e-03 -3.494918300519052855e-03
-1.524072476394794720e-03 -2.793086236788566365e-03
-1.335843467763488069e-03 -1.869691151694882281e-03
-1.140594996544654289e-03 -8.730381156242150893e-04
-9.634089167991451890e-04 3.611217643236484809e-05
-8.250617957819591890e-04 7.144919189651509784e-04
-7.382692148672761545e-04 1.062930305842497503e-03
-7.054748346185943852e-04 1.044587257977503108e-03
-7.185993501723888024e-04 6.913762353441339943e-04
-7.607929360790166443e-04 9.737222435730305591e-05
-8.098551268878690854e-04 -5.995346671839839325e-04
-8.426701958206562473e-04 -1.244254128230455093e-03
-8.398137601899769572e-04 -1.694328050904470029e-03
-7.894539342295366861e-04 -1.847320943165706511e-03
-6.898039817459745635e-04 -1.660572310692655981e-03
-5.496578023263579658e-04 -1.159562530301800568e-03
-3.869027991796543690e-04 -4.333012544706966616e-04
-2.252879829886911636e-04 3.823937241822168210e-04
-9.005598863092272315e-05 1.130564583044608605e-03
-3.263347140906934334e-06 1.662870099478335178e-03
2.032701935462732706e-05 1.867796317772505267e-03
-2.399515048944400250e-05 1.691977564403369634e-03
-1.299983859216610402e-04 1.150586735011244676e-03
-2.816584988912886924e-04 3.248216413548771241e-04
-4.561285829977241874e-04 -6.530441442354079909e-04
-6.279688246860696665e-04 -1.624224349477780549e-03
-7.738371260744222619e-04 -2.432956253098829229e-03
-8.767549286878277993e-04 -2.955428787049625521e-03
-9.291435976903615092e-04 -3.122637121096557850e-03
-9.340599410119302662e-04 -2.932848940985453672e-03
-9.044007629585325888e-04 -2.451334917970671157e-03
-8.602311904168433556e-04 -1.797427319323697788e-03
-8.247470073805676432e-04 -1.121369711733322116e-03
-8.196400618201335996e-04 -5.753530434075004862e-04
-8.607489245935652771e-04 -2.842332260975116449e-04
-9.548229354165648722e-04 -3.214844772965596165e-04
-1.098016793163670863e-03 -6.949499620810765249e-04
-1.276404903140492810e-03 -1.345094677199069628e-03
-1.468421905056815436e-03 -2.156096598451982555e-03
-1.648770670939469270e-03 -2.977679437504646663e-03
-1.793060722176613832e-03 -3.653554589000745142e-03
-1.882301166524271655e-03 -4.051086515345877700e-03
-1.906399190994356859e-03 -4.086562282738846405e-03
-1.866002783982353280e-03 -3.741276485301885460e-03
-1.772339205382444721e-03 -3.065380142390521610e-03
-1.645079575210083370e-03 -2.168757390146480550e-03
-1.508633094749487445e-03 -1.200648566475992322e-03
-1.387571196581360768e-03 -3.218678560784652646e-04
-1.302046137713866198e-03 3.251351536832133415e-04
-1.264069106076029514e-03 6.427131236496270474e-04
-1.275349709245935477e-03 5.959642060010177187e-04
-1.327102677205648906e-03 2.187957482346015916e-04
-1.401854813790816539e-03 -3.930275206911441215e-04
-1.476906277687938885e-03 -1.100522828773077121e-03
-1.528786921691681388e-03 -1.748275966904865291e-03
-1.537859996636339356e-03 -2.194293217738039342e-03
-1.492197704675881677e-03 -2.337257443811721885e-03
-1.389991129937553048e-03 -2.136020064381385399e-03
-1.240034844343692504e-03 -1.617632290991928394e-03
-1.060191384712759737e-03 -8.723906914577165108e-04
-8.741237215006349322e-04 -3.683267204198352072e-05
-7.069122675610250636e-04 7.320991140749916930e-04
-5.803847028440869450e-04 1.286830498204538046e-03
-5.090418144831868486e-04 1.517227291968581806e-03
-4.973502611743962649e-04 1.371644784240171923e-03
-5.389149162516786249e-04 8.669634785372880292e-04
-6.176881092620014908e-04 8.570328898501442839e-05
-7.109879346382113902e-04 -8.392461927203699167e-04
-7.937557402182109914e-04 -1.749397932303372498e-03
-8.432487066439482183e-04 -2.490262289179713193e-03
-8.432814249123231874e-04 -2.940171924920320992e-03
-7.872161018197983400e-04 -3.032890251158108959e-03
-6.791382373946719831e-04 -2.769733852498111083e-03
-5.329983961861108500e-04 -2.218924416809890578e-03
-3.698859214781068452e-04 -1.502303089173296323e-03
-2.139541578396800248e-04 -7.719321505669645171e-04
-8.777197324845599892e-05 -1.810226252018842710e-04
-7.984794154093448858e-06 1.453004916003447500e-04
1.789052238252065606e-05 1.338543886392905453e-04
-7.072311121752197479e-06 -2.226450172944623510e-04
-6.976897292361602075e-05 -8.641710102967847503e-04
-1.495419719855912131e-04 -1.674786364146230253e-03
-2.221074986073974012e-04 -2.504696181438043241e-03
-2.641886177436432383e-04 -3.198774762352950447e-03
-2.579774296527539675e-04 -3.626160511847279638e-03
-1.945806702689921886e-04 -3.705309100975781502e-03
-7.579521101860412229e-05 -3.419753606827388454e-03
8.612431807256682435e-05 -2.821578671055833230e-03
2.706638304739708762e-04 -2.021940979347169615e-03
4.528002809699054922e-04 -1.170420347811262137e-03
6.075971789666547319e-04 -4.271001502298263277e-04
7.147783329426728952e-04 6.734764889951457001e-05
7.624174561338507849e-04 2.179196495826830112e-04
7.490488320976730879e-04 -7.080613089753247727e-06
6.838032338695475059e-04 -5.703527172163376339e-04
5.845471203216881994e-04 -1.372925906471941446e-03
4.743810384890344528e-04 -2.273106688380851885e-03
3.771635942864188162e-04 -3.113452921114985561e-03
3.129115268643695960e-04 -3.750661519139761313e-03
2.939494499181543284e-04 -4.082706813664065126e-03
3.225403568999516617e-04 -4.068088848354174322e-03
3.904470435410632625e-04 -3.733546580300767855e-03
4.805084304344761897e-04 -3.168776889891848029e-03
5.699327365706978715e-04 -2.509162562685047105e-03
6.346838891017050552e-04 -1.909784710163668414e-03
6.541300618586774144e-04 -1.515647101727003298e-03
6.150730686754384349e-04 -1.433758700463954672e-03
5.143939888210601139e-04 -1.712370167484947737e-03
3.598118039740863354e-04 -2.331306569097859119e-03
1.686085184540021917e-04 -3.205238266270589789e-03
-3.544128706020726460e-05 -4.199282659610534089e-03
-2.263590265130639668e-04 -5.153994869034481813e-03
-3.806611187704343172e-04 -5.915027590972646472e-03
-4.815833274622608666e-04 -6.361855936647512616e-03
-5.220353393843302214e-04 -6.430139512383031483e-03
-5.057308718563152498e-04 -6.123497990293398814e-03
-4.462838229821300450e-04 -5.512479988975382307e-03
-3.644457249092870280e-04 -4.720928851875153855e-03
-2.840112604730757545e-04 -3.902333899792119302e-03
-2.271703691910398359e-04 -3.210650332359812637e-03
-2.101898422600421501e-04 -2.771116461594847966e-03
-2.402444943136998077e-04 -2.656595499137909266e-03
-3.139998590283598658e-04 -2.873921055276223904e-03
-4.182161784290967560e-04 -3.362829356305438618e-03
-5.322601503380813967e-04 -4.007676019550714293e-03
-6.320490578671394445e-04 -4.659712703249571306e-03
-6.946800459560723180e-04 -5.165697815665675971e-03
-7.028669019448300368e-04 -5.397414687556784628e-03
-6.483424334924102559e-04 -5.276497593746888246e-03
-5.335796788821021812e-04 -4.789853529410822638e-03
-3.715028406690185645e-04 -3.992747637012095466e-03
-1.832389248655082712e-04 -2.998955571192585181e-03
5.668331915705763363e-06 -1.959834667248452379e-03
1.698697333125251331e-04 -1.036263938571004711e-03
2.887784453598971329e-04 -3.687534428127509697e-04
3.502339992666536140e-04 -5.137075548581216539e-05
3.525732416201448585e-04 -1.144104399003341606e-04
3.047205814713517232e-04 -5.190781488380693306e-04
2.242847813066680947e-04 -1.165187504056988677e-03
1.340267473958892716e-04 -1.910405592478249190e-03
5.737087453827543018e-05 -2.597397977471452724e-03
1.381317472817170794e-05 -3.083730229761309609e-03
1.509848215376863529e-05 -3.268862966722825471e-03
6.289287820471347939e-05 -3.113129667203437534e-03
1.483937855363361472e-04 -2.645106466212802238e-03
2.539526470319504762e-04 -1.955982870950543663e-03
3.564033325782622213e-04 -1.182005319319593632e-03
4.314657229808095684e-04 -4.783253496021468588e-04
4.583896402455651335e-04 1.078703160738592876e-05
4.239581434091040861e-04 1.797148241397990287e-04
3.250899466635638678e-04 -1.801898291095668965e-05
1.695454849474940036e-04 -5.604396739113419110e-04
-2.540018264097079553e-05 -1.360759531013892160e-03
-2.360697913222008465e-04 -2.283290289556461593e-03
-4.366959656911805236e-04 -3.168628494577717912e-03
-6.041203461590951857e-04 -3.863356733438880891e-03
-7.219938916924529323e-04 -4.248647960138730167e-03
-7.836869556335266480e-04 -4.262366843860888356e-03
-7.933619708629988500e-04 -3.910492142087318261e-03
-7.650093607741876309e-04 -3.265704644269923785e-03
-7.196327460339486991e-04 -2.453413732085144450e-03
-6.811196385793097602e-04 -1.627872299598177256e-03
-6.715823032505396917e-04 -9.429047125050311548e-04
-7.070532918850051200e-04 -5.227906858243172323e-04
-7.943524470957126797e-04 -4.388166548407444224e-04
-9.297197835692333360e-04 -6.959313584181327401e-04
-1.099473706575608035e-03 -1.232027506617338480e-03
-1.282569944643352586e-03 -1.929979183051380763e-03
-1.454576086152184738e-03 -2.640148036447327075e-03
-1.592307993624677599e-03 -3.209087942958382608e-03
-1.678248516894383872e-03 -3.509003222632802073e-03
-1.703909696809376238e-03 -3.462372079046886243e-03
-1.671499338931708122e-03 -3.057061869122158597e-03
-1.593573622692063966e-03 -2.349062890989759688e-03
-1.490738532770974822e-03 -1.452311800727893246e-03
-1.387832175564621519e-03 -5.175206496576802368e-04
-1.309307561261260997e-03 2.959900659652288206e-04
-1.274686782473779048e-03 8.501303687063892526e-04
-1.294944080458949962e-03 1.053910087463186349e-03
-1.370499616404160636e-03 8.804471301064317268e-04
-1.491201098899128845e-03 3.718997601741678332e-04
-1.638294402063470399e-03 -3.686071504913918258e-04
-1.788008099200717087e-03 -1.196531008342463249e-03
-1.916071656549374856e-03 -1.953233686592217942e-03
-2.002310683959851630e-03 -2.495905171237744555e-03
-2.034448542860200267e-03 -2.724426013256449602e-03
-2.010394445982941966e-03 -2.600087194264693799e-03
-1.938585365657134393e-03 -2.152629247402740309e-03
-1.836318172710680588e-03 -1.474275479235587563e-03
-1.726389517650922609e-03 -7.018978938585463626e-04
-1.632681856976777712e-03 9.297589277247348544e-06
-1.575533969221326732e-03 5.155734969295342699e-04
-1.567775464524855198e-03 7.122967791477064891e-04
-1.612179386688335474e-03 5.541644589750513265e-04
-1.700818762034648048e-03 6.417824843740673607e-05
-1.816452610523193066e-03 -6.703418592827913762e-04
-1.935682689667982863e-03 -1.513960299686805495e-03
-2.033286840320502886e-03 -2.308486324289251053e-03
-2.086911787019233092e-03 -2.902698458526472430e-03
-2.081239895019487262e-03 -3.180811846284950506e-03
-2.010843681920538705e-03 -3.084303819926264515e-03
-1.881190024414202680e-03 -2.622968913724788367e-03
-1.707605972032175297e-03 -1.873112060830156144e-03
-1.512403572439711573e-03 -9.632221789408443617e-04
-1.320709120228674444e-03 -4.983706419938111268e-05
-1.155786899793641081e-03 7.118340007343258507e-04
-1.034742539405506326e-03 1.196972591247744480e-03
-9.654185872664763392e-04 1.334402363575787256e-03
-9.450686072790741125e-04 1.119634890977302998e-03
-9.610587995449776291e-04 6.152495125796681678e-04
-9.934617059765274080e-04 -6.145409853249088035e-05
-1.019047746986656046e-03 -7.611813373048912550e-04
-1.015915125621203374e-03 -1.331431260256094777e-03
-9.678773117269317194e-04 -1.645885371701985523e-03
-8.677729109698354261e-04 -1.628819999183195267e-03
-7.190666188404974853e-04 -1.269908164623300383e-03
-5.354335262532344385e-04 -6.265970477542370928e-04
-3.384009657511658723e-04 1.863995951059702148e-04
-1.534900127218210425e-04 1.018513909774303606e-03
-5.583019600032267408e-06 1.711595047792914808e-03
8.560962716325394703e-05 2.129692433316561755e-03
1.091287403171940253e-04 2.184716739374166234e-03
6.471689998316376702e-05 1.853122901232122800e-03
-3.722650138087751556e-05 1.180457600126090956e-03
-1.776753506790330352e-04 2.729095453009608516e-04
-3.326063530519326799e-04 -7.225401323793978394e-04
-4.775400361045551486e-04 -1.645613516821863064e-03
-5.921332373927507518e-04 -2.352677838576113130e-03
-6.639539970564471748e-04 -2.743472428973334556e-03
-6.907253175622120930e-04 -2.779569549460130570e-03
-6.806149366529316066e-04 -2.491084208486380683e-03
-6.505189695516381881e-04 -1.970373943406422083e-03
-6.226677419248849519e-04 -1.353933601132475701e-03
-6.202002796698296173e-04 -7.959258502498298051e-04
-6.625495240359887718e-04 -4.383721417092025559e-04
-7.615164130121112240e-04 -3.836611245112493858e-04
-9.187807182416263393e-04 -6.745923561396771108e-04
-1.125324610125179791e-03 -1.285745686979453606e-03
-1.362882793067600462e-03 -2.127821274621632952e-03
-1.607149241686093438e-03 -3.064138078618765249e-03
-1.832137748653235067e-03 -3.936175170339753678e-03
-2.014874720359178823e-03 -4.593326425267364732e-03
-2.139539401436941178e-03 -4.921239633076081137e-03
-2.200270975818614545e-03 -4.863377174897773672e-03
-2.202114017154883224e-03 -4.431716863952393608e-03
-2.159925771670592482e-03 -3.704565799657898433e-03
-2.095454056958528672e-03 -2.811898285225464082e-03
-2.033140204416116533e-03 -1.910989393647168988e-03
-1.995442081073551567e-03 -1.156951672515711986e-03
-1.998562330283617898e-03 -6.737460996009846017e-04
-2.049389577027964024e-03 -5.311472647937908863e-04
-2.144230125691668019e-03 -7.320141426066361506e-04
-2.269568201394430666e-03 -1.212265494564800702e-03
-2.404708285356561056e-03 -1.853552641102286340e-03
-2.525796345512843887e-03 -2.506217741569573797e-03
-2.610455321683786186e-03 -3.018178126966700875e-03
-2.642153628870861151e-03 -3.264255382073164534e-03
-2.613475805437883576e-03 -3.170384151404783291e-03
-2.527672227266740488e-03 -2.728105881813672629e-03
-2.398190666729140344e-03 -1.996593209091409617e-03
-2.246274666109919754e-03 -1.091812963562032194e-03
-2.097079843487762232e-03 -1.648725035016876525e-04
-1.975040049223619060e-03 6.263561601175885720e-04
-1.899357614387463819e-03 1.146965403999036272e-03
-1.880468858005981524e-03 1.310467161849142434e-03
-1.918151909602772544e-03 1.095154677187411708e-03
-2.001633570575885208e-03 5.482713827435743790e-04
-2.111674073777337554e-03 -2.228055660493165422e-04
-2.224234694572690442e-03 -1.070702512687338095e-03
-2.315033997814700418e-03 -1.835700739717489958e-03
-2.364130741501801244e-03 -2.375674255993798570e-03
-2.359666898312485009e-03 -2.592654378417003254e-03
-2.300063775629742052e-03 -2.451001211803585482e-03
-2.194257584716559698e-03 -1.983751998621341613e-03
-2.059932437091654966e-03 -1.285955375001853005e-03
-1.920088228651638121e-03 -4.962648927293447166e-04
-1.798596350281244944e-03 2.297118624685831612e-04
-1.715587925479919885e-03 7.492515402216043613e-04
-1.683551040745768449e-03 9.598807955327051189e-04
-1.704879200106212489e-03 8.190787638550560239e-04
-1.771338402067647528e-03 3.525776397830906236e-04
-1.865556810977696657e-03 -3.503169738003013940e-04
-1.964257762904934607e-03 -1.153505035536959208e-03
-2.042626374449557376e-03 -1.899796910445213181e-03
-2.078984917239000765e-03 -2.440678918047902400e-03
-2.058893154196023579e-03 -2.664503817986047744e-03
-1.977898201513991761e-03 -2.517766939297789563e-03
-1.842413668988156748e-03 -2.015436112663798653e-03
-1.668561510038080176e-03 -1.238374507579779191e-03
-1.479195204689982618e-03 -3.183378499429084514e-04
-1.299666680315528840e-03 5.866211100211061102e-04
-1.153136684717116474e-03 1.321692803281189141e-03
-1.056314269639231987e-03 1.764212323337686732e-03
-1.016429373493983688e-03 1.846460438089577924e-03
-1.030008677592232332e-03 1.568057954003563952e-03
-1.083683208367700913e-03 9.956179008192385035e-04
-1.156871253309831081e-03 2.497325713568430364e-04
-1.225824929411734347e-03 -5.182298747482792789e-04
-1.268270467616351618e-03 -1.155115718002466688e-03
-1.267759882210829376e-03 -1.535264586544188379e-03
-1.216906477113148706e-03 -1.584525155869733392e-03
-1.118888226487783129e-03 -1.294453723348551293e-03
-9.869313756831099745e-04 -7.240020547537076015e-04
-8.418694555954702851e-04 1.162862425175509675e-05
-7.082377838718165392e-04 7.628588521019001546e-04
-6.096413449559921153e-04 1.374186161576380211e-03
-5.642720909476379781e-04 1.713834642659321176e-03
-5.814240204023593626e-04 1.698981243859597461e-03
-6.596660976258216479e-04 1.311777036825585198e-03
-7.870198011166857060e-04 6.031230031272168069e-04
-9.431091335671879352e-04 -3.165229279095999222e-04
-1.102878028351992256e-03 -1.297576562275391766e-03
-1.241173848585459642e-03 -2.179138059392382674e-03
-1.337332179300953095e-03 -2.818928141346293235e-03
-1.378898306759852909e-03 -3.119693601553621357e-03
-1.363784609698100430e-03 -3.047094581249881751e-03
-1.300459521467340349e-03 -2.635698921317085677e-03
-1.206136623550570349e-03 -1.981960432780189782e-03
-1.103311190915667005e-03 -1.225521848553507223e-03
-1.015304412028573879e-03 -5.223930014757610391e-04
-9.616633031099778434e-04 -1.509202885912404486e-05
-9.542914653117179910e-04 1.945889088711396861e-04
-9.950471557311013973e-04 6.503037610158151141e-05
-1.075266920503598761e-03 -3.772419386640557190e-04
-1.177307963745693759e-03 -1.042571592787609313e-03
-1.277819644049619325e-03 -1.795224107418114112e-03
-1.352126496311101310e-03 -2.479248307428066379e-03
-1.378894085517189767e-03 -2.948246790213979174e-03
-1.344194784351916694e-03 -3.093414015690975488e-03
-1.244203500179391544e-03 -2.864526795434635311e-03
-1.086012093108201185e-03 -2.279904802542478785e-03
-8.864067672274454851e-04 -1.423445782522338339e-03
-6.688377917673917015e-04 -4.292862639176631915e-04
-4.591526243637208786e-04 5.430193902634698148e-04
-2.808971638971687361e-04 1.338114201715840702e-03
-1.510712037778014813e-04 1.833653374660769615e-03
-7.713777743813111476e-05 1.962875685258859849e-03
-5.584834675221098110e-05 1.726670457248724805e-03
-7.410171845158341000e-05 1.192867594017166634e-03
-1.116693609990694955e-04 4.828966355062925750e-04
-1.452663942722681690e-04 -2.516485649760281332e-04
-1.531928495587604104e-04 -8.580928254499864362e-04
-1.196620453983139132e-04 -1.211895607431841531e-03
-3.799246889459240899e-05 -1.240461717193023063e-03
8.794489711239674963e-05 -9.370337008366925926e-04
2.443011104711590668e-04 -3.620327522540946067e-04
4.097396394188053403e-04 3.684065716563891596e-04
5.593731842234495912e-04 1.104535851083577984e-03
6.694030261476214497e-04 1.691539167812438358e-03
7.215832684265984735e-04 1.999116536183213715e-03
7.066648165111287516e-04 1.946496559274205973e-03
6.261664943698736462e-04 1.518134357930997318e-03
4.921368494488559875e-04 7.671131209613785400e-04
3.249500807157796115e-04 -1.944052822722740020e-04
1.495511939176605938e-04 -1.215883874952787807e-03
-9.141410366562399345e-06 -2.136360179780736647e-03
-1.308086314343766537e-04 -2.814362020052110086e-03
-2.034163816262343489e-04 -3.154137449366562623e-03
-2.253202060226579631e-04 -3.123244468824683782e-03
-2.053941670763266970e-04 -2.758181731298134636e-03
-1.611634862722115453e-04 -2.157005069838323092e-03
-1.152984280410970666e-04 -1.460337795704212942e-03
-9.113718885343072870e-05 -8.243789444558236208e-04
-1.080893260839478360e-04 -3.910272358708284657e-04
-1.777936819722521179e-04 -2.607829544311747027e-04
-3.017615580640399119e-04 -4.735622353849115035e-04
-4.709542016847222449e-04 -1.001058316346911756e-03
-6.673768560896502482e-04 -1.752096202496754036e-03
-8.673891995624361147e-04 -2.589965212198169255e-03
-1.046106396014873010e-03 -3.358444209607296289e-03
-1.182057858282424979e-03 -3.911586789321932350e-03
-1.261221400695137313e-03 -4.141620264593285153e-03
-1.279668102080677976e-03 -3.999668142570418639e-03
-1.244315679757746797e-03 -3.505363477469833691e-03
-1.171645840688590378e-03 -2.743522990422468839e-03
-1.084626232678519023e-03 -1.848501042692213920e-03
-1.008417324148726691e-03 -9.791747451816346873e-04
-9.656744305127017928e-04 -2.892851543127288472e-04
-9.723316081458248210e-04 1.012611401956665502e-04
-1.034662749134553431e-03 1.287071677149986132e-04
-1.148173243417500078e-03 -2.028375068399040134e-04
-1.298528873371200846e-03 -8.224873960860507862e-04
-1.464342853646510021e-03 -1.606264756743363328e-03
-1.621290197500112676e-03 -2.400778842542218398e-03
-1.746767486654933347e-03 -3.052412224404623363e-03
-1.824213173915797655e-03 -3.436484579228750967e-03
-1.846268226475947672e-03 -3.480870338011584492e-03
-1.816176968140606604e-03 -3.179598464296354027e-03
-1.747161741609508292e-03 -2.593861175705069241e-03
-1.659889291534184276e-03 -1.840244089384835465e-03
-1.578508777784696192e-03 -1.068411323275914732e-03
-1.526012470311498498e-03 -4.324771032430227598e-04
-1.519799056309429188e-03 -6.149210248875404232e-05
-1.568281662881924410e-03 -3.464148460011608026e-05
-1.669185308533793462e-03 -3.658604605864578321e-04
-1.809858925120214936e-03 -1.000790799124045899e-03
-1.969545871729035807e-03 -1.826665578535721602e-03
-2.123186203805242644e-03 -2.693261828298629951e-03
-2.246034060278142772e-03 -3.440964999911381907e-03
-2.318219270240097496e-03 -3.930642249438633627e-03
-2.328392849237636252e-03 -4.069678370066999798e-03
-2.275769448940879233e-03 -3.829253872584833292e-03
-2.170183229816643588e-03 -3.249601779114310793e-03
-2.030149616926417259e-03 -2.432254422794241470e-03
-1.879302780687904526e-03 -1.520753264251396494e-03
-1.741885973721108609e-03 -6.734774026814431113e-04
-1.638150832154548504e-03 -3.373688288399283308e-05
-1.580538505153565500e-03 2.972070504491037320e-04
-1.571366838847990024e-03 2.790885811192686267e-04
-1.602461976690700007e-03 -6.003263138253133770e-05
-1.656803815735355878e-03 -6.294403506085238667e-04
-1.711872684352992594e-03 -1.293349249409296662e-03
-1.744061774517633064e-03 -1.897072585739445092e-03
-1.733317425757674403e-03 -2.296805883196586465e-03
-1.667125655002309323e-03 -2.387376769243850991e-03
-1.543086634412989093e-03 -2.122695448485856923e-03
-1.369585804244269475e-03 -1.525021846644405944e-03
-1.164430438111722834e-03 -6.812826649813012118e-04
-9.517055726019256826e-04 2.728764393723257073e-04
-7.574403395575685441e-04 1.178295830169643526e-03
-6.049010307760305152e-04 1.882003003852701292e-03
-5.103979895529657182e-04 2.265796662361556704e-03
-4.803962411119892199e-04 2.268310922765968615e-03
-5.104730442626352269e-04 1.896389889243046880e-03
-5.863160105487041918e-04 1.223625150099370536e-03
-6.865693208882446249e-04 3.763375533577557473e-04
-7.869860213773173865e-04 -4.903399335192965957e-04
-8.650975909605771331e-04 -1.221749082097233364e-03
-9.045146400581827043e-04 -1.692818954334205424e-03
-8.980431054279765235e-04 -1.831494998445555751e-03
-8.490252771480405166e-04 -1.632053485746103125e-03
-7.706518339682529809e-04 -1.155786934641496368e-03
-6.833760019404032122e-04 -5.189389138616196627e-04
-6.109210860648823811e-04 1.298178310713861416e-04
-5.756397194524133032e-04 6.380849995844674154e-04
-5.941065971964890448e-04 8.791778323761379344e-04
-6.737827972521589787e-04 7.767134804635899767e-04
-8.113872882574956749e-04 3.196804386412415225e-04
-9.932882399618584834e-04 -4.348770345104046968e-04
-1.197844473572818322e-03 -1.372080501111510491e-03
-1.399258230383711903e-03 -2.340421877584081007e-03
-1.572214304953897150e-03 -3.179947621020261933e-03
-1.696431646596958248e-03 -3.752096749630133045e-03
-1.760269964425433681e-03 -3.965552528439082215e-03
-1.762712572524948937e-03 -3.793221018552709115e-03
-1.713353880298846329e-03 -3.277128131708186270e-03
-1.630397440638229473e-03 -2.520312558919713276e-03
-1.537046837809635715e-03 -1.667252210480900648e-03
-1.456975631893701103e-03 -8.765308614524058677e-04
-1.409736488678669554e-03 -2.909189388678819124e-04
-1.406980563828000514e-03 -1.053007726350193435e-05
-1.450204114487323344e-03 -7.413091590242068887e-05
-1.530449386106170172e-03 -4.521362484016808528e-04
-1.630016004536865648e-03 -1.052607681964792038e-03
-1.725857654081163492e-03 -1.739110621237669688e-03
-1.794019010579980247e-03 -2.357038082634588944e-03
-1.814270307909168420e-03 -2.763405905942288229e-03
-1.774058971974644449e-03 -2.854466077220576669e-03
-1.671026652506693144e-03 -2.585897685640821658e-03
-1.513611327876881888e-03 -1.981740344962706901e-03
-1.319616584541524144e-03 -1.130366626132409211e-03
-1.113015049144406611e-03 -1.682445472683877089e-04
-9.195873752513378458e-04 7.454462785314599181e-04
-7.622188024495430651e-04 1.458548483912050454e-03
-6.567403148807051186e-04 1.854389560061480173e-03
-6.090985054315555241e-04 1.873591256388588934e-03
-6.143868828266334887e-04 1.525101845679217904e-03
-6.579191442885034278e-04 8.843660755984261018e-04
-7.181385893104008265e-04 7.898109691365439670e-05
-7.708105516110310773e-04 -7.354458267683995545e-04
-7.937022480902556666e-04 -1.404668671805198252e-03
-7.708626840000785616e-04 -1.804845605522570253e-03
-6.956915604762385717e-04 -1.865759907140487331e-03
-5.722160374296612157e-04 -1.583829088570351930e-03
-4.143341731282299944e-04 -1.022447272245988669e-03
-2.431695084489608879e-04 -2.996052962492702209e-04
-8.303953646858220619e-05 4.348573081781307746e-04
4.319618737687178816e-05 1.028050630589343300e-03
1.185246263121248356e-04 1.353419240784861036e-03
1.350704062158834600e-04 1.335138683644132660e-03
9.566301428351970196e-05 9.628933313322101881e-04
1.337992445413494207e-05 2.942268901724838731e-04
-9.085115557712086256e-05 -5.559895163407733119e-04
-1.921400624223402597e-04 -1.436986730679574477e-03
-2.662787695347799749e-04 -2.190375014690721777e-03
-2.942660045521134650e-04 -2.679922246066402444e-03
-2.658574993134514108e-04 -2.817199889168054989e-03
-1.814716334225462916e-04 -2.578244529387966125e-03
-5.209129300890762344e-05 -2.008082113591585800e-03
1.028181611214845122e-04 -1.212258275238393837e-03
2.589796392932516389e-04 -3.369765424865969381e-04
3.918682076559543582e-04 4.583985660733120833e-04
4.813039167814741237e-04 1.031272566610573743e-03
5.152044489195992030e-04 1.282525771398616062e-03
4.917881201558027895e-04 1.174943566257972060e-03
4.198117707125442093e-04 7.398917754270273924e-04
3.168007267762713288e-04 7.098322467216975186e-05
2.056087426286279721e-04 -6.940546987411041948e-04
1.099625132383535791e-04 -1.399867337439056466e-03
4.983798352031581190e-05 -1.903288779740632463e-03
3.754775994957735901e-05 -2.100830389016008354e-03
7.528435575607705585e-05 -1.948626725395966562e-03
1.545882532114914519e-04 -1.471052477210158145e-03
2.578450860357398206e-04 -7.563698970197060270e-04
3.615317326166168996e-04 5.977702983344800221e-05
4.405996179698354743e-04 8.199030220928171320e-04
4.731678312119715719e-04 1.374425723710476395e-03
4.446396008802365007e-04 1.609985251225908758e-03
3.504643980439208330e-04 1.470978590298033933e-03
1.970238754894203812e-04 9.702312691969403480e-04
4.745697436098100558e-07 1.867836799421161102e-04
-2.162333431886289921e-04 -7.487926670605068438e-04
-4.275970889268868426e-04 -1.678774336394571985e-03
-6.102599496262540828e-04 -2.447751890283834247e-03
-7.472792430002423228e-04 -2.931612147167989707e-03
-8.311574777626587647e-04 -3.060559155406449017e-03
-8.650653626819250052e-04 -2.831825884054921336e-03
-8.620283425509091138e-04 -2.309681228705207610e-03
-8.422344850084146966e-04 -1.612742827526986080e-03
-8.289776684967226604e-04 -8.910098772866977207e-04
-8.440086716924357626e-04 -2.969765111411630434e-04
-9.031789897676087246e-04 4.369321696901548417e-05
-1.013206795462635000e-03 5.636529875477228405e-05
-1.170181934007454450e-03 -2.680814569059088159e-04
-1.360097415865393769e-03 -8.712409480983591666e-04
-1.561310894944703629e-03 -1.638022558163128826e-03
-1.748473786507532017e-03 -2.418304212385304248e-03
-1.897187285534764067e-03 -3.055300256661510998e-03
-1.988506359766756878e-03 -3.415275537339440906e-03
-2.012441027535193973e-03 -3.412980282290319946e-03
-1.969793561535733342e-03 -3.027988645851147857e-03
-1.871984816119030576e-03 -2.308844122699769616e-03
-1.738903054479842489e-03 -1.364221821581440130e-03
-1.595182438452522012e-03 -3.427741283995332016e-04
-1.465614977271061450e-03 5.945325124966903147e-04
-1.370563104899470827e-03 1.304361541567818344e-03
-1.322239302030696036e-03 1.687572108331777390e-03
-1.322554474664932884e-03 1.707388529218774927e-03
-1.362939314095290002e-03 1.395745664036169035e-03
-1.426168874073800979e-03 8.466217318292638397e-04
-1.489840892742718814e-03 1.976339894893700618e-04
-1.530844873057878551e-03 -3.966052539440432720e-04
-1.529971036345144537e-03 -7.943152944629628840e-04
-1.475781619752636158e-03 -8.938975955492540603e-04
-1.367006677290295066e-03 -6.536213565446014149e-04
-1.213006107770671273e-03 -9.990771192495864587e-05
-1.032206099280219818e-03 6.773636538654587928e-04
-8.488021173093976109e-04 1.541642907762456102e-03
-6.883492499856098956e-04 2.335419087349144447e-03
-5.730719208384335833e-04 2.909984456793777291e-03
-5.177787011647965679e-04 3.153619199391765118e-03
-5.271540126588106874e-04 3.012858675178545654e-03
-5.949384382680137197e-04 2.502813384685035128e-03
-7.051523511732372051e-04 1.704582740329654194e-03
-8.351312070388429085e-04 7.502456667770683162e-04
-9.597983012631405072e-04 -2.017383588339086847e-04
-1.056366970831413080e-03 -9.960699381501244599e-04
-1.108583419975733668e-03 -1.509509652431612883e-03
-1.109708868269173622e-03 -1.673676990727891896e-03
-1.063678965481388390e-03 -1.487443757101591674e-03
-9.842240579011132806e-04 -1.016587820923285949e-03
-8.921204448782726112e-04 -3.807851389700842677e-04
-8.110970049181458500e-04 2.695849874373627917e-04
-7.631763988197126734e-04 7.824182904079010712e-04
-7.643372128420659363e-04 1.033150186700445509e-03
-8.213225984806747215e-04 9.487562099760227154e-04
-9.302037111042385335e-04 5.219357355463851485e-04
-1.076973684963004668e-03 -1.872133539180436193e-04
-1.240062989654458318e-03 -1.062351378768917713e-03
-1.394302701550527998e-03 -1.952776103755798475e-03
-1.515587513699239277e-03 -2.701883714714428675e-03
-1.585357249043267257e-03 -3.176822754852785900e-03
-1.594049452310662826e-03 -3.293724566321767737e-03
-1.542869930191996877e-03 -3.033729555530024526e-03
-1.443546108036278686e-03 -2.446769621938450507e-03
-1.316109559091094804e-03 -1.642383763581213964e-03
-1.185126789768986858e-03 -7.692976146847837083e-04
-1.075090741246801252e-03 1.237606059419646756e-05
-1.005843943743369232e-03 5.610626571134758045e-04
-9.888978426864309182e-04 7.801216855156669575e-04
-1.025342735785624102e-03 6.357268908333919485e-04
-1.105741227878601334e-03 1.628564911115460302e-04
-1.212022227209067415e-03 -5.417294990974443796e-04
-1.321013463837836417e-03 -1.338184542766406547e-03
-1.408940109153410071e-03 -2.070393818561185647e-03
-1.456034115922521513e-03 -2.595828788028586506e-03
-1.450378036824094986e-03 -2.812777753596256390e-03
-1.390252265653347868e-03 -2.679790259937577142e-03
-1.284538380164738881e-03 -2.223648915560535316e-03
-1.151099806388419843e-03 -1.534356022242527005e-03
-1.013444558198759197e-03 -7.480826793883591126e-04
-8.963006737846099681e-04 -2.130892331025317082e-05
-8.209414377084282583e-04 4.989469292176152912e-04
-8.011454288117099507e-04 7.031694046170100520e-04
-8.405567765790054272e-04 5.403429908565576898e-04
-9.319463842142087454e-04 2.792298935274674897e-05
-1.058515380732376722e-03 -7.511158011827619597e-04
-1.196995767606094966e-03 -1.663602956306866948e-03
-1.321963284367429561e-03 -2.550977563194262339e-03
-1.410548310382096293e-03 -3.258888832732319447e-03
-1.446655548606141234e-03 -3.665998819804793668e-03
-1.423896512497400653e-03 -3.706545065038778074e-03
-1.346682795090141166e-03 -3.382402274153227528e-03
-1.229276540392893044e-03 -2.762369908722855840e-03
-1.092981464846661845e-03 -1.968830431443390535e-03
-9.620098930532315152e-04 -1.154313169208816140e-03
-8.588118751404493802e-04 -4.724088072154295978e-04
-7.997540827676072892e-04 -4.854779003038022130e-05
-7.919696040496834342e-04 4.381986081585334016e-05
-8.319775966452191453e-04 -2.028698410610674154e-04
-9.063360917901981543e-04 -7.289380055406786399e-04
-9.942056439653690521e-04 -1.418911251006297041e-03
-1.071339030309160925e-03 -2.123605476057334809e-03
-1.114741493550576099e-03 -2.688659758726443146e-03
-1.107118386031420623e-03 -2.984112209757935549e-03
-1.040266706540845555e-03 -2.929410776138506242e-03
-9.167664413898211342e-04 -2.509114924628081354e-03
-7.496490744976539410e-04 -1.776305481526191908e-03
-5.601032436120192840e-04 -8.430462145641638184e-04
-3.736488255286142426e-04 1.403084023923075298e-04
-2.155004130893913407e-04 1.013053413879879457e-03
-1.059943550265600323e-04 1.634043611018355657e-03
-5.694127310365573410e-05 1.907922663190394792e-03
-6.959058127309206750e-05 1.802716635297136076e-03
-1.345882164629087069e-04 1.355471760158086019e-03
-2.339313571694682571e-04 6.648790756601167910e-04
-3.445458304578426592e-04 -1.277087768116280208e-04
-4.428048019706349583e-04 -8.652669049588105309e-04
-5.091293795739527646e-04 -1.404977701218877197e-03
-5.317966443831492317e-04 -1.645339093751966696e-03
-5.092312086505947034e-04 -1.545366571539489404e-03
-4.503441596622794201e-04 -1.132252863296788481e-03
-3.728536725086613649e-04 -4.960364394088026844e-04
-2.999044910588474821e-04 2.277084119777798756e-04
-2.556263441766502419e-04 8.838774169045185381e-04
-2.604730167910285807e-04 1.327607379079550915e-03
-3.272260278052072069e-04 1.452167349627032271e-03
-4.584216647937485681e-04 1.209679349829346660e-03
-6.456911793009062570e-04 6.207345803819617385e-04
-8.711421706326279157e-04 -2.289273600610134199e-04
-1.110523085606614875e-03 -1.204059918916826691e-03
-1.337575458492166027e-03 -2.144922973543643332e-03
-1.528753888751227877e-03 -2.896945044464675593e-03
-1.667424337560759759e-03 -3.339430806914432410e-03
-1.746750256458165507e-03 -3.407890623645238540e-03
-1.770724608439015746e-03 -3.105775630741667518e-03
-1.753156941284563387e-03 -2.503406787031417155e-03
-1.714811835935342544e-03 -1.724309668516072402e-03
-1.679244950655917794e-03 -9.215498537967988001e-04
-1.668129241806482355e-03 -2.485553451516742986e-04
-1.696960108680860497e-03 1.700455071920699886e-04
-1.771955979437053567e-03 2.620469187861514809e-04
-1.888743915344611758e-03 2.127645047993588327e-05
-2.033081147318508471e-03 -4.913817369784599653e-04
-2.183477223540847365e-03 -1.159741395382776806e-03
-2.315220811989542223e-03 -1.834615627779474399e-03
-2.405048493493096989e-03 -2.362435828810220510e-03
-2.435570629041478377e-03 -2.614761062096837823e-03
-2.398614752232263760e-03 -2.513080914885516305e-03
-2.296851343448614961e-03 -2.044204922466480792e-03
-2.143391594298163332e-03 -1.263313154229045183e-03
-1.959430386824751336e-03 -2.840782039170606458e-04
-1.770377553822602423e-03 7.422835901288657445e-04
-1.601206512760871290e-03 1.655077762998299982e-03
-1.471897398852271962e-03 2.314012481069417648e-03
-1.393833812683507650e-03 2.625248489713395000e-03
-1.367831639903615681e-03 2.558696744555139825e-03
-1.384169305152352803e-03 2.153298214064717012e-03
-1.424609848324298036e-03 1.509294393689240930e-03
-1.466028167872424591e-03 7.689586912248090860e-04
-1.484953094077235813e-03 8.944201682796427619e-05
-1.462161132689405703e-03 -3.871226889424303919e-04
-1.386449436079800627e-03 -5.605950095137397261e-04
-1.256871522014938120e-03 -3.917735511689236436e-04
-1.083010911316038827e-03 9.027090760852841435e-05
-8.832399714494967640e-04 7.938602730019307056e-04
-6.812933782466903954e-04 1.582293962625862076e-03
-5.018053712916094615e-04 2.300017250686413588e-03
-3.656567911987189650e-04 2.802410167981004945e-03
-2.860144323942044966e-04 2.983547349271511908e-03
-2.658145720681944781e-04 2.796662464542872591e-03
-2.971693950596451675e-04 2.263431477201327709e-03
-3.628111874105666049e-04 1.470305598924865741e-03
-4.393035603339822759e-04 5.525767510388113722e-04
-5.014146207154652948e-04 -3.308186427660323239e-04
-5.268271956750181836e-04 -1.026997504744706297e-03
-5.002975027106927597e-04 -1.417716397175855427e-03
-4.164780494191693515e-04 -1.441442543917738784e-03
-2.808732822800362114e-04 -1.104738344753136703e-03
-1.087497762529891727e-04 -4.808102591854287880e-04
7.779026386979527553e-05 3.044982213548037874e-04
2.540159742592864320e-04 1.096614095446554185e-03
3.972569496027636296e-04 1.741514657004587232e-03
4.911852939551016820e-04 2.114835992382655024e-03
5.288789672601412186e-04 2.145300777638990252e-03
5.140861346134074136e-04 1.828033240187513717e-03
4.604514855756597184e-04 1.225245482137403592e-03
3.888519839788000861e-04 4.541719388020910375e-04
3.233480078915999117e-04 -3.354554603361981080e-04
2.865184624568627180e-04 -9.901173106222210807e-04
2.950655011125859510e-04 -1.381955775140699056e-03
3.565238403594789729e-04 -1.433375951959971759e-03
4.677008835746681139e-04 -1.132130448001974999e-03
6.151464605108549356e-04 -5.340199782864912554e-04
7.775668717248791729e-04 2.473121400971582868e-04
9.297297993599608346e-04 1.061569620137500433e-03
1.047124230763945901e-03 1.749974582280749502e-03
1.110496371269546452e-03 2.175095474130281197e-03
1.109405762879457028e-03 2.246691524047651073e-03
1.044131099015613209e-03 1.938686547289826534e-03
9.255674314187996342e-04 1.294062897869248906e-03
7.731364453682911886e-04 4.167518541568439772e-04
6.111072532805298524e-04 -5.479429225405896492e-04
4.640255795512102620e-04 -1.440682817050237784e-03
3.521174432962408509e-04 -2.118018843183653264e-03
2.875376908824198857e-04 -2.479241555941800058e-03
2.721732075629689396e-04 -2.485078367532563785e-03
2.974157204068105789e-04 -2.164705596048227543e-03
3.459455915089490897e-04 -1.609756505149470595e-03
3.951865947403391242e-04 -9.564699346246742506e-04
4.217746205834084234e-04 -3.593704441784907784e-04
4.061906653024744199e-04 3.852509751901735807e-05
3.366768705978839316e-04 1.333215172614318680e-04
2.116898088718605357e-04 -1.195604988781441991e-04
4.042201387827289367e-05 -6.964455295495502237e-04
-1.587115015515792589e-04 -1.509423826853332519e-03
-3.613396026296952410e-04 -2.422580645614124794e-03
-5.415400669114983374e-04 -3.277371573010513447e-03
-6.765532510280263673e-04 -3.922348078172991498e-03
-7.509155800382739249e-04 -4.241612475187239890e-03
-7.592335116405171712e-04 -4.176620534286054447e-03
-7.070756294731476944e-04 -3.737207828385975469e-03
-6.098164339111830298e-04 -2.999754412424920046e-03
-4.896528327143816412e-04 -2.092835674879928772e-03
-3.713598880141302534e-04 -1.173074549720327063e-03
-2.775905744115416914e-04 -3.957635925194724364e-04
-2.246100273544860055e-04 1.141861347100584911e-04
-2.192718009351335862e-04 2.854759793024365475e-04
-2.578077546034333216e-04 1.134405209312666814e-04
-3.266590473615128007e-04 -3.395971114439117920e-04
-4.051885227356948559e-04 -9.566916830071076506e-04
-4.697578598906363518e-04 -1.589010753635899421e-03
-4.983938584664363621e-04 -2.084621012302945164e-03
-4.751561936975680378e-04 -2.317862950436801704e-03
-3.933751651549445777e-04 -2.213739347435936949e-03
-2.571417438708939289e-04 -1.762687341316246728e-03
-8.076311446469370398e-05 -1.022925096024936316e-03
1.137177719375660290e-04 -1.099174333119476410e-04
3.004733724711771596e-04 8.250553000355981400e-04
4.545694925195921041e-04 1.623176388604003623e-03
5.564881454250672271e-04 2.147873077948019797e-03
5.956425156223387309e-04 2.310465322237390245e-03
5.722216507790715096e-04 2.086830678991264711e-03
