-1.472138225486459371e-03 3.851987681455999561e-03
-1.498479157420458873e-03 3.620873340169956586e-03
-1.249360278938493754e-03 3.155834996995101650e-03
-7.765307843462549309e-04 2.515979612912076346e-03
-1.748857435654469568e-04 1.790093149891096476e-03
4.355619770958520359e-04 1.080338545342915055e-03
9.324924798038685542e-04 4.834644541434147871e-04
1.214551235280237045e-03 7.307103167570987157e-05
1.220674023818626042e-03 -1.137217238311484524e-04
9.418021807835210129e-04 -8.269148015895401785e-05
4.227662698457654539e-04 1.191854627988754535e-04
-2.460225438620400220e-04 4.132155706499084373e-04
-9.455045993750342027e-04 7.044446416714174233e-04
-1.550325896329844081e-03 9.001517864995091508e-04
-1.952386330592054998e-03 9.278689991777234027e-04
-2.081127925265417126e-03 7.495056035801024846e-04
-1.916726106024399870e-03 3.688958526833377265e-04
-1.493690599572462850e-03 -1.686651198740015930e-04
-8.941980762375071039e-04 -7.848130830842345697e-04
-2.324224569081484470e-04 -1.382847411030094925e-03
3.671671771746332037e-04 -1.866015406723616540e-03
7.934295303712244870e-04 -2.155884615865539394e-03
9.696203078243828761e-04 -2.207321039014276554e-03
8.679173510354888221e-04 -2.017232101754079000e-03
5.146511608755039748e-04 -1.625412283772614038e-03
-1.474910095731709518e-05 -1.107323230450989572e-03
-6.101359915810526582e-04 -5.601661404530729627e-04
-1.147625802802104949e-03 -8.487333279014565909e-05
-1.513206823144017587e-03 2.325821306375201736e-04
-1.624500588971523538e-03 3.370312092055755037e-04
-1.446552061807491454e-03 2.141194414433858885e-04
-9.986548188137683857e-04 -1.074007377575245678e-04
-3.509144716027079707e-04 -5.615189409811184367e-04
3.888036990247027702e-04 -1.057839208919810143e-03
1.095076336193938956e-03 -1.499029062245434314e-03
1.648452618889442636e-03 -1.799533026389814674e-03
1.957863253273918989e-03 -1.902000343565632152e-03
1.977669366893177339e-03 -1.788310892036390921e-03
1.716127418399966600e-03 -1.483107760890750582e-03
1.233671150952754189e-03 -1.049165469272382578e-03
6.313391997731160939e-04 -5.754704581460198375e-04
3.154224765234260684e-05 -1.602721397503797116e-04
-4.451865614742145372e-04 1.076831877637713470e-04
-7.030543913067021505e-04 1.661775466099296196e-04
-6.891550791914985170e-04 -8.424300079663740032e-06
-4.034632886200381977e-04 -3.963812875196217299e-04
1.012150374737456632e-04 -9.379597839204751198e-04
7.293249601978893512e-04 -1.544363674411273774e-03
1.360766267295448594e-03 -2.114151688878716968e-03
1.873768949760789594e-03 -2.552044328854728879e-03
2.168105608603953290e-03 -2.786570459945352136e-03
2.184241687639188172e-03 -2.783223232663055088e-03
1.914793189131687012e-03 -2.550644898763932550e-03
1.406117779714178987e-03 -2.138679386251573361e-03
7.497332075613730770e-04 -1.628670397541657176e-03
6.518303397611230430e-05 -1.117849940264296297e-03
-5.224108587961708494e-04 -7.007798194299465384e-04
-9.058633238014040081e-04 -4.513651296067166478e-04
-1.016060494994269585e-03 -4.088488500531008932e-04
-8.349054482779531047e-04 -5.704411194412865958e-04
-3.986273052600332106e-04 -8.919787465057151844e-04
2.091698217378119536e-04 -1.296488241268564960e-03
8.733995689233738698e-04 -1.689027406000072600e-03
1.469316896544855307e-03 -1.974990033398847308e-03
1.886139407620061404e-03 -2.078400975937852013e-03
2.047993674344108887e-03 -1.956729266321352925e-03
1.928221088560524510e-03 -1.609405040317075366e-03
1.554335835652610916e-03 -1.078417167563981705e-03
1.002698276176649909e-03 -4.408672193222414179e-04
3.839150196290984493e-04 2.051220618384258379e-04
-1.782665695657967113e-04 7.584875481325946151e-04
-5.705693725126106475e-04 1.133884111687780052e-03
-7.118281207149979636e-04 1.277399234488798630e-03
-5.685592621616488915e-04 1.176359229955912470e-03
-1.615061696926676409e-04 8.613802963361230896e-04
4.380845696874748085e-04 4.002848916939983075e-04
1.121755677646359920e-03 -1.149571680951249546e-04
1.764188489758003985e-03 -5.857842874109415099e-04
2.246760616839304885e-03 -9.257670048952689520e-04
2.479855710987104254e-03 -1.076952479206163844e-03
2.419704927692698220e-03 -1.020734178468139710e-03
2.076574540722281922e-03 -7.811899194219209261e-04
1.512752120275101531e-03 -4.202593528203568901e-04
8.307146033748703329e-04 -2.567895976611354230e-05
1.537198747738972773e-04 3.060343434497695509e-04
-3.975027038211768936e-04 4.883208136515073761e-04
-7.275494974509568065e-04 4.614792420222658259e-04
-7.843119695377768780e-04 2.045211269275919608e-04
-5.687175180290778009e-04 -2.602785474122766042e-04
-1.343998005155562937e-04 -8.710079319314698509e-04
4.226359863168193233e-04 -1.537248370727533047e-03
9.823924326459085830e-04 -2.156613287558528571e-03
1.423819714686226645e-03 -2.633576958166180398e-03
1.647967840353430904e-03 -2.897040159833503235e-03
1.596962800576073697e-03 -2.913318090895555650e-03
1.265208629391535722e-03 -2.692101698758730260e-03
7.006892965797479559e-04 -2.284272744250243417e-03
-3.881045475986080696e-06 -1.771993916612545333e-03
-7.283886106731916540e-04 -1.252956353099525695e-03
-1.347854402164619858e-03 -8.217714074119013105e-04
-1.755909880984723483e-03 -5.520323635533792850e-04
-1.884772557634297081e-03 -4.824430203382093496e-04
-1.717942348442234131e-03 -6.096381032552358704e-04
-1.293217197719695802e-03 -8.890515074172894699e-04
-6.954587829138799207e-04 -1.243662751157531988e-03
-4.047916977684894125e-05 -1.578958635175685367e-03
5.469002533182661151e-04 -1.801268760401717904e-03
9.564635276076583620e-04 -1.835993406789536908e-03
1.113418354087340094e-03 -1.642261554666265069e-03
9.924777982157752341e-04 -1.221231914564495022e-03
6.225416425426242521e-04 -6.164529159923034640e-04
8.109405609027292225e-05 9.379909478818585986e-05
-5.206180779045987148e-04 8.107653191632798644e-04
-1.058815777862578879e-03 1.433348638656517082e-03
-1.420803301794672365e-03 1.876732664579832885e-03
-1.526492233731701481e-03 2.087961199416466136e-03
-1.343754206351536074e-03 2.055538056535806402e-03
-8.946906699709886949e-04 1.811238099954678386e-03
-2.516280475373284544e-04 1.423793642323048503e-03
4.764077112311984282e-04 9.856570554240382150e-04
1.164180154887147932e-03 5.953496731073765940e-04
1.693818967923504948e-03 3.387409483484680323e-04
1.977023119232769119e-03 2.728025161912281567e-04
1.971688898771042486e-03 4.149113570110112611e-04
1.689816196895274408e-03 7.397237719852083624e-04
1.195197116936049658e-03 1.184206699036687190e-03
5.913249650557058723e-04 1.659866796973394039e-03
1.812665528162218584e-06 2.069853490383439989e-03
-4.529727563001893038e-04 2.327688140832211844e-03
-6.786371938040841644e-04 2.374062677677205718e-03
-6.245470855769472574e-04 2.188515881410462230e-03
-2.933125795851002906e-04 1.793764994704322591e-03
2.598259217579647557e-04 1.251860883460539356e-03
9.375878299562383179e-04 6.528832912002168701e-04
1.619209702587732710e-03 9.830565374733786846e-05
2.183451709570570151e-03 -3.178310737735237212e-04
2.531692573076921304e-03 -5.263803321912914135e-04
2.606735570913410512e-03 -4.958895204733447699e-04
2.403760396253346986e-03 -2.383205419684888407e-04
1.971343033550815305e-03 1.933864745868792709e-04
1.402346710936005440e-03 7.154412816022263834e-04
8.164052769584958244e-04 1.229103770922897187e-03
3.373127963748633919e-04 1.639345552523824171e-03
6.959823207335178070e-05 1.872740950753736932e-03
7.871903276897144509e-05 1.891203147011815636e-03
3.786229238690920224e-04 1.698969537488299354e-03
9.290327960565484709e-04 1.341520114509290196e-03
1.642969308300778553e-03 8.966414712267447955e-04
2.403088098614712155e-03 4.593373703921975817e-04
3.083740207252068551e-03 1.234528710193368668e-04
3.574581327935492849e-03 -3.649803689612291825e-05
3.801262855341315701e-03 2.015054995413304365e-05
3.739290787833668243e-03 2.921146457762054073e-04
3.418432635236994411e-03 7.360188404863496391e-04
2.916842531598397032e-03 1.274252446270009035e-03
2.346021816648478659e-03 1.809345754058352832e-03
1.829467753988197384e-03 2.242153363600021820e-03
1.479058205106866929e-03 2.490409558911173271e-03
1.373648679235457692e-03 2.504148914440151950e-03
1.543939077876681915e-03 2.275077360927994438e-03
1.966480008457570632e-03 1.838122749596402070e-03
2.567957597182467157e-03 1.264872994024098495e-03
3.238949041450501967e-03 6.501441339396211820e-04
3.854547314272720963e-03 9.421969207834242962e-05
4.297952132492338997e-03 -3.158794365390705464e-04
4.482561936945543210e-03 -5.225534306996893830e-04
4.368384703073359410e-03 -5.081576745842203728e-04
3.969660324329427753e-03 -2.979262530075692749e-04
3.352250574593283305e-03 4.525927563943843348e-05
2.621289347207506840e-03 4.332548805293041970e-04
1.901429302297482672e-03 7.698366215927135870e-04
1.313422202845957116e-03 9.694157000927000134e-04
9.514637990012647217e-04 9.737305611759578244e-04
8.655888178913764049e-04 7.633437382492503460e-04
1.052444957365727095e-03 3.617551964951643863e-04
1.456187915213900171e-03 -1.686573932475676015e-04
1.979322883392006186e-03 -7.381125845543827328e-04
2.501434503588083856e-03 -1.246149437234462826e-03
2.902253637014408708e-03 -1.600442813224048745e-03
3.084688261147429129e-03 -1.734152885762841202e-03
2.993452826073917349e-03 -1.618527913569553587e-03
2.625764148405488902e-03 -1.268376307842005671e-03
2.032074517943181866e-03 -7.393723236832907501e-04
1.306699621963517289e-03 -1.177040881426440048e-04
5.701128612496543903e-04 4.959792419140832912e-04
-5.374377370200391670e-05 1.005286760398575903e-03
-4.608377929624883889e-04 1.335933906452148887e-03
-5.866875912148670092e-04 1.449348238047303700e-03
-4.185482184540850401e-04 1.349466362359835183e-03
2.166443740771076092e-06 1.081445854002964155e-03
5.876851288804711909e-04 7.225477379847117850e-04
1.220429187757299163e-03 3.669282027601680112e-04
1.775180223669186805e-03 1.072318096208871004e-04
2.142671336829394743e-03 1.648414083764882139e-05
2.250138886101449645e-03 1.337248968557667311e-04
2.074947577082298343e-03 4.561136970987916296e-04
1.648713502656757365e-03 9.390144703613725235e-04
1.051149103322506721e-03 1.504052563901822669e-03
3.948001801510232236e-04 2.053627822523849088e-03
-1.964304142160741345e-04 2.489142996514015580e-03
-6.109014836883899704e-04 2.729501702182961145e-03
-7.705182922254584423e-04 2.726377332793279793e-03
-6.456494444620265206e-04 2.473363844390019835e-03
-2.608480232570717719e-04 2.007275853060664847e-03
3.097091243290066970e-04 1.401350042263083216e-03
9.562026333032481312e-04 7.516314413405037484e-04
1.553926686402999071e-03 1.591167491766894886e-04
1.986890708998647823e-03 -2.889714106485361802e-04
2.169797978868526819e-03 -5.352423665616151639e-04
2.064239038970488993e-03 -5.624969209794110098e-04
1.686032494439206877e-03 -3.964380579089670517e-04
1.102321301367158298e-03 -1.002314583377611869e-04
4.189717785060934367e-04 2.380418122237724855e-04
-2.393418541027967457e-04 5.226519887865340493e-04
-7.526001261287508601e-04 6.689246503491193870e-04
-1.028009620552199988e-03 6.198282700303453085e-04
-1.017413454037574463e-03 3.572927666789264475e-04
-7.262488163075856307e-04 -9.389492415386212557e-05
-2.123600434595246953e-04 -6.703656285448835904e-04
4.251035382729729866e-04 -1.281812088315329020e-03
1.064598516804256441e-03 -1.827804648797605848e-03
1.585322279657935167e-03 -2.216599768944399126e-03
1.890187687556040951e-03 -2.382383534725902949e-03
1.924284134690321243e-03 -2.297686834530349078e-03
1.685326762521096623e-03 -1.978621204239640243e-03
1.224113204374898062e-03 -1.481941865245474301e-03
6.348999244384747383e-04 -8.944901658010196788e-04
3.751959071642213886e-05 -3.170088687850489183e-04
-4.453745601836115288e-04 1.546123434481973345e-04
-7.116279988088051360e-04 4.471185673094364450e-04
-6.990510107150315223e-04 5.233413491233399138e-04
-3.973437167394972686e-04 3.887838860181059642e-04
1.497806903582243280e-04 9.010410526118955207e-05
8.526798523614969889e-04 -2.942055452963905811e-04
1.592546489452932200e-03 -6.691651416187911240e-04
2.243683015165509696e-03 -9.417637311925817177e-04
2.697073513936908574e-03 -1.039019451754647546e-03
2.880794635753321405e-03 -9.222133445072392115e-04
2.773405597405935105e-03 -5.945923353739925900e-04
2.407786835827780553e-03 -1.010746179938947615e-04
1.864705229163647181e-03 4.799936504463521176e-04
1.257328782826715174e-03 1.051474854320562586e-03
7.096270039743110070e-04 1.515701966363098858e-03
3.327504570362937227e-04 1.792910265106509434e-03
2.038650924538396286e-04 1.836348952965013558e-03
3.514515344064052162e-04 1.641209780639981720e-03
7.498547374651654256e-04 1.245678781097384318e-03
1.324117197414663482e-03 7.239070339575908418e-04
1.964181019354426221e-03 1.722249690359769591e-04
2.545769445486848609e-03 -3.087973178408817384e-04
2.953992973864967737e-03 -6.330558663200572386e-04
3.105208585852393434e-03 -7.448527530147325488e-04
2.962990679318467345e-03 -6.290624506118769159e-04
2.545186593987583141e-03 -3.136105950602505058e-04
1.920717144754417608e-03 1.361931538038524956e-04
1.196723836330481228e-03 6.303842349482135544e-04
4.984918623595676473e-04 1.071713639279720486e-03
-5.405441136356733609e-05 1.374360911707739070e-03
-3.688379576219241469e-04 1.480437645613277061e-03
-3.988448697184146692e-04 1.371148925703011192e-03
-1.508146060157512357e-04 1.070493014846634391e-03
3.162360307562965024e-04 6.407939386540537508e-04
9.023712733136888577e-04 1.709096602209767522e-04
1.485822448084091023e-03 -2.406528961934155386e-04
1.946184328207476713e-03 -5.045185795453641965e-04
2.187326709672697198e-03 -5.575623848504468114e-04
2.155680703927819342e-03 -3.751203708878073908e-04
1.850435711308028421e-03 2.402441985345147007e-05
1.323715445021778373e-03 5.808320922305389459e-04
6.706995448808226144e-04 1.206776406198851580e-03
1.156182710844292673e-05 1.800165852378009593e-03
-5.313535649928521247e-04 2.264935461801799964e-03
-8.567944582875509441e-04 2.528362394228780841e-03
-9.038940681727823364e-04 2.554362559327927416e-03
-6.638391056043598361e-04 2.349862389171566805e-03
-1.816994405491864422e-04 1.963050937810266114e-03
4.519313736175687747e-04 1.473854494004602552e-03
1.117906469825818115e-03 9.784478398522904879e-04
1.690898469460747327e-03 5.707444804540817750e-04
2.062943430395489455e-03 3.243790115456288928e-04
2.163702885648097381e-03 2.786002239601938647e-04
1.973612196097493301e-03 4.307515036229686827e-04
1.527430134061687943e-03 7.367661110614236479e-04
9.075217389961664528e-04 1.119585541596203413e-03
2.281499873385000481e-04 1.483907105810287636e-03
-3.862462855529260599e-04 1.734466580787208737e-03
-8.246727148123368526e-04 1.794390578624285946e-03
-1.010623740016048863e-03 1.620138292462255285e-03
-9.165651665363663391e-04 1.210196391331784223e-03
-5.691123606435889758e-04 6.058721238766783673e-04
-4.392397401420454310e-05 -1.159754774614311370e-04
5.487208475959115799e-04 -8.569010329009731520e-04
1.084929060403649849e-03 -1.514902524294210306e-03
1.450804123160372291e-03 -2.003113957098812906e-03
1.564186563878458211e-03 -2.265634444645441004e-03
1.390404569649328825e-03 -2.287509413082198725e-03
9.490481655075030725e-04 -2.096986625186487985e-03
3.104798199544694546e-04 -1.759631892616098222e-03
-4.172625907334043629e-04 -1.365429846745178349e-03
-1.108695518797740481e-03 -1.011322300785057714e-03
-1.644426735264374606e-03 -7.824992936261688202e-04
-1.933547834671818077e-03 -7.359925678659155149e-04
-1.930647022360465438e-03 -8.896836034124611103e-04
-1.644225270648746497e-03 -1.218811305580145155e-03
-1.134926253060045652e-03 -1.660642535609837015e-03
-5.039186777175474552e-04 -2.126421147045454239e-03
1.263663430421310945e-04 -2.518331113613684821e-03
6.354933579461378946e-04 -2.748258058190093320e-03
9.278707265517598547e-04 -2.754791180597475700e-03
9.508618463696748681e-04 -2.515239090527038833e-03
7.047301071290135426e-04 -2.050375649461197609e-03
2.425352082108994710e-04 -1.421007170238286531e-03
-3.399981405986973911e-04 -7.169998486805512477e-04
-9.227187459680163050e-04 -4.083311636976809031e-05
-1.383938594682959915e-03 5.112194349303695370e-04
-1.623636320976674843e-03 8.667309410602605513e-04
-1.582577233586869841e-03 9.902563840383160274e-04
-1.253725434657135610e-03 8.894871666998318931e-04
-6.837827136892038384e-04 6.132714816261786942e-04
3.544184991573502805e-05 2.418861012252842256e-04
7.842022211579629393e-04 -1.285887546973641282e-04
1.437279301132446526e-03 -4.048246051758438166e-04
1.887489544277938481e-03 -5.142098117369931160e-04
2.065791402361461838e-03 -4.188178620637254563e-04
1.954186524081952432e-03 -1.227306506745370765e-04
1.588976464892306916e-03 3.286713870566716506e-04
1.053761263021245689e-03 8.573175325113847238e-04
4.635079595158593914e-04 1.367321316924304843e-03
-5.729265793419629355e-05 1.763300951218692986e-03
-3.982441406418142388e-04 1.968671142772533775e-03
-4.839650121848408561e-04 1.940435685136506676e-03
-2.883511407779438315e-04 1.677671427207727464e-03
1.605195383149758464e-04 1.222087605836147482e-03
7.857668343258673166e-04 6.505441263240969866e-04
1.476351570948579092e-03 6.093427730583379602e-05
2.108206676643675174e-03 -4.459065802998634829e-04
2.567851522896569261e-03 -7.848524259823461309e-04
2.774014336434003480e-03 -9.021779131717681203e-04
2.693164358462711398e-03 -7.853294394924989008e-04
2.346008373330926190e-03 -4.649359996089667607e-04
1.803716980759257791e-03 -8.688238890875148862e-06
1.174590620423280121e-03 4.917473632666668083e-04
5.836856684527574673e-04 9.382948820042787477e-04
1.492541364220229070e-04 1.245184783185628637e-03
-3.954582753680209277e-05 1.355272105162805578e-03
6.054838155245575830e-05 1.250865607888108650e-03
4.387684147450774449e-04 9.570176051826438006e-04
1.032383960059753050e-03 5.366534912778018595e-04
1.738582772169554877e-03 7.846679673291961964e-05
2.433911407080832125e-03 -3.201229632205572929e-04
2.997595472700208437e-03 -5.717160650357464274e-04
3.334324374260380988e-03 -6.158245067045177044e-04
3.392187654630434562e-03 -4.307025215916540205e-04
3.172368749997634373e-03 -3.786557343308236730e-05
2.728763329401198961e-03 5.015685084118221698e-04
2.157597713032740304e-03 1.098034529889885128e-03
1.579016822790258812e-03 1.650070087640575795e-03
1.114132085171560009e-03 2.063138171958311257e-03
8.618796832274965708e-04 2.267168780854109632e-03
8.800757002851132289e-04 2.229507941888234004e-03
1.174260163372723440e-03 1.960831161569136227e-03
1.696447216349804624e-03 1.512909288923484311e-03
2.354022872520472858e-03 9.686561070331406280e-04
3.027110185292734672e-03 4.263468446483534031e-04
3.591118085091612490e-03 -1.900115400567501008e-05
3.940208200072853849e-03 -2.935587761146549353e-04
4.007239640409314234e-03 -3.585319193025842928e-04
3.776418002875591394e-03 -2.173051041605452002e-04
3.286255601834175890e-03 8.546672986141303115e-05
2.622283732148238729e-03 4.726406739569610684e-04
1.900897415171880949e-03 8.495725016641930867e-04
1.247391326359655701e-03 1.122461386096761061e-03
7.723447025830192190e-04 1.216569551615154189e-03
5.508248879858904361e-04 1.090856473758165367e-03
6.083447673791840971e-04 7.462454421973193242e-04
9.162298601210481282e-04 2.259455620235371041e-04
1.397268582729921946e-03 -3.922436099546647032e-04
1.940571611554773928e-03 -1.010199408173613434e-03
2.422822163211620257e-03 -1.527625201598773602e-03
2.731888608804136469e-03 -1.860655465131070283e-03
2.788323338783781948e-03 -1.957403628774928312e-03
2.560671935036538255e-03 -1.807517238376469193e-03
2.071688723030815690e-03 -1.443938253910254880e-03
1.394276753670514735e-03 -9.365406606200643233e-04
6.379161509958480771e-04 -3.788538507814261168e-04
-7.185389159950275606e-05 1.296123979141220947e-04
-6.170184616801834433e-04 5.020945685509349771e-04
-9.092736577346501037e-04 6.808096525407847464e-04
-9.066185454528164715e-04 6.476267424282942942e-04
-6.212128389196668087e-04 4.271607436831442511e-04
-1.170138614857823005e-04 8.170946554429410046e-05
5.023591791118852280e-04 -3.009987365959484280e-04
1.113235929403439588e-03 -6.249170023621787107e-04
1.595268377051003647e-03 -8.044006847835677779e-04
1.854143098930289679e-03 -7.809803074150713925e-04
1.839334177934534922e-03 -5.349985510617583616e-04
1.553538353018792291e-03 -8.989524346475149825e-05
1.052009452802327117e-03 4.916836094313765948e-04
4.319221547795120721e-04 1.119228343744682781e-03
-1.862166159402609336e-04 1.691023813028596536e-03
-6.815843253397094355e-04 2.112979982606922116e-03
-9.561245982037779988e-04 2.316079270608529476e-03
-9.533188296999874078e-04 2.269145548681218705e-03
-6.690885317172195991e-04 1.984524011931781615e-03
-1.527594926619247435e-04 1.515601733589560293e-03
5.020991352262934790e-04 9.466418372444634476e-04
1.175230185158230743e-03 3.768577086762852713e-04
1.742317700162766912e-03 -9.825763678986891396e-05
2.098408197707644484e-03 -4.048141108888847484e-04
2.177691544655685832e-03 -5.042371965464180743e-04
1.965897625478091066e-03 -4.002201657513469605e-04
1.502962438576636644e-03 -1.376070448857593200e-04
8.754589634932266823e-04 2.065731650176073962e-04
2.002254053854239072e-04 5.382131306793968336e-04
-3.977105509457051942e-04 7.645030486299949236e-04
-8.087334933717083528e-04 8.120843129554142139e-04
-9.593017328486774364e-04 6.415311610658783886e-04
-8.257594250617016768e-04 2.554055499266386217e-04
-4.386876918004620728e-04 -3.016525167217801824e-04
1.230251588894442131e-04 -9.508285629808212744e-04
7.472673005480896975e-04 -1.593546207196230163e-03
1.310080517842417743e-03 -2.129670444864300519e-03
1.699278676426514440e-03 -2.476064458662695540e-03
1.835831077302332295e-03 -2.581994453662258583e-03
1.688957610266567794e-03 -2.438472272037327682e-03
1.282073529263167908e-03 -2.079771694792694955e-03
6.884546196112871020e-04 -1.576834410068519987e-03
1.744037954426848683e-05 -1.023815416893410386e-03
-6.062150413958474794e-04 -5.203147684901525015e-04
-1.065936358648767119e-03 -1.526574785724373745e-04
-1.275399156495138873e-03 2.223813998477371795e-05
-1.194901805262404233e-03 -1.264479152060559233e-05
-8.389372826753773490e-04 -2.315435680046145500e-04
-2.735304239995924535e-04 -5.711904987940352209e-04
3.961567144402405221e-04 -9.432316226222307864e-04
1.045606681859077803e-03 -1.251427334206774503e-03
1.554372848375773107e-03 -1.410366675747527082e-03
1.828717718741726828e-03 -1.362140105599361035e-03
1.819180718273114483e-03 -1.087802053230719872e-03
1.529753292357276208e-03 -6.114413232531279354e-04
1.016928562446801649e-03 3.922421556313139372e-06
3.788101646896707415e-04 6.678494153092219988e-04
-2.636527891448353774e-04 1.279227571294179033e-03
-7.897468534816950644e-04 1.745094253728820925e-03
-1.102016642835135099e-03 1.997974892178761008e-03
-1.144865016818651625e-03 2.008460557899778998e-03
-9.152052879234331322e-04 1.790646423155043028e-03
-4.631450581005837905e-04 1.399403030177220116e-03
1.174306992136688765e-04 9.199969318754634782e-04
7.065965459427012933e-04 4.520241061258153644e-04
1.181086681261766646e-03 9.069468075768882288e-05
1.437660966149971551e-03 -9.099259269731334657e-05
1.412712760877616767e-03 -5.581762639860236505e-05
1.094405303123199402e-03 1.909128629710146394e-04
5.250372909424988336e-04 6.027049939264688197e-04
-2.068123335846548921e-04 1.101041521388214156e-03
-9.828758219898130460e-04 1.590624093150125318e-03
-1.677386154716734110e-03 1.977796974645913870e-03
-2.180667117346588024e-03 2.188652778352121603e-03
-2.419661625771206154e-03 2.183381139270364202e-03
-2.371516086537556363e-03 1.964133122690137848e-03
-2.067653627011356056e-03 1.574902639399254449e-03
-1.587570045137081309e-03 1.093438651031069294e-03
-1.043532294244850934e-03 6.167120653463454682e-04
-5.590817754974699606e-04 2.426829862734355666e-04
-2.454175230309301424e-04 5.181602815613420981e-05
-1.801354735334460659e-04 9.184076211242843749e-05
-3.923534729177314672e-04 3.686416487350436134e-04
-8.570420476011475497e-04 8.450029975715562559e-04
-1.499637305017267799e-03 1.447448952180955010e-03
-2.210064794811397986e-03 2.079887466641633202e-03
-2.863520529533165188e-03 2.641480566383245295e-03
-3.344075180472336033e-03 3.045364458144531484e-03
-3.566632144119799997e-03 3.234683468939063711e-03
-3.493081095533228774e-03 3.192911535846724297e-03
-3.139586953221262106e-03 2.946517492096126928e-03
-2.573631934393416643e-03 2.559480707270409168e-03
-1.901367921970360244e-03 2.120707114630380596e-03
-1.247670468511332363e-03 1.726740037054932952e-03
-7.326671627722936876e-04 1.463050950048200077e-03
-4.491802326211549561e-04 1.387463744060440018e-03
-4.453498419871523579e-04 1.518861353972984643e-03
-7.157234019228811851e-04 1.833322453866102980e-03
-1.202493134526300481e-03 2.268427858582596456e-03
-1.806642640353424596e-03 2.734927966069545385e-03
-2.406887147934416802e-03 3.133567212678414673e-03
-2.882816688948980181e-03 3.373883338847892717e-03
-3.137856004215903733e-03 3.391423527275685967e-03
-3.117690147269208331e-03 3.160117365742463272e-03
-2.820663845200987487e-03 2.697461741978001565e-03
-2.298183022780603442e-03 2.061531962488663550e-03
-1.645040611127409052e-03 1.340379289841989001e-03
-9.814972651083239772e-04 6.358150464182906218e-04
-4.305095219142283415e-04 4.464282814546573393e-05
-9.441749003804146383e-05 -3.591177253732028528e-04
-3.550723202505687986e-05 -5.376609628183894951e-04
-2.641300618258372087e-04 -4.959481516979015979e-04
-7.366307804161516780e-04 -2.801550849819395934e-04
-1.363480206267163970e-03 3.167890386786787144e-05
-2.026075756296177172e-03 3.450171990325812490e-04
-2.599033024285195108e-03 5.672854815486425960e-04
-2.973751955672509183e-03 6.259175838743471229e-04
-3.078800117238888329e-03 4.825597913780600061e-04
-2.893258353110280713e-03 1.407342713132177670e-04
-2.450506666090139507e-03 -3.544978545674318509e-04
-1.831738154463910702e-03 -9.248169028462554023e-04
-1.150433559187765071e-03 -1.473305835093568789e-03
-5.307402164253083700e-04 -1.902719627233528119e-03
-8.385295902833692430e-05 -2.133905061407295224e-03
1.131276784648456955e-04 -2.120882783227767080e-03
3.185424776371926017e-05 -1.859733526477000583e-03
-3.018693628503467397e-04 -1.389601688328338195e-03
-8.129736150769674777e-04 -7.856202080312214842e-04
-1.391368406053574910e-03 -1.450887317516332767e-04
-1.912850120717098871e-03 4.304869512522430976e-04
-2.262711074212256281e-03 8.541038119754473194e-04
-2.357579369917837519e-03 1.069187745797474647e-03
-2.161351585196419692e-03 1.059733559581413527e-03
-1.692198569297372925e-03 8.527513926735719434e-04
-1.019314347342350092e-03 5.125690980588451604e-04
-2.500197463007305574e-04 1.280820290723752152e-04
4.903417316780463164e-04 -2.046233509436640174e-04
1.081913783937610892e-03 -4.009703537067013570e-04
1.432796226970760832e-03 -4.043659158209047437e-04
1.496223407043697660e-03 -1.973187377402517385e-04
1.279204213917126349e-03 1.949115009607437854e-04
8.409923343691124093e-04 7.088312973007868979e-04
2.816806889396667899e-04 1.254546335650609350e-03
-2.769164558516329063e-04 1.732672815854844608e-03
-7.144703967622658726e-04 2.053126148760505386e-03
-9.350369449131593113e-04 2.152228727330108855e-03
-8.853093749766635743e-04 2.004894914891686836e-03
-5.647677029891522236e-04 1.629581728812743834e-03
-2.580172538146625720e-05 1.085061824804026305e-03
6.362155989886348218e-04 4.596222948342738824e-04
1.301024257292417857e-03 -1.452743840372929928e-04
1.846315046366891078e-03 -6.337834394853935661e-04
2.170982944652672178e-03 -9.333773088301184793e-04
2.214390436078797313e-03 -1.008111583912443474e-03
1.967990154165460102e-03 -8.649572009761723017e-04
1.477102445880871390e-03 -5.520115783182498806e-04
8.325071680223856269e-04 -1.489388299337760977e-04
1.534373492185530838e-04 2.485399596927354232e-04
-4.348098322089025700e-04 5.471596114775100893e-04
-8.244102044314568188e-04 6.741124860401559709e-04
-9.452459189920298750e-04 5.911225262288978283e-04
-7.780083770354895897e-04 3.019204514533931245e-04
-3.576940638438088011e-04 -1.483001218214561072e-04
2.331647119433594151e-04 -6.813458060490841170e-04
8.802489859231663830e-04 -1.200804767681115486e-03
1.459197259629168176e-03 -1.610347107950793524e-03
1.859225116088660326e-03 -1.832077080385912000e-03
2.004146416746828072e-03 -1.821458410383093585e-03
1.866814868130304249e-03 -1.575981248045560607e-03
1.474251293351692537e-03 -1.135922815237116893e-03
9.024862914997698301e-04 -5.770495415448535000e-04
2.620960293064165253e-04 3.366756788293037879e-06
-3.228281885198230634e-04 5.045809951157784320e-04
-7.382919943798029686e-04 8.410516445517218862e-04
-9.021176926418900469e-04 9.582369245037579506e-04
-7.796554601429697088e-04 8.425305090421282995e-04
-3.905070774870413128e-04 5.234663192184265323e-04
1.950153404028833869e-04 6.778528494241908169e-05
8.690297425261743394e-04 -4.335029021380006390e-04
1.506340361011169636e-03 -8.826046580487423906e-04
1.987979094356331303e-03 -1.193655945821118537e-03
2.223579248813781911e-03 -1.309115010249951730e-03
2.168349686400795982e-03 -1.210726101874655706e-03
1.831439473286559710e-03 -9.229755100201393267e-04
1.274112847190362555e-03 -5.083845137171489692e-04
5.980831570609095385e-04 -5.553127651474539395e-05
-7.378282994792916775e-05 3.379277820345804500e-04
-6.207348967706925996e-04 5.840180652496400598e-04
-9.469764706891961505e-04 6.214303249936335314e-04
-9.997444040899363185e-04 4.275045239745191468e-04
-7.792085356169620083e-04 2.293626803394138106e-05
-3.383177639829391199e-04 -5.316951279823376158e-04
2.273763237077127612e-04 -1.146930228269073346e-03
7.979888348941528535e-04 -1.720892555051353745e-03
1.252201523503372041e-03 -2.158105629012128414e-03
1.490453527196903844e-03 -2.387112811861305875e-03
1.454027564803441093e-03 -2.373575273258471570e-03
1.136413055383875834e-03 -2.126379117582938901e-03
5.847896636014151932e-04 -1.695605636446735577e-03
-1.086547476135309447e-04 -1.162758326989483514e-03
-8.239330275871961998e-04 -6.251052272290358661e-04
-1.435741201118392700e-03 -1.771079228951501910e-04
-1.836962474337664126e-03 1.075413952359455944e-04
-1.958747057668725530e-03 1.898703056595237026e-04
-1.783370034601788065e-03 7.292102382945358976e-05
-1.347436451313101507e-03 -1.989911208260813783e-04
-7.348299277123095281e-04 -5.489129609267519392e-04
-6.074245184216076890e-05 -8.821434084250463336e-04
5.501889550230732763e-04 -1.104552867590434355e-03
9.874979282895289534e-04 -1.140856015384045805e-03
1.175785000895310456e-03 -9.493691879215527055e-04
1.088938279409925984e-03 -5.304479683197432620e-04
7.549871854108053480e-04 7.300384490179477343e-05
2.506722045939623923e-04 7.830622512785061998e-04
-3.132385085156429768e-04 1.500935158219027839e-03
-8.131021655322529526e-04 2.125071692027930264e-03
-1.136014976562589335e-03 2.569812477791935668e-03
-1.201410980954551290e-03 2.781061874952486801e-03
-9.765518141264103655e-04 2.746026399452576421e-03
-4.829696198542140486e-04 2.495186199096006106e-03
2.073618424694080738e-04 2.096135931330185987e-03
9.854079522444224130e-04 1.640469509345492084e-03
1.725477208449776104e-03 1.226198730137064916e-03
2.308789780726266082e-03 9.390397206910704262e-04
2.645752462996310908e-03 8.361136828441506717e-04
2.692726381662109356e-03 9.351493816025515608e-04
2.460116073406733422e-03 1.211231165705586952e-03
2.010251219026564038e-03 1.601705688375759315e-03
1.445464382345270499e-03 2.018313835330438812e-03
8.886237466171003447e-04 2.364244561219158540e-03
4.598077251109853724e-04 2.552873790690302937e-03
2.535381026200294284e-04 2.524631055157209800e-03
3.208818780039387249e-04 2.258789825964471060e-03
6.598094047115519480e-04 1.777937703224124165e-03
1.215632467913639820e-03 1.144267940557431879e-03
1.891436736767252271e-03 4.483819419121413572e-04
2.566530100200365826e-03 -2.072897683906596263e-04
3.119410163890592915e-03 -7.273214899371614360e-04
3.450898134859995553e-03 -1.040827202388857654e-03
3.503054545851353938e-03 -1.114387597318860276e-03
3.270290796872948186e-03 -9.579320493210822553e-04
2.800568122962531024e-03 -6.224710327352656536e-04
2.186452554306713997e-03 -1.901161568016992770e-04
1.547715323426645129e-03 2.417162907643599645e-04
1.008769279408524601e-03 5.789227969267339655e-04
6.752100230838086088e-04 7.486232496730722743e-04
6.139004618463455784e-04 7.129726124172390761e-04
8.403671011207717624e-04 4.762595091367355198e-04
1.315892561220415556e-03 8.395050818967421478e-05
1.954853539173506943e-03 -3.861343093648525286e-04
2.640914207571762144e-03 -8.388373729695457019e-04
3.249009022290989552e-03 -1.180020288058642635e-03
3.668953426385054405e-03 -1.334776374252058138e-03
3.826213395484665165e-03 -1.262040531490470421e-03
3.695903385138812718e-03 -9.628192181057844759e-04
3.307365012583943047e-03 -4.804707698431498800e-04
2.738462833231855142e-03 1.070287612642270499e-04
2.100681045943472627e-03 7.013815635339594587e-04
1.517847125365233071e-03 1.202130404701575676e-03
1.102515355193317776e-03 1.525259301315237681e-03
9.344864817425408213e-04 1.618720652624897191e-03
1.045535292085042782e-03 1.471957874949525241e-03
1.413242417571941969e-03 1.117628225321984446e-03
1.965102648346977923e-03 6.252059082461071090e-04
2.592135954648990687e-03 8.768139180204863933e-05
3.169427734706709802e-03 -3.961216439548280845e-04
3.579712315036726392e-03 -7.402622900535998397e-04
3.735536941999142123e-03 -8.878880941986018070e-04
3.595811648242441469e-03 -8.218642982696022174e-04
3.173612697098406911e-03 -5.678180513844326149e-04
2.533762673452155320e-03 -1.890268050910943120e-04
1.780645283242398040e-03 2.258741864838759075e-04
1.038561182072272101e-03 5.800293975147417444e-04
4.283427359723982180e-04 7.870912801271974426e-04
4.465326570581408874e-05 7.879828943320493946e-04
-6.173393270871561402e-05 5.625101825918387907e-04
1.066750150712980280e-04 1.336140380047753234e-04
4.948104980666265034e-04 -4.365541005236832036e-04
1.005720624540778346e-03 -1.058000975947441481e-03
1.519190435008587435e-03 -1.629562354910540391e-03
1.914768628807906204e-03 -2.057729074690310689e-03
2.094836668960405827e-03 -2.274072297524487932e-03
2.003347121906172597e-03 -2.247975980978092307e-03
1.636678229061584722e-03 -1.992271715931356619e-03
1.044544703903896657e-03 -1.560713421514864710e-03
3.207879047634317133e-04 -1.037772792037990489e-03
-4.142147242305847799e-04 -5.226886693841617006e-04
-1.036193659139391212e-03 -1.107897264831364786e-04
-1.440399998583053245e-03 1.243756321484877723e-04
-1.561355878561463979e-03 1.447227970277843896e-04
-1.385204319009876147e-03 -4.545713238866507574e-05
-9.523207182726787373e-04 -4.006584437851741076e-04
-3.496913430314120964e-04 -8.431664332322390482e-04
3.054990424572006616e-04 -1.278192652492079941e-03
8.879645072466293412e-04 -1.612263408833286516e-03
1.287918633513377266e-03 -1.771368550020514972e-03
1.431712933480459946e-03 -1.715422618469778730e-03
1.295608860076216369e-03 -1.446288633928355122e-03
9.100798809913415634e-04 -1.007833870070834036e-03
3.538335677479635091e-04 -4.779961914668523645e-04
-2.613095933500090336e-04 4.564695678990483537e-05
-8.118125476025920412e-04 4.640835594183117044e-04
-1.186036820533415206e-03 6.954068645449684683e-04
-1.305600046202366662e-03 6.901860275082989920e-04
-1.140427088224538633e-03 4.407620183256920170e-04
-7.146403302801319132e-04 -1.728826349671279926e-05
-1.021696514788019935e-04 -6.117956293542855303e-04
5.870903955732118462e-04 -1.247492657131345651e-03
1.227958286096121968e-03 -1.823805589773973106e-03
1.703565404736349887e-03 -2.253579544375757492e-03
1.927411421169088071e-03 -2.479197508492494463e-03
1.859700191263500852e-03 -2.483048671619803895e-03
1.514863420168848255e-03 -2.290372995738983609e-03
9.588471232758490320e-04 -1.963953679575716500e-03
2.966735439507771723e-04 -1.591673731013400466e-03
-3.473682282324172576e-04 -1.269304752269091816e-03
-8.531546368884038428e-04 -1.081799271215346447e-03
-1.127349334053782178e-03 -1.086641485941452394e-03
-1.120934470737751159e-03 -1.302421437336003353e-03
-8.383361894829487182e-04 -1.704808204138517219e-03
-3.364208297932056455e-04 -2.230696076421380403e-03
2.864434918133311578e-04 -2.789749214649907879e-03
9.091840847354285817e-04 -3.281168254164943104e-03
1.411115811659739098e-03 -3.612512166352943588e-03
1.694951177972010272e-03 -3.717017949352021018e-03
1.705367183206304028e-03 -3.566143413485639742e-03
1.439609372953071101e-03 -3.174960963204991569e-03
9.481216760117556997e-04 -2.599381990994670440e-03
3.250796956583974599e-04 -1.925736393463396137e-03
-3.093825551589923176e-04 -1.254677322433716494e-03
-8.318890294782707801e-04 -6.824539209714414363e-04
-1.139181039111521708e-03 -2.830914102337691186e-04
-1.167697095546756580e-03 -9.484449616133333420e-05
-9.056655353147035313e-04 -1.134795237954234733e-04
-3.954192061807488418e-04 -2.936466254544547756e-04
2.745078076815391150e-04 -5.580703609640166266e-04
9.860073838097679379e-04 -8.128062730410091918e-04
1.613603216187237946e-03 -9.656618280114617325e-04
2.048034298840388859e-03 -9.442809383419776105e-04
2.216754607574794329e-03 -7.104551403528582693e-04
2.097471799564641984e-03 -2.679394283837754171e-04
1.722166021195668069e-03 3.377186538014455806e-04
1.170832591868550170e-03 1.027314818019201730e-03
5.561380845058492249e-04 1.702557544224536472e-03
1.899733426405521806e-06 2.264320487823965906e-03
-3.805325815224344221e-04 2.631128027057350223e-03
-5.135156987076080256e-04 2.754378314887595200e-03
-3.679486045189660215e-04 2.627424108204795983e-03
3.110830271909432662e-05 2.286792768664743566e-03
6.090967376390033156e-04 1.805313355776163968e-03
1.256025831930098619e-03 1.278449241834574363e-03
1.847277341499556965e-03 8.064194189338717020e-04
2.267211994224975231e-03 4.754874224330983990e-04
2.431107098748056233e-03 3.419529288158256516e-04
2.301270768739429110e-03 4.218680696898983225e-04
1.894280031677105956e-03 6.884155039067792062e-04
1.277970061614138505e-03 1.077433769341855667e-03
5.587417240964333894e-04 1.500032250522797704e-03
-1.384127560374489837e-04 1.859895453689191548e-03
-6.933878811229014826e-04 2.071988404699261384e-03
-1.013505561814534396e-03 2.079109990370806189e-03
-1.050855005407721858e-03 1.863149117218318093e-03
-8.111533377950391234e-04 1.448902385331251458e-03
-3.524540488464086721e-04 8.997214793922866374e-04
2.260474428739751222e-04 3.058067545390451693e-04
8.029869197567901518e-04 -2.326426476879197083e-04
1.257986425076193212e-03 -6.242363342058719795e-04
1.494603042364294311e-03 -8.035996587063211523e-04
1.458722715056770276e-03 -7.437232909327113608e-04
1.148913440967172170e-03 -4.611164166417284094e-04
6.167752515822504372e-04 -1.278547127358701596e-05
-4.278087798671186448e-05 5.143935813382614171e-04
-7.094854208831638661e-04 1.019902747326397428e-03
-1.260494932543616570e-03 1.408343741383789264e-03
-1.593694166060289318e-03 1.607189832281509089e-03
-1.647102198807046461e-03 1.580175917538429202e-03
-1.410706090396104083e-03 1.333801629349345985e-03
-9.284787528451194120e-04 9.157268311697679478e-04
-2.901956992078425402e-04 4.053742747075774443e-04
3.854036390989193850e-04 -1.014702782013803244e-04
9.729258907226225311e-04 -5.111338901393473093e-04
1.363885237485123808e-03 -7.500997876714800717e-04
1.487059881842451702e-03 -7.791924447650652209e-04
1.321793899384154534e-03 -6.012102257757264822e-04
9.017306228792608663e-04 -2.605533218644548584e-04
3.082753105884963266e-04 1.650882068380431960e-04
-3.449706871057440453e-04 5.794165178071209897e-04
-9.338529003024883656e-04 8.858006012692716319e-04
-1.347282263749948091e-03 1.005683845712043202e-03
-1.508354081568524449e-03 8.936380256871292744e-04
-1.388966212187473263e-03 5.462104081499430863e-04
-1.015166814712096469e-03 2.884217160639820574e-06
-4.622180247542132447e-04 -6.610356033436154410e-04
1.596900916611619886e-04 -1.348271939403182041e-03
7.263698807777416860e-04 -1.957546959851786273e-03
1.123246504230523924e-03 -2.402282668891014134e-03
1.267175988546646176e-03 -2.626500536011013714e-03
1.122337199897330620e-03 -2.614921096652835994e-03
7.071854731091354587e-04 -2.395362926700976645e-03
9.114750523597455779e-05 -2.032998491827980089e-03
-6.183208995011755865e-04 -1.617565973734903318e-03
-1.295868267083975095e-03 -1.245969390135361499e-03
-1.821764752626691027e-03 -1.003571728080685562e-03
-2.104355409961268519e-03 -9.477322338187750637e-04
-2.097203040126517301e-03 -1.096712811576948127e-03
-1.807679641764776924e-03 -1.426060404661445456e-03
-1.295384448553253687e-03 -1.873155066946956271e-03
-6.606925107363552764e-04 -2.349065551899021283e-03
-2.560609389680142470e-05 -2.755468773781569267e-03
4.894619181108686434e-04 -3.003428806556338471e-03
7.885737649630227084e-04 -3.030477125596262294e-03
8.184861489745948095e-04 -2.812755630175820497e-03
5.787518940826247380e-04 -2.369917094933625228e-03
1.217904351255230536e-04 -1.761847447338309386e-03
-4.570862360267995530e-04 -1.077821338561312089e-03
-1.037802891502169608e-03 -4.201339711728145285e-04
-1.498371471563661895e-03 1.147029484767624627e-04
-1.738133758906903244e-03 4.536527759515999840e-04
-1.696992570414583654e-03 5.603957544677042307e-04
-1.366986667927401261e-03 4.416265485102160646e-04
-7.940137476524285632e-04 1.452276790166814749e-04
-6.937085106119281392e-05 -2.493230985871246544e-04
6.872907666193033178e-04 -6.464836574928910749e-04
1.350373862318844783e-03 -9.531653647474111609e-04
1.811868705418490230e-03 -1.096722331057532578e-03
2.001560953591568007e-03 -1.038997928356487875e-03
1.900092565724703555e-03 -7.837625874039501556e-04
1.542407412328476030e-03 -3.761299540700322906e-04
1.010933503845803938e-03 1.059408150937864168e-04
4.197966300153554813e-04 5.664484795005370358e-04
-1.069421732266296081e-04 9.096548401496835218e-04
-4.589019623505300512e-04 1.058422608524249055e-03
-5.603765108971109831e-04 9.691090283687359705e-04
-3.847316299276004516e-04 6.401886866974904056e-04
4.052150303255220437e-05 1.129647233578056861e-04
6.389374972192338967e-04 -5.357757161116842191e-04
1.299644822288983405e-03 -1.207781790103408482e-03
1.898402203607148274e-03 -1.801391938424496374e-03
2.321214178686227536e-03 -2.230213522330944109e-03
2.486031477714008633e-03 -2.438904839342238492e-03
2.358423979637869639e-03 -2.413083958927956900e-03
1.958254801897695799e-03 -2.181500674107983255e-03
1.356087611315527457e-03 -1.810072310679009021e-03
6.600029495916286647e-04 -1.388923906909794248e-03
-4.684775618285768467e-06 -1.014896842946509626e-03
-5.189737940963410311e-04 -7.728467748234178758e-04
-7.925311253889108076e-04 -7.192795166295808812e-04
-7.806297307942546698e-04 -8.714292198609670595e-04
-4.924637790669617174e-04 -1.203850984408365386e-03
1.072874521399521785e-05 -1.653175386653564201e-03
6.273774178952782037e-04 -2.130125119794069270e-03
1.234904609004440837e-03 -2.536517025247005293e-03
1.713003424873881138e-03 -2.784027007681771568e-03
1.966459454645319918e-03 -2.811159792397973332e-03
1.943194496601879061e-03 -2.595203774585280385e-03
1.644115848316403047e-03 -2.156899309325006030e-03
1.122907030357377014e-03 -1.556927214779740267e-03
4.758010415958542909e-04 -8.848720401654629501e-04
-1.767253469953081104e-04 -2.427387440492772067e-04
-7.128674442858349593e-04 2.738677903428453266e-04
-1.032676382760740587e-03 5.933486700503522778e-04
-1.077117326804006431e-03 6.811805179643736288e-04
-8.393895100150627984e-04 5.459853916412418144e-04
-3.663603931134241194e-04 2.374626063383905995e-04
2.501620737291229126e-04 -1.634159868308674086e-04
8.906710341847081215e-04 -5.600819422386046648e-04
1.430455975648692226e-03 -8.589416770138128508e-04
1.763096524435089126e-03 -9.873209710650108183e-04
1.820510301085132530e-03 -9.073803674189475374e-04
1.585762426834880917e-03 -6.233639380964551592e-04
1.096214330687416338e-03 -1.808079490785209111e-04
4.364181450416100647e-04 3.421399008981531546e-04
-2.778960334456504616e-04 8.496444104689026677e-04
-9.217069033522716764e-04 1.246519916935829100e-03
-1.384318125612992714e-03 1.456502559684524347e-03
-1.590232566007509108e-03 1.436990716069381710e-03
-1.513333185076215157e-03 1.187454052090884020e-03
-1.181687216895401437e-03 7.499094183990902144e-04
-6.720663929289849483e-04 2.013631362067238814e-04
-9.522381275054445701e-05 -3.603601896413098703e-04
4.252811899906389537e-04 -8.347302256750999171e-04
7.766966989766277765e-04 -1.137146433242488229e-03
8.786547827756425707e-04 -1.214578846189150662e-03
6.986207972514798430e-04 -1.055262866285227316e-03
2.582852253241788281e-04 -6.906218639843245003e-04
-3.703172279164395719e-04 -1.890619449348370266e-04
-1.078231427796487712e-03 3.571790555511689200e-04
-1.740011573633048255e-03 8.496325823910474018e-04
-2.237293196778035280e-03 1.202313606525633963e-03
-2.481048309212025797e-03 1.358002242764112062e-03
-2.428313478231032552e-03 1.299009235930784732e-03
-2.090226559643775482e-03 1.050388039032379081e-03
-1.529852842519412691e-03 6.749881610292360161e-04
-8.502139813634421693e-04 2.612909662440529904e-04
-1.747874005407686624e-04 -9.366270141453452575e-05
3.758312359328306457e-04 -3.030129171191530465e-04
7.066841697613212778e-04 -3.069318509101236995e-04
7.663188396425907973e-04 -8.438513815165133228e-05
5.563852693175884738e-04 3.424342238780213408e-04
1.311490633439710198e-04 9.118502595469083448e-04
-4.129844145696632955e-04 1.533929255083098372e-03
-9.559472135485743999e-04 2.107071976028344375e-03
-1.376984363019336747e-03 2.536842497836378548e-03
-1.577772758332249715e-03 2.753479243675646150e-03
-1.501300883517806342e-03 2.724782526693635132e-03
-1.142929400084833095e-03 2.461947269967579028e-03
-5.515331066363890564e-04 2.017244091815663214e-03
1.794971038710143079e-04 1.473993943263590548e-03
9.296935089228970878e-04 9.307390329186298250e-04
1.574094653975965019e-03 4.826099310792403459e-04
2.006700524525212043e-03 2.034178096479606623e-04
2.160362407234972179e-03 1.318616145719682300e-04
2.019344541568103904e-03 2.644589761747759629e-04
1.622181567650426764e-03 5.565347603123019628e-04
1.054292510032366244e-03 9.310737886094795114e-04
4.317508410768778541e-04 1.293753650102136971e-03
-1.207160432067694213e-04 1.551301965337574139e-03
-4.933327334484324941e-04 1.629691809838797537e-03
-6.120186756275065041e-04 1.488718696517387155e-03
-4.523423835736623076e-04 1.130186957104114100e-03
-4.404743763772214337e-05 5.981429727934286763e-04
5.347035106493159976e-04 -2.890153868643469235e-05
1.172273151666023208e-03 -6.522961717938077124e-04
1.744848570475217645e-03 -1.171427766940376716e-03
2.140057621862025312e-03 -1.502315412102336357e-03
2.278426324422493272e-03 -1.593113960832850300e-03
2.128609662540294819e-03 -1.433599646306716723e-03
1.713507173151071570e-03 -1.056849393072008432e-03
1.106100742139902969e-03 -5.328018954395635992e-04
4.157983212526995646e-04 4.507608048799074344e-05
-2.321347248302887229e-04 5.774910826658549191e-04
-7.201656705095193676e-04 9.780398765594773385e-04
-9.606422988942789516e-04 1.189399344608485249e-03
-9.123074809848528630e-04 1.193927236773796325e-03
-5.880553370531480667e-04 1.016671731193442840e-03
-5.246151884043845186e-05 7.202268278810848925e-04
5.904443511653708438e-04 3.924161035257769047e-04
1.216849176829520093e-03 1.291466325908376903e-04
1.706546350140325779e-03 1.569052563966662033e-05
1.965618133117956034e-03 1.099501512318978164e-04
1.944118036098360517e-03 4.308881312459827626e-04
1.645408077700004313e-03 9.543256169405951901e-04
1.125386426990802879e-03 1.616917257270880431e-03
4.817555560994452989e-04 2.327562815491273068e-03
-1.646328633254877643e-04 2.984106773127382685e-03
-6.928196359740669292e-04 3.492175209147551414e-03
-1.004798919433772929e-03 3.782593508995006626e-03
-1.044227293882284179e-03 3.824095891571377935e-03
-8.072341217258674397e-04 3.628927735477174496e-03
-3.432820961352187473e-04 3.250285758087642900e-03
2.540888503701948034e-04 2.772084797862259947e-03
8.648851488945296512e-04 2.292991022090511144e-03
1.365316724752071824e-03 1.907745119415480079e-03
1.651200014303182357e-03 1.689310283042389513e-03
1.657677351498928683e-03 1.675221788535258532e-03
1.371519993469575999e-03 1.860717679037908598e-03
8.336855851802322040e-04 2.199944493952690500e-03
1.316454046544740227e-04 2.615001569069355485e-03
-6.170669543194600348e-04 3.011102004801650273e-03
-1.286972329644501308e-03 3.294969231539053578e-03
-1.768242975640554621e-03 3.392974702272502294e-03
-1.987314919734096182e-03 3.265570773173736598e-03
-1.920616481468960610e-03 2.915274113928125865e-03
-1.598817611070236285e-03 2.386676240954222188e-03
-1.100799891523213071e-03 1.758467747392972918e-03
-5.384936367338547924e-04 1.128975597044547209e-03
-3.545792613019870410e-05 5.979419994516240551e-04
2.967358149700155285e-04 2.479861346320175099e-04
3.798402805358846654e-04 1.292513650630745369e-04
1.839442837295827016e-04 2.501389069767677876e-04
-2.666864062867439680e-04 5.758781185590598588e-04
-8.980491671442846803e-04 1.035201460344701944e-03
-1.600288199041901942e-03 1.533859379488217156e-03
-2.248395735112706205e-03 1.972417050039863926e-03
-2.725813236892535643e-03 2.264965905996141251e-03
-2.946465231067144259e-03 2.355211369449625690e-03
-2.871054483202089072e-03 2.226896541306141314e-03
-2.514533041208102254e-03 1.906595486265311081e-03
-1.943333735879692031e-03 1.458355742538542093e-03
-1.262884799423201389e-03 9.712139983715481527e-04
-5.977694085033949042e-04 5.419590703411070231e-04
-6.828395971007761300e-05 2.564167222993127878e-04
2.321698105507412780e-04 1.728109799174425663e-04
2.545821306440270056e-04 3.103633800490928057e-04
3.413257208222456041e-06 6.452995011742016429e-04
-4.644619256401089384e-04 1.115029006538231131e-03
-1.050738082069456979e-03 1.629716982086950195e-03
-1.634507644000893732e-03 2.089063778255937504e-03
-2.095363149862455171e-03 2.401123085419707565e-03
-2.336394646699791692e-03 2.499600592477162209e-03
-2.302723231209254443e-03 2.356361680411650159e-03
-1.992057381835979704e-03 1.986782054423094374e-03
-1.455269641555562068e-03 1.446928617971012790e-03
-7.868813558989044398e-04 8.231030232387484330e-04
-1.072546510664307891e-04 2.157246756997817545e-04
4.601382909721114410e-04 -2.793999106644685839e-04
8.120657922351335592e-04 -5.888811968214416066e-04
8.850860947556068873e-04 -6.752607887714326190e-04
6.675936259337624662e-04 -5.436858513348906278e-04
2.020800442597956879e-04 -2.404900179309741389e-04
-4.228199395528351150e-04 1.560397045897911762e-04
-1.088994442787896005e-03 5.509504709227400687e-04
-1.671079564365076601e-03 8.510593781959258954e-04
-2.060039299893174150e-03 9.830352228834390773e-04
-2.183639636705236083e-03 9.076913051232822927e-04
-2.019944667476038496e-03 6.277723534502221807e-04
-1.601284047947415697e-03 1.877513423327104632e-04
-1.007945455627029703e-03 -3.343340522356593619e-04
-3.527912381644295070e-04 -8.414670552781711860e-04
2.402832043273556975e-04 -1.235903673306750416e-03
6.599659388270401848e-04 -1.437639235814049815e-03
8.287440093333621732e-04 -1.399595575329313276e-03
7.176970701182154837e-04 -1.116653919682832497e-03
3.520647411854997168e-04 -6.268219883021917743e-04
-1.934691714567761726e-04 -4.311281314242361006e-06
-8.088847289518675664e-04 6.541694801954480928e-04
