3.597497763610795103e-03 9.259915902260119772e-04
3.640225468266633339e-03 1.079264310473604209e-03
3.304374579950915096e-03 1.205782599128972857e-03
2.671683336468257987e-03 1.276595481419927087e-03
1.874666917730445984e-03 1.272003205551003368e-03
1.071206104760924873e-03 1.185409490693302512e-03
4.144632889187067817e-04 1.024709917434292981e-03
2.382730413709932202e-05 8.109499560630911534e-04
-3.760945865703712622e-05 5.745028398392429186e-04
2.252216914517138693e-04 3.494869158111041244e-04
7.406501342384512248e-04 1.674753689143525085e-04
1.384311165390899809e-03 5.168522345485801472e-05
2.003282084941642154e-03 1.274190826485544848e-05
2.445725791186054328e-03 4.681757599815666469e-05
2.590413300942465136e-03 1.364922177705512056e-04
2.370517522097065170e-03 2.541714404441745975e-04
1.787153720538076996e-03 3.674111187257283009e-04
9.100823858960933920e-04 4.451385853200227893e-04
-1.345797618839563283e-04 4.635908550640789475e-04
-1.187335170825436128e-03 4.108446123158164846e-04
-2.084638126878878700e-03 2.890800202753895389e-04
-2.689051064813127549e-03 1.141501711751926283e-04
-2.914533633545263527e-03 -8.746122473904902083e-05
-2.742093422412785874e-03 -2.837162432175207140e-04
-2.222850007776138413e-03 -4.431699383941079006e-04
-1.467944653087849532e-03 -5.410218089620578595e-04
-6.272159041425344733e-04 -5.639227057195395684e-04
1.393145524237755350e-04 -5.126235954604321842e-04
6.917432127702433532e-04 -4.019609114760477756e-04
9.366355862219264772e-04 -2.581773341370741342e-04
8.444401864939151585e-04 -1.140813179265150917e-04
4.546747554902852038e-04 -2.957972403199945772e-06
-1.320878357825558186e-04 4.761952188746791268e-05
-7.739043037352983691e-04 2.090974490152013162e-05
-1.315074278395898843e-03 -8.591200276354975154e-05
-1.616436800876761568e-03 -2.612847901664028770e-04
-1.582594682334796622e-03 -4.814955041466856310e-04
-1.180891685932665153e-03 -7.151898504581218671e-04
-4.485281010716110541e-04 -9.293054815991889754e-04
5.135542060198447891e-04 -1.095303174132384021e-03
1.558880910315583014e-03 -1.194516134804033021e-03
2.522321524818344277e-03 -1.221605066909100829e-03
3.250563683128198690e-03 -1.185465896769324077e-03
3.630433461869397079e-03 -1.107420054300204543e-03
3.609715802962442516e-03 -1.017032450023857768e-03
3.206546961825757717e-03 -9.463521498302368898e-04
2.505612126697798030e-03 -9.236699297545103698e-04
1.641876717868374349e-03 -9.679786802085162296e-04
7.749369963176017118e-04 -1.085189660929977706e-03
5.884834371355307861e-05 -1.266825143068427617e-03
-3.868575728276130339e-04 -1.491439046836524462e-03
-4.994839338541686921e-04 -1.728500617076484096e-03
-2.845917178606097685e-04 -1.944009768056639354e-03
1.856175389409445067e-04 -2.106784743202256248e-03
7.866394977394649884e-04 -2.194235241205186576e-03
1.365994764857035495e-03 -2.196531287051224201e-03
1.772922641642223204e-03 -2.118381497835688382e-03
1.887799363863882501e-03 -1.978086579865723140e-03
1.645690417017324969e-03 -1.804049264522122583e-03
1.049556541008261077e-03 -1.629402832700560045e-03
1.705918046304171929e-04 -1.485775817632715382e-03
-8.643912148255827226e-04 -1.397373156241342278e-03
-1.896160877411438026e-03 -1.376493261695270389e-03
-2.762476934836125865e-03 -1.421327804629702500e-03
-3.328160625155987019e-03 -1.516458089152266774e-03
-3.510145934235034924e-03 -1.635950769181470418e-03
-3.292781222697230281e-03 -1.748463052944041959e-03
-2.730493508861350262e-03 -1.823386753387178354e-03
-1.937317329267211185e-03 -1.836863638116309570e-03
-1.065273917920290386e-03 -1.776528764309396463e-03
-2.756942556725746306e-04 -1.644079244847142240e-03
2.910876868705480555e-04 -1.455177602148370435e-03
5.419397468407289795e-04 -1.236703586795275152e-03
4.480822872337496265e-04 -1.021870502597962190e-03
4.994974515437665755e-05 -8.441265898420796405e-04
-5.511428461409139702e-04 -7.309922748904224606e-04
-1.212933838780713095e-03 -6.989965182296279528e-04
-1.779956848866106386e-03 -7.506677664126527438e-04
-2.113818336334747326e-03 -8.741464931783035500e-04
-2.120257761962495227e-03 -1.045490568713439671e-03
-1.767846012612051161e-03 -1.233235573347247127e-03
-1.094761095414902626e-03 -1.404346037533425479e-03
-2.023381436317891200e-04 -1.530431079663246334e-03
7.634039783457848742e-04 -1.593048680491403798e-03
1.638779103210971817e-03 -1.587096167844779387e-03
2.272893325608301828e-03 -1.521647557720186110e-03
2.555793528429551199e-03 -1.418082448668087905e-03
2.438985582485348001e-03 -1.305864504035923572e-03
1.944444668719432726e-03 -1.216772935323730438e-03
1.160415843014417532e-03 -1.178683478743529876e-03
2.248007474671775518e-04 -1.210080692649253588e-03
-7.007265164047644761e-04 -1.316344913398706171e-03
-1.460979187911078244e-03 -1.488521157131665563e-03
-1.936172663102693307e-03 -1.704807264926634040e-03
-2.064031095680314391e-03 -1.934483617011900202e-03
-1.850914111703994090e-03 -2.143544277543238223e-03
-1.369873053020882574e-03 -2.300967041217761959e-03
-7.460226892020555001e-04 -2.384438580111374745e-03
-1.320173638006416367e-04 -2.384453683094821079e-03
3.217049334211829256e-04 -2.306014956847318720e-03
4.962559757575391375e-04 -2.167613100643516616e-03
3.276335769929502977e-04 -1.997682061785451511e-03
-1.803779515832572983e-04 -1.829200689932737036e-03
-9.562050342446405541e-04 -1.693462618718460759e-03
-1.873398174296618665e-03 -1.614192796915836460e-03
-2.774032396909686601e-03 -1.603122756385718609e-03
-3.498177826371035720e-03 -1.657859909085142476e-03
-3.913871457184884758e-03 -1.762451295938098628e-03
-3.941923389111064505e-03 -1.890531593359167555e-03
-3.570865763555185115e-03 -2.010455525561577299e-03
-2.859215796608320995e-03 -2.091438889093563680e-03
-1.924622937104291699e-03 -2.109541371196346597e-03
-9.219502244690563463e-04 -2.052354379248169484e-03
-1.443192544560152439e-05 -1.921502457089790559e-03
6.566425028862372427e-04 -1.732481044775418307e-03
9.979917126926073426e-04 -1.511857896319680934e-03
9.812341248143258577e-04 -1.292364867388930486e-03
6.474274965979001780e-04 -1.106806480360015329e-03
9.841617273543369149e-05 -9.819360238463464320e-04
-5.233553025874180999e-04 -9.334565070202171947e-04
-1.062719108641849153e-03 -9.630913355085084660e-04
-1.382052192216126629e-03 -1.058278306750603170e-03
-1.388183599494766628e-03 -1.194544480573882413e-03
-1.050826402974242447e-03 -1.340112559252032778e-03
-4.090255641132177619e-04 -1.461867585542008484e-03
4.356161355506379864e-04 -1.531555901533964001e-03
1.337666404349668707e-03 -1.531045015617377592e-03
2.135012408303195875e-03 -1.455651448746543477e-03
2.679299636860520487e-03 -1.314909934951901879e-03
2.863903896410320647e-03 -1.130642133266110882e-03
2.644143417984082950e-03 -9.326944658481919155e-04
2.045903895214334044e-03 -7.531560223042106129e-04
1.161039777474584707e-03 -6.201551721269252899e-04
1.304157163925441271e-04 -5.524131982698674004e-04
-8.822106799237259623e-04 -5.555898337771839014e-04
-1.720532218175698305e-03 -6.211161596530037155e-04
-2.264531321336572117e-03 -7.277391062220123392e-04
-2.452371744692214642e-03 -8.454879832773868308e-04
-2.291216772195289481e-03 -9.413143614112936403e-04
-1.854945931574669173e-03 -9.853392258311586844e-04
-1.269223805583429921e-03 -9.565257701207379674e-04
-6.867696402020278352e-04 -8.467043792568121428e-04
-2.575316818332626725e-04 -6.621877639269112660e-04
-9.943427648569200424e-05 -4.226698659110574583e-04
-2.752562147074009286e-04 -1.576157838860532375e-04
-7.800363583945469064e-04 9.917564960338959203e-05
-1.541407347950410085e-03 3.158096501557033746e-04
-2.432807972361497682e-03 4.681556500152122754e-04
-3.297083584867482268e-03 5.442238515671657785e-04
-3.976014078987630609e-03 5.462334738552032578e-04
-4.340183477165218857e-03 4.899853935438361558e-04
-4.313537291453321647e-03 4.016625229819752218e-04
-3.887976384910171463e-03 3.126684251446386190e-04
-3.125219303310473352e-03 2.534860581259754195e-04
-2.145572456208764446e-03 2.477238510920592280e-04
-1.105723392037536845e-03 3.074804985625629824e-04
-1.697480635020488359e-04 4.309097595388650614e-04
5.211945092219931290e-04 6.024495492090351477e-04
8.747601898234892096e-04 7.956746703365045244e-04
8.640263190672319970e-04 9.782352463498123363e-04
5.316832709476939939e-04 1.117947444960090469e-03
-1.896145586559674651e-05 1.188884308304492257e-03
-6.444420343259249766e-04 1.176313865232411771e-03
-1.189161443214097362e-03 1.079549319030797183e-03
-1.515660296495882371e-03 9.121707763355871952e-04
-1.531377636595247652e-03 6.995749841341805143e-04
-1.206819948859083787e-03 4.743147787064399190e-04
-5.816835879376651810e-04 2.701077867757293183e-04
2.422407688824513173e-04 1.156452823727081641e-04
1.120047498270803840e-03 2.936943914242539548e-05
1.890991931799181937e-03 1.620347487669943987e-05
2.408901393992039699e-03 6.684914410045328663e-05
2.569963130902139150e-03 1.597797455220641974e-04
2.332624334607576178e-03 2.655463547385935024e-04
1.725829850922195024e-03 3.525770481445659934e-04
8.440283212212137216e-04 3.933663997839804711e-04
-1.701200114482008443e-04 3.698789928039141915e-04
-1.152074542967278454e-03 2.771399794785279385e-04
-1.945815995350195539e-03 1.243295306816858054e-04
-2.432580954851807590e-03 -6.682880304102064802e-05
-2.552508539057854117e-03 -2.660828591611695678e-04
-2.315121198315500586e-03 -4.403112302168894223e-04
-1.796676015431832550e-03 -5.597567392695008796e-04
-1.124908552122233334e-03 -6.036542197981969136e-04
-4.540776834624113368e-04 -5.641868176560497963e-04
6.494487626109053668e-05 -4.480208210679587771e-04
3.138600180387397798e-04 -2.751268310344011196e-04
2.298606350671084098e-04 -7.510826154938210063e-05
-1.820672064311405769e-04 1.182704537175285182e-04
-8.498003266730402372e-04 2.733232414803665852e-04
-1.647574480330923213e-03 3.662718185483037269e-04
-2.419768964162227580e-03 3.855656992804032618e-04
-3.010477156520426079e-03 3.338794353817211603e-04
-3.293261627433385214e-03 2.274136996110557869e-04
-3.195454282082640582e-03 9.263728219673693994e-05
-2.712391708219265545e-03 -3.890860442690678711e-05
-1.908878657563731684e-03 -1.367557571291256582e-04
-9.075882670355038149e-04 -1.774367281035505416e-04
1.334210849063317979e-04 -1.490690323912939033e-04
1.049833397810913567e-03 -5.372472369304803633e-05
1.701351452010717085e-03 9.286597461720852474e-05
1.997409684615771529e-03 2.642229319110903345e-04
1.913475788921261203e-03 4.280869705343730769e-04
1.494875254740300361e-03 5.525127514060979451e-04
8.474349669452272207e-04 6.119299751777167781e-04
1.167365861294697091e-04 5.920245892745376083e-04
-5.400745298099274630e-04 4.925145849519614290e-04
-9.845715787673834686e-04 3.272930964071267329e-04
-1.123672847618903490e-03 1.219094515836381063e-04
-9.275604035467309872e-04 -9.113770257539578843e-05
-4.354904067717421234e-04 -2.784073430612416791e-04
2.516098204729972374e-04 -4.116894951214173032e-04
9.903577882537997756e-04 -4.731803116735268508e-04
1.622304707690054321e-03 -4.586831587543545915e-04
2.004306338348782988e-03 -3.782338815195964224e-04
2.036117245881788069e-03 -2.540361507070420795e-04
1.679972804761746454e-03 -1.161020515783413098e-04
9.684377514835513286e-04 3.572615197776644793e-06
-9.806291328004696287e-07 7.719179294547365939e-05
-1.083452678438224593e-03 8.652751071200104381e-05
-2.113363318920516778e-03 2.645426690380339469e-05
-2.934762106509496149e-03 -9.402142140871127098e-05
-3.429982411723424274e-03 -2.534322596521924832e-04
-3.541032429233764364e-03 -4.219062443093866814e-04
-3.279728736336166503e-03 -5.668395801253001999e-04
-2.724673562162214287e-03 -6.591118714752266031e-04
-2.005666511373654926e-03 -6.786658183744023786e-04
-1.278518886937115087e-03 -6.183933723435540604e-04
-6.950538339902717546e-04 -4.855903336345493947e-04
-3.739845836189794812e-04 -3.007011910773195549e-04
-3.781939973453878924e-04 -9.358861598522325020e-05
-7.027234909518997267e-04 1.019696370143271776e-04
-1.275748448361509538e-03 2.545183152038405861e-04
-1.972355088303576112e-03 3.407197929138562793e-04
-2.638506676127564191e-03 3.496137359317868392e-04
-3.120654549595965142e-03 2.845390769023258101e-04
-3.295377555669320828e-03 1.623585522022779151e-04
-3.093425182377861852e-03 1.013644012690632793e-05
-2.513596609331999240e-03 -1.400981407025616210e-04
-1.623810125521345758e-03 -2.575080682759599065e-04
-5.491410428527796535e-04 -3.183571542261745980e-04
5.509274998533452306e-04 -3.105505113120833171e-04
1.511754622987465570e-03 -2.359452461404344691e-04
2.193775781897707843e-03 -1.099930861437990054e-04
2.508017474949091313e-03 4.121757495411592861e-05
2.432082278967391195e-03 1.859595173708446247e-04
2.013597293525328825e-03 2.929566768701711101e-04
1.360491257275142293e-03 3.374110436241240874e-04
6.199574130697017892e-04 3.058226850421012517e-04
-4.990107385391298438e-05 1.986872445142405779e-04
-5.103636936590019886e-04 3.055684784667315524e-05
-6.685798060926317551e-04 -1.725507376120640314e-04
-4.952307826260170937e-04 -3.779080691596830134e-04
-3.002153088450484376e-05 -5.521028131372094283e-04
6.260364785359029145e-04 -6.671949516719900960e-04
1.330084385413748266e-03 -7.058449497891290322e-04
1.924924577260568506e-03 -6.644461443684988866e-04
2.269359040613885825e-03 -5.536723100860812229e-04
2.265599312056994913e-03 -3.963405360818873400e-04
1.878542165080354090e-03 -2.229975603065682387e-04
1.143243446958617203e-03 -6.606830057527351106e-05
1.591555087761400500e-04 4.632308395934058888e-05
-9.278013139250133878e-04 9.568807016483934797e-05
-1.951959923202425604e-03 7.665375311597782395e-05
-2.758382489918180004e-03 -2.070844341740579915e-06
-3.231342030166304245e-03 -1.194242292928460089e-04
-3.315436869169630530e-03 -2.460887285445429373e-04
-3.025358673737318232e-03 -3.501760338889263360e-04
-2.442481091422939350e-03 -4.034230636992267504e-04
-1.698929125519936740e-03 -3.867221213136334433e-04
-9.521572324991156881e-04 -2.939348947094063162e-04
-3.548584476503937463e-04 -1.332643123026020632e-04
-2.590789308560214298e-05 7.407972487033108368e-05
-2.784501392125615822e-05 2.976726071465275714e-04
-3.551575883390244593e-04 5.034119067125693335e-04
-9.355821106573042984e-04 6.597552695025261319e-04
-1.644167512790636106e-03 7.434829657355732785e-04
-2.327429656363450353e-03 7.438986867395733010e-04
-2.833010740949691748e-03 6.646776795168724775e-04
-3.039213020995995117e-03 5.230163938285174946e-04
-2.878797868751048743e-03 3.462482015821908361e-04
-2.352525251457240289e-03 1.665688449138243111e-04
-1.529849963975840783e-03 1.487244800140439561e-05
-5.366219943855497429e-04 -8.513336445517099811e-05
4.679010782133088270e-04 -1.214181923599940175e-04
1.320397681976474055e-03 -9.587498149888560835e-05
1.883645580525370811e-03 -2.389676175914326158e-05
2.071812234232075275e-03 6.863461702292641205e-05
1.866100558075146736e-03 1.503755961035815446e-04
1.317802569015147796e-03 1.906093260491892793e-04
5.381952184957840670e-04 1.652393320636351556e-04
-3.227987486922886213e-04 6.154988638101301091e-05
-1.105137862403851416e-03 -1.191722426494961620e-04
-1.668972085416213502e-03 -3.616553042460190636e-04
-1.920996830265497748e-03 -6.393004647502889071e-04
-1.831863845403433871e-03 -9.189814466043382847e-04
-1.441358385993738497e-03 -1.167081829320276232e-03
-8.503714112142635347e-04 -1.355631568348870507e-03
-2.011985957299601340e-04 -1.467385342498662114e-03
3.500893049923521627e-04 -1.498885416482798700e-03
6.639567941588381348e-04 -1.460932949652864448e-03
6.446374105657363442e-04 -1.376381930064150133e-03
2.591148910588028740e-04 -1.275676335174609315e-03
-4.557626250954775141e-04 -1.190977810807327709e-03
-1.399403189301196481e-03 -1.149997324915881568e-03
-2.425688311531737969e-03 -1.170699527100045991e-03
-3.369857815130755836e-03 -1.257882517820586854e-03
-4.078990984046201515e-03 -1.402279890408448127e-03
-4.440330215191213084e-03 -1.582353661179296744e-03
-4.402099877847781909e-03 -1.768436612511811419e-03
-3.982891650205269522e-03 -1.928437221552386756e-03
-3.267849731015980575e-03 -2.034024048206590357e-03
-2.392385711296773129e-03 -2.066115300995794574e-03
-1.516510941134757576e-03 -2.018630545208404455e-03
-7.946475251705581878e-04 -1.899790325742372905e-03
-3.466319272719567239e-04 -1.730713606218623303e-03
-2.353961519662027720e-04 -1.541574502637774700e-03
-4.555440445041195746e-04 -1.366041942109541552e-03
-9.349744742517194758e-04 -1.235051090009273286e-03
-1.549230242458043191e-03 -1.171082089102184554e-03
-2.145839761530429074e-03 -1.184025867245311380e-03
-2.574024584476010836e-03 -1.269416644580426785e-03
-2.714128372546924413e-03 -1.409363130299074764e-03
-2.501174572700785338e-03 -1.575999985672773239e-03
-1.938071178780622229e-03 -1.736804569192930848e-03
-1.095941107421246393e-03 -1.860771486993452288e-03
-1.014947933387988439e-04 -1.924275768817471956e-03
8.861840380633021147e-04 -1.915515168520633658e-03
1.705062556339149039e-03 -1.836691818251121044e-03
2.220238467094765890e-03 -1.703522139900620885e-03
2.348994236944875261e-03 -1.542170332555562557e-03
2.076093901939200619e-03 -1.384189000241551433e-03
1.456434988184606132e-03 -1.260428122315687596e-03
6.045591272641505625e-04 -1.195069136594499376e-03
-3.269900824277907061e-04 -1.200917415557913297e-03
-1.176364961613584389e-03 -1.276848322720880316e-03
-1.802737614929196108e-03 -1.407894383720822941e-03
-2.112515262237049489e-03 -1.567961031063897425e-03
-2.076493450149156234e-03 -1.724660544707631686e-03
-1.734712206783115386e-03 -1.845352490151411619e-03
-1.188111062745998876e-03 -1.903250174807570323e-03
-5.785805200695190052e-04 -1.882439745674334202e-03
-6.120629483127881278e-05 -1.780863976174477340e-03
2.260178392631307948e-04 -1.610707619757937963e-03
1.892526591999162209e-04 -1.396112563860182204e-03
-2.024941996730282232e-04 -1.168655885099746964e-03
-9.106069684492940682e-04 -9.614467488985223211e-04
-1.833332455451609170e-03 -8.029589191976103804e-04
-2.824277032939288487e-03 -7.117650994349596690e-04
-3.719445323312106731e-03 -6.931680359277657280e-04
-4.367716536034669562e-03 -7.383636613097049320e-04
-4.659001072343277490e-03 -8.262915949505894933e-04
-4.544756586182406924e-03 -9.278189359675889820e-04
-4.046986511699877595e-03 -1.011460999833707413e-03
-3.254021746120655881e-03 -1.049551299566768006e-03
-2.303885402162983778e-03 -1.023687882049828480e-03
-1.358388196067883370e-03 -9.284202162202879896e-04
-5.728537524504855039e-04 -7.724741634937818714e-04
-6.719736362735019564e-05 -5.772789465216147465e-04
9.617741921537836455e-05 -3.730711221205998125e-04
-7.650655602655536715e-05 -1.933096006818165315e-04
-5.123622103725402818e-04 -6.845587277425069228e-05
-1.086487444455512671e-03 -2.029423971684188224e-05
-1.646507929996747326e-03 -5.786516535420167416e-05
-2.042345705694465201e-03 -1.757800841224365295e-04
-2.155555809386556013e-03 -3.552357665233446039e-04
-1.922654987756895577e-03 -5.675358740232804879e-04
-1.348004615912790690e-03 -7.794532985751574834e-04
-5.037887758486998694e-04 -9.594190694609725477e-04
4.829267453654862959e-04 -1.083367890051631800e-03
1.453620889341594377e-03 -1.139136180469800357e-03
2.247808045638216307e-03 -1.128583297821083610e-03
2.733021097350776720e-03 -1.067038258122759249e-03
2.829618630692031910e-03 -9.801810118264123531e-04
2.525724873031080613e-03 -8.989532078075728773e-04
1.879475820381333855e-03 -8.534665161565673473e-04
1.008145166077107366e-03 -8.670664278689937032e-04
6.620471976722091395e-05 -9.516801107667600176e-04
-7.835337431704911780e-04 -1.105333879416289366e-03
-1.400241032326859925e-03 -1.312315036495978861e-03
-1.691128657315255903e-03 -1.545951956758242780e-03
-1.628323532196195413e-03 -1.773490137783288213e-03
-1.253381234602830895e-03 -1.962144533663963148e-03
-6.686020492594865923e-04 -2.085185146095830996e-03
-1.681404324332751686e-05 -2.126905910321698779e-03
5.465281826066427069e-04 -2.085537689790491374e-03
8.836252145411099997e-04 -1.973554738194373877e-03
9.012406600986057510e-04 -1.815316717844768415e-03
5.691202523104995324e-04 -1.642492029322724324e-03
-7.358411202537814243e-05 -1.488127536404460676e-03
-9.251187632155685996e-04 -1.380485447630808377e-03
-1.839887421501458422e-03 -1.337811745072458106e-03
-2.655625222559678152e-03 -1.365023811408758257e-03
-3.223851473951037504e-03 -1.452941176846080009e-03
-3.437841187047076686e-03 -1.580201402619139895e-03
-3.252822196418154576e-03 -1.717494289836189302e-03
-2.694573675882633301e-03 -1.833308258594150289e-03
-1.854794931864934930e-03 -1.900096160030973055e-03
-8.741152655760449494e-04 -1.899688293239357130e-03
8.404720582072175688e-05 -1.826923053319963290e-03
8.638399808497171286e-04 -1.690803364859126039e-03
1.345810786952144527e-03 -1.512955837766343133e-03
1.468779145077591134e-03 -1.323680636055938427e-03
1.240621744004688064e-03 -1.156336654239272128e-03
7.359489041073340784e-04 -1.041122361916308999e-03
8.113246370106735254e-05 -9.994278373511640990e-04
-5.704591077756600813e-04 -1.039826204589467317e-03
-1.068308340998742932e-03 -1.156463132338185484e-03
-1.294007292668960477e-03 -1.330149770451214851e-03
-1.184367822368742520e-03 -1.531953278650288351e-03
-7.439903176626248664e-04 -1.728606747831021653e-03
-4.489570851922894661e-05 -1.888716297813806955e-03
7.867223698373468441e-04 -1.988592622518142467e-03
1.594126862735769073e-03 -2.016605744908800749e-03
2.219580905748946842e-03 -1.975241681598677215e-03
2.534215566888537233e-03 -1.880475082357164649e-03
2.462566873176239880e-03 -1.758580294728597252e-03
1.997133406020349181e-03 -1.640988503449130383e-03
1.200192273063944385e-03 -1.558168765422909916e-03
1.925210027639998533e-04 -1.533695765109445485e-03
-8.688504410992439406e-04 -1.579631820004476824e-03
-1.819658721269894544e-03 -1.694101674580577102e-03
-2.518718663641672951e-03 -1.861523075131360245e-03
-2.873805902417235665e-03 -2.055452751944863293e-03
-2.858229415149142819e-03 -2.243511611575143509e-03
-2.514976665295662675e-03 -2.393458565670223987e-03
-1.947667781370827130e-03 -2.479264178055570842e-03
-1.300053000521167327e-03 -2.486034549252099778e-03
-7.279565114627934309e-04 -2.412852770374071879e-03
-3.689991484324293882e-04 -2.272998849694896073e-03
-3.158514758763385742e-04 -2.091504767726021317e-03
-5.980983407371835096e-04 -1.900505401832419368e-03
-1.176162976756558358e-03 -1.733263019564804282e-03
-1.948452532099853802e-03 -1.617993878974396168e-03
-2.770380457873718345e-03 -1.572662655259427075e-03
-3.481669207595785784e-03 -1.601726887874560697e-03
-3.936765606886024130e-03 -1.695444193201165514e-03
-4.032608580683098853e-03 -1.831869606327778859e-03
-3.728486970430577082e-03 -1.981161008259118596e-03
-3.054219745821015568e-03 -2.111373581784722984e-03
-2.105099128473151421e-03 -2.194642336935009961e-03
-1.024540940399614516e-03 -2.212578343584820084e-03
2.228820181850946908e-05 -2.159853351324897766e-03
8.788906940973540381e-04 -2.045290797792943642e-03
1.426163961241206247e-03 -1.890253833415878352e-03
1.604013904901901945e-03 -1.724633440225471466e-03
1.421784657560681191e-03 -1.581194937265719205e-03
9.555515598550711701e-04 -1.489352878694983739e-03
3.328115771833460622e-04 -1.469553437141129680e-03
-2.925090932347530759e-04 -1.529329084820674634e-03
-7.699783755019585672e-04 -1.661774357461485736e-03
-9.818289331427879942e-04 -1.846733587145881752e-03
-8.658371064489782647e-04 -2.054478462303901531e-03
-4.275650946377041167e-04 -2.251182257583629782e-03
2.603617908681692085e-04 -2.405157725369191143e-03
1.071812986412382443e-03 -2.492681277940791539e-03
1.850982260212989542e-03 -2.502304565663747947e-03
2.441977398025341542e-03 -2.436841070784519659e-03
2.718564504453239300e-03 -2.312655698891666594e-03
2.608429146354615275e-03 -2.156396189136493020e-03
2.107351964257218706e-03 -1.999789677594526575e-03
1.280603347853324653e-03 -1.873494057019220796e-03
2.512791876991017897e-04 -1.801172409956203289e-03
-8.222300934731248227e-04 -1.794915928683762062e-03
-1.775389613804227110e-03 -1.852884611727359044e-03
-2.467789949690552508e-03 -1.959614298466694216e-03
-2.808826629511777286e-03 -2.088933038403069202e-03
-2.773948497542764839e-03 -2.208935128255844291e-03
-2.408419787993637540e-03 -2.288070993899327110e-03
-1.817904283661285827e-03 -2.301199248972951063e-03
-1.147673997093001576e-03 -2.234453805936562239e-03
-5.543971837110644660e-04 -2.088002633278992007e-03
-1.758636272350525866e-04 -1.876173344648271804e-03
-1.043933655235224078e-04 -1.624918848131434810e-03
-3.689749092489545516e-04 -1.367099474949504080e-03
-9.295232231890887629e-04 -1.136471031119127032e-03
-1.684349914546430472e-03 -9.615128377458429442e-04
-2.489433350084478865e-03 -8.602597448310908383e-04
-3.185839075820144639e-03 -8.371117210597775081e-04
-3.630094572076215335e-03 -8.822200640920564978e-04
-3.721759864750297676e-03 -9.735615099023512027e-04
-3.422963419989501731e-03 -1.081302893018303100e-03
-2.766191245253719552e-03 -1.173625765477443340e-03
-1.848838829592106166e-03 -1.222904466166559049e-03
-8.155399210673429464e-04 -1.211064723599464179e-03
1.684009904992997408e-04 -1.133105545780713728e-03
9.474621984305184796e-04 -9.981154759032793977e-04
1.404498843629846871e-03 -8.275893703528144907e-04
1.482084309247039050e-03 -6.513637310436731515e-04
1.192578685413827168e-03 -5.019403120980985402e-04
6.150376624125698105e-04 -4.082736108650908912e-04
-1.204345023998740552e-04 -3.901999781064900978e-04
-8.579088035434957391e-04 -4.545651197056312402e-04
-1.445641925530175400e-03 -5.937856694150063855e-04
-1.765179373697097756e-03 -7.871201309185966956e-04
-1.754031922467099098e-03 -1.004411994008496799e-03
-1.417625774142320608e-03 -1.211600227647132225e-03
-8.282608232398705212e-04 -1.376958126283043659e-03
-1.112744932309222835e-04 -1.476883872871201115e-03
5.789656796576484908e-04 -1.500151221712129690e-03
1.088688583256709405e-03 -1.449820306845543867e-03
1.294346176803000230e-03 -1.342451551326582625e-03
1.126618511490280706e-03 -1.204776110201396903e-03
5.842373580561245009e-04 -1.068457544403659393e-03
-2.650057031795029217e-04 -9.639403492286834508e-04
-1.296276146877886658e-03 -9.145532317636809704e-04
-2.350482925080906067e-03 -9.319860893087638255e-04
-3.263540768842864911e-03 -1.013998817267972160e-03
-3.896588836387487789e-03 -1.144796794127468220e-03
-4.161464853411016469e-03 -1.298002312020285617e-03
-4.036631450468087037e-03 -1.441659077568756839e-03
-3.570557925745832667e-03 -1.544321385748452036e-03
-2.871934145593160390e-03 -1.581073657628138257e-03
-2.088584403683317776e-03 -1.538338702895318977e-03
-1.379086185487911342e-03 -1.416561912773977271e-03
-8.824773338765158452e-04 -1.230260288359178063e-03
-6.917941186740965073e-04 -1.005423724210490269e-03
-8.364542677526500599e-04 -7.747569200528248677e-04
-1.276821122883591139e-03 -5.716588378726000308e-04
-1.911975511532140867e-03 -4.240754129960609556e-04
-2.599218037950320765e-03 -3.493850756886189633e-04
-3.181600440585913812e-03 -3.512810561637080701e-04
-3.518261604644743086e-03 -4.192364809595061853e-04
-3.511810200240062570e-03 -5.306494931035514884e-04
-3.127552834941299716e-03 -6.552585849461939468e-04
-2.400908676514627513e-03 -7.609890101678761995e-04
-1.431586802874147257e-03 -8.201207955622099970e-04
-3.656078953339387139e-04 -8.146086475025197862e-04
6.314470245977353482e-04 -7.395453109489043015e-04
1.404916992700779195e-03 -6.041121414290510526e-04
1.839520185211747936e-03 -4.298370971855240306e-04
1.880422912219244019e-03 -2.464908164942508791e-04
1.542947459566955696e-03 -8.639923052105235798e-05
9.090968557617612293e-04 2.174852752731223395e-05
1.115683488977245268e-04 5.842216875760812512e-05
-6.917064157279566652e-04 1.705398254342081147e-05
-1.347665764381478747e-03 -9.459902435045606595e-05
-1.737161845032190793e-03 -2.557958957079812688e-04
-1.797442900633151831e-03 -4.366052049316243621e-04
-1.533818537720151986e-03 -6.034368399861448230e-04
-1.018303884497619594e-03 -7.252686714451410735e-04
-3.755070659193202628e-04 -7.793931479580263342e-04
2.415572924711502627e-04 -7.555997035605436195e-04
6.811357173479868146e-04 -6.580048505714227672e-04
8.222516678297602140e-04 -5.041869067642693568e-04
5.984630902584819282e-04 -3.217921883764112020e-04
1.134396759990994805e-05 -1.432576663754499789e-04
-8.688834904672405879e-04 3.489600494165426281e-07
-1.915707186279049694e-03 8.520441167931175385e-05
-2.969355708556757449e-03 9.920744866117437539e-05
-3.866161804609876892e-03 4.421149723446291457e-05
-4.468719504919830242e-03 -6.440942714408014256e-05
-4.691144117791348246e-03 -2.007776039763846040e-04
-4.514669842622495016e-03 -3.335377176084826888e-04
-3.990647094639127208e-03 -4.319376332650734854e-04
-3.230384817851283431e-03 -4.718091855538476863e-04
-2.383770929947548554e-03 -4.403129869710970218e-04
-1.610725657464892775e-03 -3.385450946653383313e-04
-1.050896290931073018e-03 -1.815080538807505668e-04
-7.973315826469923664e-04 4.552270528470982766e-06
-8.791172651915568712e-04 1.869440051057887076e-04
-1.256254324810370058e-03 3.325566205087106221e-04
-1.827740623742234519e-03 4.139812930830240019e-04
-2.451313751518175051e-03 4.145694905845289952e-04
-2.971102523101546225e-03 3.314757753161976569e-04
-3.247934923836176893e-03 1.761121100391131538e-04
-3.186545516678232579e-03 -2.806943517475733220e-05
-2.754510983089064960e-03 -2.500434510917345270e-04
-1.989307698890442969e-03 -4.570801253963984053e-04
-9.921337205213744126e-04 -6.209043734126201914e-04
9.035641178849765582e-05 -7.229790977284802607e-04
1.092966528481738309e-03 -7.579131804899249050e-04
1.862447042598476326e-03 -7.343506537769337820e-04
2.285802105652784237e-03 -6.731751118526969500e-04
2.311072266967603792e-03 -6.033723647430218329e-04
1.956671475158166390e-03 -5.563381950368873280e-04
1.307521614987984006e-03 -5.597128271666962189e-04
4.987245096083378192e-04 -6.319135829835210560e-04
-3.101321762992645392e-04 -7.784052152327930940e-04
-9.651685157020315061e-04 -9.904185893714794256e-04
-1.347190025966174369e-03 -1.246364958452011356e-03
-1.393967516012477401e-03 -1.515682754457159040e-03
-1.111608312102056045e-03 -1.764393213328727898e-03
-5.728764033488147923e-04 -1.961317482405649897e-03
9.720726756042332697e-05 -2.083782422234381742e-03
7.457424994483361803e-04 -2.121738847824617552e-03
1.221672496088445099e-03 -2.079516144779493952e-03
1.405204904979244496e-03 -1.974884167584807677e-03
1.231340565760413600e-03 -1.835602440553885887e-03
7.030341987979808489e-04 -1.694111583327664048e-03
-1.085258756140881214e-04 -1.581372748837319136e-03
-1.076592640248534875e-03 -1.521021362530378552e-03
-2.042109741911210703e-03 -1.524941248233677464e-03
-2.843151455512018221e-03 -1.591095686633540876e-03
-3.344995345109093993e-03 -1.704024037320811752e-03
-3.465147712439010583e-03 -1.837907238662497920e-03
-3.188595113393429426e-03 -1.961618482451470309e-03
-2.570403117715255696e-03 -2.044798936586114668e-03
-1.725176195169749642e-03 -2.063803913188315235e-03
-8.053771420896252463e-04 -2.006389199169640765e-03
2.738949151509344204e-05 -1.874245732515966364e-03
6.326965632524180969e-04 -1.682898191382059018e-03
9.174823186613710081e-04 -1.458982173823880580e-03
8.531584586250681723e-04 -1.235410985295930502e-03
4.804113512093312896e-04 -1.045342705576118685e-03
-9.919799995680434997e-05 -9.160855889028842163e-04
-7.432279617675290658e-04 -8.640919506980133599e-04
-1.296139972068221027e-03 -8.919851874586094860e-04
-1.619591397390953130e-03 -9.881802867378716888e-04
-1.619481128143535368e-03 -1.129167792056679940e-03
-1.264606118522365683e-03 -1.284027519283269247e-03
-5.933757980603492944e-04 -1.420316774688688876e-03
2.927067895543043145e-04 -1.510218263582570287e-03
1.247581449946333224e-03 -1.535784453210401173e-03
2.107692169948423809e-03 -1.492286973459083744e-03
2.722464380716542454e-03 -1.389039074058422271e-03
2.982439884534451250e-03 -1.247538079589983334e-03
2.839751748909930332e-03 -1.097282522299843337e-03
2.317068694633389256e-03 -9.700591436042346272e-04
1.503318549648873089e-03 -8.937849440053426521e-04
5.370005545918455801e-04 -8.870740650239012596e-04
-4.197566968369517183e-04 -9.555624216406754688e-04
-1.211485560859408388e-03 -1.090690454388387222e-03
-1.718291350041552430e-03 -1.271178993779906001e-03
-1.877923311125581553e-03 -1.466923109232279874e-03
-1.696839822084617293e-03 -1.644570579606402516e-03
-1.248189309428644842e-03 -1.773732116492183174e-03
-6.571077748158035128e-04 -1.832650265084410490e-03
-7.613681470344791074e-05 -1.812255797959293506e-03
3.445623930106620717e-04 -1.717845108081266772e-03
4.865378456534389783e-04 -1.568061893544788442e-03
2.863435544607651623e-04 -1.391376158643748903e-03
-2.516274901252252717e-04 -1.220726772052689677e-03
-1.055223736728409280e-03 -1.087340979002963991e-03
-1.997531591768754097e-03 -1.014899643550874796e-03
-2.920342989970553700e-03 -1.015151142369855432e-03
-3.663663820942691159e-03 -1.085802153765413457e-03
-4.095686475584895542e-03 -1.211082051429099088e-03
-4.137559016300293435e-03 -1.364870922433178467e-03
-3.778265731062467343e-03 -1.515795351090128010e-03
-3.076803135864646706e-03 -1.633323106899179939e-03
-2.151237901274087767e-03 -1.693698452855680898e-03
-1.156713837468409693e-03 -1.684589871908284513e-03
-2.565643606211457164e-04 -1.607565893826555124e-03
4.080106864304841683e-04 -1.477926158677637502e-03
7.439758686629952857e-04 -1.321915917304362139e-03
7.232857676071097631e-04 -1.171847965900130011e-03
3.873374749123359873e-04 -1.060052703250693919e-03
-1.617734563253045129e-04 -1.012799504999677483e-03
-7.815170538686953307e-04 -1.045338778269249433e-03
-1.316854364662758004e-03 -1.159002654299805431e-03
-1.630514807248689560e-03 -1.340913246781888762e-03
-1.629870991132487124e-03 -1.566354360587766514e-03
-1.285301748025034470e-03 -1.803358823679550261e-03
-6.365472534365874740e-04 -2.018644624751143608e-03
2.141643161966517387e-04 -2.183778126763872771e-03
1.120932079736588691e-03 -2.280400068269220273e-03
1.921389379394405558e-03 -2.303527907763556690e-03
2.467160162216647593e-03 -2.262312622454660128e-03
2.651804231836300818e-03 -2.178110326178094112e-03
2.430963052030999695e-03 -2.080237754563275983e-03
1.830891416088889327e-03 -2.000219499444726590e-03
9.437563239981602457e-04 -1.965620739062986979e-03
-8.941299558704225454e-05 -1.994637877818178015e-03
-1.104904703696271695e-03 -2.092475978976888161e-03
-1.946688569416188700e-03 -2.250203291370796513e-03
-2.495230038554592002e-03 -2.446303697738647174e-03
-2.689315208950624446e-03 -2.650636516751584282e-03
-2.536772998019767161e-03 -2.830056645133804949e-03
-2.112084483664698753e-03 -2.954632958260385543e-03
-1.541353222310519033e-03 -3.003288851598668978e-03
-9.775039672479321484e-04 -2.967797419880366903e-03
-5.704273588614488903e-04 -2.854374526423444133e-03
-4.377444788321576286e-04 -2.682567132579855799e-03
-6.417465764333831271e-04 -2.481645786430096597e-03
-1.176894296261168536e-03 -2.285182242080937513e-03
-1.970259190022431196e-03 -2.124836357217405568e-03
-2.894837281539015556e-03 -2.024525661975311482e-03
-3.793224516438719902e-03 -1.996078040594962810e-03
-4.507179073336719556e-03 -2.037186689616654871e-03
-4.907477773131950320e-03 -2.132050254204534510e-03
-4.918414874059522102e-03 -2.254572444757337122e-03
-4.532302655799909374e-03 -2.373510769946004639e-03
-3.811223081428753365e-03 -2.458594983962537894e-03
-2.875690770922951535e-03 -2.486452257157142475e-03
-1.882363080985269884e-03 -2.445212716052397924e-03
-9.950045206628750812e-04 -2.336918995278326229e-03
-3.541878013573198595e-04 -2.177279543375364081e-03
-5.145110042293417514e-05 -1.992808880435447197e-03
-1.127857337901837925e-04 -1.815893473175597293e-03
-4.945605478601058144e-04 -1.678715486073776393e-03
-1.092633802178143545e-03 -1.607183762416362557e-03
-1.762906206684348304e-03 -1.616020802088845559e-03
-2.349402919883935084e-03 -1.705936324423311043e-03
-2.714547740359031340e-03 -1.863423578224309048e-03
-2.765879091808171042e-03 -2.063218608034886672e-03
-2.474132984412361937e-03 -2.272959108006315006e-03
-1.879255005502364871e-03 -2.459163592154528857e-03
-1.083191605521693825e-03 -2.593402075862174475e-03
-2.308171798789641774e-04 -2.657493532459339561e-03
5.173969592983827456e-04 -2.646749905814298892e-03
1.015798774987496100e-03 -2.570656557461122125e-03
1.161296608645817369e-03 -2.450864677516296618e-03
9.131684539464347047e-04 -2.316880422213016613e-03
3.011816393928428998e-04 -2.200271848391902041e-03
-5.795242639699675104e-04 -2.128495364285015994e-03
-1.585834886264093522e-03 -2.119515193571383949e-03
-2.553059751084205999e-03 -2.178238694548044821e-03
-3.325350986096394998e-03 -2.295445928777224958e-03
-3.784401374259401853e-03 -2.449418975836871459e-03
-3.871008013646011839e-03 -2.609964741665098033e-03
-3.595439297714389353e-03 -2.744071279641462167e-03
-3.034663048958022042e-03 -2.822127777604559531e-03
-2.316981065552077730e-03 -2.823530980622971157e-03
-1.596999103803132961e-03 -2.740616262101998497e-03
-1.025690031287292527e-03 -2.580168035788441092e-03
-7.212352550397870075e-04 -2.362221875054468841e-03
-7.461799820131771819e-04 -2.116382952784679264e-03
-1.095239811060488974e-03 -1.876355218727380515e-03
-1.696076563281309537e-03 -1.673714077796791553e-03
-2.422902642887071918e-03 -1.532098122509191560e-03
-3.120341164518459186e-03 -1.462915694757672795e-03
-3.633024087277214424e-03 -1.463374889295426503e-03
-3.835320938304045274e-03 -1.517205515342819186e-03
-3.655562760747086640e-03 -1.597931862822447521e-03
-3.090165088527134160e-03 -1.674072340232344875e-03
-2.204963423747490110e-03 -1.715277491917840524e-03
-1.123493417229028818e-03 -1.698240520573415704e-03
-4.417819143576152616e-06 -1.611257811592019338e-03
9.876443914886958234e-04 -1.456572919868398194e-03
1.712383302705207085e-03 -1.250057642974873595e-03
2.079448074678760805e-03 -1.018288642333788812e-03
2.064646300460087642e-03 -7.935719552988378328e-04
1.713646766849128561e-03 -6.078570540538109652e-04
1.132505202562125940e-03 -4.866930416795024164e-04
4.668263792567811914e-04 -4.443721558538529966e-04
-1.264741618079417290e-04 -4.811814165148933353e-04
-5.094464036539320985e-04 -5.832845484071456444e-04
-5.896743637246230040e-04 -7.252587684295721442e-04
-3.380957391985576783e-04 -8.748088500892749371e-04
2.053089602700895397e-04 -9.987691005530333933e-04
9.390395270398527519e-04 -1.069260423476942360e-03
1.719388287258320942e-03 -1.068840561166341414e-03
2.387882872486154530e-03 -9.936764220364604442e-04
2.801658292029562698e-03 -8.541419921091278084e-04
2.860999362376443443e-03 -6.727327744098812691e-04
2.528827439338694749e-03 -4.796956684599057896e-04
1.838428003361199364e-03 -3.072054692433950733e-04
8.879397207216113220e-04 -1.831938761728966114e-04
-1.773698777661670450e-04 -1.260020917279528201e-04
-1.191706097469171898e-03 -1.408714913578285976e-04
-1.999210419711320783e-03 -2.189381709906341241e-04
-2.482539145446858303e-03 -3.389224656593584225e-04
-2.584167893715299744e-03 -4.711936638354247402e-04
-2.316409314894818296e-03 -5.834398443459117055e-04
-1.758267445171861169e-03 -6.468682978544224287e-04
-1.039743040777631796e-03 -6.417610076552276045e-04
-3.165784019376481802e-04 -5.613312698522482770e-04
2.597618526273774014e-04 -4.131487061648097961e-04
5.711781396233305691e-04 -2.178598613671738657e-04
5.555747503947427394e-04 -5.443206782452336844e-06
2.187575351984660365e-04 1.902961730271599916e-04
-3.666653038814998928e-04 3.379539568064589272e-04
-1.075170975258768133e-03 4.143012959969800762e-04
-1.752365448019951085e-03 4.085179598895558126e-04
-2.244623383591807467e-03 3.240868919041214272e-04
-2.428702952251860728e-03 1.779957962864721637e-04
-2.235715781882812933e-03 -2.599019326398683194e-06
-1.664898559554393647e-03 -1.856112397432211204e-04
-7.845615768082624206e-04 -3.401706061413061919e-04
2.799843583596928805e-04 -4.425103019288565537e-04
1.369257035028019357e-03 -4.804792005153061467e-04
2.318886664007805808e-03 -4.558236216463438335e-04
2.989831292051249589e-03 -3.838063053536621598e-04
3.293824099795819062e-03 -2.902351977310196700e-04
3.209254940377919123e-03 -2.064657206344075848e-04
2.784498401242416731e-03 -1.633244684763653499e-04
2.128075825063975579e-03 -1.851070004449233424e-04
1.387529484140550976e-03 -2.847888579309403316e-04
7.210219465588290060e-04 -4.613597276431454972e-04
2.670484348289694707e-04 -6.997891746103699229e-04
1.180043828906108226e-04 -9.736345597314079474e-04
3.026173793721457107e-04 -1.249801850344066248e-03
7.805711061761708060e-04 -1.494562671656893792e-03
1.450337226597029662e-03 -1.679693268271480449e-03
2.168727220205372667e-03 -1.787578046027514002e-03
2.778454057584560030e-03 -1.814316367601223178e-03
3.138474122389797553e-03 -1.770249120167362387e-03
3.151350660054133990e-03 -1.677809686449756353e-03
2.782441529345539271e-03 -1.567109935920541711e-03
2.067259976300643304e-03 -1.470099999181590433e-03
1.105594977545699444e-03 -1.414409949844361736e-03
4.348378487455844318e-05 -1.418041165917079648e-03
-9.535708822042604288e-04 -1.485913761366519040e-03
-1.731088557789134093e-03 -1.608924533884923541e-03
-2.174051094277079394e-03 -1.765693919108248314e-03
-2.227929223961645690e-03 -1.926670571222668894e-03
-1.908332118314205869e-03 -2.059814995756372412e-03
-1.297468852272697483e-03 -2.136783903879768080e-03
-5.281055849688675750e-04 -2.138441470930097475e-03
2.419326835026945881e-04 -2.058650569345675616e-03
8.598794363153787089e-04 -1.905622255739149520e-03
1.207055117413209427e-03 -1.700563708467784209e-03
1.221308096067356486e-03 -1.473875973196298213e-03
9.086199086731409046e-04 -1.259616547078721161e-03
3.416814452143307175e-04 -1.089270297331998904e-03
-3.542830753598024871e-04 -9.860033106357316002e-04
-1.025749841519132000e-03 -9.604831491585712764e-04
-1.520585184346687300e-03 -1.009052816862307262e-03
-1.717554086198517984e-03 -1.114600513468554229e-03
-1.550042580773533605e-03 -1.249957236660042799e-03
-1.019483259545646975e-03 -1.383176069695311655e-03
-1.959217665464630742e-04 -1.483691158158613249e-03
7.944035980335880948e-04 -1.528188352846855669e-03
1.792138143723701754e-03 -1.505074710752455931e-03
2.634193880593941467e-03 -1.416699996796814140e-03
3.183895309556378315e-03 -1.278909595821511001e-03
3.356197948227571549e-03 -1.118014097841487156e-03
3.133220742288453289e-03 -9.657505279059847968e-04
2.567165405215243029e-03 -8.531911028169360603e-04
1.770081623299464297e-03 -8.047554030645954690e-04
8.924251986988061824e-04 -8.334630047075592112e-04
9.447542083996000005e-05 -9.383293687605244026e-04
-4.839730172768860403e-04 -1.104402397537802795e-03
-7.499047780661917927e-04 -1.305437273882557913e-03
-6.743897721564924563e-04 -1.508707659507301175e-03
-2.976299504421009911e-04 -1.681046666661540484e-03
2.791988642422696333e-04 -1.794977888431877229e-03
9.137527302467045656e-04 -1.833779349587566368e-03
1.450207518328963750e-03 -1.794524849800664765e-03
1.749568948655745929e-03 -1.688529670875552838e-03
1.716846445735746660e-03 -1.539118620969561705e-03
1.319925155128122592e-03 -1.377140955729507692e-03
5.965417534383628262e-04 -1.235082935612824822e-03
-3.519779269784905577e-04 -1.140893904089679452e-03
-1.379054494826940057e-03 -1.112695538707865342e-03
-2.319812085103848537e-03 -1.155376126442910455e-03
-3.021571590146874750e-03 -1.259714151522750829e-03
-3.372123539519311913e-03 -1.404195923965127074e-03
-3.320442527342424774e-03 -1.559181260674850390e-03
-2.885933878126166648e-03 -1.692626053951121591e-03
-2.154471983073969268e-03 -1.776275200270265118e-03
-1.261987848416444525e-03 -1.791149756047049745e-03
-3.687178977917676464e-04 -1.731285356489006659e-03
3.710088300914549195e-04 -1.605009725159075272e-03
8.377264210676371465e-04 -1.433512923194575541e-03
9.690534143671067011e-04 -1.246976651725998156e-03
7.709807561107908346e-04 -1.078991346227833143e-03
3.161006919149937644e-04 -9.603143876631335630e-04
-2.708736047872543819e-04 -9.131479799219862237e-04
-8.375390185343853898e-04 -9.470173391779786480e-04
-1.233539386516471466e-03 -1.057027325558886370e-03
-1.339957478007555323e-03 -1.224825812332670013e-03
-1.092775566699786746e-03 -1.422090117602658283e-03
-4.959407309687252716e-04 -1.615875643103047501e-03
3.784605976625231554e-04 -1.774813796001868237e-03
1.402972876207810460e-03 -1.874985958742684871e-03
2.418088339195059722e-03 -1.904362087788862273e-03
3.261713858713793067e-03 -1.864964801257110562e-03
3.799224723984968681e-03 -1.772351052052227680e-03
3.948429006592201439e-03 -1.652512053785219412e-03
3.694727476704710075e-03 -1.536781708365688674e-03
3.093607866230510886e-03 -1.455721570459471859e-03
2.260007552026187423e-03 -1.433144693317132132e-03
1.346561900074036595e-03 -1.481414637615929147e-03
5.148564889354929550e-04 -1.598914436711832820e-03
-9.487740169453000826e-05 -1.770169231228880917e-03
-3.898932543316560931e-04 -1.968603566752415591e-03
-3.419483677160807967e-04 -2.161415230288937089e-03
7.997896603662230444e-06 -2.315646469844985164e-03
5.582807625495566761e-04 -2.404306384193284109e-03
1.166595218982396107e-03 -2.411388157427682855e-03
1.677811282412072650e-03 -2.334833580991873235e-03
1.954252304015726728e-03 -2.186885464747377692e-03
1.902682284226239924e-03 -1.991762607210372914e-03
1.492871146505914169e-03 -1.781098390899906684e-03
7.642018691718563926e-04 -1.588006850899653351e-03
-1.809517626154137399e-04 -1.440899156271429216e-03
-1.195842072337867596e-03 -1.358219832762189421e-03
-2.116451760693912471e-03 -1.345097056726208109e-03
-2.791969223665847610e-03 -1.392538195599877029e-03
-3.112877906931874224e-03 -1.479319271979316662e-03
-3.031351637709333961e-03 -1.576206546898157104e-03
-2.570101591097683803e-03 -1.651706581685028017e-03
-1.818003892272097681e-03 -1.678251566142046833e-03
-9.133365383629366398e-04 -1.637644189569782130e-03
-1.779713276349199208e-05 -1.524726494832778822e-03
7.137846774761107691e-04 -1.348573472998707088e-03
1.162314045158489373e-03 -1.130980970012882047e-03
1.266422880384513892e-03 -9.025300194792836581e-04
1.033437015126411739e-03 -6.969689115430223372e-04
5.372583019313573963e-04 -5.449731812163741834e-04
-9.641932446011909077e-05 -4.684618717228472128e-04
-7.147412711190834211e-04 -4.765435517134766698e-04
-1.167487228709496692e-03 -5.638575269983066122e-04
-1.336367560333559046e-03 -7.116228200123204950e-04
-1.158253488588929445e-03 -8.911955237075912988e-04
-6.379225126686327747e-04 -1.069460978750194115e-03
1.521133423826130909e-04 -1.215040619789756107e-03
1.084681661757804687e-03 -1.304139882657416290e-03
2.001466571881620540e-03 -1.324932285119375395e-03
2.742529385264014328e-03 -1.279652649547621899e-03
3.176254547241815548e-03 -1.184006783397148184e-03
3.224059061412789390e-03 -1.064013490129928768e-03
2.875191919407102132e-03 -9.508812244759978945e-04
2.188823121345931898e-03 -8.748939356487954889e-04
1.283025133588460310e-03 -8.594682406881706252e-04
3.127281989354037048e-04 -9.165115898862577406e-04
-5.591844061048942922e-04 -1.043964706826486103e-03
-1.192178965979613474e-03 -1.225997925073927337e-03
-1.494047441850853948e-03 -1.435828368980138431e-03
-1.437654230554781878e-03 -1.640628386431751493e-03
-1.065300122908201339e-03 -1.807599270915363071e-03
-4.798961105629076258e-04 -1.910063199631947730e-03
1.753618267107970047e-04 -1.932422354406384277e-03
7.449480264871680872e-04 -1.873048123408041585e-03
1.091278831187731486e-03 -1.744554567380042194e-03
1.121548705138788278e-03 -1.571404868350238055e-03
8.060301071715995089e-04 -1.385303649183706846e-03
1.843539636186641937e-04 -1.219246470498078000e-03
-6.414348799953260372e-04 -1.101351343257458894e-03
-1.525746543427541381e-03 -1.049637791652898149e-03
-2.306678201942067609e-03 -1.068739143389772902e-03
-2.836461808017783949e-03 -1.149167304884047679e-03
-3.009367949105517040e-03 -1.269265618228789666e-03
-2.781784896574021441e-03 -1.399476069750266735e-03
-2.180670336492093742e-03 -1.508108622844001392e-03
-1.298771660177326214e-03 -1.567515888193678989e-03
-2.775128120300229166e-04 -1.559499647295255805e-03
7.192221202117155205e-04 -1.478921407774337095e-03
1.535457571883189947e-03 -1.334829531026625066e-03
2.051912664841347260e-03 -1.148886006177612029e-03
2.207771725811698803e-03 -9.513875254378316351e-04
2.011335903369152432e-03 -7.756313215448389737e-04
1.537559032995792704e-03 -6.516900409572745894e-04
9.129550394975380692e-04 -6.007723959041127298e-04
2.907556695313994691e-04 -6.312361614132476484e-04
-1.789566803773485083e-04 -7.370080372766487156e-04
-3.784654448935164794e-04 -8.987099565212362719e-04
-2.454344670601946599e-04 -1.087279663404895494e-03
2.146545372334078203e-04 -1.269401699710363948e-03
9.290119714105943109e-04 -1.413722675348310113e-03
1.770914127553026036e-03 -1.496676692228856220e-03
2.583418582752908081e-03 -1.506821047317488888e-03
3.208937885727253074e-03 -1.446864745211493171e-03
3.519075666203507272e-03 -1.333009381746734718e-03
3.439076172832456792e-03 -1.191730882734818187e-03
2.962254751240517812e-03 -1.054615121404078914e-03
2.151670622834653268e-03 -9.522289499870631403e-04
1.128716030286265343e-03 -9.081909167235435558e-04
5.077053788392967438e-05 -9.345682224666714824e-04
-9.178626221458686518e-04 -1.029475318771289494e-03
-1.636251397067277086e-03 -1.177332431788292522e-03
-2.012642965780288024e-03 -1.351738184438247125e-03
-2.020918121919668825e-03 -1.520414879116618141e-03
-1.704597335637461370e-03 -1.651291797833858484e-03
-1.167661537694817883e-03 -1.718575589374217363e-03
-5.539473719617835860e-04 -1.707658450505655920e-03
-1.903961327274919860e-05 -1.617934097051921746e-03
2.999968869568301038e-04 -1.462986958036829009e-03
3.112957667810209005e-04 -1.268116753468018785e-03
-1.379010856922204160e-05 -1.065664606048961687e-03
-6.347523346089010629e-04 -8.890226858041070258e-04
-1.449210737122568317e-03 -7.664583550358954576e-04
-2.312046622368352060e-03 -7.159186971678896741e-04
-3.062767999263924304e-03 -7.417955263301174648e-04
-3.555927251595571593e-03 -8.342596390025036439e-04
-3.688830468402449353e-03 -9.712864874609949874e-04
-3.421287256906812950e-03 -1.122985757493238446e-03
-2.783653938597580382e-03 -1.257411039136765172e-03
-1.871636811603610579e-03 -1.346745536579196760e-03
-8.288264940837017499e-04 -1.372688689553892231e-03
1.797449147820328035e-04 -1.330020165622393087e-03
9.980343632913636458e-04 -1.227663215997051773e-03
1.507663165770545093e-03 -1.087043402671789786e-03
1.649427760723189054e-03 -9.380514274547090744e-04
1.433593903656155480e-03 -8.133731532495377817e-04
9.370464335845836825e-04 -7.422598834003620808e-04
2.878554768405078897e-04 -7.449188304708275355e-04
-3.597980220544102050e-04 -8.285871513068446444e-04
-8.555702906114184434e-04 -9.860349429397599098e-04
-1.082088000016242363e-03 -1.196783350154990598e-03
-9.777350197067726477e-04 -1.430810378038578547e-03
-5.487651345454530073e-04 -1.654046377038352741e-03
1.315627847603305020e-04 -1.834622593205113231e-03
9.366702489931080485e-04 -1.948693772304604640e-03
1.710577486913978772e-03 -1.984736555143399098e-03
2.297525958334006250e-03 -1.945514037752203024e-03
2.571692982210985710e-03 -1.847338776246848502e-03
2.461365852267772929e-03 -1.716778058282224934e-03
1.962989031813963409e-03 -1.585429596403535027e-03
1.142412947060084854e-03 -1.483761167948320940e-03
1.230939091453097983e-04 -1.435184846063729432e-03
-9.365366549714132256e-04 -1.451491709667612935e-03
-1.872266581246951212e-03 -1.530514758081772016e-03
-2.544352555592727366e-03 -1.656465155779547008e-03
-2.863117686415441072e-03 -1.802880013761580611e-03
-2.805071110040013253e-03 -1.937624705626115468e-03
-2.416518199879364674e-03 -2.029002964768583401e-03
-1.803997997584090530e-03 -2.051817476697195657e-03
-1.113377706099319886e-03 -1.992232233694826975e-03
