6.438124116009992775e-04 2.357623410714026037e-04
-2.926557440053579283e-04 8.232933935859746907e-04
-1.282048587467009108e-03 1.337572872639955068e-03
-2.145154656860811648e-03 1.664517351306484677e-03
-2.728109985455719460e-03 1.723862724849797639e-03
-2.931323796950433599e-03 1.485031276112588894e-03
-2.728100000339523344e-03 9.736182194185123186e-04
-2.169434393397109192e-03 2.672519421785930988e-04
-1.374085543335468998e-03 -5.184061246193630160e-04
-5.058060482346297525e-04 -1.250888927216761834e-03
2.579477423910608597e-04 -1.805376367714811321e-03
7.598958563070771274e-04 -2.087759212190977258e-03
8.929827072630095071e-04 -2.051962051103858181e-03
6.208969261559259441e-04 -1.708258365643998845e-03
-1.482841529243752489e-05 -1.121014383619433133e-03
-9.024850406598218262e-04 -3.962977536132093162e-04
-1.881180792205805604e-03 3.382964388404760851e-04
-2.771182455259945266e-03 9.577789642542590713e-04
-3.407868011688301030e-03 1.363288916492570897e-03
-3.672861855465762819e-03 1.500553725413009132e-03
-3.516458766902074481e-03 1.369796335960270402e-03
-2.967090643080962532e-03 1.025221130735387131e-03
-2.126042167881446020e-03 5.641857623726199283e-04
-1.148413585952990160e-03 1.081212510702461672e-04
-2.139319086595934186e-04 -2.211727582091943794e-04
5.068667290289432473e-04 -3.253531635851647421e-04
8.846851174500174487e-04 -1.489503859777978074e-04
8.556807794858388785e-04 3.093176553592637441e-04
4.332705776562638909e-04 9.954954775095664968e-04
-2.947042942998012336e-04 1.809821284488721945e-03
-1.182909121958101821e-03 2.624871934074675221e-03
-2.056329481580698032e-03 3.309003382718040884e-03
-2.743694771778397781e-03 3.750664563547658967e-03
-3.110176219675920770e-03 3.878995637011597650e-03
-3.083161679497267542e-03 3.676822933045055010e-03
-2.666220674041324019e-03 3.183600016720646540e-03
-1.938609762915352846e-03 2.487745299529402557e-03
-1.040407088081072304e-03 1.709831744763193155e-03
-1.460872141868429976e-04 9.798138374468013095e-04
5.684625063125856546e-04 4.126034914340704057e-04
9.592397379277880706e-04 8.661654525272217617e-05
9.414342513070811554e-04 2.934626460195772189e-05
5.055727897710707297e-04 2.126869447825857325e-04
-2.805571175348983357e-04 5.588818977919102638e-04
-1.284571363301649808e-03 9.559560474799321970e-04
-2.334347155486077210e-03 1.279695526794492975e-03
-3.250372322442910116e-03 1.417995514021395563e-03
-3.879466057858059307e-03 1.292948004018617397e-03
-4.123492015929130713e-03 8.764683533340443533e-04
-3.957633221014165634e-03 1.964824474424333584e-04
-3.434775003132572481e-03 -6.675162128951309375e-04
-2.675172908507806278e-03 -1.598716677239866209e-03
-1.843369089208909874e-03 -2.464366838189126566e-03
-1.116735280110126493e-03 -3.140243697130997921e-03
-6.516058147740765288e-04 -3.533597651462036093e-03
-5.534199977081373338e-04 -3.600237672107387162e-03
-8.565332289352137023e-04 -3.352531425330782921e-03
-1.517524507396980681e-03 -2.856812321207373006e-03
-2.423271293285102646e-03 -2.220688805622712814e-03
-3.412265451575569302e-03 -1.572660539170212413e-03
-4.305135863856236408e-03 -1.037899904961246461e-03
-4.938599108872854422e-03 -7.147804564455663857e-04
-5.196409483599303755e-03 -6.565897616808487759e-04
-5.031446630194826193e-03 -8.618800400992058380e-04
-4.474755931552062450e-03 -1.275272293914306125e-03
-3.629826323222544709e-03 -1.798548280021265147e-03
-2.653184736241874161e-03 -2.309914800868034801e-03
-1.724976807503392521e-03 -2.687775761184016746e-03
-1.015099137443980452e-03 -2.834492742946324775e-03
-6.512902137488338523e-04 -2.695616456897525094e-03
-6.952157444878388944e-04 -2.270929066622830172e-03
-1.131069927654001529e-03 -1.615188615684478701e-03
-1.868843957784304148e-03 -8.284177745139812907e-04
-2.761635775398785242e-03 -3.756028293787100781e-05
-3.633716636044676505e-03 6.270354260277850606e-04
-4.314033781023351131e-03 1.055864617127499384e-03
-4.668799722512882375e-03 1.180665020626081151e-03
-4.626992135878782095e-03 9.871106539933542905e-04
-4.193931355378285528e-03 5.174015112823735505e-04
-3.450360891888462796e-03 -1.377395512381027209e-04
-2.537202645538341218e-03 -8.561481373881455002e-04
-1.628872398253973595e-03 -1.507146629142292523e-03
-9.002086322206859573e-04 -1.975983508415125704e-03
-4.932782079574106124e-04 -2.185163966982622830e-03
-4.903467480179843699e-04 -2.108643060169780072e-03
-8.981351264320529704e-04 -1.776206327950011991e-03
-1.646347137808600730e-03 -1.267222771870971142e-03
-2.600751775409751703e-03 -6.949690401227343788e-04
-3.588348211238932047e-03 -1.845101654519604346e-04
-4.429854267213823547e-03 1.516570975537948236e-04
-4.973372902847433309e-03 2.355684582338625488e-04
-5.122868433248408543e-03 3.918715506247912213e-05
-4.856067068628453984e-03 -4.097022128538370563e-04
-4.228398946073145571e-03 -1.032232917311419430e-03
-3.362241947536205935e-03 -1.712945069880142477e-03
-2.423510665284682626e-03 -2.321292713474328202e-03
-1.590029764547389556e-03 -2.736106178718294805e-03
-1.017686016470856648e-03 -2.868384813936087230e-03
-8.107730682485620594e-04 -2.678108793453375276e-03
-1.002148150791515140e-03 -2.181888580798978239e-03
-1.546960904092864377e-03 -1.450002918677533933e-03
-2.331143356983055460e-03 -5.933829895268877752e-04
-3.193053777469446845e-03 2.569983557565539171e-04
-3.954175193122166573e-03 9.744376824242818869e-04
-4.453053724764871601e-03 1.459919347708571848e-03
-4.576047320711007851e-03 1.660219205404181615e-03
-4.279058452547395038e-03 1.577279801526091166e-03
-3.596130795725132820e-03 1.267097592045174619e-03
-2.633276787487235076e-03 8.283500518552999433e-04
-1.548699194165357573e-03 3.829343536124707155e-04
-5.231457676453889118e-04 5.212128479230825062e-05
2.739960580323207943e-04 -6.714189452337870900e-05
7.164512146083088819e-04 7.872510178234142821e-05
7.446504369617561875e-04 4.891682946762661386e-04
3.767044888433599466e-04 1.109062206402769077e-03
-2.953121769921807256e-04 1.838698710736979842e-03
-1.123058280853406633e-03 2.552321511938426303e-03
-1.930246201701192902e-03 3.121705055954110929e-03
-2.546218139173889693e-03 3.440318720984633909e-03
-2.838415632356451439e-03 3.443503512091167749e-03
-2.737590755072488290e-03 3.120840850943711053e-03
-2.250983050652285121e-03 2.518369013982889836e-03
-1.460966445771481534e-03 1.730222774759018018e-03
-5.094229638077041539e-04 8.812721077774698930e-04
4.291963348956859595e-04 1.040375627766889320e-04
1.181019969610203708e-03 -4.857589432802958667e-04
1.605834504504635978e-03 -8.103930263190210368e-04
1.623825544893265239e-03 -8.440886411108073457e-04
1.230912926819641455e-03 -6.170965046064388025e-04
4.997705388761356296e-04 -2.091458526953150093e-04
-4.336687632343557710e-04 2.664721537297773000e-04
-1.395674530713248915e-03 6.851569420264799586e-04
-2.207331965994947971e-03 9.353549736283623978e-04
-2.718138369235365524e-03 9.403904402560060629e-04
-2.834227928839678275e-03 6.736200669994051472e-04
-2.535887100580754352e-03 1.640278010162610992e-04
-1.881050516374381401e-03 -5.088123848414999014e-04
-9.941215646969581848e-04 -1.229461754579309245e-03
-4.223984154631821308e-05 -1.868249386993519473e-03
7.965063618186411223e-04 -2.305720867339284413e-03
1.366900186696616386e-03 -2.455275949669987866e-03
1.566042659919965590e-03 -2.279708036749355377e-03
1.362848193764891122e-03 -1.798509979530074675e-03
8.038970011485596862e-04 -1.084556198568825854e-03
4.536746141815080000e-06 -2.507801776737891277e-04
-8.730799013229272303e-04 5.706413956576479075e-04
-1.650860174177346896e-03 1.252669556130089337e-03
-2.168690161442749821e-03 1.696747365238482222e-03
-2.314980231107597371e-03 1.850703626785637048e-03
-2.048047483316112714e-03 1.717843394670521672e-03
-1.404280366405373862e-03 1.355522281778753172e-03
-4.915330989636215297e-04 8.634932539813678460e-04
5.310059412624325553e-04 3.642510920532147749e-04
1.482666731030282421e-03 -2.088569043176037587e-05
2.195225320141159977e-03 -1.954096928725446158e-04
2.544489297573062150e-03 -1.064855654666625566e-04
2.473566694802710117e-03 2.445479255834945211e-04
2.003418235224103082e-03 8.020348331878859524e-04
1.228700152952018993e-03 1.466254175089320598e-03
2.996894116025601508e-04 2.112132421182631378e-03
-6.062822686979500459e-04 2.612876576770517718e-03
-1.318473528649506676e-03 2.864053467579921047e-03
-1.705084857600122367e-03 2.803553475813078469e-03
-1.698189743166505020e-03 2.423653513791375336e-03
-1.306525009485225109e-03 1.772887480231543668e-03
-6.137199592601166355e-04 9.473600794642615154e-04
2.376977353899386257e-04 7.313669051569704309e-05
1.073487251710032514e-03 -7.169701560806815161e-04
1.720918894872224382e-03 -1.307837744128568288e-03
2.041741116049404590e-03 -1.623083205367522024e-03
1.958641961024007450e-03 -1.638758351532737956e-03
1.470187907409325600e-03 -1.387114122328326560e-03
6.514045229430284658e-04 -9.497398247124665127e-04
-3.601179920486463778e-04 -4.413939238509426806e-04
-1.389970384258307386e-03 1.239501667361486009e-05
-2.259652897615509713e-03 2.997002250902966285e-04
-2.820096179541752360e-03 3.439125105224442348e-04
-2.979633508819563500e-03 1.186759402225995904e-04
-2.721133397825213022e-03 -3.467945316923165718e-04
-2.105053428315309394e-03 -9.730277315843534336e-04
-1.257841247317909635e-03 -1.645241514714627235e-03
-3.478823540405510950e-04 -2.235090445656844234e-03
4.464485709267699502e-04 -2.625096803770730902e-03
9.705818370166006525e-04 -2.731134873502189930e-03
1.122993097309651737e-03 -2.518704413594062292e-03
8.743540154081015908e-04 -2.009902808242031939e-03
2.729691085012230563e-04 -1.279764516784748316e-03
-5.645274590963694251e-04 -4.426479305953854790e-04
-1.475449330581132118e-03 3.687673399341017972e-04
-2.282086441622121261e-03 1.027911917063401622e-03
-2.825603733477380277e-03 1.437577850916408294e-03
-2.996385266129037057e-03 1.547604601830054275e-03
-2.755071413556680650e-03 1.363668616940855996e-03
-2.140298646545950138e-03 9.455293719677262260e-04
-1.261669106070957341e-03 3.950803990690498514e-04
-2.792740786316658856e-04 -1.635167440492522753e-04
6.263580690488849186e-04 -6.078397827098689157e-04
1.288205258764785806e-03 -8.407960247028215938e-04
1.584164739330909096e-03 -8.093183944852921485e-04
1.459992709988091556e-03 -5.146191463285831619e-04
9.394313038990014615e-04 -1.205453486529089579e-05
1.196091050830418905e-04 5.993761855370096812e-04
-8.474110458222469926e-04 1.195908439860541737e-03
-1.783441289905130910e-03 1.652688857143230772e-03
-2.517879465786946117e-03 1.867761574558883227e-03
-2.919938771226791591e-03 1.781814080551507576e-03
-2.923295235071171963e-03 1.389932822317504427e-03
-2.538488413872254379e-03 7.431294990967688297e-04
-1.850730574398240427e-03 -6.066593157069436674e-05
-1.003543567990180249e-03 -8.944562769031075018e-04
-1.713271931818134090e-04 -1.625509013927737677e-03
4.739404233779060359e-04 -2.139768468286413778e-03
7.955581695078569986e-04 -2.362743176006243916e-03
7.182845946380564828e-04 -2.272930595236986699e-03
2.428829654192638833e-04 -1.905253978213260809e-03
-5.537323013209279835e-04 -1.343876675946306882e-03
-1.532782123732084369e-03 -7.057693230689762731e-04
-2.519643285322236553e-03 -1.181545140214684906e-04
-3.336682022379596543e-03 3.058893857371923486e-04
-3.836689188048589619e-03 4.890375901630862610e-04
-3.930590844673845924e-03 4.044439219941576603e-04
-3.604191044959211779e-03 8.079010731526460251e-05
-2.920779211899928677e-03 -4.032973362246894725e-04
-2.009110094898014075e-03 -9.344031702702773612e-04
-1.039033176240349542e-03 -1.386177339263730112e-03
-1.893862090850411024e-04 -1.643740363664119306e-03
3.857685257808484217e-04 -1.626008072224522337e-03
5.861739055332258232e-04 -1.301695263655065077e-03
3.841798415210825358e-04 -6.959530477607107739e-04
-1.702385611964793346e-04 1.136331609556492277e-04
-9.591914811679151621e-04 1.010944433382106843e-03
-1.819468819465944621e-03 1.862513748774346448e-03
-2.573733912054142203e-03 2.542003029939333275e-03
-3.064403237004990552e-03 2.953355512167120302e-03
-3.183789885407082090e-03 3.048257373539139253e-03
-2.894795666655301629e-03 2.834618902869826765e-03
-2.238226228261189308e-03 2.374484429740955117e-03
-1.325336858091079621e-03 1.771780339226603981e-03
-3.170139930160254687e-04 1.152233033707029909e-03
6.064710415206192194e-04 6.392694604223142420e-04
1.279413454959842664e-03 3.304712527416732264e-04
1.581906560992171447e-03 2.790460404181252518e-04
1.462442691022037547e-03 4.838265473228117730e-04
9.476060868765492830e-04 8.896902764072141213e-04
1.370237490168844377e-04 1.398316331855998986e-03
-8.154692349983568012e-04 1.887235594472947125e-03
-1.730884026141872329e-03 2.233557366488605686e-03
-2.438852095556357565e-03 2.337867648663580732e-03
-2.809726368493483360e-03 2.143759535981942278e-03
-2.778934491112419226e-03 1.649281441668741998e-03
-2.358977255587787862e-03 9.081178678759013051e-04
-1.636805603024080180e-03 2.026081468319458894e-05
-7.570791418271794696e-04 -8.860803844358442968e-04
1.055168178806049819e-04 -1.677923898304888375e-03
7.796465238346212377e-04 -2.241893698607715524e-03
1.130064143382097062e-03 -2.504932633297210325e-03
1.083512282186355462e-03 -2.447444479093538287e-03
6.428674848317635863e-04 -2.106391334884606583e-03
-1.131524525842972318e-04 -1.567773058024402944e-03
-1.044669842618894820e-03 -9.499241303349608085e-04
-1.976942246110369259e-03 -3.807999101843257198e-04
-2.733296592797671704e-03 2.644018636846620293e-05
-3.168469562995941680e-03 1.949253363197809251e-04
-3.196043667367282504e-03 9.857110865981876142e-05
-2.804785445730886839e-03 -2.331609265927121147e-04
-2.060792623591722623e-03 -7.211382967122457761e-04
-1.095043272941879139e-03 -1.251947370824079342e-03
-7.870334627838179112e-05 -1.699873325922835344e-03
8.091339264458786377e-04 -1.951295586428903510e-03
1.415171141453155186e-03 -1.926864563127548852e-03
1.640710677865692049e-03 -1.597244038295940905e-03
1.460090247534503571e-03 -9.894208266779298561e-04
9.252649973701023833e-04 -1.823689231529666398e-04
1.556751319480088641e-04 7.071289572906371782e-04
-6.846752111324306981e-04 1.545835564398574712e-03
-1.418580326427299485e-03 2.208562894744955929e-03
-1.889490711590450589e-03 2.601202209950051643e-03
-1.991448016160678527e-03 2.677934665297092461e-03
-1.689421918321098830e-03 2.449377065174850737e-03
-1.026191492232413332e-03 1.980131693705230404e-03
-1.144621927821757646e-04 1.376213440883311458e-03
8.842937338855789064e-04 7.647420493333860134e-04
1.790270549261303162e-03 2.697495953548480034e-04
2.439276099719746120e-03 -1.131365542145451424e-05
2.713766388617234147e-03 -2.592685199242204287e-05
2.565091888802504931e-03 2.237712181136198263e-04
2.022743032006250538e-03 6.817055690608409902e-04
1.188843230614372408e-03 1.248896220479626083e-03
2.189303715255192721e-04 1.802696952382494165e-03
-7.073368862634472117e-04 2.220585173486700446e-03
-1.420004875463437739e-03 2.403983032993735509e-03
-1.790782317367604079e-03 2.297582692426742082e-03
-1.757083398773342901e-03 1.900499030640813826e-03
-1.333609764565092367e-03 1.267120071972537790e-03
-6.092847808147150521e-04 4.974762911874894365e-04
2.698724482418135063e-04 -2.810647599354321050e-04
1.128683110379007266e-03 -9.373284031284469329e-04
1.796257552907643603e-03 -1.360646592936161619e-03
2.138616079271929166e-03 -1.481364662825621200e-03
2.084297987551793525e-03 -1.283669238719943638e-03
1.638103555194905369e-03 -8.083174940834978763e-04
8.803616883076051088e-04 -1.447580186939448690e-04
-4.814221234114504107e-05 5.858599705322758457e-04
-9.727273153341948987e-04 1.253569565459233207e-03
-1.717840116692285167e-03 1.744028810703100469e-03
-2.140287176810795437e-03 1.979898080604476120e-03
-2.156385289055106052e-03 1.935110263727633350e-03
-1.757887133383534764e-03 1.639340031961396835e-03
-1.013664810052491289e-03 1.171836634245005358e-03
-5.682959255066491488e-05 6.458009581464035573e-04
9.402767549695279555e-04 1.862801182795825652e-04
1.798487853987998679e-03 -9.421805638868351561e-05
2.365484539209395179e-03 -1.177554046144614966e-04
2.544362355775177213e-03 1.435511686714244922e-04
2.311691599117816388e-03 6.615398420915829299e-04
1.721656960549847138e-03 1.356661611521356664e-03
8.955001383135853315e-04 2.112420510828998729e-03
-1.728132094891876754e-06 2.796877571273879027e-03
-7.926973088964659993e-04 3.287160667069266053e-03
-1.321630476914315835e-03 3.492351355721289106e-03
-1.484029057307734286e-03 3.370424927102074267e-03
-1.246654432858406488e-03 2.936043442595577535e-03
-6.539778227769520690e-04 2.257731023644288151e-03
1.801268751593802569e-04 1.444968678906865004e-03
1.093877005339813271e-03 6.276522590328853382e-04
1.908193387844261350e-03 -6.819937773361382620e-05
2.460634713806725705e-03 -5.438915347293796047e-04
2.636227822134355921e-03 -7.462242854235536915e-04
2.389354312229832918e-03 -6.769562287492371508e-04
1.752546521021527580e-03 -3.917820823721695480e-04
8.305238738222568522e-04 1.096746355277276462e-05
-2.194052628565139980e-04 4.097472432897256243e-04
-1.216870029515012067e-03 6.836449044471486474e-04
-1.992306357694760208e-03 7.361195772493057867e-04
-2.418761905387561972e-03 5.141177622365814947e-04
-2.435620802250448250e-03 1.892773933882580147e-05
-2.059762687374827768e-03 -6.933012576050172956e-04
-1.382050113028516353e-03 -1.521490715271538738e-03
-5.498166444112958726e-04 -2.338150457992478788e-03
2.613212452125635932e-04 -3.012989541309902923e-03
8.809840839484965038e-04 -3.437161082154621423e-03
1.176527619319411638e-03 -3.543559204659223541e-03
1.078360050185418317e-03 -3.319331276069581275e-03
5.932797514135960005e-04 -2.808240141112375299e-03
-1.966953912306925768e-04 -2.102430539503249551e-03
-1.149787382645365685e-03 -1.325157731863642373e-03
-2.091279843512072398e-03 -6.077449856554868225e-04
-2.846623230773153140e-03 -6.512649966168831267e-05
-3.274554041477424626e-03 2.254025476957791183e-04
-3.293954820524593562e-03 2.382167997132132644e-04
-2.899365865911926032e-03 3.529284015369436346e-06
-2.162207332911380078e-03 -3.990762164760260685e-04
-1.217475455706070950e-03 -8.565074278340870095e-04
-2.384266210428552957e-04 -1.244398753422912675e-03
5.959628080171798688e-04 -1.451490031934410353e-03
1.134605435500190065e-03 -1.401513382000655998e-03
1.282623040414644601e-03 -1.068424799701913090e-03
1.019022323060246159e-03 -4.820782802910305535e-04
4.003862777335227829e-04 2.767485998564200704e-04
-4.501106966582710408e-04 1.091050587389155203e-03
-1.366277126465197632e-03 1.829242312369278468e-03
-2.170598146121080659e-03 2.369669209879602875e-03
-2.708041735301919620e-03 2.623348913558021071e-03
-2.875571392257098707e-03 2.550642566004091352e-03
-2.641772849288760543e-03 2.168701951541541183e-03
-2.052875301852962343e-03 1.548282125614343797e-03
-1.224025094530905352e-03 8.005202905969462318e-04
-3.174637083854576938e-04 5.617920862763042204e-05
4.882570441062188647e-04 -5.587220091590302997e-04
1.032191415268744316e-03 -9.462851350345209429e-04
1.201622532291100800e-03 -1.054703494929813646e-03
9.535892087231181286e-04 -8.874371925074017644e-04
3.232359471990575283e-04 -5.018711199724521996e-04
-5.826001982654539259e-04 2.273178638216003897e-06
-1.605357250779903535e-03 5.025596121246069404e-04
-2.564495594863235028e-03 8.777596961474947758e-04
-3.291398599769149776e-03 1.031526640198034400e-03
-3.661014010825100994e-03 9.113207191659932187e-04
-3.615251382716949159e-03 5.189854171533037812e-04
-3.173711828578252951e-03 -8.904375758580303137e-05
-2.429724967067921262e-03 -8.119508377051387399e-04
-1.532449889878981014e-03 -1.523248936828518457e-03
-6.584353411314615868e-04 -2.094453756370506185e-03
2.197050143840128048e-05 -2.419244556288617249e-03
3.769959053611920269e-04 -2.433541134113934370e-03
3.384732802419205405e-04 -2.127695914318724225e-03
-8.522271060985072560e-05 -1.548490523163620087e-03
-8.107776398334055976e-04 -7.905541835300072253e-04
-1.695776804510987093e-03 2.117809222161191798e-05
-2.565780982239299155e-03 7.546550771828127845e-04
-3.247508900706698974e-03 1.295166850777477053e-03
-3.601839473874237502e-03 1.566452193138883004e-03
-3.550380068079815772e-03 1.544473735064323845e-03
-3.090564657925808957e-03 1.261268501580168960e-03
-2.296417203105307996e-03 7.981618860928569974e-04
-1.304829651828215507e-03 2.696479384468735709e-04
-2.899465573404454068e-04 -1.989935816214115794e-04
5.694999978483013866e-04 -4.960874197914425833e-04
1.123726873473816952e-03 -5.453252362836640086e-04
1.279964472859928051e-03 -3.207640211545647203e-04
1.019742068859505035e-03 1.477933196719432261e-04
4.021271206172956185e-04 7.800659608664434110e-04
-4.476889417006260749e-04 1.460223805080923662e-03
-1.362291751733196374e-03 2.058656862864882697e-03
-2.163901290283710022e-03 2.456467223783447874e-03
-2.698149071454816837e-03 2.568047034426952126e-03
-2.863376383888438341e-03 2.357465565510088838e-03
-2.629904160849788966e-03 1.845558227612490668e-03
-2.045625451961022127e-03 1.106368770489597839e-03
-1.226862754486262750e-03 2.536097634198043326e-04
-3.362237162711520597e-04 -5.803056952845741991e-04
4.483486244027660344e-04 -1.268703687578558907e-03
9.674669381731724463e-04 -1.713947941001677574e-03
1.110710222563628981e-03 -1.865201933269241327e-03
8.377902227629521140e-04 -1.727308620302003220e-03
1.864594320025105174e-04 -1.359123939290718614e-03
-7.343436557020571439e-04 -8.616372070201119403e-04
-1.764821188971131029e-03 -3.581452879283203265e-04
-2.724272558594785683e-03 2.974832144995607705e-05
-3.445015280700845436e-03 2.057485988039714237e-04
-3.803853604865594512e-03 1.176118636567731555e-04
-3.745142475826551253e-03 -2.325454381304611819e-04
-3.291085769119663808e-03 -7.883343654075423501e-04
-2.537324628210347113e-03 -1.449568529701093138e-03
-1.634656425759142308e-03 -2.091147943389508670e-03
-7.603500356236313467e-04 -2.586778214273217306e-03
-8.449183980790563216e-05 -2.833033470205198554e-03
2.622633112185530913e-04 -2.769203594825732102e-03
2.134289400650319930e-04 -2.389161720990564015e-03
-2.207723605259055092e-04 -1.742996061230488256e-03
-9.554379810609400130e-04 -9.280857966047636413e-04
-1.847197680517655757e-03 -7.129756903336361990e-05
-2.721535899809075093e-03 6.943410115564310628e-04
-3.406045669142246726e-03 1.254089779238646380e-03
-3.763311666380851628e-03 1.532453786483718673e-03
-3.717189644605347482e-03 1.506699659052734494e-03
-3.267499671079498926e-03 1.210389435926268690e-03
-2.490344523740759333e-03 7.262813000410903424e-04
-1.523986512762123737e-03 1.699597005899280478e-04
-5.429503739218946926e-04 -3.326882831621497984e-04
2.747509572023376125e-04 -6.698699727578606104e-04
7.810687587126972659e-04 -7.655244868957644406e-04
8.857214421107593647e-04 -5.940921675753601128e-04
5.730893012265926480e-04 -1.856103497568098925e-04
-9.499303662051806346e-05 3.798361235056732315e-04
-9.910711830325193150e-04 9.872628464221554906e-04
-1.946288436652221119e-03 1.508664963619757394e-03
-2.782398009749331279e-03 1.827482468440201190e-03
-3.345506917654979609e-03 1.861014029441490723e-03
-3.535161732210116096e-03 1.576527523215591822e-03
-3.323269860738604312e-03 9.980067822905292971e-04
-2.759276113593889680e-03 2.022451827195911249e-04
-1.960618072017934928e-03 -6.949879716679424960e-04
-1.090271985492187283e-03 -1.560104455445703378e-03
-3.256457615061656916e-04 -2.266188743675855849e-03
1.752855994691694674e-04 -2.716205335640037213e-03
3.041841064729436210e-04 -2.860546607721536558e-03
2.316681312850314353e-05 -2.705617456832298123e-03
-6.277112405695031011e-04 -2.311849433370017325e-03
-1.537733584489664245e-03 -1.781537555703170683e-03
-2.546187999232267345e-03 -1.238818918216189752e-03
-3.472515271028809008e-03 -8.055988372978933800e-04
-4.150238735158040884e-03 -5.779959564693533565e-04
-4.458255836290942256e-03 -6.077773316717123304e-04
-4.343571916801593907e-03 -8.923070587656943033e-04
-3.831176318481542727e-03 -1.374917055092532122e-03
-3.019194757462480543e-03 -1.955632206252808786e-03
-2.060238838299736745e-03 -2.510218672709098320e-03
-1.132485857887780478e-03 -2.913945538210511131e-03
-4.059652730281867496e-04 -3.065554984365823077e-03
-1.043462830580422357e-05 -2.906894146023774380e-03
-1.092581614947629731e-05 -2.434480706711465974e-03
-3.955893558744226057e-04 -1.700799239670469469e-03
-1.078134931832650661e-03 -8.050677768272013288e-04
-1.914401707495185520e-03 1.247935525871213475e-04
-2.729915489249981966e-03 9.555949879924488521e-04
-3.353208600311421549e-03 1.573291664189855775e-03
-3.648586575518194403e-03 1.903775390508639876e-03
-3.542130286396604454e-03 1.926124785919471625e-03
-3.036003009858718668e-03 1.675822527645877934e-03
-2.208346579895656588e-03 1.237347407177056364e-03
-1.198779625291497694e-03 7.275594200341808492e-04
-1.822372527183880155e-04 2.730375484747019164e-04
6.639007437389424313e-04 -1.432735829724599876e-05
1.193174849874446396e-03 -5.885430704780591181e-05
1.317591586967439832e-03 1.643729221072894823e-04
1.024138556398676222e-03 6.246773628939366035e-04
3.771448185187860000e-04 1.241602346210818331e-03
-4.939582971708598221e-04 1.900264546736970183e-03
-1.419157515219078439e-03 2.473335210980333581e-03
-2.220016272274249591e-03 2.845480473541370237e-03
-2.743383692335812658e-03 2.935623586810142197e-03
-2.890273447521446177e-03 2.712802166436792568e-03
-2.634447766030093355e-03 2.202604519608591764e-03
-2.027192150050941000e-03 1.482951436959929542e-03
-1.187381899051096314e-03 6.700059827838804197e-04
-2.787270477991298781e-04 -1.031379006889199300e-04
5.214895374011464585e-04 -7.109704026591401934e-04
1.056255094987394554e-03 -1.058660361991910085e-03
1.218836161100920849e-03 -1.099373699867303277e-03
9.732649901357263902e-04 -8.425529202772214996e-04
3.614172612045230167e-04 -3.516049737404746897e-04
-5.046658172467839796e-04 2.685514276039090522e-04
-1.463763622299878164e-03 8.917098681516365949e-04
-2.335802682436416942e-03 1.394533246378119179e-03
-2.955786678762242336e-03 1.680063106980869128e-03
-3.204909777207747956e-03 1.696125903541634023e-03
-3.032965595481388471e-03 1.445149759496526824e-03
-2.467811200753652293e-03 9.835343811259585848e-04
-1.610095469585572439e-03 4.106974751583802679e-04
-6.142501048322233015e-04 -1.501217231520535602e-04
3.406584120250699633e-04 -5.756580141260026103e-04
1.084698917989766493e-03 -7.664980045537976659e-04
1.489076530393339910e-03 -6.665056270289510757e-04
1.490309222677007467e-03 -2.741023079270588775e-04
1.102007169033507143e-03 3.567502939641583248e-04
4.120301397584596580e-04 1.126068168165144170e-03
-4.344325923357026265e-04 1.906078924003191954e-03
-1.262649492965658982e-03 2.564737131484749830e-03
-1.901732965011928601e-03 2.990086049447276875e-03
-2.217296078211064038e-03 3.110869760910643135e-03
-2.137189480155284298e-03 2.909508450044573976e-03
-1.665438395463277347e-03 2.424993829113184212e-03
-8.817340506228758031e-04 1.745168216683985925e-03
7.343050225346244594e-05 9.898586575112870971e-04
1.025171287144233372e-03 2.880666799827177188e-04
1.797174875375469067e-03 -2.464626130439533016e-04
2.244972912597634641e-03 -5.366641527723375969e-04
2.283231921033845695e-03 -5.565134526556603668e-04
1.901892859820944123e-03 -3.356086164110444296e-04
1.168105257295878408e-03 4.688726171959587893e-05
2.135894381509878266e-04 4.777871505133851463e-04
-7.901816812238672896e-04 8.319504858121468333e-04
-1.664284688829629219e-03 9.966905805168868940e-04
-2.256019233455565376e-03 8.938825335120000179e-04
-2.467581851326717396e-03 4.955690775322356889e-04
-2.274316212436578062e-03 -1.699082744444993260e-04
-1.729090090858558925e-03 -1.022432275641677220e-03
-9.519766715780637704e-04 -1.944449654645964178e-03
-1.072008592432476285e-04 -2.802430898443829168e-03
6.282769900377602017e-04 -3.471404507716949195e-03
1.098583869963069663e-03 -3.857936775917394749e-03
1.198751928523447002e-03 -3.917221092300532913e-03
8.948786438136718552e-04 -3.661054584274695857e-03
2.308061479656335190e-04 -3.155203569816994458e-03
-6.799502505388432729e-04 -2.506666224059833029e-03
-1.675500748287122275e-03 -1.843251001329101503e-03
-2.576078375366038474e-03 -1.289341179174478477e-03
-3.217964128677656879e-03 -9.424348094716269043e-04
-3.484419173825168553e-03 -8.548995137698449202e-04
-3.327768900297795995e-03 -1.024391439865427649e-03
-2.778457586916766725e-03 -1.394744755100187084e-03
-1.939358101396102853e-03 -1.867153259432570780e-03
-9.664117440448049623e-04 -2.319514767379418207e-03
-3.926070411427399348e-05 -2.630261255773957627e-03
6.725703794910849794e-04 -2.702146619546418830e-03
1.041545350254524443e-03 -2.481470596830134302e-03
1.006011205910498519e-03 -1.969080833224515648e-03
5.815988315476215698e-04 -1.221051563598997674e-03
-1.420217258816078472e-04 -3.388920804422449135e-04
-1.018409856442903643e-03 5.488791873406222372e-04
-1.872370211656233059e-03 1.310323866211814689e-03
-2.533404599528804590e-03 1.834386488602435770e-03
-2.868259875280455493e-03 2.051324811458871654e-03
-2.806403149173627293e-03 1.945412558843652440e-03
-2.353594933850248084e-03 1.557520075536105971e-03
-1.590984654388435731e-03 9.770919999108045734e-04
-6.598947463825051256e-04 3.250457635644415900e-04
2.648296547789780620e-04 -2.691688748169850966e-04
1.007862082223302379e-03 -6.920059912439212400e-04
1.426572379180293801e-03 -8.671314258194464785e-04
1.438058921421564787e-03 -7.695735797591696670e-04
1.034916443582709067e-03 -4.300461421440411212e-04
2.867524851593076206e-04 7.136469742084018469e-05
-6.728371415408899254e-04 6.209400943203805543e-04
-1.671371440060110368e-03 1.093500490647210431e-03
-2.529917696608991427e-03 1.376795723960615517e-03
-3.096720179975824029e-03 1.393478537497449838e-03
-3.275663185246024088e-03 1.116483563711426642e-03
-3.044185759559602748e-03 5.748819004552188118e-04
-2.457262625645512816e-03 -1.509154376926770250e-04
-1.636704067152426308e-03 -9.437147725737109628e-04
-7.478074636812166503e-04 -1.671117989657691042e-03
3.221171905834680806e-05 -2.210050826919963355e-03
5.480251619691455054e-04 -2.469609641185296044e-03
6.958258647065678100e-04 -2.407911352665082459e-03
4.431746540285344104e-04 -2.039764685642949001e-03
-1.647032059776307698e-04 -1.433716595201244004e-03
-1.013366911793848676e-03 -6.990369978940374693e-04
-1.940757395797967303e-03 3.489290583149587573e-05
-2.767855678276721736e-03 6.428882911971566536e-04
-3.332598631069706024e-03 1.027367197060361035e-03
-3.520630693061073228e-03 1.136431983148239932e-03
-3.287067800093963592e-03 9.732122846671819628e-04
-2.665150050527772315e-03 5.947122724191567390e-04
-1.760140814427508171e-03 1.003938415776712520e-04
-7.296225676122986090e-04 -3.873276797135165100e-04
2.460850606920460606e-04 -7.469659107099480347e-04
9.977895307413699177e-04 -8.816843714149514037e-04
1.399165967894586918e-03 -7.383465264184466701e-04
1.390370747847672825e-03 -3.182700578517694365e-04
9.890641218115220259e-04 3.223679171779939793e-04
2.867622465129162843e-04 1.082567282378435946e-03
-5.687833572565310046e-04 1.835097273442548929e-03
-1.401835815645292773e-03 2.450137613425007639e-03
-2.042197379880191042e-03 2.819503663716688494e-03
-2.357655322929373947e-03 2.876878055462522843e-03
-2.279200879491846861e-03 2.610224680383745836e-03
-1.814241623559341605e-03 2.064038066060592570e-03
-1.045301662839237273e-03 1.331002720558299192e-03
-1.144528880098903196e-04 5.346394801989662587e-04
8.035762720613676482e-04 -1.937798680089414596e-04
1.534522694286464227e-03 -7.396852738586368482e-04
1.937667990113462260e-03 -1.026407280767755413e-03
1.932609521649979352e-03 -1.029119303001939725e-03
1.514650792381841762e-03 -7.788968741696636897e-04
7.558933127526395361e-04 -3.561407567672108154e-04
-2.081812565696610157e-04 1.253738193483371370e-04
-1.204103377537493443e-03 5.407838455474059391e-04
-2.052980614495904070e-03 7.785233510405678570e-04
-2.604076181820174675e-03 7.621714679400188371e-04
-2.763050302107751544e-03 4.656095728339266354e-04
-2.509524114279842490e-03 -8.139917100234445729e-05
-1.900647345121881694e-03 -7.982800766095166436e-04
-1.060000859879483117e-03 -1.568421146958091711e-03
-1.539418427377983777e-04 -2.260865834509245484e-03
6.401231542152634266e-04 -2.754826404601716863e-03
1.167524092190147522e-03 -2.962383234916769487e-03
1.325770061865605941e-03 -2.845076301310566110e-03
1.084070028354093291e-03 -2.421249151837778779e-03
4.892331183298410935e-04 -1.762754218450280491e-03
-3.431699298846142355e-04 -9.816401002562763576e-04
-1.250710838879624549e-03 -2.093354905908752705e-04
-2.054925416075836959e-03 4.277377539374704798e-04
-2.595215487021173932e-03 8.315164477926987804e-04
-2.759409693040489140e-03 9.502050329183904260e-04
-2.505193183779983596e-03 7.873660761354271285e-04
-1.868343985730089741e-03 4.004876088340014869e-04
-9.562109391671529905e-04 -1.106840273581429857e-04
7.233810292783376126e-05 -6.238186555832219825e-04
1.036707649103116736e-03 -1.017940334844120911e-03
1.768471368791458935e-03 -1.197078035541372220e-03
2.142962973996269047e-03 -1.109132952099561821e-03
2.102586625837885460e-03 -7.563734059188237987e-04
1.667440268024373597e-03 -1.955552611388703278e-04
9.312473738491927697e-04 4.723678923187946046e-04
4.337387863152472080e-05 1.121007305666261436e-03
-8.196590238448674126e-04 1.622230419615303555e-03
-1.487767575600270221e-03 1.870301377475740981e-03
-1.829639223967237209e-03 1.801903359828223522e-03
-1.777682282051231159e-03 1.408252229557220483e-03
-1.340865284907448223e-03 7.370054200146293000e-04
-6.030138110689031283e-04 -1.164007096710599514e-04
2.931128009644346920e-04 -1.026352830161206178e-03
1.172948677634691027e-03 -1.860279433139593909e-03
1.863313785778799572e-03 -2.503102566890689010e-03
2.225383200457853056e-03 -2.878307085889261503e-03
2.181186411345001352e-03 -2.961654158828528217e-03
1.728614209114366944e-03 -2.784959974249813681e-03
9.420861408302946566e-04 -2.429242659349621636e-03
-4.125396565055830121e-05 -2.008553908480299396e-03
-1.047207291007812551e-03 -1.647575459178381163e-03
-1.897200911516406987e-03 -1.457240516997737427e-03
-2.441799668384499362e-03 -1.513013206940436476e-03
-2.588711003542742538e-03 -1.839954552606516518e-03
-2.319987178511772555e-03 -2.407416894478121676e-03
-1.695174234309592375e-03 -3.134383654598056883e-03
-8.398173453064909470e-04 -3.904453504005192185e-03
7.849582682013269124e-05 -4.587639410257131345e-03
8.820134176552450918e-04 -5.064860044016791102e-03
1.416579975087316288e-03 -5.250488503478284441e-03
1.580884730183123449e-03 -5.108688357679535413e-03
1.345658271720945450e-03 -4.660440508243159433e-03
7.591825613098527204e-04 -3.979924166641886189e-03
-6.192834093391867733e-05 -3.180928247746422303e-03
-9.549295785713469509e-04 -2.395854703245981626e-03
-1.741922430436761236e-03 -1.751275922538433286e-03
-2.263737775778171778e-03 -1.344659130414781840e-03
-2.410305679899539619e-03 -1.226648431088769170e-03
-2.141755226831720902e-03 -1.392241840594240923e-03
-1.496243302555934698e-03 -1.782515786516981025e-03
-5.830233755342572330e-04 -2.296552235432603416e-03
4.379403152532809437e-04 -2.811292078209041197e-03
1.385960457682925730e-03 -3.205538376453641661e-03
2.093545554543254240e-03 -3.383548484551934278e-03
2.437834765315895994e-03 -3.293733351941625226e-03
2.363603310462830502e-03 -2.938910394107481332e-03
1.893488394487815489e-03 -2.376157495415069480e-03
1.123504542418809517e-03 -1.706286895643049743e-03
2.047018926952154686e-04 -1.054925741198512682e-03
-6.855559082436718044e-04 -5.487822386110491509e-04
-1.377252793818672938e-03 -2.915909651816485718e-04
-1.739944636960737839e-03 -3.442945776431455360e-04
-1.707444296959408688e-03 -7.132197238087058591e-04
-1.290293536220960512e-03 -1.348493747929365447e-03
-5.736617315463710554e-04 -2.153011977857314900e-03
2.989282111060480155e-04 -3.000269768954389599e-03
1.152961836898599556e-03 -3.757696889788126465e-03
1.816197840162846059e-03 -4.311091584147982124e-03
2.151531799397460917e-03 -4.585544520528968444e-03
2.083230284654885751e-03 -4.558907980404143349e-03
1.611561140382240624e-03 -4.265277201532409294e-03
8.130423739107334700e-04 -3.787841724706343671e-03
-1.737449148475227515e-04 -3.242476985964877663e-03
-1.174100416462161385e-03 -2.755199136618549649e-03
-2.009999584869188397e-03 -2.437767084901633439e-03
-2.533536292595427782e-03 -2.366065070958528645e-03
-2.654686703729509847e-03 -2.565370591649016214e-03
-2.358142715005956055e-03 -3.005306365272871968e-03
-1.706032431977158592e-03 -3.605438705263789949e-03
-8.260167439136796271e-04 -4.250465975884951987e-03
1.129807365639972326e-04 -4.812122066183363751e-03
9.328124138176798700e-04 -5.173645470984112975e-03
1.479846140199331250e-03 -5.252175935573106386e-03
1.654016307288584241e-03 -5.014830308426171390e-03
1.427686387845381738e-03 -4.485403638783825100e-03
8.507531797478824764e-04 -3.740414656888955622e-03
4.102949292059332930e-05 -2.895230847111366669e-03
-8.382692290544379535e-04 -2.082885463031235781e-03
-1.609666086407846421e-03 -1.429581471756289279e-03
-2.115289161899759456e-03 -1.031503806852803991e-03
-2.247044215697226698e-03 -9.373130284504481088e-04
-1.967373664858765390e-03 -1.139617664690477242e-03
-1.316664088172139020e-03 -1.577022817139512928e-03
-4.058925240320911403e-04 -2.146350790364378106e-03
6.041029716099359775e-04 -2.722704543816155572e-03
1.532809982663370808e-03 -3.183561171412356214e-03
2.213975873658010490e-03 -3.432321345084266180e-03
2.526869556710505550e-03 -3.416845876923590552e-03
2.418956500951401339e-03 -3.139462330081012852e-03
1.915697967009051452e-03 -2.656542656365435545e-03
1.115622854179085677e-03 -2.067730608542908601e-03
1.716083220931011741e-04 -1.496860440893352457e-03
-7.380844337610690175e-04 -1.068184368083149698e-03
-1.443534343349238587e-03 -8.824170099797198821e-04
-1.815259661482170961e-03 -9.971420561850790655e-04
-1.788616131597029965e-03 -1.415302679708965988e-03
-1.375877210953602202e-03 -2.083968691645208399e-03
-6.637127697615553910e-04 -2.903629319071530067e-03
2.034516142013189830e-04 -3.746268798743482460e-03
1.051038262562524472e-03 -4.478819819677660151e-03
1.707650850071194002e-03 -4.987572018527805170e-03
2.037819235326933463e-03 -5.198932046901622202e-03
1.967948494816797525e-03 -5.092622441106181737e-03
1.500551860974040684e-03 -4.704837788169360414e-03
7.140658896288991407e-04 -4.120777341665379963e-03
-2.517236922949625424e-04 -3.457983277990969630e-03
-1.221892342853138054e-03 -2.843652620781329018e-03
-2.019266712415487310e-03 -2.390229442215634128e-03
-2.497772584510314815e-03 -2.173906919194388328e-03
-2.569931622456542164e-03 -2.220115167242776855e-03
-2.223304740735673052e-03 -2.498745355925112866e-03
-1.522771735004902448e-03 -2.930014366967909935e-03
-5.982175065008309232e-04 -3.399856763144621426e-03
3.800427280597572623e-04 -3.781924141851408967e-03
1.233446424708087947e-03 -3.962018234146140287e-03
1.808882657783758606e-03 -3.860320860798418206e-03
2.007528875907343795e-03 -3.447198839452580640e-03
1.803368989103844040e-03 -2.749576574784595891e-03
1.247890960220303207e-03 -1.846653364396789402e-03
4.600796021038566384e-04 -8.557586227923951036e-04
-3.963948638474155831e-04 8.899537390782063725e-05
-1.144466991974045023e-03 8.612402887070853526e-04
-1.627513685156858252e-03 1.365433009597077137e-03
-1.739325160569235758e-03 1.554139514294015966e-03
-1.444527330459233899e-03 1.436266183796069788e-03
-7.855816841477538965e-04 1.074696175261205273e-03
1.249695301138409017e-04 5.737928537457865751e-04
1.125550960992402960e-03 5.914880816878967211e-05
2.035915404842557168e-03 -3.465751805512250205e-04
2.691075327239365184e-03 -5.471391365160852005e-04
2.972384529622597304e-03 -4.910887488809628689e-04
2.829888448527402307e-03 -1.815169601767276791e-04
2.291713656432773933e-03 3.246251743443176723e-04
1.458719970773922651e-03 9.275343658529364198e-04
4.854278613967090341e-04 1.503787646859062977e-03
-4.491684971715396209e-04 1.930151241769739170e-03
-1.175378044483992371e-03 2.107446428612806070e-03
-1.564786939636077148e-03 1.979940137614599315e-03
-1.554379715054233103e-03 1.546573696209059892e-03
-1.158245143674474032e-03 8.618872617813456071e-04
-4.646560802089311085e-04 2.644762380526795856e-05
3.809175477693372528e-04 -8.314261127553286383e-04
1.203639660004623708e-03 -1.579197101492222678e-03
1.832706574082016869e-03 -2.104467658910024255e-03
2.133982644455750029e-03 -2.335564259907371709e-03
2.035686809207089883e-03 -2.254469359948423762e-03
1.542259544853560307e-03 -1.899666102739127260e-03
7.337777629485727187e-04 -1.358369791161398010e-03
-2.489780105205416458e-04 -7.496273124437727829e-04
-1.230982383940960011e-03 -2.014925722470645685e-04
-2.035944552894050023e-03 1.733946123538480759e-04
-2.519567454418802834e-03 2.991988775775090113e-04
-2.596791656196368279e-03 1.511982359035976119e-04
-2.257867100740669486e-03 -2.396953848255780348e-04
-1.570210350609026672e-03 -7.930546422840380888e-04
-6.656954188178419544e-04 -1.394527882556490569e-03
2.842168503498545542e-04 -1.917940567218356191e-03
1.100804445311049902e-03 -2.249710159295896170e-03
1.631748043730056608e-03 -2.310937890980508443e-03
1.779763648367738366e-03 -2.072979156643452951e-03
1.520787733931022083e-03 -1.563527689116021076e-03
9.082771852725203933e-04 -8.620438601746145332e-04
6.281584446781238304e-05 -8.537473401250104824e-05
-8.509978069137291235e-04 6.337289767724343806e-04
-1.655998455747163204e-03 1.171147997183232892e-03
-2.196275245971036211e-03 1.434351370480133276e-03
-2.366955211780434783e-03 1.379442286884661464e-03
-2.134302598475394056e-03 1.019077751579797056e-03
-1.542322274440430501e-03 4.197733079684515430e-04
-7.046116774013845042e-04 -3.108881236715874520e-04
2.170004393324511858e-04 -1.044715159522650611e-03
1.042987761191252818e-03 -1.657157555527929678e-03
1.610054535551334485e-03 -2.050754705608593374e-03
1.802036256977700753e-03 -2.173345727799814477e-03
1.571923025369556743e-03 -2.027598157928609240e-03
9.508351025328505091e-04 -1.670058268474422687e-03
4.224942567138221129e-05 -1.199912260121761831e-03
-9.974324448962070336e-04 -7.395980729308310273e-04
-1.988298904287079134e-03 -4.109528933190905939e-04
-2.760759753556996966e-03 -3.114286943952616557e-04
-3.187393206404399819e-03 -4.948966388643879187e-04
-3.206783719011789720e-03 -9.606929633294623936e-04
-2.834843314358340659e-03 -1.652998523373903818e-03
-2.161479752675703452e-03 -2.470687181183261159e-03
-1.333249771915565865e-03 -3.285795407427047170e-03
-5.252892473874991221e-04 -3.967132316915627371e-03
9.215777288136962724e-05 -4.404574931095074815e-03
3.862667580170353349e-04 -4.529462050705564471e-03
2.870514377339167950e-04 -4.327236565839605135e-03
-1.991458488173035186e-04 -3.839951109765085777e-03
-9.906525288188624667e-04 -3.158168637398823652e-03
-1.945768803895348356e-03 -2.403795103886037163e-03
-2.889481246424868525e-03 -1.707096134084191627e-03
-3.646530887068410737e-03 -1.182248511361419898e-03
-4.074575174926939672e-03 -9.060522273018091748e-04
-4.091164366920454522e-03 -9.038276646417956525e-04
-3.689423308846672897e-03 -1.145159182491193358e-03
-2.939467483814008682e-03 -1.550279269260861764e-03
-1.975282656269641141e-03 -2.005870297125884102e-03
-9.695489943729945163e-04 -2.387275879599845985e-03
-1.011722603047068934e-04 -2.582898908728525292e-03
4.783353210028556783e-04 -2.516148432643267735e-03
6.732647040396009478e-04 -2.160761066368196287e-03
4.615371305453277312e-04 -1.546576889192982727e-03
-1.014202777788468686e-04 -7.546574702269480319e-04
-8.934773833602753252e-04 9.734736070836155102e-05
-1.749229585894090770e-03 8.768294603191661160e-04
-2.491608425550980496e-03 1.460767743129034188e-03
-2.965681437996841880e-03 1.758553516119680570e-03
-3.068234428940025404e-03 1.728783808862655686e-03
-2.767528825360938451e-03 1.386850697744493929e-03
-2.109488288719207037e-03 8.018951829280789945e-04
-1.209139636788728652e-03 8.370560951344104710e-05
-2.289262832898682990e-04 -6.379580913510009754e-04
6.520010733671500634e-04 -1.237701909266013516e-03
1.271702537858660376e-03 -1.617894267998670060e-03
1.516153346298065646e-03 -1.726699723996887124e-03
1.340919192336943559e-03 -1.567345777950967037e-03
7.796956582078796473e-04 -1.196880707425455014e-03
-6.190893280438479127e-05 -7.146720447364132136e-04
-1.026174490058943652e-03 -2.428397052249523392e-04
-1.932909570603930007e-03 9.765350728164123514e-05
-2.613324151940377583e-03 2.107079357573575333e-04
-2.941726744613975056e-03 4.408164577032486903e-05
-2.859050325821062104e-03 -3.999421134268021580e-04
-2.383759314022263105e-03 -1.064252652625846066e-03
-1.608079561001026772e-03 -1.847048972981116472e-03
-6.802724549644429590e-04 -2.620512259001494051e-03
2.236835511698770113e-04 -3.254491850675327470e-03
9.336355070967237036e-04 -3.640731546120374966e-03
1.317665517155183676e-03 -3.713058401525702427e-03
1.307225213695647949e-03 -3.459717934598680739e-03
9.102312607879271215e-04 -2.925523810602395289e-03
2.096385518208804949e-04 -2.203415966658480492e-03
-6.522411012074122612e-04 -1.417024152531341091e-03
-1.500706420508216444e-03 -6.975346309337343825e-04
-2.161813495512783859e-03 -1.592340794923524389e-04
-2.495424011694213733e-03 1.216472387509481660e-04
-2.421894571924463040e-03 1.207980611069268961e-04
-1.937350004115676993e-03 -1.302171558518819272e-04
-1.114644438997648918e-03 -5.506414010335846385e-04
-8.982334425675889307e-05 -1.026565918266616074e-03
9.633554591210008152e-04 -1.433273399025407433e-03
1.866023244568092848e-03 -1.659634287511480011e-03
2.467757502525566408e-03 -1.629917997688770182e-03
2.674747261114125436e-03 -1.318870620664549902e-03
2.467240255799497788e-03 -7.571865044036791680e-04
1.902975261339441950e-03 -2.632139844133168016e-05
1.105956730103687313e-03 7.563850816618641632e-04
2.427042117815216265e-04 1.459472811362519992e-03
-5.095197603239667080e-04 1.961899357274392817e-03
-9.964814699506331121e-04 2.175714229998825574e-03
-1.116347864992832308e-03 2.062580769212744337e-03
-8.390928593272634767e-04 1.641019474819283355e-03
-2.122605218717349852e-04 9.830007752652143715e-04
6.480078595441614644e-04 2.005293325684734558e-04
1.578984211657645693e-03 -5.752453204643525903e-04
2.402232978313979545e-03 -1.218444156588479113e-03
2.957510092234453582e-03 -1.631786906169060232e-03
3.133259545696931436e-03 -1.764427927400820904e-03
2.887928867445611544e-03 -1.620936322779370411e-03
2.258062672671310930e-03 -1.259735533354018611e-03
1.351636654135702663e-03 -7.813149878482846932e-04
3.278887339837440384e-04 -3.084640174130266884e-04
-6.325396639039013603e-04 3.771090866824464150e-05
-1.361505076339688310e-03 1.614265370636707667e-04
-1.734893987724663716e-03 1.102733915372359347e-05
-1.695821884833893138e-03 -4.106225211239862213e-04
-1.265113570280639553e-03 -1.046142191584765535e-03
-5.370869147875064744e-04 -1.794044485557033013e-03
3.385552714419780393e-04 -2.527593078695899477e-03
1.185290458129310397e-03 -3.118543994050121827e-03
1.833384357416035105e-03 -3.461281181474074563e-03
2.152173269691294751e-03 -3.492778663732467193e-03
2.074904707543184443e-03 -3.204609504128648739e-03
1.611430848197605535e-03 -2.644725572507967797e-03
8.463510050255214096e-04 -1.908666800354770574e-03
-7.704423873652649531e-05 -1.121857714907659523e-03
-9.839853886081991602e-04 -4.163339529742243403e-04
-1.701438082522659274e-03 9.370657184145378751e-05
-2.091027021099976010e-03 3.329128999351193587e-04
-2.075432039615876870e-03 2.783885587787824321e-04
-1.653253508204374561e-03 -3.666232221506183792e-05
-8.995265012325111102e-04 -5.299234452558346589e-04
4.822016719891426893e-05 -1.086248625291799837e-03
1.015727183243479324e-03 -1.580137387967497226e-03
1.824718864989647096e-03 -1.900130897944042347e-03
2.326380625275315753e-03 -1.970492401637618032e-03
2.429267755319528856e-03 -1.766052012749577812e-03
2.116368086797914758e-03 -1.317392059488556354e-03
1.448094733301802774e-03 -7.053805734447931956e-04
5.506487036209519121e-04 -4.607973545608375987e-05
-4.080396823054246850e-04 5.311192594910408866e-04
-1.250231065974088040e-03 9.079987467981976389e-04
-1.822112226297945307e-03 1.000016609512929984e-03
-2.022956784941366912e-03 7.725458825390287519e-04
-1.824189021827436275e-03 2.477728008947137741e-04
-1.274740897489257509e-03 -4.990601008555369845e-04
-4.916885594838488974e-04 -1.353364491328161445e-03
3.620570046859089347e-04 -2.182286552999075646e-03
1.108777996176106909e-03 -2.859179616894875348e-03
1.589817357841552927e-03 -3.286850799693473782e-03
1.695868265298206045e-03 -3.415196848835826832e-03
1.387945050958486149e-03 -3.249908029967313490e-03
7.050592072214788677e-04 -2.850610949498089044e-03
-2.428589844503727677e-04 -2.318820995949347381e-03
-1.295459642407430743e-03 -1.778003865119987589e-03
-2.272019257231451539e-03 -1.349538403494661464e-03
-3.005352193101800372e-03 -1.129147427550996176e-03
-3.373174512429679469e-03 -1.168272825553860446e-03
-3.320988829184107205e-03 -1.463933269729614890e-03
-2.872163536014985495e-03 -1.958994801179287336e-03
-2.123303448407711132e-03 -2.552810780224621431e-03
-1.225792899331035928e-03 -3.120221868982523371e-03
-3.570095235695183982e-04 -3.535321072957528597e-03
3.133382260494005801e-04 -3.695483797254417706e-03
6.553746120038389002e-04 -3.541109923278853294e-03
6.036310123643656971e-04 -3.067334176876551285e-03
1.693791168389745770e-04 -2.325479232742000673e-03
-5.616104265839546141e-04 -1.413965550079171766e-03
-1.445456951001476698e-03 -4.603857068421617375e-04
-2.307599935500230688e-03 4.018782838317131682e-04
-2.976072750426647651e-03 1.058084676157489308e-03
-3.314315141964877323e-03 1.433001657631352522e-03
-3.247306209908206419e-03 1.504284650887686460e-03
-2.776063639677825087e-03 1.305847665580813942e-03
-1.977757043829250251e-03 9.206092266968695769e-04
-9.914065867181820826e-04 4.640043353522368226e-04
8.132883993014310142e-06 6.140106824401481318e-05
8.429838492874659316e-04 -1.762869229090628653e-04
1.365648781164583662e-03 -1.741608718305043008e-04
1.486685628248122105e-03 9.202350583649107109e-05
1.191422068656895848e-03 5.909183641435659506e-04
5.425490858610081081e-04 1.241289635703369957e-03
-3.318929706556832441e-04 1.927290298830630936e-03
-1.262858051722562380e-03 2.520410738396834834e-03
-2.072356714136309574e-03 2.903949064914798216e-03
-2.607165707330905049e-03 2.995364450273554045e-03
-2.767802667430185534e-03 2.762274669093772034e-03
-2.527281178980952166e-03 2.229059749786958464e-03
-1.936097225672258129e-03 1.472809677323009582e-03
-1.112505730424877227e-03 6.093693632303852359e-04
-2.199318918988276122e-04 -2.278927429884725509e-04
5.642011211055525215e-04 -9.125895583597383280e-04
1.082320407079974444e-03 -1.348471890308923548e-03
1.226812445452833125e-03 -1.486870415574454134e-03
9.606856123495755278e-04 -1.335139081874276400e-03
3.248670492039399185e-04 -9.545194179388604133e-04
-5.692546610273346982e-04 -4.478474566971526127e-04
-1.560636123324999963e-03 6.055320961522359016e-05
-2.468802626584624006e-03 4.489710556884337310e-04
-3.127772846428190576e-03 6.218238411048108809e-04
-3.417267797355347855e-03 5.281308326091839912e-04
-3.285300501172810396e-03 1.714349958500170721e-04
-2.757873822825718246e-03 -3.907086053369235182e-04
-1.933953750406545036e-03 -1.057583931711044214e-03
-9.666722267038247839e-04 -1.704450036295922580e-03
-3.431988542589655029e-05 -2.206336099980064306e-03
6.933787983507409044e-04 -2.461984617894647735e-03
1.087323284191856528e-03 -2.413401341782425193e-03
