-4.886867547176053199e-03
-4.873710373581214422e-03
-4.771769121255017669e-03
-4.584373903745751072e-03
-4.317614482660639755e-03
-3.980129763276960518e-03
-3.582808783299010983e-03
-3.138413655845951819e-03
-2.661137659183182916e-03
-2.166113934944009691e-03
-1.668891984126444437e-03
-1.184900275471107746e-03
-7.289137645110838667e-04
-3.145449466978346431e-04
4.622375931038081448e-05
3.434499528571369545e-04
5.695691949799068076e-04
7.196491575688695672e-04
7.915511191534689225e-04
7.859931968695731824e-04
7.065131489298031447e-04
5.593321023507559671e-04
3.531240334165844028e-04
9.869913168478324731e-05
-1.913878034898972317e-04
-5.032901576872106071e-04
-8.223675669160027037e-04
-1.133711747234131262e-03
-1.422681609413214195e-03
-1.675428854899810955e-03
-1.879395583805296924e-03
-2.023766427560426059e-03
-2.099859313784407239e-03
-2.101441122947076464e-03
-2.024957130128405419e-03
-1.869666148303435367e-03
-1.637676596158204635e-03
-1.333882187595168125e-03
-9.657994600638594457e-04
-5.433128012964742737e-04
-7.833587829716157688e-05
4.155986951696224833e-04
9.238070985923458895e-04
1.430963083356961030e-03
1.921629979784215351e-03
2.380797304978609676e-03
2.794403179248021798e-03
3.149824252661757688e-03
3.436315978304572451e-03
3.645387805199576219e-03
3.771100140883465804e-03
3.810272671449615924e-03
3.762596729606292045e-03
3.630647760220163164e-03
3.419797430243055186e-03
3.138028443312455059e-03
2.795658525573884237e-03
2.404983229049544816e-03
1.979850040762301967e-03
1.535178690246027542e-03
1.086444430790587442e-03
6.491423648206622998e-04
2.382515458225051199e-04
-1.322824049761553173e-04
-4.500280795942850423e-04
-7.044956586116856660e-04
-8.874959503049125332e-04
-9.934185589063977608e-04
-1.019419482103506996e-03
-9.655116123786209627e-04
-8.345550197026861596e-04
-6.321474051876939480e-04
-3.664186135079797440e-04
-4.773645363374259473e-05
3.116658151163691822e-04
6.981272303913873840e-04
1.097046721194598140e-03
1.493403417440500921e-03
1.872291397727611148e-03
2.219450093983120747e-03
2.521771725578205500e-03
2.767767942384475113e-03
2.947979287759399519e-03
3.055313098438329576e-03
3.085297968468764251e-03
3.036245830676957691e-03
2.909315949151087145e-03
2.708478556310981496e-03
2.440379387752251647e-03
2.114109843854757205e-03
1.740890817319529259e-03
1.333681254335354616e-03
9.067251578359296999e-04
4.750529017386626940e-04
5.395432943579899897e-05
-3.415578980983571128e-04
-6.972758941945389650e-04
-1.000296582128012805e-03
-1.239476640597496479e-03
-1.405826401934838054e-03
-1.492828881978358266e-03
-1.496672740986203492e-03
-1.416390988001749868e-03
-1.253900541143570125e-03
-1.013941227752020776e-03
-7.039163295507088391e-04
-3.336402255968823859e-04
8.499806099818748694e-05
5.384436617862833202e-04
1.011942723109248527e-03
1.490051010709506681e-03
1.957166480562810233e-03
2.398067199101533258e-03
2.798435809569716111e-03
3.145352213494872519e-03
3.427737250624332196e-03
3.636731878103646037e-03
3.765998609988149403e-03
3.811934702170688676e-03
3.773789660026114975e-03
3.653682998162010621e-03
3.456521676165301427e-03
3.189820148697036784e-03
2.863429379565096168e-03
2.489184357966367674e-03
2.080482509210591479e-03
1.651807811912730769e-03
1.218217334088870021e-03
7.948082152274143792e-04
3.961838041764162519e-04
3.593768967519845280e-05
-2.738262693692758171e-04
-5.229210711242835222e-04
-7.034358675346535743e-04
-8.100148224228231626e-04
-8.400457448115516111e-04
-7.937518761859494072e-04
-6.741836073840207569e-04
-4.871104108084129119e-04
-2.408167736744517944e-04
5.419071461153809714e-05
3.855548511286304401e-04
7.395048575252767932e-04
1.101343640540361924e-03
1.455968184799016560e-03
1.788404823461545428e-03
2.084340607789658510e-03
2.330632130320262844e-03
2.515773943435412052e-03
2.630310128120598619e-03
2.667174557112046186e-03
2.621947892748007370e-03
2.493022275203552341e-03
2.281667889255574368e-03
1.991999034034561133e-03
1.630840839968088294e-03
1.207501256979448285e-03
7.334562560413547365e-04
2.219592261370808292e-04
-3.124117959691953550e-04
-8.542532480474551021e-04
-1.387864077945452114e-03
-1.897784240600884284e-03
-2.369324838199454199e-03
-2.789071377778439345e-03
-3.145342562129325482e-03
-3.428588587346943859e-03
-3.631715039232187581e-03
-3.750321086736592771e-03
-3.782843672427222553e-03
-3.730602692368052611e-03
-3.597745625495018043e-03
-3.391093594001222747e-03
-3.119894288058762399e-03
-2.795490449437356556e-03
-2.430915564969584209e-03
-2.040430968773070206e-03
-1.639020602399390066e-03
-1.241861162806522957e-03
-8.637862273731490223e-04
-5.187631529913402928e-04
-2.194010953217543237e-04
2.349259961021386844e-05
2.012920778100401459e-04
3.078554236162428862e-04
3.397392698421923540e-04
2.963180531653994421e-04
1.798037411072372915e-04
-4.834651886583994293e-06
-2.500489267073446528e-04
-5.459806918908561863e-04
-8.808120409554640864e-04
-1.241185604086112631e-03
-1.612679229295920034e-03
-1.980318630809350076e-03
-2.329110009023196808e-03
-2.644573943750838218e-03
-2.913261815176700770e-03
-3.123236616710592904e-03
-3.264501269380183038e-03
-3.329359384902556493e-03
-3.312695789753550800e-03
-3.212166932535794051e-03
-3.028294453274913214e-03
-2.764458585352522549e-03
-2.426791569756642664e-03
-2.023974764240077905e-03
-1.566946504081464554e-03
-1.068530898210973742e-03
-5.430005149174238835e-04
-5.588228115059991688e-06
5.280347229668013679e-04
1.042296223241747201e-03
1.522257537206236043e-03
1.954125659417740163e-03
2.325725855319244091e-03
2.626917881156105861e-03
2.849941343533664122e-03
2.989678140243993455e-03
3.043822827415963283e-03
3.012954982083684320e-03
2.900511060959842791e-03
2.712656775302171343e-03
2.458064484971064431e-03
2.147603440049918044e-03
1.793953749228395077e-03
1.411157623640881681e-03
1.014123639479645473e-03
6.181014055768792878e-04
2.381450557186512006e-04
-1.114156264850091772e-04
-4.174779133780870052e-04
-6.686250534931840062e-04
-8.555253279557081553e-04
-9.712572660679295172e-04
-1.011549634124202408e-03
-9.749278014829936868e-04
-8.627613720394986842e-04
-6.792114324081985344e-04
-4.310792889675222304e-04
-1.275620210480429839e-04
2.200765541262256295e-04
5.989079421481162272e-04
9.947999335314353011e-04
1.392920276389411540e-03
1.778265369833982460e-03
2.136195409275802072e-03
2.452957186715964272e-03
2.716176179910932340e-03
2.915300638874824147e-03
3.041982058909884282e-03
3.090378657337890245e-03
3.057371168275032931e-03
2.942683341641955802e-03
2.748902871489179982e-03
2.481401967648268637e-03
2.148160301433818531e-03
1.759496477388991552e-03
1.327717388999805201e-03
8.666976945570831117e-04
3.914040990576270456e-04
-8.261893663889287049e-05
-5.397840850663055291e-04
-9.649979420086134650e-04
-1.344180950654647391e-03
-1.664752282660321393e-03
-1.916062724414859756e-03
-2.089760436329627345e-03
-2.180076802578539627e-03
-2.184022386095681341e-03
-2.101486150767306257e-03
-1.935234499375024057e-03
-1.690810183296403502e-03
-1.376334645356756857e-03
-1.002220737732389347e-03
-5.808058939884126965e-04
-1.259186182774731468e-04
3.476065121082116635e-04
8.244483339917266142e-04
1.289334873486011005e-03
1.727576639963484097e-03
2.125578760129604589e-03
2.471314018428372172e-03
2.754740243293410471e-03
2.968147432272822545e-03
3.106422474329828629e-03
3.167222218252383533e-03
3.151048850787007728e-03
3.061224974183528961e-03
2.903769290230417011e-03
2.687177283307324877e-03
2.422114626335270492e-03
2.121034094018762334e-03
1.797729450192849660e-03
1.466841986406464734e-03
1.143337049630071666e-03
8.419689499681705467e-04
5.767530475806982235e-04
3.604635673586137519e-04
2.041747890373225675e-04
1.168617409318061483e-04
1.050744405831395556e-04
1.726971483748877649e-04
3.208011209201084603e-04
5.475960741349499353e-04
8.484821062327480880e-04
1.216200309629589292e-03
1.641076841343167654e-03
2.111351945120370013e-03
2.613582440060583170e-03
3.133103614289190625e-03
3.654534378562688656e-03
4.162308016577797275e-03
4.641209969419841583e-03
5.076903842545650233e-03
5.456427233692583319e-03
5.768640034783648410e-03
6.004609523315187353e-03
6.157918770628533281e-03
6.224887578386070069e-03
6.204698216461541210e-03
6.099421568036294920e-03
5.913942774204164476e-03
5.655788988671099984e-03
5.334865279921350255e-03
4.963107933446184519e-03
4.554067297643527197e-03
4.122434782508036140e-03
3.683530573861449643e-03
3.252769999180287527e-03
2.845127225954389993e-03
2.474615063869134261e-03
2.153799074794582498e-03
1.893362989479813619e-03
1.701740629232059449e-03
1.584827197817257824e-03
1.545780025117036993e-03
1.584915707273694581e-03
1.699707208078573423e-03
1.884880981659832434e-03
2.132610669922010288e-03
2.432800542566881767e-03
2.773448701527232111e-03
3.141077275519291775e-03
3.521214482150687806e-03
3.898911616900414129e-03
4.259276804027333635e-03
4.588006756966251341e-03
4.871897865622741054e-03
5.099318652731422118e-03
5.260626995699074424e-03
5.348517446655865620e-03
5.358286433929939155e-03
5.288006006968864331e-03
5.138599992971900655e-03
4.913819854811018670e-03
4.620121056310003138e-03
4.266444229387373992e-03
3.863908775700289691e-03
3.425429606268844823e-03
2.965270418494816811e-03
2.498549136533769182e-03
2.040712820100043078e-03
1.607000419627898106e-03
1.211912184670723043e-03
8.687043024477030407e-04
5.889264625872580282e-04
3.820185432201446754e-04
2.549805452204179958e-04
2.121273380419775451e-04
2.549368120598602058e-04
3.819967626049326596e-04
5.890523745381609673e-04
8.691526543458255594e-04
1.212890692745679719e-03
1.608729356044139198e-03
2.043401014063610330e-03
2.502367321141076104e-03
2.970322965273448912e-03
3.431725762575040493e-03
3.871334553695491947e-03
4.274736087965880574e-03
4.628842469276763481e-03
4.922341771428841162e-03
5.146086073700469575e-03
5.293403362063420388e-03
5.360322410935160729e-03
5.345702811032641139e-03
5.251265633882107146e-03
5.081523706323034899e-03
4.843613986875145924e-03
4.547037966817163955e-03
4.203319242024982152e-03
3.825590304088064431e-03
3.428123079258552780e-03
3.025819714484357433e-03
2.633681502080934683e-03
2.266274599721191524e-03
1.937211313561786660e-03
1.658665165587874931e-03
1.440936780811690777e-03
1.292085847350491531e-03
1.217642085109978210e-03
1.220405388021299914e-03
1.300342177625672755e-03
1.454581631861844894e-03
1.677511950427840182e-03
1.960973309804800273e-03
2.294540769896152334e-03
2.665887239094229689e-03
3.061213796014412500e-03
3.465732302565473991e-03
3.864183407292522392e-03
4.241371794378571460e-03
4.582699925914014705e-03
4.874681574353860111e-03
5.105417146768829843e-03
5.265014137881419976e-03
5.345937968183988101e-03
5.343280899423789518e-03
5.254939587064697340e-03
5.081695027537473826e-03
4.827192075115401861e-03
4.497819219376891775e-03
4.102492806245741294e-03
3.652353231180640713e-03
3.160383714997793293e-03
2.640964983071620621e-03
2.109381412309093134e-03
1.581295908723400270e-03
1.072211872137493298e-03
5.969410552119352054e-04
1.690959158312591026e-04
-1.993757977991864223e-04
-4.985979710668440520e-04
-7.211003481557164054e-04
-8.620683990049576688e-04
-9.195001250023452418e-04
-8.942643616348334903e-04
-7.900585880070074007e-04
-6.132677743204502287e-04
-3.727292656958616085e-04
-7.941199261798351141e-05
2.539787005591631706e-04
6.134567123537422537e-04
9.842553113846319070e-04
1.351354162663741991e-03
1.700014740808748022e-03
2.016305326212339179e-03
2.287597147499671919e-03
2.503014247136656212e-03
2.653821271291168134e-03
2.733735563069594580e-03
2.739152593718296655e-03
2.669276806228707000e-03
2.526153263480616831e-03
2.314598972329220787e-03
2.042036273953234775e-03
1.718234126010435067e-03
1.354966333301552139e-03
9.655986974826936920e-04
5.646195507686130452e-04
1.671301261098651525e-04
-2.116873726568813813e-04
-5.571053521550939445e-04
-8.553712822603398366e-04
-1.094194766901881999e-03
-1.263184145750659900e-03
-1.354217304827429365e-03
-1.361733676227761241e-03
-1.282937165672575971e-03
-1.117902864806023062e-03
-8.695837738231407092e-04
-5.437172610880914529e-04
-1.486344972286865289e-04
3.050205012485826019e-04
8.046524185319475905e-04
1.336144153945028430e-03
1.884339301999850757e-03
2.433560741358403029e-03
2.968147212010620404e-03
3.472989130735354944e-03
3.934044922460920406e-03
4.338819828514359385e-03
4.676790467994049877e-03
4.939760329529245542e-03
5.122133790886706020e-03
5.221099118442151799e-03
5.236714087426293587e-03
5.171891275340832241e-03
5.032283595479167086e-03
4.826074131929761028e-03
4.563677689342474086e-03
4.257364562650847381e-03
3.920819755529179017e-03
3.568653136192273794e-03
3.215877736040456680e-03
2.877374510460635384e-03
2.567362352798173604e-03
2.298891965597285245e-03
2.083381354232517052e-03
1.930209246433605731e-03
1.846380708172185720e-03
1.836276693187456188e-03
1.901496318860848231e-03
2.040797408405400221e-03
2.250137392410799745e-03
2.522813142482171513e-03
2.849694839402601952e-03
3.219545679557915020e-03
3.619416211894909904e-03
4.035099478984146941e-03
4.451631001604914283e-03
4.853816071463428437e-03
5.226765856394709892e-03
5.556423510348592817e-03
5.830061827570211241e-03
6.036734974506328261e-03
6.167668439279053519e-03
6.216573500793331694e-03
6.179875161928772079e-03
6.056845521228002537e-03
5.849637868869302440e-03
5.563220269474486793e-03
5.205210914632047228e-03
4.785620968560211179e-03
4.316513870540137493e-03
3.811592984079824505e-03
3.285731992686279600e-03
2.754464447679731698e-03
2.233450304403679018e-03
1.737938089328977228e-03
1.282241493670351062e-03
8.792486838640879796e-04
5.399814732996929822e-04
2.732197532094851264e-04
8.520429479423087538e-05
-2.057171040585484625e-05
-4.347511301174391066e-05
1.425462542813593289e-05
1.475931553956519749e-04
3.489161397069121678e-04
6.082748137349624530e-04
9.137525136295727816e-04
1.251889645901464862e-03
1.608162176130952274e-03
1.967496841990218868e-03
2.314805011838519389e-03
2.635516459837264260e-03
2.916094334610504820e-03
3.144513260717780520e-03
3.310683807389107856e-03
3.406808441695081437e-03
3.427656487599183531e-03
3.370748453898710952e-03
3.236443273316381118e-03
3.027925400534414550e-03
2.751092229415497137e-03
2.414345785932711305e-03
2.028296010902575029e-03
1.605386047811731016e-03
1.159452687162801972e-03
7.052373939454705887e-04
2.578650793250066584e-04
-1.676910893603068917e-04
-5.571400544039768971e-04
-8.973797900992644579e-04
-1.176962981699980135e-03
-1.386505104193427439e-03
-1.519020560653426728e-03
-1.570175059194577451e-03
-1.538445341236031015e-03
-1.425180619109681340e-03
-1.234563524298416901e-03
-9.734718881125867859e-04
-6.512461510462179241e-04
-2.793705036516487376e-04
1.289211153346868366e-04
5.591004046182743072e-04
9.958455593671207418e-04
1.423570099202655509e-03
1.826961179824188302e-03
2.191508569549150028e-03
2.504005797888910010e-03
2.753005956924537215e-03
2.929216223587442942e-03
3.025817316371632974e-03
3.038696728337512282e-03
2.966587597420636095e-03
2.811108379247622985e-03
2.576701961113091709e-03
2.270476376783173243e-03
1.901952726994046283e-03
1.482729159196448246e-03
1.026072698434368118e-03
5.464532462889819600e-04
5.903608810089332930e-05
-4.208493006785747528e-04
-8.782455309798365339e-04
-1.299089866678402889e-03
-1.670704772248821383e-03
-1.982239257890476558e-03
-2.225045565986803146e-03
-2.392978011808612714e-03
-2.482603522463555819e-03
-2.493316515509717141e-03
-2.427354113838575776e-03
-2.289711188804977558e-03
-2.087958236641721844e-03
-1.831968500826786084e-03
-1.533563935850088119e-03
-1.206092454211858851e-03
-8.639513087223535176e-04
-5.220733517932770861e-04
-1.953942161891686650e-04
1.016808680185637536e-04
3.557918912773505842e-04
5.551024303735827177e-04
6.897247517030982711e-04
7.520767069822118824e-04
7.371578658499197603e-04
6.427351594714856772e-04
4.694314799589224037e-04
2.207140810696005782e-04
-9.721686293354733083e-05
-4.756356842247437804e-04
-9.035874138617094094e-04
-1.368262407953021705e-03
-1.855436326096607203e-03
-2.349960089146391120e-03
-2.836282690349049927e-03
-3.298988580791650544e-03
-3.723330837328565814e-03
-4.095741466690152634e-03
-4.404300998226691292e-03
-4.639150941730712380e-03
-4.792834686121997048e-03
-4.860554919424913377e-03
-4.840338572663822198e-03
-4.733103527664697316e-03
-4.542624767852077375e-03
-4.275401171473326711e-03
-3.940427624924199013e-03
-3.548880448123221606e-03
-3.113727158066440740e-03
-2.649274244481837192e-03
-2.170668800128285839e-03
-1.693371461771286078e-03
-1.232619119694244435e-03
-8.028962086804323009e-04
-4.174330893004509716e-04
-8.774907573513976086e-05
1.767439013495041879e-04
3.690631362303336410e-04
4.848912466641822332e-04
5.227182897776805077e-04
4.838849515781229026e-04
3.725253354552936040e-04
1.954113956476372007e-04
-3.829548962719646517e-05
-3.173770546867288669e-04
-6.289630927022348472e-04
-9.589945730227821246e-04
-1.292728650916731038e-03
-1.615267822006252220e-03
-1.912094626673144617e-03
-2.169593114540911520e-03
-2.375538742631099799e-03
-2.519539486712281482e-03
-2.593412654955747423e-03
-2.591484146376033058e-03
-2.510799614704627668e-03
-2.351240086070206618e-03
-2.115537927936750676e-03
-1.809192559820504455e-03
-1.440288810959889374e-03
-1.019224243183749611e-03
-5.583549491058235024e-04
-7.157219461003798975e-05
4.261752998054393633e-04
9.193967368947353943e-04
1.392594255536818088e-03
1.830798863570883006e-03
2.220088540368934330e-03
2.548070380639814742e-03
2.804309907809249269e-03
2.980692533273693930e-03
3.071704512141957069e-03
3.074623563573345830e-03
2.989612485780893808e-03
2.819712491409287654e-03
2.570736499347026516e-03
2.251066121099546107e-03
1.871359450933032190e-03
1.444179890985975833e-03
9.835590060541872688e-04
5.045087109635713017e-04
2.249986548616086414e-05
-4.470744744506744903e-04
-8.894323660807447159e-04
-1.290914190104666594e-03
-1.639453879821212113e-03
-1.924993690769008677e-03
-2.139828013679912540e-03
-2.278864222497145077e-03
-2.339791458769856659e-03
-2.323151481934978765e-03
-2.232309148706266948e-03
-2.073323603677810611e-03
-1.854724743999917316e-03
-1.587202841621328849e-03
-1.283222250747142112e-03
-9.565727891597949548e-04
-6.218745666419911574e-04
-2.940536653713015248e-04
1.219290134983337485e-05
2.829241501029766421e-04
5.054554897050756758e-04
6.688148991895082225e-04
7.641388848558120298e-04
7.849942911584849217e-04
7.276146397265062689e-04
5.910426674187105323e-04
3.771740230126617403e-04
9.070054764676277297e-05
-2.610449149594131282e-04
-6.683367795814992417e-04
-1.119389389049385303e-03
-1.600762468980807462e-03
-2.097825191034863486e-03
-2.595262611318730969e-03
-3.077606762587239975e-03
-3.529773811756063348e-03
-3.937588478405199682e-03
-4.288277352959115121e-03
-4.570913839585277402e-03
-4.776799140502491561e-03
-4.899765936072223577e-03
-4.936394120365028906e-03
-4.886131030067460829e-03
-4.751311947775378394e-03
-4.537080151772992370e-03
-4.251209301007676834e-03
-3.903834362926840180e-03
-3.507100493354818778e-03
-3.074742149484270114e-03
-2.621607158716624669e-03
-2.163142391964551804e-03
-1.714859032653827126e-03
-1.291796144997753608e-03
-9.080013022152370709e-04
-5.760464352343236047e-04
-3.065958261067457287e-04
-1.080413411876815326e-04
1.378235878527140149e-05
5.579269861625711299e-05
1.775737736833251854e-05
-9.770752605049205786e-05
-2.852394144428039256e-04
-5.369273814144180385e-04
-8.425997718581742461e-04
-1.190190966535785693e-03
-1.566174487432447091e-03
-1.956047196917427931e-03
-2.344847573915288721e-03
-2.717689856992119325e-03
-3.060295289300319146e-03
-3.359501803145539204e-03
-3.603734238931254052e-03
-3.783418577866770258e-03
-3.891325631565365709e-03
-3.922832105689149501e-03
-3.876089852412170026e-03
-3.752097346125348679e-03
-3.554670845662888899e-03
-3.290316224224664604e-03
-2.968005931817365578e-03
-2.598868882352496461e-03
-2.195804111912947210e-03
-1.773031729087310056e-03
-1.345596878941962733e-03
-9.288440920251319396e-04
-5.378804309461070535e-04
-1.870462430471025832e-04
1.105879354068037626e-04
3.436806910497264105e-04
5.030191596229506568e-04
5.818445600476978685e-04
5.760924158079174483e-04
4.845390293154623607e-04
3.088490567910533429e-04
5.352249370292258557e-05
-2.742570973562556257e-04
-6.648678267015522420e-04
-1.106579623291388884e-03
-1.585957751289479665e-03
-2.088325593941387209e-03
-2.598270526653820127e-03
-3.100175193286020155e-03
-3.578755611334099099e-03
-4.019587294030704978e-03
-4.409600998714417221e-03
-4.737530776374776313e-03
-4.994298669705737360e-03
-5.173322627693632478e-03
-5.270736895905163248e-03
-5.285517208922565005e-03
-5.219506447313112391e-03
-5.077339909221771815e-03
-4.866272863925583461e-03
-4.595916478238037083e-03
-4.277891416538247282e-03
-3.925411298947436428e-03
-3.552810658738623107e-03
-3.175033983368793361e-03
-2.807103785477082277e-03
-2.463586383080908389e-03
-2.158074146352228356e-03
-1.902702389039608510e-03
-1.707717866129847186e-03
-1.581114028354089259e-03
-1.528345842110290752e-03
-1.552134192377895017e-03
-1.652366744056594280e-03
-1.826098753988799304e-03
-2.067653820291440701e-03
-2.368821050385158840e-03
-2.719141747112293478e-03
-3.106275572105540381e-03
-3.516433357161591767e-03
-3.934861395514352607e-03
-4.346360237564352372e-03
-4.735819803152506793e-03
-5.088752047370422027e-03
-5.391802499344022087e-03
-5.633222730538992376e-03
-5.803287175101081927e-03
-5.894639671710968226e-03
-5.902557556191850505e-03
-5.825124020477999605e-03
-5.663302665404802705e-03
-5.420911599579214882e-03
-5.104497954335751424e-03
-4.723117172220848460e-03
-4.288024761382392552e-03
-3.812291273819720574e-03
-3.310353954257821887e-03
-2.797520724235481003e-03
-2.289443835130921395e-03
-1.801581585806324038e-03
-1.348666918126386434e-03
-9.442014621663954131e-04
-5.999927109348840264e-04
-3.257504931525939326e-04
-1.287568350108797208e-04
-1.362073068069801635e-05
1.787363324701456840e-05
-3.318007199339242583e-05
-1.628578055036682994e-04
-3.645514747769168507e-04
-6.292089136105292677e-04
-9.456590696885357108e-04
-1.301010967797551748e-03
-1.681112431646813142e-03
-2.071052455624743105e-03
-2.455689590825235573e-03
-2.820187800812959389e-03
-3.150540983703735941e-03
-3.434067757272236086e-03
-3.659859148929400612e-03
-3.819163485898753943e-03
-3.905694984808331157e-03
-3.915855216960276337e-03
-3.848859681919615007e-03
-3.706765050661194310e-03
-3.494396123673506206e-03
-3.219175067033777302e-03
-2.890858917260936099e-03
-2.521194563590523248e-03
-2.123503311424079776e-03
-1.712209601619780162e-03
-1.302330420410965570e-03
-9.089433153633944169e-04
-5.466516855166445293e-04
-2.290661123084348962e-04
3.168006141092177992e-05
2.253638944182162658e-04
3.440395360187421727e-04
3.823255516511726414e-04
3.376027749110231506e-04
2.101157090542847723e-04
2.973879074531348560e-06
-2.779469601995178223e-04
-6.242003466539109736e-04
-1.025054562253685519e-03
-1.467858061004217790e-03
-1.938472119415608373e-03
-2.421755600185249418e-03
-2.902084893836495358e-03
-3.363890870271842894e-03
-3.792194075815877915e-03
-4.173119472235846221e-03
-4.494372730304020333e-03
-4.745661436617020293e-03
-4.919046501446205574e-03
-5.009211499768650468e-03
-5.013640551671695068e-03
-4.932698551332674944e-03
-4.769610973518904895e-03
-4.530344003208206655e-03
-4.223389224278051995e-03
-3.859460444956318639e-03
-3.451113313780340697e-03
-3.012301082396829158e-03
-2.557882105963794200e-03
-2.103096359903135985e-03
-1.663029334163980888e-03
-1.252082105077958335e-03
-8.834661649533958466e-04
-5.687407184887145750e-04
-3.174086634257782154e-04
-1.365854128980363395e-04
-3.075216085693952342e-05
-1.602229368537471527e-06
-4.798587129066847479e-05
-1.659554483068163312e-04
-3.489093835387095839e-04
-5.878298233749845118e-04
-8.716056561575392329e-04
-1.187429541157340989e-03
-1.521255004783801396e-03
-1.858297553205542213e-03
-2.183562205388349126e-03
-2.482378922136376301e-03
-2.740927127600675892e-03
-2.946730899686798855e-03
-3.089107431546633288e-03
-3.159553001943949183e-03
-3.152052880433051357e-03
-3.063304257316695929e-03
-2.892844334908034783e-03
-2.643079038961028849e-03
-2.319211290839122593e-03
-1.929071300061797542e-03
-1.482854769991624093e-03
-9.927781362995360438e-04
-4.726628653987177426e-04
6.253667361875895703e-05
5.972452720011136272e-04
1.115800987415352949e-03
1.602992627560925016e-03
2.044581826008578119e-03
2.427791463214755072e-03
2.741743363114098296e-03
2.977829971085744348e-03
3.130007030219902724e-03
3.194997038704494238e-03
3.172396394897312837e-03
3.064682508798382329e-03
2.877120661037272167e-03
2.617573900424876795e-03
2.296222665609144731e-03
1.925203976485665661e-03
1.518182856026868395e-03
1.089871014480780142e-03
6.555096723742290764e-04
2.303346518184283412e-04
-1.709575166358005566e-04
-5.347237635407930609e-04
-8.488509131896085184e-04
-1.103177691987032669e-03
-1.289847535847754838e-03
-1.403579848315233448e-03
-1.441850222128404158e-03
-1.404973330360169241e-03
-1.296085607094698937e-03
-1.121028352258884864e-03
-8.881353875038530818e-04
-6.079327375566589151e-04
-2.927608969148781789e-04
4.366704299360005433e-05
3.867558811745236674e-04
7.215501782662834098e-04
1.033269179197920246e-03
1.307835995846591635e-03
1.532382457850053111e-03
1.695711891055281563e-03
1.788703556294291225e-03
1.804644524653523747e-03
1.739477307540811301e-03
1.591954511575784798e-03
1.363695046204078812e-03
1.059139861801856831e-03
6.854087170054430633e-04
2.520629426889164568e-04
-2.292175351310998983e-04
-7.450316456206268955e-04
-1.280715217894888742e-03
-1.820843616607569415e-03
-2.349761400494614592e-03
-2.852120487157440345e-03
-3.313408007184450409e-03
-3.720445389713823887e-03
-4.061841227165675222e-03
-4.328382083890942346e-03
-4.513347585247403509e-03
-4.612738774031264338e-03
-4.625411757404872606e-03
-4.553111983087940358e-03
-4.400407962451418319e-03
-4.174526778379899182e-03
-3.885097154011587020e-03
-3.543809094258822297e-03
-3.164002031985759921e-03
-2.760195912568776198e-03
-2.347581646637062966e-03
-1.941488781156403996e-03
-1.556849033922610938e-03
-1.207674478133740443e-03
-9.065686470657572694e-04
-6.642876721041552669e-04
-4.893668110341653672e-04
-3.878254291244057766e-04
-3.629607435652504495e-04
-4.152375286906946801e-04
-5.422776142226877656e-04
-7.389495094633781978e-04
-9.975549755559451597e-04
-1.308105968673178073e-03
-1.658682208399580877e-03
-2.035856798688509377e-03
-2.425174942666712911e-03
-2.811668930844208377e-03
-3.180391310210536806e-03
-3.516947503839185953e-03
-3.808009169335299475e-03
-4.041790259094204391e-03
-4.208469052250819395e-03
-4.300541321596471414e-03
-4.313092212271387241e-03
-4.243977258132053398e-03
-4.093906146502956922e-03
-3.866426250946802031e-03
-3.567806465266725076e-03
-3.206825367060622302e-03
-2.794471093299889710e-03
-2.343563406059771641e-03
-1.868311155199963011e-03
-1.383820610855225793e-03
-9.055718626290751392e-04
-4.488816039645737071e-04
-2.837109998034075507e-05
3.425420417194518282e-04
6.521105088741665622e-04
8.906659970028757770e-04
1.050955689055406168e-03
1.128394722809351229e-03
1.121225807184027083e-03
1.030580398969969383e-03
8.604392976073072397e-04
6.174940368462548956e-04
3.109139250158511440e-04
-4.797311146672211986e-05
-4.460747095174012918e-04
-8.689894781329997970e-04
-1.301507694503282065e-03
-1.728139763640540406e-03
-2.133653947755956293e-03
-2.503604549622105192e-03
-2.824832071374456903e-03
-3.085917854792068378e-03
-3.277577306544896939e-03
-3.392977966213675620e-03
-3.427971310576350371e-03
-3.381230212344167249e-03
-3.254287279221479510e-03
-3.051472773941344557e-03
-2.779754336025153615e-03
-2.448484168072822924e-03
-2.069062592790220974e-03
-1.654529818044510239e-03
-1.219100263293089676e-03
-7.776558135893180210e-04
-3.452158064936758320e-04
6.359762781652715351e-05
4.350800906986671251e-04
7.569330170704060678e-04
1.018702206086078343e-03
1.212151369562473793e-03
1.331557565813461328e-03
1.373918125501533876e-03
1.339061779466097033e-03
1.229660057488175286e-03
1.051138523884916857e-03
8.114909281464358992e-04
5.210027534435308829e-04
1.918938234326863492e-04
-1.621075329964743062e-04
-5.262438580504471240e-04
-8.852447021650822461e-04
-1.223861450289812948e-03
-1.527402107468337367e-03
-1.782247311918142615e-03
-1.976329498210560240e-03
-2.099558420979459258e-03
-2.144178125729016664e-03
-2.105042852042385542e-03
-1.979802191774662247e-03
-1.768989001238571637e-03
-1.476006970669099761e-03
-1.107018267108344101e-03
-6.707351652040126821e-04
-1.781229416915365571e-04
3.579755842386963356e-04
9.232807397409764378e-04
1.502566508367636933e-03
2.080183710264759973e-03
2.640597559039422563e-03
3.168920800325538030e-03
3.651423793992856701e-03
4.076003711772263442e-03
4.432596456423290240e-03
4.713516917176526627e-03
4.913715688652519481e-03
5.030943308742506781e-03
5.065816312418426962e-03
5.021782839528955711e-03
4.904989054751158692e-03
4.724051113651022565e-03
4.489740718463322566e-03
4.214595334756624997e-03
3.912466779513709518e-03
3.598024049846772991e-03
3.286227863939865466e-03
2.991795375723487697e-03
2.728673867555741692e-03
2.509541908806560938e-03
2.345355503810605570e-03
2.244955173974401159e-03
2.214747781223411031e-03
2.258474278370416893e-03
2.377071558254520434e-03
2.568633273258405340e-03
2.828471025718755187e-03
3.149273809447366082e-03
3.521360136449120520e-03
3.933014031730638384e-03
4.370893136782028239e-03
4.820494632002511777e-03
5.266662658711182034e-03
5.694119463573989182e-03
6.088001653387974804e-03
6.434382765465881428e-03
6.720763834777271004e-03
6.936514756865812606e-03
7.073250966221176529e-03
7.125132212959502630e-03
7.089072947069315414e-03
6.964856913588205259e-03
6.755151915482008815e-03
6.465424196208907626e-03
6.103755408501765171e-03
5.680568546651495326e-03
5.208272407016769148e-03
4.700836993939935468e-03
4.173314705772343362e-03
3.641324033600804901e-03
3.120513817024948670e-03
2.626026781005364602e-03
2.171981101575160521e-03
1.770988115256481041e-03
1.433723019533473825e-03
1.168563554123463327e-03
9.813092701553118372e-04
8.749911702014947015e-04
8.497783353823631924e-04
9.029847574343660005e-04
1.029176082790121899e-03
1.220372475380182217e-03
1.466340437688142028e-03
1.754963313558824314e-03
2.072677440558846548e-03
2.404958620877075456e-03
2.736841818375848265e-03
3.053455827174838232e-03
3.340554134784991247e-03
3.585023338603877258e-03
3.775351263766395585e-03
3.902038345249654854e-03
3.957937828164687782e-03
3.938512837547909415e-03
3.842001285165735913e-03
3.669482813663371007e-03
3.424845414525540775e-03
3.114652875349456420e-03
2.747917690530364554e-03
2.335787385715773750e-03
1.891155244072766171e-03
1.428209075071869240e-03
9.619338411508530657e-04
5.075855780627298039e-04
8.015505413495080216e-05
-3.061600233165676262e-04
-6.384557423008408155e-04
-9.055780939821928867e-04
-1.098518447409853023e-03
-1.210734506136145784e-03
-1.238385470003718503e-03
-1.180473128972210108e-03
-1.038883909505699480e-03
-8.183303623515957026e-04
-5.261941019854611025e-04
-1.722756591881042208e-04
2.315400317646904016e-04
6.716908352105556250e-04
1.133403083740884727e-03
1.601199446059751834e-03
2.059431246074529698e-03
2.492816630206966602e-03
2.886965775531479331e-03
3.228874785767334513e-03
3.507371019448602030e-03
3.713494296319183076e-03
3.840800674519963438e-03
3.885578203731880099e-03
3.846967143062011204e-03
3.726980479059254468e-03
3.530424071557019313e-03
3.264719270693132967e-03
2.939634264265385179e-03
2.566933610858008682e-03
2.159958278926742831e-03
1.733150944882952188e-03
1.301543218930589427e-03
8.802227988660572388e-04
4.837992526065227564e-04
1.258871753317329471e-04
-1.813751447592151442e-04
-4.277546655055786216e-04
-6.052850873378098386e-04
-7.085482266122311839e-04
-7.348653960297431981e-04
-6.843920793474299151e-04
-5.601125797506469918e-04
-3.677348297811452570e-04
-1.154890526534277113e-04
1.861626625927626909e-04
5.248956845589368208e-04
8.869581059745099572e-04
1.257656683606304818e-03
1.621876403152196916e-03
1.964615439343952129e-03
2.271516739063620966e-03
2.529377570793754464e-03
2.726619153139564836e-03
2.853699871531884327e-03
2.903457566624187587e-03
2.871368861159739015e-03
2.755716397198913585e-03
2.557658080771334913e-03
2.281195863245973152e-03
1.933045107731220418e-03
1.522409071320859550e-03
1.060666357963441480e-03
5.609822456794996562e-04
3.785745894640805856e-05
-4.933698511425296243e-04
-1.017051516662698454e-03
-1.517767720197149691e-03
-1.980857502899458118e-03
-2.392922871148516189e-03
-2.742288883879397468e-03
-3.019403644026299235e-03
-3.217164221995592703e-03
-3.331157132961306850e-03
-3.359804982156198473e-03
-3.304414178369593710e-03
-3.169122080420134439e-03
-2.960745463054075856e-03
-2.688535644133846665e-03
-2.363848883055987699e-03
-1.999743626566437629e-03
-1.610518738596585387e-03
-1.211208915716912747e-03
-8.170549869510646034e-04
-4.429676735643092028e-04
-1.030036103249034121e-04
1.901280032647922110e-04
4.255108299696754894e-04
5.944032909091334464e-04
6.905435512079046833e-04
7.103669141403012519e-04
6.531280154029306655e-04
5.209235484215095531e-04
3.186147404039333091e-04
5.365231492555216919e-05
-2.641899030500923472e-04
-6.231633795121193590e-04
-1.009963024717501490e-03
-1.410200423824192013e-03
-1.808915528600854843e-03
-2.191108843804404592e-03
-2.542275421390074834e-03
-2.848921910288909273e-03
-3.099048501357147718e-03
-3.282578835539879010e-03
-3.391722765259401647e-03
-3.421259210699288591e-03
-3.368729151608693909e-03
-3.234531943423003472e-03
-3.021921533573952712e-03
-2.736902661159047040e-03
-2.388030627757265628e-03
-1.986121606309023367e-03
-1.543883590212756941e-03
-1.075480866263323412e-03
-5.960472252987919321e-04
-1.211649217732837808e-04
3.336724050525749496e-04
7.535940721225427557e-04
1.124865273863317723e-03
1.435360650486528248e-03
1.674981946974940603e-03
1.836005163295069669e-03
1.913345064674473782e-03
1.904727814011229021e-03
1.810765705274246544e-03
1.634931404397691607e-03
1.383432622574138921e-03
1.064991632733179594e-03
6.905373712186540884e-04
2.728209265322985907e-04
-1.740321017123635920e-04
-6.350166817249470758e-04
-1.094773515605122456e-03
-1.538125890942836430e-03
-1.950609410332188867e-03
-2.318976044190598166e-03
-2.631654855436395529e-03
-2.879153266225313243e-03
-3.054384823742908785e-03
-3.152912000855517816e-03
-3.173095547856265471e-03
-3.116145189151224050e-03
-2.986069918647186582e-03
-2.789529668572058620e-03
-2.535593585088329396e-03
-2.235413419141332649e-03
-1.901823517741274084e-03
-1.548881474990590479e-03
-1.191365583424888481e-03
-8.442467416973043707e-04
-5.221533711901418014e-04
-2.388481403605628543e-04
-6.734882884677686338e-06
1.635869615851253973e-04
2.637047199477522610e-04
2.876982212089568280e-04
2.323581302102082843e-04
9.730917753546014168e-05
-1.149660834110616779e-04
-3.992038748399956861e-04
-7.475335137204313068e-04
-1.149743391435716685e-03
-1.593629340496113128e-03
-2.065413226330147650e-03
-2.550217139615265985e-03
-3.032576614308803847e-03
-3.496974926852882120e-03
-3.928379790957296260e-03
-4.312763675892035756e-03
-4.637589547387167832e-03
-4.892245039040420997e-03
-5.068409866226493594e-03
-5.160343630682382582e-03
-5.165083950360652154e-03
-5.082547988172012726e-03
-4.915533834898513747e-03
-4.669621707366022195e-03
-4.352978430086567457e-03
-3.976072054138518955e-03
-3.551306612426685487e-03
-3.092589805452838295e-03
-2.614848758405502807e-03
-2.133510806531217600e-03
-1.663967487753349565e-03
-1.221040506553786823e-03
-8.184683607424330341e-04
-4.684315954611450745e-04
-1.811332921026844768e-04
3.555053867456770336e-05
1.763384430469865267e-04
2.387195527865991311e-04
2.230320275614199044e-04
1.324412035849215595e-04
-2.718174196845719696e-05
-2.474763133187131512e-04
-5.178967704942214877e-04
-8.260930515899857218e-04
-1.158355144469081031e-03
-1.500105285048743782e-03
-1.836420682538531402e-03
-2.152568401667851426e-03
-2.434533605563244524e-03
-2.669522595454626706e-03
-2.846422966657351748e-03
-2.956204703341755967e-03
-2.992248104792724715e-03
-2.950587000633199397e-03
-2.830058681960262446e-03
-2.632355245460388411e-03
-2.361974503735890431e-03
-2.026072136170972791e-03
-1.634220217300492300e-03
-1.198080542472504655e-03
-7.310041585715932981e-04
-2.475710959798324041e-04
2.369136039175466133e-04
7.069499370580937820e-04
1.147380515511063452e-03
1.543916864424409435e-03
1.883636016867765162e-03
2.155430023806030777e-03
2.350392642949342831e-03
2.462129668090083656e-03
2.486982032755588167e-03
2.424153874953843824e-03
2.275741076504972024e-03
2.046659274376931917e-03
1.744473860513804601e-03
1.379137917562073094e-03
9.626472604559905026e-04
5.086246551101652807e-04
3.184776383605699508e-05
-4.522626642813632478e-04
-9.281764499083932675e-04
-1.380790816255618664e-03
-1.795951619123489079e-03
-2.160940744699265878e-03
-2.464912633747066203e-03
-2.699264675957861563e-03
-2.857928537768975215e-03
-2.937572259632186683e-03
-2.937706087338092919e-03
-2.860688376951414646e-03
-2.711631415906684030e-03
-2.498210511099453399e-03
-2.230383085443672815e-03
-1.920027678533788333e-03
-1.580515554220321113e-03
-1.226229979710487770e-03
-8.720500744787082221e-04
-5.328173685609843488e-04
-2.228038152168195472e-04
4.480004873956447246e-05
2.583588085957524028e-04
4.082110945006758515e-04
4.870189935276684253e-04
4.900356606292043289e-04
4.152817063440173307e-04
2.636241377570475858e-04
3.875504612487834857e-05
-2.529292499807195456e-04
-6.025444063885746979e-04
-9.990220565148817677e-04
-1.429490993054787547e-03
-1.879722197749326799e-03
-2.334622148337484829e-03
-2.778757136868731815e-03
-3.196890243551599002e-03
-3.574512163459477032e-03
-3.898347295380150818e-03
-4.156817365469029323e-03
-4.340446342909917016e-03
-4.442192458496967145e-03
-4.457695687978380228e-03
-4.385432020774172185e-03
-4.226769097633091728e-03
-3.985921253604448114e-03
-3.669805524393007258e-03
-3.287803641348768097e-03
-2.851438331537789819e-03
-2.373975239230951412e-03
-1.869964388627511033e-03
-1.354737223482851104e-03
-8.438768134043680806e-04
-3.526797544700940954e-04
1.043714193430412152e-04
5.141068677713227491e-04
8.651216892866275040e-04
1.148165976973022050e-03
1.356459063307330912e-03
1.485916989612795893e-03
1.535285277652099177e-03
1.506172399910828043e-03
1.402982825286057909e-03
1.232752036184645277e-03
1.004889348129796821e-03
7.308375935016731776e-04
4.236616437968056151e-04
9.758023771676058015e-05
-2.325424318637016709e-04
-5.517275100235339430e-04
-8.454160061484824237e-04
-1.099988280354965466e-03
-1.303250244622705493e-03
-1.444869201608701406e-03
-1.516744011041308484e-03
-1.513296577184540526e-03
-1.431674410386587094e-03
-1.271857134472813896e-03
-1.036663180413727962e-03
-7.316564072356453955e-04
-3.649559008678479079e-04
5.304440246603351131e-05
5.100364586157710720e-04
9.922265945260264151e-04
1.484816717889557392e-03
1.972521400292477200e-03
2.440102716275338070e-03
2.872904095162032677e-03
3.257364473738775211e-03
3.581494724819317584e-03
3.835299655354178390e-03
4.011130771839970313e-03
4.103957433652926159e-03
4.111546871682164594e-03
4.034546740182890640e-03
3.876467282319781028e-03
3.643563704858869892e-03
3.344622851734445779e-03
2.990661617333340190e-03
2.594547630885734712e-03
2.170555465042191615e-03
1.733873879188535267e-03
1.300081322207071160e-03
8.846080301756098930e-04
5.022035229881995164e-04
1.664281136727918144e-04
-1.108137980588041246e-04
-3.196823412469080705e-04
-4.527384272615497633e-04
-5.051959064542935196e-04
-4.750808395754388055e-04
-3.632923501290909532e-04
-1.735629720024576238e-04
8.768007227445803915e-05
4.115477567848534884e-04
7.870080967742019984e-04
1.201279737604163270e-03
1.640286455752048862e-03
2.089156606932475631e-03
2.532749983480234689e-03
2.956193584930676133e-03
3.345407495832407145e-03
3.687602414074690228e-03
3.971731369158359309e-03
4.188879777964750299e-03
4.332580149317392590e-03
4.399040392150947026e-03
4.387277712753455405e-03
4.299153398117466079e-03
4.139307258864981590e-03
3.914994024665215816e-03
3.635827424199507014e-03
3.313440920015830841e-03
2.961076992565048367e-03
2.593119374846511102e-03
2.224584641541740675e-03
1.870590984096712206e-03
1.545822805885205655e-03
1.264009921205637129e-03
1.037439633173591275e-03
8.765188163827892370e-04
7.894013807736269435e-04
7.816942047602251468e-04
8.562518784999569553e-04
1.013067488496448461e-03
1.249263311465449808e-03
1.559181786405851007e-03
1.934573621706075055e-03
2.364876491939916017e-03
2.837574605975690892e-03
3.338626595319203576e-03
3.852946778491104368e-03
4.364922987556788328e-03
4.858952862194700767e-03
5.319979869783319007e-03
5.734010319575008272e-03
6.088593304770297324e-03
6.373246804880574462e-03
6.579815066668806903e-03
6.702744789104373921e-03
6.739270481813551192e-03
6.689502547796699443e-03
6.556415048245676017e-03
6.345733620748843923e-03
6.065727518907277314e-03
5.726913098882756292e-03
5.341679179013535984e-03
4.923847433728572448e-03
4.488183256734190087e-03
4.049874261176417481e-03
3.623994715492682202e-03
3.224974703339975046e-03
2.866092627178169414e-03
2.559008853727474768e-03
2.313356854404717035e-03
2.136406175629421145e-03
2.032809053314724168e-03
2.004439551261171480e-03
2.050330857402883882e-03
2.166712928668471441e-03
2.347149155284809947e-03
2.582767242030632217e-03
2.862576198965728798e-03
3.173858313348115572e-03
3.502622343675564510e-03
3.834102028251203716e-03
4.153282409678389631e-03
4.445435499003164495e-03
4.696646473116544707e-03
4.894311928084390736e-03
5.027592687771268755e-03
5.087805257253195240e-03
5.068738158362598792e-03
4.966882015023207225e-03
4.781565276651411622e-03
4.514990772984973748e-03
4.172171767441187548e-03
3.760769696785597280e-03
3.290839229143833512e-03
2.774489519525005689e-03
2.225473478263325592e-03
1.658719390236477152e-03
1.089821242994620234e-03
5.345055692384863234e-04
8.093432701243357882e-06
-4.750236424468316093e-04
-9.018754860378942924e-04
-1.261355656516294915e-03
-1.544598922922196240e-03
-1.745280673603431375e-03
-1.859827804822148691e-03
-1.887533742108433348e-03
-1.830573604164365074e-03
-1.693919015716904885e-03
-1.485155589442055868e-03
-1.214209504822059320e-03
-8.929927941525579553e-04
-5.349797913867648108e-04
-1.547296083934529554e-04
2.326286088813921604e-04
6.119295910630856167e-04
9.685063014074958045e-04
1.288706003836835937e-03
1.560369953967161594e-03
1.773259902477132641e-03
1.919416467575653287e-03
1.993436824354357685e-03
1.992661989657543153e-03
1.917267152553607610e-03
1.770251901399525797e-03
1.557330709664352022e-03
1.286727541066931589e-03
9.688817975826452154e-04
6.160759436250406269e-04
2.419978872260623469e-04
-1.387465119672441822e-04
-5.111536878136640734e-04
-8.603570956919706940e-04
-1.172157643428969236e-03
-1.433531193683651190e-03
-1.633095307932361240e-03
-1.761518828802486388e-03
-1.811859899121532735e-03
-1.779820522550941853e-03
-1.663908694232777569e-03
-1.465502368050674176e-03
-1.188812966426289718e-03
-8.407496585217020223e-04
-4.306891099528878820e-04
2.984128020851596445e-05
5.275556073413161006e-04
1.047863461153240167e-03
1.575369839052888224e-03
2.094403504470032911e-03
2.589555323415145688e-03
3.046207761291352435e-03
3.451037029897975270e-03
3.792470330912922107e-03
4.061082213409368882e-03
4.249916194101269196e-03
4.354720405355330323e-03
4.374089045885563853e-03
4.309504707002472651e-03
4.165280117770455218e-03
3.948401373836956871e-03
3.668278163654547890e-03
3.336409761480294434e-03
2.965978504837985408e-03
2.571385011770149776e-03
2.167741431282039534e-03
1.770340487487251542e-03
1.394118922711299257e-03
1.053134137610128645e-03
7.600723604755334119e-04
5.258055696701633211e-04
3.590126814112361633e-04
2.658782599012808265e-04
2.498792871278841289e-04
3.116674408391519220e-04
4.490509794983486326e-04
6.570768398229209859e-04
9.282100382395769289e-04
1.252604055396767729e-03
1.618452692348547458e-03
2.012411029971518297e-03
2.420070699724753260e-03
2.826472768941950056e-03
3.216640224214981428e-03
3.576111348337612534e-03
3.891455253845125736e-03
4.150751460551620545e-03
4.344016663776964840e-03
4.463563690045114184e-03
4.504280013096516322e-03
4.463816021829415670e-03
4.342676394493250741e-03
4.144211329274342243e-03
3.874507891342200694e-03
3.542185237466853251e-03
3.158100848786898895e-03
2.734978022127088678e-03
2.286967631102872645e-03
1.829159473355611125e-03
1.377060288852634349e-03
9.460567042770777610e-04
5.508818891111972368e-04
2.051045814797213679e-04
-7.934163937604161131e-05
-2.925723646159306048e-04
-4.270951664163728182e-04
-4.780692147374500638e-04
-4.434726194010340291e-04
-3.241716468727626546e-04
-1.238893963245867209e-04
1.509249606691696281e-04
4.913217914036531898e-04
8.861635585346032580e-04
1.322513372720002418e-03
1.786085932679777784e-03
2.261745061116628153e-03
2.734030415429391549e-03
3.187694933036701317e-03
3.608234198108860140e-03
3.982389202636064419e-03
4.298604910000521258e-03
4.547428580782109098e-03
4.721833934029599257e-03
4.817459818598750915e-03
4.832755067226597763e-03
4.769024495709749470e-03
4.630374475596651940e-03
4.423560029724349710e-03
4.157738852341992357e-03
3.844140918480423892e-03
3.495665306305015436e-03
3.126418407731157596e-03
2.751209757173332399e-03
2.385023193940082747e-03
2.042481938416274879e-03
1.737326375491635589e-03
1.481922893225125258e-03
1.286821036088933549e-03
1.160374538463527280e-03
1.108439564708021356e-03
1.134160775582419844e-03
1.237852761896785034e-03
1.416981042902763690e-03
1.666243336288805374e-03
1.977748291017967196e-03
2.341285456858394239e-03
2.744677065061987102e-03
3.174199325369025503e-03
3.615058505911234767e-03
4.051905140117783438e-03
4.469368365777472152e-03
4.852591692908275745e-03
5.187751443874072041e-03
5.462539713146702912e-03
5.666594934091429697e-03
5.791864972719671170e-03
5.832890029304775917e-03
5.786995435378727501e-03
5.654387587588143374e-03
5.438149650682914428e-03
5.144137170737906467e-03
4.780777243628637173e-03
4.358778260028668521e-03
3.890760378476499325e-03
3.390819652698370389e-03
2.874041061157909822e-03
2.355977474389613080e-03
1.852112786434831912e-03
1.377327988923649806e-03
9.453888606956305663e-04
5.684731860411350833e-04
2.567540273090912831e-04
1.805361139155465047e-05
-1.424200866302414818e-04
-2.222448788298998258e-04
-2.218580559598080926e-04
-1.445297021083337234e-04
3.763382257827331545e-06
2.145586800719107880e-04
4.772160847578883498e-04
7.793023058162919410e-04
1.107038031176452988e-03
1.445792125737161132e-03
1.780605497780281612e-03
2.096726226053653372e-03
2.380137146681786994e-03
2.618057364465080535e-03
2.799400068264975335e-03
2.915170562969694647e-03
2.958790527273917007e-03
2.926337093704674437e-03
2.816688334316075175e-03
2.631570017578366456e-03
2.375501964180997110e-03
2.055645850422531482e-03
1.681559764179964972e-03
1.264868089008185743e-03
8.188582620976037106e-04
3.580185175202409489e-04
-1.024672024994277282e-04
-5.472494812399561741e-04
-9.613502344258326171e-04
-1.330687284965008941e-03
-1.642568325081251480e-03
-1.886136954601894990e-03
-2.052755159940650859e-03
-2.136308822007437769e-03
-2.133425534977345835e-03
-2.043597087183498130e-03
-1.869202292825405346e-03
-1.615429351772362365e-03
-1.290100432259976265e-03
-9.034045944825860007e-04
-4.675483820346923230e-04
3.663709582386604890e-06
4.953042235827240713e-04
9.918365869250400993e-04
1.477649845786488522e-03
1.937595597572129872e-03
2.357508350468120149e-03
2.724691123948950935e-03
3.028349323120568988e-03
3.259957733583015473e-03
3.413547828063908524e-03
3.485905369245734329e-03
3.476671437104603135e-03
3.388343393526435654e-03
3.226175803370465601e-03
2.997984836639521963e-03
2.713863058154417432e-03
2.385814650616761411e-03
2.027323904170797407e-03
1.652872142876106020e-03
1.277420063981430645e-03
9.158736762851025625e-04
5.825525967727315617e-04
2.906793800706189250e-04
5.190781601946870168e-05
-1.240932372285679861e-04
-2.299858658112805682e-04
-2.610268007312965127e-04
-2.152395359097006126e-04
-9.348880544407869864e-05
1.005452135674446065e-04
3.604920892427362650e-04
6.775113446084615569e-04
1.040599986071646986e-03
1.436976584690689927e-03
1.852528458194551732e-03
2.272306286977243597e-03
2.681048831547103856e-03
3.063719360523776102e-03
3.406034984354221890e-03
3.694970334983380990e-03
3.919217927194133116e-03
4.069589051861855281e-03
4.139341131895507044e-03
4.124420045269902579e-03
4.023608896123700117e-03
3.838577990114888649e-03
3.573834229335601416e-03
3.236571663890861275e-03
2.836428398344742387e-03
2.385158330361139556e-03
1.896229181120402674e-03
1.384360857984226912e-03
8.650202789800696046e-04
3.538903127854993664e-04
-1.336686063877806814e-04
-5.831453740129111107e-04
-9.813752090483268686e-04
-1.316989383205097175e-03
-1.580801979164131454e-03
-1.766120177963013396e-03
-1.868967255320270809e-03
-1.888210525129219814e-03
-1.825589798562572696e-03
-1.685645412489829558e-03
-1.475548399097040275e-03
-1.204838796435172112e-03
-8.850813169981422727e-04
-5.294504856101303353e-04
-1.522598274753184566e-04
2.315483543166603616e-04
6.069346938466027314e-04
9.592973013612376282e-04
1.274990361290750940e-03
1.541808585779680385e-03
1.749420519650466115e-03
1.889735488122351375e-03
1.957191307059022358e-03
1.948952655409030756e-03
1.865013143406598229e-03
1.708197488184242654e-03
1.484063712323624440e-03
1.200708787739470425e-03
8.684845342510471439e-04
4.996337305455167454e-04
1.078591946382975297e-04
-2.921590567246415914e-04
-6.852816374444195557e-04
-1.056444448512987083e-03
-1.391191406867989776e-03
-1.676186556349744785e-03
-1.899687589844621443e-03
-2.051964160945143369e-03
-2.125646295289889028e-03
-2.115990658484296055e-03
-2.021055313421530816e-03
-1.841776804155416782e-03
-1.581946823951006689e-03
-1.248089241903635764e-03
-8.492417523502576509e-04
-3.966497519161902305e-04
9.661687660744006350e-05
6.161106939995455566e-04
1.146501736652843183e-03
1.672103354682402242e-03
2.177410480769827877e-03
2.647631518990921536e-03
3.069195266372033194e-03
3.430215154507074149e-03
3.720894593598007751e-03
3.933859264371265818e-03
4.064404762180954395e-03
4.110650962575401746e-03
4.073597744785623781e-03
3.957080164512481735e-03
3.767624688985825657e-03
3.514211572150683326e-03
3.207951734597253371e-03
2.861689506330832456e-03
2.489545185789860185e-03
2.106413474733754600e-03
1.727435391944848794e-03
1.367462195053870686e-03
1.040530116758775188e-03
7.593643395719935733e-04
5.349296054069519607e-04
3.760432188331490344e-04
2.890640130857259800e-04
2.776681826585224340e-04
3.427198389497803158e-04
4.822408227675451659e-04
6.914808259848126241e-04
9.630853562764528104e-04
1.287355646975691997e-03
1.652591388932002619e-03
2.045504255864556611e-03
2.451687710910311659e-03
2.856126606913794892e-03
3.243728695723330484e-03
3.599859391321989094e-03
3.910861015041186897e-03
4.164538292477652955e-03
4.350593052101266699e-03
4.460992853550513684e-03
4.490260586969418641e-03
4.435674852389719265e-03
4.297374053129774524e-03
4.078360509970072739e-03
3.784404405292215046e-03
3.423850875707933235e-03
3.007336964987960409e-03
