3.199860772760548810e-04 -7.639198918319906918e-04
3.226206286024470293e-04 -5.466044946485874032e-04
2.761163106718809860e-04 -3.397015018127197200e-04
1.824170197397560929e-04 -1.822911980076303185e-04
5.343742040148316704e-05 -1.030809917239172572e-04
-9.097084036868749825e-05 -1.150038589899834421e-04
-2.265856008637417778e-04 -2.128111261191136666e-04
-3.292435008323609403e-04 -3.741151572454934327e-04
-3.792981233798958449e-04 -5.636842076939340513e-04
-3.652665503119298645e-04 -7.401758391427554250e-04
-2.859765614221051089e-04 -8.640334790347200394e-04
-1.508095053005038713e-04 -9.050503881972381520e-04
2.200670006925529814e-05 -8.481681952953845204e-04
2.087319442365560818e-04 -6.964113579506895670e-04
3.844462058749090650e-04 -4.704011405220174819e-04
5.275624371695838196e-04 -2.045402899120461553e-04
6.236696077007333576e-04 5.941007473925984063e-05
6.679832594476918777e-04 2.801461154407724986e-04
6.659454352852266267e-04 4.245505925347388236e-04
6.318669668182485318e-04 4.738733370149147083e-04
5.858763445233859885e-04 4.271936444779520447e-04
5.497604394083556705e-04 3.015100048975239604e-04
5.424924022133592941e-04 1.284411563337586816e-04
5.763013533456587054e-04 -5.183595897117432793e-05
6.540357656856980815e-04 -1.982626315772157582e-04
7.683271832633001156e-04 -2.767348992717336273e-04
9.027195576392356381e-04 -2.666155932685007808e-04
1.034556667158338834e-03 -1.646882453878562133e-04
1.139086416966954328e-03 1.419633833653658698e-05
1.194009493572181823e-03 2.399036914317232881e-04
1.183614684543875511e-03 4.727027359435547697e-04
1.101720318398226881e-03 6.707796465488839125e-04
9.528661511995926894e-04 7.981558959189035633e-04
7.515300774587839981e-04 8.315112017301103196e-04
5.195168128400826004e-04 7.646193277019065369e-04
2.820106346996561868e-04 6.095565606527945110e-04
6.303608949286237766e-05 3.944536348282121465e-04
-1.188183737468287600e-04 1.582162277564885594e-04
-2.536096134071115808e-04 -5.678698410793389141e-05
-3.415805019206100200e-04 -2.126849998993737335e-04
-3.927473879431282906e-04 -2.832074513788645706e-04
-4.246199375015262205e-04 -2.585858797985511560e-04
-4.584929618386095868e-04 -1.473263106328492010e-04
-5.150204112723342619e-04 2.548144644644081947e-05
-6.099176391342783473e-04 2.229965661018998313e-04
-7.506135815136124548e-04 4.036858985456463441e-04
-9.344942902716609975e-04 5.292709837233508042e-04
-1.149077423832104046e-03 5.720576154998947057e-04
-1.374091000210869544e-03 5.202591270109939740e-04
-1.585068319816468688e-03 3.803044832625296942e-04
-1.757782921396511440e-03 1.756932183656399282e-04
-1.872687311079978666e-03 -5.738685942393387680e-05
-1.918517352580301118e-03 -2.768502550361282640e-04
-1.894381008720870049e-03 -4.426276464872696040e-04
-1.809935918890288008e-03 -5.242052116279167151e-04
-1.683620994010024069e-03 -5.063624196972173024e-04
-1.539274535936112744e-03 -3.920222800228807055e-04
-1.401775813490113666e-03 -2.016746655099941666e-04
-1.292530935627135297e-03 3.051791339863962779e-05
-1.225652456096635104e-03 2.631946566159499949e-04
-1.205550030988150525e-03 4.556250886391371296e-04
-1.226381662423798235e-03 5.754097591205968197e-04
-1.273462314437886480e-03 6.045951590487397623e-04
-1.326355780393273206e-03 5.430453196198357273e-04
-1.363056852084191693e-03 4.084320606934318566e-04
-1.364464464227683549e-03 2.328461571062934285e-04
-1.318291643629070260e-03 5.667156131443032039e-05
-1.221665160230983897e-03 -7.911689404513036093e-05
-1.081916471450877293e-03 -1.407733273019514536e-04
-9.154087615743071319e-04 -1.082368836586736303e-04
-7.446175943876417970e-04 2.099904579071779553e-05
-5.940143231953791186e-04 2.313377695882056330e-04
-4.855291241618873207e-04 4.919550548487800065e-04
-4.344511980880640502e-04 7.625558636725536608e-04
-4.465420242202726734e-04 1.000922713092107725e-03
-5.169089840991261415e-04 1.170827047021502296e-03
-6.308544525149282264e-04 1.248806247428171142e-03
-7.665424513560143522e-04 1.228523664975854791e-03
-8.989817806985912546e-04 1.121886654999076569e-03
-1.004576139575077921e-03 9.567114221264590677e-04
-1.065385144739224152e-03 7.713772896295810174e-04
-1.072295520244219468e-03 6.074830264082354322e-04
-1.026508565075988800e-03 5.018961554660654164e-04
-9.390691302082092903e-04 4.797010997897762892e-04
-8.285323103061531568e-04 5.493818249957512292e-04
-7.172166275352059948e-04 7.011515326326631364e-04
-6.267598972613645531e-04 9.087460547883741309e-04
-5.738255928484615413e-04 1.134341733493270978e-03
-5.667784605336929817e-04 1.335666926962762518e-03
-6.039638964893648439e-04 1.473960897036365181e-03
-6.739210906408041758e-04 1.521273351789619423e-03
-7.574928443889392127e-04 1.465722731706804987e-03
-8.314348158284126742e-04 1.313717806577968531e-03
-8.728419590663331461e-04 1.088722119787729516e-03
-8.635540951840195130e-04 8.267954130176061872e-04
-7.937054142133205623e-04 5.697564428897075855e-04
-6.637437401640711512e-04 3.572620024523550058e-04
-4.845341205090944090e-04 2.193021924891317255e-04
-2.755230727689732045e-04 1.705331789360094033e-04
-6.130615074996083953e-05 2.075207369058434666e-04
1.327569610126831017e-04 3.094166965972003532e-04
2.850559268472011346e-04 4.419403397147759907e-04
3.815240827280877824e-04 5.639109416420366293e-04
4.180023860621849335e-04 6.350945254569202725e-04
4.007327750777382627e-04 6.238789741662856356e-04
3.448948829863569864e-04 5.133240732584309039e-04
2.714703183368512383e-04 3.044406890687005422e-04
2.030349895408348464e-04 1.607788112174609739e-05
1.592823450218918725e-04 -3.185610310660239681e-04
1.531306144822216359e-04 -6.581141781462501467e-04
1.881556856339764230e-04 -9.607959394031354320e-04
2.578392645737290776e-04 -1.192206769120288633e-03
3.467771896186654318e-04 -1.331739843831719963e-03
4.336205100675110270e-04 -1.376372084885928854e-03
4.951927147905394594e-04 -1.341122458701997106e-03
5.110026595152143431e-04 -1.256091592650121665e-03
4.672966954794300883e-04 -1.160644153389916826e-03
3.598796609305652833e-04 -1.095836520560324653e-03
1.951664661673915076e-04 -1.096524591307844031e-03
-1.073993476959690549e-05 -1.184647148066963898e-03
-2.347755629980005426e-04 -1.364957642533878726e-03
-4.509377716838373234e-04 -1.624013642221772613e-03
-6.348486085573639293e-04 -1.932616337903993696e-03
-7.680028344170583944e-04 -2.251239219881543026e-03
-8.409041978005435880e-04 -2.537418997269219947e-03
-8.545041231374761979e-04 -2.753710235782142000e-03
-8.196782611285465285e-04 -2.874698389987609230e-03
-7.548475413119784278e-04 -2.891744130517620061e-03
-6.822011829740999653e-04 -2.814561368841311806e-03
-6.232431536109707274e-04 -2.669330832805151370e-03
-5.945108445537714524e-04 -2.493706934664238848e-03
-6.042811873461814524e-04 -2.329663804277589019e-03
-6.508914379087505069e-04 -2.215535372768631748e-03
-7.229950251309894514e-04 -2.178756846933406228e-03
-8.017053116294467442e-04 -2.230681954566881686e-03
-8.642214605368919115e-04 -2.364457150075801543e-03
-8.882487765219261979e-04 -2.556355002896324412e-03
-8.563742815267426974e-04 -2.770313875197339890e-03
-7.595656306820916439e-04 -2.964823773744712076e-03
-5.991264076613770501e-04 -3.100853909095034697e-03
-3.867321560180663961e-04 -3.149320151292639598e-03
-1.425340664441499200e-04 -3.096677602540767217e-03
1.083175783705196221e-04 -2.947578433705219918e-03
3.400794231196260006e-04 -2.724090744737439878e-03
5.309241078239230766e-04 -2.461625300455279851e-03
6.667066137481842021e-04 -2.202340278073245533e-03
7.432827069289527164e-04 -1.987271627629163574e-03
7.669482224467371809e-04 -1.848677893354812828e-03
7.529233386709333802e-04 -1.804047704683490409e-03
7.221756030160483668e-04 -1.852903323466713846e-03
6.971893223749513549e-04 -1.977004242831596065e-03
6.974876120570023012e-04 -2.143911108983079152e-03
7.357593031560380340e-04 -2.313234060733306355e-03
8.153273642061910527e-04 -2.444381402079618109e-03
9.294403943747998713e-04 -2.504340553691915532e-03
1.062522413305025610e-03 -2.474017229319119045e-03
1.193144204487048103e-03 -2.351931881076640279e-03
1.298152319340016569e-03 -2.154572938496227778e-03
1.357171491261453290e-03 -1.913339466487161411e-03
1.356624400386272815e-03 -1.668651718376036770e-03
1.292503103328063088e-03 -1.462344382727849600e-03
1.171361918974013743e-03 -1.329782575262788633e-03
1.009337580291574899e-03 -1.293193228367701692e-03
8.293754151832818857e-04 -1.357474517793348136e-03
6.571795976024573513e-04 -1.509276883796051467e-03
5.166468757030356386e-04 -1.719529862713844830e-03
4.256409355270440948e-04 -1.948936607543444660e-03
3.929001852468364886e-04 -2.155396154653383810e-03
4.166574287894522603e-04 -2.301948562526645765e-03
4.852262082465064706e-04 -2.363739101890105845e-03
5.794368079726652408e-04 -2.332683448080390826e-03
6.764554124968214909e-04 -2.218951143083276387e-03
7.542588595342698777e-04 -2.048987038023083757e-03
7.959142452694141501e-04 -1.860445937230795210e-03
7.928506308620135619e-04 -1.695000134014391490e-03
7.465020513759832365e-04 -1.590382294018897547e-03
6.680105660665336224e-04 -1.573170940726445997e-03
5.760465675877510846e-04 -1.653685205335577975e-03
4.931611817524215883e-04 -1.823956132718810175e-03
4.413645942016677665e-04 -2.059159300289396290e-03
4.377716803707392876e-04 -2.322238106355447359e-03
4.911444316165970627e-04 -2.570842916902450065e-03
5.999915933696723215e-04 -2.765272722438833191e-03
7.525916574013741603e-04 -2.875916085838244127e-03
9.289415867250540347e-04 -2.888782911930394375e-03
1.104269270229544858e-03 -2.808080006003559319e-03
1.253451701799469277e-03 -2.655343085565301919e-03
1.355509309950355063e-03 -2.465289902731878681e-03
1.397332221904388572e-03 -2.279179977758530925e-03
1.375939305357378774e-03 -2.136938580539791705e-03
1.298848123402792125e-03 -2.069536617440287558e-03
1.182490957204723053e-03 -2.093069658824588987e-03
1.048981201609891370e-03 -2.205657633252392121e-03
9.218458387555134156e-04 -2.387752625256931230e-03
8.215344066869415679e-04 -2.605796873235082401e-03
7.615560686182143392e-04 -2.818538670813162603e-03
7.459762914201253101e-04 -2.984810557642403675e-03
7.687460372042313967e-04 -3.071297254827839562e-03
8.149882628792755280e-04 -3.058822701391729088e-03
8.639948569791765145e-04 -2.945965928868400641e-03
8.933623225764304948e-04 -2.749321285079738345e-03
8.834780620227732431e-04 -2.500353914410772659e-03
8.215020271256526316e-04 -2.239446098679239664e-03
7.040834735047551409e-04 -2.008261973648293834e-03
5.382916195533976123e-04 -1.841876533435669438e-03
3.405769001225369312e-04 -1.762159426373957963e-03
1.339522561529476292e-04 -1.773666391480705189e-03
-5.607905275211341723e-05 -1.862816291557765772e-03
-2.060850956059450930e-04 -2.000509494273229258e-03
-2.988993193369636502e-04 -2.147691654092054141e-03
-3.266590130968070904e-04 -2.262809155931570781e-03
-2.921183142399917318e-04 -2.309744215085377320e-03
-2.079917537790759220e-04 -2.264726727330852556e-03
-9.445628356840048254e-05 -2.120913642750411367e-03
2.471265664640015383e-05 -1.889768224219535954e-03
1.266379758456211884e-04 -1.598977430155281961e-03
1.936189561035947353e-04 -1.287301104017652157e-03
2.163813608145756734e-04 -9.973275492422678783e-04
1.956863068335766770e-04 -7.675064259671481037e-04
1.419964402550809540e-04 -6.249666800385454603e-04
7.326682083068938823e-05 -5.804785145214959871e-04
1.128392866934084288e-05 -6.265124014836437154e-04
-2.274806952166441923e-05 -7.387616873113218938e-04
-1.253144573904650888e-05 -8.808395093260597492e-04
4.991648696408450877e-05 -1.011259693883154523e-03
1.624232280335100704e-04 -1.091378852675445928e-03
3.127455493067215434e-04 -1.092794920080165932e-03
4.805703197693266199e-04 -1.002800338565582126e-03
6.410604476050625437e-04 -8.268565059457591918e-04
7.692818051717813764e-04 -5.876201881588868697e-04
8.446796933558595784e-04 -3.207055602895914287e-04
8.547633553484854747e-04 -6.798372592294439848e-05
7.973061816438869022e-04 1.303120732439702644e-04
6.806493417791178871e-04 2.431811114173882023e-04
5.220546268602155229e-04 2.547119760185831416e-04
3.444205251349448187e-04 1.670927292749050373e-04
1.719842854696513885e-04 2.045277135502262048e-07
2.582352027563199768e-05 -2.121244330235946872e-04
-7.999234084440980065e-05 -4.284955643592883428e-04
-1.408746475258350144e-04 -6.077400819389502593e-04
-1.623477147262349248e-04 -7.166662997568311452e-04
-1.587256376035534196e-04 -7.362877058639974263e-04
-1.500899347752274442e-04 -6.653532739387634214e-04
-1.581467431801682438e-04 -5.205123751792034527e-04
-2.017550898277042709e-04 -3.330839639778843553e-04
-2.929805395301668305e-04 -1.430427447568290871e-04
-4.344293654981487389e-04 8.637969535140463742e-06
-6.183760753474314359e-04 8.783580786547571682e-05
-8.278575227761804031e-04 7.383394532074386658e-05
-1.039534245248482491e-03 -3.666141654502206053e-05
-1.227784643379349356e-03 -2.288024834756132591e-04
-1.369263604956006417e-03 -4.723173667451136459e-04
-1.447068501261783088e-03 -7.271501735408535377e-04
-1.453728955486237274e-03 -9.509568018784545678e-04
-1.392458512362741273e-03 -1.107038130597929465e-03
-1.276434364146092088e-03 -1.171209407955820913e-03
-1.126243524870011031e-03 -1.136305986505188950e-03
-9.659798375892702420e-04 -1.013473005827625686e-03
-8.187304638714414107e-04 -8.299954665951343128e-04
-7.023049257228613802e-04 -6.240800896773532726e-04
-6.260127096637896566e-04 -4.375774031445802477e-04
-5.890958367639443586e-04 -3.080223897528971922e-04
-5.811084685620805136e-04 -2.615009377340026583e-04
-5.841660955315286551e-04 -3.076928631780137470e-04
-5.766321286149230646e-04 -4.380300429418971684e-04
-5.375369677215489700e-04 -6.273182676539279653e-04
-4.508855108427398985e-04 -8.385154957574356095e-04
-3.090299433283149287e-04 -1.029761458712799430e-03
-1.144615619734625574e-04 -1.162327211852017374e-03
1.203251532790454729e-04 -1.207978972948968097e-03
3.748777090242562133e-04 -1.154361434377967639e-03
6.243595338731803678e-04 -1.007380686104412211e-03
8.439821202300058127e-04 -7.901349500896743139e-04
1.013461551645189820e-03 -5.385949428560139534e-04
1.120660090036229442e-03 -2.948510951212139110e-04
1.163726815110776094e-03 -9.920554296245575427e-05
1.151334445540818600e-03 1.739446286906409832e-05
1.100968843519643369e-03 3.914972002361352720e-05
1.035595291874660123e-03 -3.166742981266314249e-05
9.793318607451066519e-04 -1.752121840286010625e-04
9.529470920101033079e-04 -3.578938387178486145e-04
9.700314589015227897e-04 -5.388047199563037078e-04
1.034563527189900738e-03 -6.775336757898767692e-04
1.140326811401289791e-03 -7.418841974743718704e-04
1.272282167415851378e-03 -7.140353322204714189e-04
1.409629697160897505e-03 -5.939784301053028246e-04
1.529973798692814803e-03 -3.995786012516819481e-04
1.613795844516104517e-03 -1.632488780804245397e-04
1.648380624468918920e-03 7.413352879539713528e-05
1.630446199435340877e-03 2.709172657887928522e-04
1.566972577099282667e-03 3.925173692016599089e-04
1.474066096987516113e-03 4.179219704582059006e-04
1.374068927431333761e-03 3.436333700020392421e-04
1.291456080172563754e-03 1.842974408945940957e-04
1.248292768019824625e-03 -3.009764513234037116e-05
1.260109118986768063e-03 -2.599228044919106931e-04
1.332971254886503682e-03 -4.634298600655670621e-04
1.462302289266845462e-03 -6.046694222393853360e-04
1.633676560601730540e-03 -6.603054709290821084e-04
1.825437893518878528e-03 -6.240361785105399137e-04
2.012648383241482947e-03 -5.077837576672154666e-04
2.171623294692750367e-03 -3.394278900305479612e-04
2.284197644767632478e-03 -1.575117609937760953e-04
2.340921705945899541e-03 -3.922976595734626887e-06
2.342586226038004087e-03 8.406487264614529971e-05
2.299795036289474341e-03 8.088312527029437298e-05
2.230672896735087177e-03 -2.245122962838530913e-05
2.157149794858763577e-03 -2.165892543122112054e-04
2.100532552570175820e-03 -4.755689752586515578e-04
2.077209449705761778e-03 -7.616742105048201171e-04
2.095308109691535088e-03 -1.032513519320994938e-03
2.152945944845235764e-03 -1.248979142482352410e-03
2.238410300346022931e-03 -1.382579210706910136e-03
2.332239298023813800e-03 -1.420755204694664972e-03
2.410813613734835020e-03 -1.369178182075692822e-03
2.450782361187546325e-03 -1.250589408800785408e-03
2.433487279976442440e-03 -1.100405418595582722e-03
2.348548659003811805e-03 -9.599202648833620550e-04
2.195934030327782033e-03 -8.683927947353232892e-04
1.986116816077510699e-03 -8.555179857243314524e-04
1.738292639106792450e-03 -9.357087404745262522e-04
1.476987675019416583e-03 -1.105271779350022136e-03
1.227696830344669450e-03 -1.343013308051159774e-03
1.012372260688442068e-03 -1.614160722434054103e-03
8.456102247151398368e-04 -1.876858717305158325e-03
7.322513286194936568e-04 -2.090010684846850455e-03
6.668410466274349259e-04 -2.220981530138092189e-03
6.350448010311107727e-04 -2.251704238324019579e-03
6.167416256773940869e-04 -2.182034740979393959e-03
5.902026301974044181e-04 -2.029720624585243383e-03
5.365552985054674977e-04 -1.826990348575990245e-03
4.436809320003281035e-04 -1.614409492013127966e-03
3.088004406574197040e-04 -1.433167965650173703e-03
1.392527471974683414e-04 -1.317259134817978057e-03
-4.868687429730986406e-05 -1.287032161519420688e-03
-2.327291254571086916e-04 -1.345338740203466622e-03
-3.886836446152731254e-04 -1.477004031675073232e-03
-4.949860091988450214e-04 -1.651722036796574034e-03
-5.367826197522395162e-04 -1.829827104325678104e-03
-5.087998232364370193e-04 -1.969848538325689319e-03
-4.164526361987753457e-04 -2.036417506524639074e-03
-2.749805807475492526e-04 -2.007028611213165260e-03
-1.067705811870059201e-04 -1.876375229151323572e-03
6.263090611925088203e-05 -1.657437018858803294e-03
2.090671138005115311e-04 -1.379112866414905145e-03
3.140266448671086242e-04 -1.080846567380774415e-03
3.678069647658993124e-04 -8.052618818768066469e-04
3.709943439835438304e-04 -5.902004487497787989e-04
3.339879692912824365e-04 -4.616690500473080412e-04
2.746663886117623062e-04 -4.290304852850324860e-04
2.146461283429141546e-04 -4.833474611929850797e-04
1.748486388070676718e-04 -5.991918729756232163e-04
1.712222641998957474e-04 -7.395756928870400810e-04
2.114359912685614268e-04 -8.630686319433225791e-04
2.931769904763617627e-04 -9.317537139269195436e-04
4.043794236952170528e-04 -9.185132925923406889e-04
5.253453387142493353e-04 -8.122648854991393330e-04
6.323591501492686505e-04 -6.201544729401483463e-04
7.021132771468727033e-04 -3.662910964318395442e-04
7.161077541884754583e-04 -8.726158511480865880e-05
6.641903785729015922e-04 1.747259844513075061e-04
5.465655239239081056e-04 3.797723903126353027e-04
3.738885703475063743e-04 4.977898378996654504e-04
1.654243207351059348e-04 5.141567486240432782e-04
-5.438661688004908107e-05 4.324542616740937738e-04
-2.603089026799326484e-04 2.737663923655357266e-04
-4.308177279259384988e-04 7.267632996343769693e-05
-5.518820423433913385e-04 -1.292831822711936916e-04
-6.193166266210334541e-04 -2.914854874772067860e-04
-6.392650911063249303e-04 -3.818845843099144500e-04
-6.267298210090882114e-04 -3.830559040172684172e-04
-6.024345486083210969e-04 -2.954600031648773706e-04
-5.886206247341954590e-04 -1.373117764029080433e-04
-6.045794761848976651e-04 5.891941832525844907e-05
-6.627730489507143233e-04 2.527153601438625222e-04
-7.662819283117514209e-04 4.032445748977646783e-04
-9.080685425507601174e-04 4.771625105469307375e-04
-1.072198187967531198e-03 4.549985927042219888e-04
-1.236788845019687853e-03 3.349200358093012151e-04
-1.378132307583806310e-03 1.331589883205663654e-04
-1.475206236713758577e-03 -1.189786136198929734e-04
-1.513721610740427406e-03 -3.809568490916274150e-04
-1.488936928228731024e-03 -6.106004697851701718e-04
-1.406703002749295182e-03 -7.719958165638264678e-04
-1.282536273079429214e-03 -8.422066167058292734e-04
-1.138891004788027345e-03 -8.155336416878294047e-04
-1.001141077989547859e-03 -7.045122246451598078e-04
-8.930258214372187916e-04 -5.374592682263170306e-04
-8.324154231239989238e-04 -3.530346727954998217e-04
-8.281906947564885834e-04 -1.928473838646105137e-04
-8.788209009215799516e-04 -9.350646603079596679e-05
-9.729019500731828606e-04 -7.962266130231862799e-05
-1.091546340079462300e-03 -1.590858909464045422e-04
-1.212166078817524537e-03 -3.215131930609511739e-04
-1.312926652505155660e-03 -5.401612544931484999e-04
-1.377023800952290608e-03 -7.769416667100166899e-04
-1.395969276825125916e-03 -9.895895279346082762e-04
-1.371260376454221108e-03 -1.139628270496188117e-03
-1.314115097039153003e-03 -1.199622816361529390e-03
-1.243322133510450138e-03 -1.158347902191801627e-03
-1.181612994763932322e-03 -1.022893154386964347e-03
-1.151244468020197085e-03 -8.173064921237741974e-04
-1.169630266827695851e-03 -5.780328734746793297e-04
-1.245852418101523872e-03 -3.470121733874854714e-04
-1.378717319104243470e-03 -1.637432024181979199e-04
-1.556729765356895884e-03 -5.781661736710581867e-05
-1.759995816345842580e-03 -4.333067245687767782e-05
-1.963700737572420755e-03 -1.162472232655348985e-04
-2.142510461326082184e-03 -2.551886328036450389e-04
-2.275070417214999658e-03 -4.255246624931723954e-04
-2.347757243601136454e-03 -5.859754355540950418e-04
-2.356980268662261548e-03 -6.964801013461380513e-04
-2.309603976067748244e-03 -7.258411230794296421e-04
-2.221418010511231819e-03 -6.576965437638743542e-04
-2.113950363933231932e-03 -4.936891192170365884e-04
-2.010232346208055097e-03 -2.532319063208614339e-04
-1.930321544690496950e-03 3.008572578520159939e-05
-1.887433820732296354e-03 3.147716428753002341e-04
-1.885419010016124155e-03 5.591967416374162784e-04
-1.918059449571783617e-03 7.293832069494080288e-04
-1.970324161649390782e-03 8.053412636237696235e-04
-2.021340079488577555e-03 7.847553653802110491e-04
-2.048515458243297359e-03 6.833227050502483149e-04
-2.032031369283604245e-03 5.316808555926092177e-04
-1.958846460522880879e-03 3.695072232615075731e-04
-1.825451390442480067e-03 2.379085156184031712e-04
-1.638845260982265198e-03 1.715422014543429045e-04
-1.415542341506519130e-03 1.919626686593432297e-04
-1.178789803837410445e-03 3.034528723768850937e-04
-9.545155780435448517e-04 4.921316265646367982e-04
-7.667657275305694072e-04 7.285064412547988342e-04
-6.334874335898700234e-04 9.729893832997939815e-04
-5.634484606797641147e-04 1.183332368334324893e-03
-5.548691844026395776e-04 1.322574807624748300e-03
-5.960195625288317164e-04 1.365999457162864542e-03
-6.676620928297683595e-04 1.305780028050160810e-03
-7.468731227218566599e-04 1.152441073988399100e-03
-8.115148532984266510e-04 9.328541367278071327e-04
-8.445082236780356195e-04 6.851498399273068737e-04
-8.370956763393326778e-04 4.515094229662871064e-04
-7.904752191062857508e-04 2.702005654750621287e-04
-7.154967622448765198e-04 1.683652851516326309e-04
-6.304797857922123105e-04 1.569251425319673817e-04
-5.575682666868454979e-04 2.285679548300963322e-04
-5.183168683937044953e-04 3.591966422214872478e-04
-5.293489859200823516e-04 5.125651992225763523e-04
-5.989145602274532736e-04 6.472232366777468928e-04
-7.250060019193624999e-04 7.244533506288609176e-04
-8.953961814029699198e-04 7.156975205856359618e-04
-1.089598975660108693e-03 6.080654284422129952e-04
-1.282389119565142824e-03 4.068807132108476741e-04
-1.448222956943722058e-03 1.347819793767416480e-04
-1.565731004815013516e-03 -1.724523284088090125e-04
-1.621439353368527275e-03 -4.725657926910358441e-04
-1.612022464707631815e-03 -7.247124207239810136e-04
-1.544667366131147537e-03 -8.970791383467872134e-04
-1.435486051593204892e-03 -9.728002844360957805e-04
-1.306281570970931841e-03 -9.530453706972286847e-04
-1.180284018800808327e-03 -8.566965269332300122e-04
-1.077666616942628188e-03 -7.166776776450287231e-04
-1.011692608060777744e-03 -5.736313543380183559e-04
-9.862230850150189437e-04 -4.681411310129082477e-04
-9.950570297029169217e-04 -4.329729195023872637e-04
-1.023226759516860339e-03 -4.868046654679739353e-04
-1.050000611997140183e-03 -6.306320485910851511e-04
-1.053020380407231537e-03 -8.475309977720257935e-04
-1.012785177357739593e-03 -1.105822144184049043e-03
-9.166269418011947865e-04 -1.365038115693680823e-03
-7.614183252446039612e-04 -1.583563801598248137e-03
-5.544931335293782878e-04 -1.726502879744057101e-03
-3.125975455841372916e-04 -1.772280982515385883e-03
-5.906298858598549799e-05 -1.716735003732586988e-03
1.802717344847101896e-04 -1.573913936683776467e-03
3.816244537634280948e-04 -1.373439182417418363e-03
5.274627449468763472e-04 -1.154923611170691720e-03
6.095388041482306066e-04 -9.605054824057288141e-04
6.301973759113406676e-04 -8.269102087813109611e-04
6.017142200995325048e-04 -7.785423169019100014e-04
5.437946150708221869e-04 -8.229148889775097717e-04
4.797088007361877734e-04 -9.492811935717157925e-04
4.317983044884151690e-04 -1.130726923221544869e-03
4.172051177960288187e-04 -1.329326244366611396e-03
4.446323772014254571e-04 -1.503384786984738632e-03
5.127487749786172402e-04 -1.615397587097241452e-03
6.105365972599650741e-04 -1.639214652235033726e-03
7.195142225061204990e-04 -1.565056871076603859e-03
8.174080184757850746e-04 -1.401432023698486731e-03
8.825732689997616964e-04 -1.173587605314517068e-03
8.983212022620962797e-04 -9.187929273037744385e-04
8.563263992431894255e-04 -6.793433502675401284e-04
7.584625923606083762e-04 -4.946108556374533959e-04
6.167122287530552895e-04 -3.936457942744409533e-04
4.511598602140606492e-04 -3.897303493545164772e-04
2.864423716922180532e-04 -4.779147547456955936e-04
1.473215416385756328e-04 -6.360025757120967970e-04
5.421105416695756740e-05 -8.287983163801184491e-04
1.949929839453924544e-05 -1.014812922605525317e-03
4.535933909170254946e-05 -1.154157361723706383e-03
1.234567013564901697e-04 -1.216129503260952047e-03
2.366072167341723637e-04 -1.185057592442544019e-03
3.620689668144983636e-04 -1.063293707964381440e-03
4.758440296749300545e-04 -8.707902282189042536e-04
5.571756436685271468e-04 -6.413393248609830510e-04
5.923905210778222059e-04 -4.161873584740609735e-04
5.773611372637069963e-04 -2.362331295363322625e-04
5.181251711617574328e-04 -1.342871146155174048e-04
4.295491719642804788e-04 -1.288573069903782846e-04
3.322946923416094582e-04 -2.206382553612725437e-04
2.486672583218094146e-04 -3.923680767011601071e-04
1.981406301523213525e-04 -6.120805215739400515e-04
1.934106803638422842e-04 -8.391363420821346293e-04
2.377331542463599970e-04 -1.031891975414018494e-03
3.240565273072295400e-04 -1.155553553801106238e-03
4.361211545646910505e-04 -1.188729184231378765e-03
5.513233031872757884e-04 -1.127438950586420264e-03
6.448080331869868740e-04 -9.858235047771411307e-04
6.940216142565826252e-04 -7.934172816887445244e-04
6.828664253440220114e-04 -5.895029233683143129e-04
6.046757047316511213e-04 -4.156162482385948273e-04
4.634480238022671626e-04 -3.076213819941256227e-04
2.731098308403147367e-04 -2.888571438077456623e-04
5.494667520207888493e-05 -3.656530186311246554e-04
-1.663106857156816632e-04 -5.260644314244826425e-04
-3.670055812021180632e-04 -7.420675151921280084e-04
-5.288269431046185246e-04 -9.747985453837486065e-04
-6.420278959130573757e-04 -1.181846728060440346e-03
-7.069866791133749611e-04 -1.325220237870519940e-03
-7.338199607523658227e-04 -1.378477924456557226e-03
-7.401281658406554977e-04 -1.331677082902126431e-03
-7.473067751184303683e-04 -1.193201204651518025e-03
-7.761295423802362864e-04 -9.881223911099561857e-04
-8.424477228094362936e-04 -7.534092607006715771e-04
-9.538275415048710817e-04 -5.308884670833788951e-04
-1.107770403262476038e-03 -3.592932714637393494e-04
-1.291860409822749882e-03 -2.669054367057627046e-04
-1.485818408501561215e-03 -2.661843087625297968e-04
-1.665080232070301767e-03 -3.514006040513551355e-04
-1.805227476493587386e-03 -4.997233905973126177e-04
-1.886436895185882902e-03 -6.755547821365749921e-04
-1.897110006641550837e-03 -8.372917883233434427e-04
-1.835998682619790264e-03 -9.452350488662159770e-04
-1.712426133933702202e-03 -9.691468772908497144e-04
-1.544562153683249695e-03 -8.940273034314833193e-04
-1.356078678976998251e-03 -7.230140914355546707e-04
-1.171817191623739140e-03 -4.768571608662940456e-04
-1.013285389039584672e-03 -1.900663629811233954e-04
-8.948317492759962945e-04 9.553863523972088432e-05
-8.212172140058698368e-04 3.386557839428295321e-04
-7.870377510042377272e-04 5.062241079206755397e-04
-7.781003223507844055e-04 5.795816540900035341e-04
-7.744843012344725672e-04 5.578928864428707576e-04
-7.547008129244812784e-04 4.581975733579770130e-04
-7.001543416825641106e-04 3.120729847748267781e-04
-5.990536568869115090e-04 1.595425328428126091e-04
-4.490235119970880100e-04 4.138541337341808055e-05
-2.579148823166871438e-04 -8.695399101203335999e-06
-4.265308067539689109e-05 2.943737822372089353e-05
1.736647663677935488e-04 1.584383579953936951e-04
3.658791651789760182e-04 3.628778137478520902e-04
5.113115066031319192e-04 6.120703210422546699e-04
5.938848880994687836e-04 8.657990954416775603e-04
6.070451953237848827e-04 1.081853012183093101e-03
5.549311698931278219e-04 1.223949947861624477e-03
4.515725654863790963e-04 1.268546814404217845e-03
3.182676777306719376e-04 1.209247337666293247e-03
1.796350809209969375e-04 1.057973377828257859e-03
5.908429582704731236e-05 8.426782936770716185e-04
-2.544093957792745164e-05 6.020355048813115680e-04
-6.464572109153300357e-05 3.781080483608670068e-04
-5.939642961220027804e-05 2.083871260275007003e-04
-2.028269203494157910e-05 1.187070288038830123e-04
3.468118133774850993e-05 1.183777863732530492e-04
8.377267645125771687e-05 1.984568699968926818e-04
1.059842220537861323e-04 3.334867980931646605e-04
8.530797041533962587e-05 4.863691279544177367e-04
1.406358180317974767e-05 6.154513491521008267e-04
-1.053680412116572674e-04 6.824840970043413203e-04
-2.607397674236067164e-04 6.599412372720189161e-04
-4.320308258343865749e-04 5.363159557036954262e-04
-5.950457050551004497e-04 3.183891876447250929e-04
-7.258419871298612148e-04 3.003998653776180294e-05
-8.051518037958422126e-04 -2.921777898292799596e-04
-8.219617691453406927e-04 -6.058557825787857154e-04
-7.755744995931789041e-04 -8.706578287291167392e-04
-6.757612343436194711e-04 -1.055852916653064570e-03
-5.409754081774616283e-04 -1.146028772661812894e-03
-3.949630969531210613e-04 -1.143904905276472766e-03
-2.624087667221218804e-04 -1.069713115144936468e-03
-1.644364594357004578e-04 -9.572634000028899413e-04
-1.148130675645454163e-04 -8.474407797125190281e-04
-1.175666938984898748e-04 -7.803649963298072562e-04
-1.664645922416103105e-04 -7.876981990036515356e-04
-2.464426955999393393e-04 -8.865576668007303564e-04
-3.367090121192179873e-04 -1.076186667135880853e-03
-4.149262143048010418e-04 -1.338014248289886481e-03
-4.616745754819654921e-04 -1.639093019622934891e-03
-4.643436703831394451e-04 -1.938264297980119401e-03
-4.197099262829939270e-04 -2.193883518589658400e-03
-3.347065920309508918e-04 -2.371643324010981341e-03
-2.252357235818375756e-04 -2.451013211712746876e-03
-1.132433913713460976e-04 -2.429076553614359282e-03
-2.260911480508689150e-05 -2.321038602510888497e-03
2.537393937256655191e-05 -2.157309452726215507e-03
1.607291085081198872e-05 -1.977714458137998232e-03
-5.562840841848482628e-05 -1.823928519932946791e-03
-1.842331574289831893e-04 -1.731566945671282522e-03
-3.545050991683155626e-04 -1.723430577281100714e-03
-5.441506170329982357e-04 -1.805184289459600862e-03
-7.278057733111074120e-04 -1.964287170467590889e-03
-8.815789258252899625e-04 -2.172376968144984488e-03
-9.872949147816886557e-04 -2.390657301536253023e-03
-1.035643893233140602e-03 -2.577267548783949112e-03
-1.027645663793138068e-03 -2.695239883498176409e-03
-9.741595471436130180e-04 -2.719536732051679954e-03
-8.935399068908233405e-04 -2.641836017915450644e-03
-8.078884154528721785e-04 -2.472157979411511095e-03
-7.386195235377509497e-04 -2.237025347194696728e-03
-7.021851579744828060e-04 -1.974505011695484522e-03
-7.067739027825987357e-04 -1.727069719028638192e-03
-7.506146555097121913e-04 -1.533631017922392446e-03
-8.222100838291972495e-04 -1.422251508986169428e-03
-9.024588340528905258e-04 -1.404915737557789653e-03
-9.682667501955328267e-04 -1.475349201881388708e-03
-9.969642894793820116e-04 -1.610297742581714119e-03
-9.706934960268762689e-04 -1.774024326339825736e-03
-8.799324777670927515e-04 -1.925171000954503664e-03
-7.254874863266583349e-04 -2.024685933290264108e-03
-5.185717511771480506e-04 -2.043313746902831411e-03
-2.789514627132531769e-04 -1.967230043761568521e-03
-3.150435942106821362e-05 -1.800752372166247554e-03
1.981638453055175925e-04 -1.565613456624122398e-03
3.882221987135974677e-04 -1.296933418176965608e-03
5.243913036252275273e-04 -1.036652735599506757e-03
6.022867975276786088e-04 -8.256684863247642017e-04
6.278936225712049030e-04 -6.961619335110755605e-04
6.160890323847543863e-04 -6.655693131241346636e-04
5.875014899335037448e-04 -7.333365874906279912e-04
5.643072897104669909e-04 -8.810718760455547643e-04
5.657673127459194456e-04 -1.076066043538878320e-03
6.043548248798525551e-04 -1.277514307604739417e-03
6.832124846364859890e-04 -1.444260443914583856e-03
7.954240983829554074e-04 -1.542597019713153137e-03
9.252419980589697123e-04 -1.552644627190234369e-03
1.051039499573462382e-03 -1.472102289521504950e-03
1.149430074940744045e-03 -1.316659095227750787e-03
1.199772735215286212e-03 -1.116989404539466251e-03
1.188208765286629266e-03 -9.129009449753190415e-04
1.110462491016093664e-03 -7.457442780436912685e-04
9.728716578084869787e-04 -6.505213969921705159e-04
7.914471954004751245e-04 -6.491882687122933889e-04
5.891343870023792000e-04 -7.464201625180349716e-04
3.917872898033350785e-04 -9.286423991001800183e-04
2.236113361531989968e-04 -1.166510972973754893e-03
1.029293612021730197e-04 -1.420374392625281101e-03
3.906486152238799288e-05 -1.647683698955025849e-03
3.092472202306692204e-05 -1.810948819449006205e-03
6.754200866909470993e-05 -1.884736016154888762e-03
1.304686043715187716e-04 -1.860382762251674158e-03
1.975576683961093808e-04 -1.747538551980957339e-03
2.474133495503971292e-04 -1.572241085890863045e-03
2.636595856136172413e-04 -1.371893201813532579e-03
2.382149494184566604e-04 -1.188092656500804641e-03
1.729496923206758454e-04 -1.058673318649477240e-03
7.940854715265701334e-05 -1.010465556882953917e-03
-2.334974795343221129e-05 -1.054147342469214082e-03
-1.123874523117840082e-04 -1.182161634836986948e-03
-1.653081942142332612e-04 -1.370094947308523161e-03
-1.646236584266275909e-04 -1.581256546548471262e-03
-1.012365639444129687e-04 -1.773591625865240853e-03
2.362382346094246037e-05 -1.907619771669119167e-03
1.983853383733860654e-04 -1.953895804236874777e-03
4.030448380693376948e-04 -1.898580392344530968e-03
6.126530502556409071e-04 -1.746065614346397525e-03
8.017196431020181440e-04 -1.518158128961585905e-03
9.487118742192467754e-04 -1.249974280950379548e-03
1.039802587904995346e-03 -9.833239250119812144e-04
1.071165431730158575e-03 -7.588351567305851291e-04
1.049390050941539920e-03 -6.083104792539565427e-04
9.899456430035329015e-04 -5.487610748234577999e-04
9.139902788705112600e-04 -5.792480863963413423e-04
8.441359539980890572e-04 -6.811283048364019177e-04
7.999762520245646148e-04 -8.216570355698976647e-04
7.942275210528419293e-04 -9.602652400982935373e-04
8.302172657692751413e-04 -1.056321675309247797e-03
9.011972644530739799e-04 -1.076909566366409093e-03
9.916122646803061068e-04 -1.003144588719100030e-03
1.080083663021420663e-03 -8.338371264003485543e-04
1.143541698217935597e-03 -5.858046274230598949e-04
1.161721122760913088e-03 -2.907741874879469254e-04
1.121165481040015902e-03 1.053883770356841827e-05
1.017977260961906152e-03 2.760556186766864183e-04
8.587878686897716619e-04 4.702188532271389556e-04
6.597577952743868910e-04 5.706454475639750803e-04
4.437898046658160641e-04 5.722876088017320000e-04
2.364759577472423961e-04 4.883148024200659404e-04
6.153881059823749188e-05 3.475498886329913043e-04
-6.337715409901364646e-05 1.889451871530376567e-04
-1.297740008851819911e-04 5.414468708796535542e-05
-1.396544367927859834e-04 -2.045901073758363492e-05
-1.049113881882165556e-04 -1.066877457742772435e-05
-4.487426512507878971e-05 9.088702928503121330e-05
1.751863005893784743e-05 2.733154563342389456e-04
6.019285812535878511e-05 5.094835290760900415e-04
6.620591394724954001e-05 7.611232281521286428e-04
2.700060057021522815e-05 9.860504423549413394e-04
-5.597305206861641434e-05 1.146131083351846795e-03
-1.715740355442364122e-04 1.214486066784535231e-03
-3.011633909226307630e-04 1.180570959445320861e-03
-4.222562043636417088e-04 1.052168510335818336e-03
-5.129375197093500845e-04 8.539168224908639648e-04
-5.562015758638512702e-04 6.226518952523912073e-04
-5.433875041336236203e-04 4.004464590040531305e-04
-4.760550316951841512e-04 2.266632180911101616e-04
-3.659385807620991159e-04 1.305272194192155094e-04
-2.329816171768819995e-04 1.256237434782476623e-04
-1.018163795573825286e-04 2.073634904131233729e-04
2.651566973570142639e-06 3.538949471613188824e-04
5.972488587445036056e-05 5.302910623447719320e-04
5.662025492484721949e-05 6.952173196441194768e-04
-9.297064816325337471e-06 8.088183902888496264e-04
-1.301673706133337394e-04 8.403297411154868075e-04
-2.892400075504208620e-04 7.739725844601874367e-04
-4.641186390584325461e-04 6.120155372920602771e-04
-6.310308765551033306e-04 3.744227774111334207e-04
-7.693119826276194166e-04 9.515477329721928575e-05
-8.652529763226821536e-04 -1.841785547655281773e-04
-9.145849864414068268e-04 -4.221111185345724276e-04
-9.231310803288757076e-04 -5.850854292656845757e-04
-9.055049012379602462e-04 -6.537193269528547438e-04
-8.821063388778420345e-04 -6.263888341501032322e-04
-8.749878833776004831e-04 -5.194495113063283924e-04
-9.033800091435098024e-04 -3.640552061010118097e-04
-9.797292287720533142e-04 -2.001773846019646197e-04
-1.107005968900935710e-03 -6.895831038235934003e-05
-1.277799408931920046e-03 -4.846826096484215408e-06
-1.475378329540453582e-03 -2.900664790555639461e-05
-1.676524854631747732e-03 -1.452461090101609493e-04
-1.855612203269262940e-03 -3.392408104264485360e-04
-1.989161771212961255e-03 -5.811970662154597499e-04
-2.060023681824838578e-03 -8.314524427328214267e-04
-2.060395651406300883e-03 -1.047953468486292200e-03
-1.993114226618381869e-03 -1.194195055534499851e-03
-1.870978681123629207e-03 -1.246118645773576158e-03
-1.714239356798756986e-03 -1.196663148826167689e-03
-1.546728685241274565e-03 -1.057107061390175334e-03
-1.391368955239005115e-03 -8.549476214200124515e-04
-1.265907688256472791e-03 -6.287184359590352635e-04
-1.179687160516452137e-03 -4.207265982258553104e-04
-1.132057589640113543e-03 -2.690841374729560339e-04
-1.112731122005193541e-03 -2.005421534020967490e-04
-1.104005191695755540e-03 -2.254838951866269836e-04
-1.084428885425935823e-03 -3.360241517299531258e-04
-1.033211867141637383e-03 -5.075740494575270521e-04
-9.345341039302642368e-04 -7.035740972610293048e-04
-7.809328615781067342e-04 -8.824983387776777922e-04
-5.751177633568681571e-04 -1.005802376539713990e-03
-3.298621301757808473e-04 -1.045309258954394511e-03
-6.598303318390276407e-05 -9.886336204076276619e-04
1.912154704085237706e-04 -8.416158920113196110e-04
4.163701363257231165e-04 -6.273045294648420559e-04
5.885261696163241558e-04 -3.816778428531313353e-04
6.948053132741757515e-04 -1.469143973266705846e-04
7.325856070098334637e-04 3.651481821305977479e-05
7.097849265767439131e-04 1.374360894377286025e-04
6.431984278844124622e-04 1.398083304285884084e-04
5.552073888320145992e-04 4.569997048851437774e-05
4.694841317747293591e-04 -1.251556017567154514e-04
4.065065848892286844e-04 -3.391412712939652092e-04
3.797308695031621230e-04 -5.551576526378496036e-04
3.931445190864894519e-04 -7.324322875736600721e-04
4.406603905627743409e-04 -8.382576593794468980e-04
5.074617603357960182e-04 -8.541926879532652471e-04
5.730387210721968501e-04 -7.795534213711070555e-04
6.153349616999768566e-04 -6.315320417159605172e-04
6.152131249000992487e-04 -4.419218430522686876e-04
5.603861349634047754e-04 -2.510686072796227092e-04
4.480626926741349491e-04 -1.001940880087078618e-04
2.857984591205674414e-04 -2.354564833800234982e-05
9.038422581090643922e-05 -4.185910099164819737e-05
-1.150257412632687203e-04 -1.583732197274540150e-04
-3.050084103138791776e-04 -3.581512976570905651e-04
-4.564208618575189163e-04 -6.108389934171090403e-04
-5.525477801311705133e-04 -8.763370859903610267e-04
-5.860671934772964786e-04 -1.112315845934931050e-03
-5.602769366763110182e-04 -1.282149028991814163e-03
-4.883526176526874077e-04 -1.361766036059895886e-03
-3.907795105476384069e-04 -1.344125610944028708e-03
-2.914454237412611947e-04 -1.240464783358363786e-03
-2.131339805785626102e-04 -1.078087339961080479e-03
-1.732701455143452831e-04 -8.951113081320874205e-04
-1.807209799409809992e-04 -7.331707025906705408e-04
-2.342537987738713958e-04 -6.294540931744131663e-04
-3.229391685029210949e-04 -6.095880690930008438e-04
-4.284171521136741971e-04 -6.827136381232809352e-04
-5.285917571327494215e-04 -8.396883147129131746e-04
-6.020476178998142996e-04 -1.054754753583013894e-03
-6.323458522274728140e-04 -1.290360349077030681e-03
-6.113787415653342992e-04 -1.504215538898818734e-03
-5.411410954793483604e-04 -1.657254604774840816e-03
-4.335761288640522116e-04 -1.720991827817609007e-03
-3.085185986782514262e-04 -1.682880302520186082e-03
-1.901187111813226792e-04 -1.548658871983152416e-03
-1.024186025803721094e-04 -1.341242912796196786e-03
-6.491441982585754544e-05 -1.096369087368183467e-03
-8.894064501023378087e-05 -8.558187819326544196e-04
-1.755586131883385133e-04 -6.595033847178944546e-04
-3.153474335431376437e-04 -5.379100300585273409e-04
-4.901364298877375607e-04 -5.063381482490142502e-04
-6.763517269034487319e-04 -5.620180539971783226e-04
-8.493450847022346404e-04 -6.846570900926017555e-04
-9.878881597601466523e-04 -8.403098446998989160e-04
-1.077985037253934584e-03 -9.878395603917665326e-04
-1.115285861454585114e-03 -1.086747219351545711e-03
-1.105650055629523896e-03 -1.104885818045756463e-03
-1.063758648962836095e-03 -1.024599070210514221e-03
-1.010045133269986840e-03 -8.461220855135246884e-04
-9.665330048855921450e-04 -5.875999782849969117e-04
-9.523753498621863019e-04 -2.817207058486325333e-04
-9.799482677338385885e-04 3.040052908165986542e-05
-1.052244912767025080e-03 3.069276285983753619e-04
-1.162070344604294609e-03 5.131418765983675146e-04
-1.293195912705332341e-03 6.279283929587512955e-04
-1.423260211722413232e-03 6.476830229161259457e-04
-1.527872129409600221e-03 5.869003836837117637e-04
-1.585142959677362856e-03 4.753322273018732009e-04
-1.579792276368521386e-03 3.522547057731021574e-04
-1.506051869217309245e-03 2.589305833328273436e-04
-1.368818487986493823e-03 2.306942745696813736e-04
-1.182836571206785908e-03 2.901590667216988155e-04
-9.700640069938304020e-04 4.428334667335159379e-04
-7.557168937429585738e-04 6.759775104920784285e-04
-5.637383315254918892e-04 9.609164393987014788e-04
-4.125443482162955192e-04 1.258374537928460494e-03
-3.118467106652919769e-04 1.525820083748384093e-03
-2.611477153632871468e-04 1.725431565179160994e-03
-2.501848633859209462e-04 1.831177670156579774e-03
-2.612336734291117210e-04 1.833671321954889223e-03
-2.728247787651631034e-04 1.741879464716132109e-03
-2.641635706240079364e-04 1.581365595965944938e-03
-2.194077228540418909e-04 1.389398494055226439e-03
-1.309851315281994311e-04 1.207853903870001033e-03
-1.316970132413705207e-06 1.075253781084457719e-03
1.573868141632962976e-04 1.019450931316968293e-03
3.252264789736848444e-04 1.052344599135359359e-03
4.782132420884796986e-04 1.167627910611778114e-03
5.926937599867146585e-04 1.341993884117999389e-03
6.497632267821798740e-04 1.539571723078467539e-03
6.388330038541539758e-04 1.718753321225605308e-03
5.596775946007698406e-04 1.840117191035466147e-03
4.225725120240739294e-04 1.873949093772129138e-03
2.464948863350525953e-04 1.805934877212435428e-03
5.572433299706115620e-05 1.639946982506077129e-03
-1.245165643685867474e-04 1.397396262967407366e-03
-2.725619358346895757e-04 1.113270995693798867e-03
-3.740965791768597693e-04 8.296121464824691375e-04
-4.245326547281551895e-04 5.876593165773894446e-04
-4.295265217217662194e-04 4.201534500496403911e-04
-4.035456776398510244e-04 3.452526575899729196e-04
-3.667651807857040232e-04 3.632120383988976867e-04
-3.408892582944093343e-04 4.564549950676812114e-04
-3.446971353892166936e-04 5.930213405617178234e-04
-3.901639763514773256e-04 7.327380940750355528e-04
-4.798983990168426573e-04 8.349433270481061448e-04
-6.063880484695681168e-04 8.662993696847726566e-04
-7.532015413502741790e-04 8.072148001919549065e-04
-8.979237184623985310e-04 6.556581117655062903e-04
-1.016271911870667097e-03 4.276398997556389754e-04
-1.086616208565732494e-03 1.542713082434097336e-04
-1.094049053418670895e-03 -1.240451362223159886e-04
-1.033233704609652463e-03 -3.651930693196107458e-04
-9.094911186100039903e-04 -5.332539960969251295e-04
-7.379172565213006638e-04 -6.052555259254772859e-04
-5.406946476306948241e-04 -5.754786622445473218e-04
-3.431029350360013941e-04 -4.565087346399110792e-04
-1.689785420559473494e-04 -2.768310314413646549e-04
-3.647709602144555202e-05 -7.542634203434025531e-05
4.506574321670744573e-05 1.056104166447701580e-04
7.658787788668023808e-05 2.290310819498901618e-04
6.880109023668706727e-05 2.694675894521016178e-04
3.984035503721499816e-05 2.182064481191708981e-04
1.151483305495003989e-05 8.480081358114838880e-05
4.877744944151911431e-06 -1.047844969122303490e-04
3.596085988912645732e-05 -3.131431452512589849e-04
1.124875666203415574e-04 -4.985707453627500826e-04
2.321924607146043948e-04 -6.230282660438038207e-04
3.830703300845195083e-04 -6.594166622001912913e-04
5.455111364740397942e-04 -5.967844233970166085e-04
6.959194541515211071e-04 -4.424811220398954903e-04
8.111346722819042215e-04 -2.208483289097481486e-04
8.728155397591399285e-04 3.130506098505951058e-05
8.709582682864298745e-04 2.715871416985259600e-04
8.058803646345115250e-04 4.599641595746828838e-04
6.882918051904222045e-04 5.662555785004858965e-04
5.374363167838334000e-04 5.757645204490600271e-04
3.776500314397650618e-04 4.919780699692126186e-04
2.339836459025156621e-04 3.358266984337111545e-04
1.277108711291096116e-04 1.416435405817118259e-04
7.256697029121936954e-05 -4.941091144771266258e-05
7.242259137943890058e-05 -1.972132528507545592e-04
1.208261557084155740e-04 -2.703412469880263911e-04
2.024942658483475707e-04 -2.520860152035343392e-04
2.964609378923964682e-04 -1.436736304199212676e-04
3.802827423101168194e-04 3.591415420168636791e-05
4.344975443490161639e-04 2.534863192678973084e-04
4.464872055150002775e-04 4.678848094612803477e-04
4.130082827327078245e-04 6.377407682203483676e-04
3.409078951877312280e-04 7.292762583399447617e-04
2.458865679105896049e-04 7.226743096078023674e-04
1.495407258721866660e-04 6.158111958137342220e-04
7.524435536810039778e-05 4.246442817962334379e-04
4.365025759519908146e-05 1.801820301004559586e-04
6.866443811704038688e-05 -7.739008745551279153e-05
1.546586362659377323e-04 -3.063155043340207639e-04
2.954525433734032144e-04 -4.711641111897666399e-04
4.752630721934952883e-04 -5.495260361495573568e-04
6.714463800299988114e-04 -5.362341839438982153e-04
8.585195683918362807e-04 -4.443160061617248231e-04
1.012707210444903751e-03 -3.024943152989978965e-04
1.116158855336859840e-03 -1.497104216119089608e-04
1.160046157267424424e-03 -2.770672884264439514e-05
1.145960434080570654e-03 2.692659487686888077e-05
1.085353101377984622e-03 -1.026526588782653753e-05
9.971316558338746798e-04 -1.469113434663886887e-04
9.038726035658419542e-04 -3.723055492514338520e-04
8.273739306760559235e-04 -6.593645486817657775e-04
7.843939537305199975e-04 -9.696825077176336998e-04
7.833871649709687156e-04 -1.260726031325665143e-03
8.228578838765729245e-04 -1.493807422019304042e-03
8.916451088141444815e-04 -1.641327062980899292e-03
9.710851660573230609e-04 -1.691914171830704488e-03
1.038642056787392708e-03 -1.652493163648474650e-03
1.072316369916925458e-03 -1.546885044196861245e-03
1.054995116444129924e-03 -1.411209387855975926e-03
9.779149915548842904e-04 -1.286958298148634626e-03
8.425784837181597882e-04 -1.213054583977353539e-03
6.607543436685639265e-04 -1.218398739789557398e-03
4.525559159626649209e-04 -1.316316771654474143e-03
2.429542008357264997e-04 -1.501960988333298332e-03
5.737846938534349201e-05 -1.753156727855407528e-03
-8.277022525819501312e-05 -2.034535488613454460e-03
-1.638508727847465458e-04 -2.304172627851095931e-03
-1.822606747826493870e-04 -2.521473510808487292e-03
-1.448355113167122286e-04 -2.654815544209426260e-03
-6.730371855487926938e-05 -2.687499679835786501e-03
2.890785171339909428e-05 -2.620884989520707968e-03
1.209053207807781968e-04 -2.474113198409678884e-03
1.887911134478470932e-04 -2.280475643149106578e-03
2.195105505912728415e-04 -2.081110758076700103e-03
2.093510080655686481e-04 -1.917225531589469758e-03
1.646192406727313006e-04 -1.822313735136140431e-03
1.003686211239624695e-04 -1.815844216012796677e-03
3.741848302047631790e-05 -1.899614072689155249e-03
-1.767684176879035776e-06 -2.057456827631606085e-03
2.438757739173767498e-06 -2.258360342710550098e-03
6.284801784916908829e-05 -2.462403492253691963e-03
1.827235019624124236e-04 -2.628386786242875410e-03
3.548315775005840881e-04 -2.721711299465290161e-03
5.624564160320022748e-04 -2.721013161935589928e-03
7.821953008378841870e-04 -2.622296420990645645e-03
9.880130198230518794e-04 -2.439780695978232411e-03
1.155795738128737428e-03 -2.203302037896696496e-03
1.267550163383291805e-03 -1.952758009312515570e-03
1.314460789197628623e-03 -1.730647648814253713e-03
1.298233853274509408e-03 -1.574117713267512422e-03
1.230480513357430509e-03 -1.508020097638132929e-03
1.130262316040104610e-03 -1.540293909652657757e-03
1.020269159040619513e-03 -1.660545567800622525e-03
9.223579187914098757e-04 -1.842094826402783294e-03
8.532999084337211139e-04 -2.047098450695405275e-03
8.215446512681485753e-04 -2.233780611408737321e-03
8.256138309234182853e-04 -2.364400263646932419e-03
8.544294019318112669e-04 -2.412446329759373835e-03
8.895124158668064494e-04 -2.367697822913231685e-03
9.086337388704595524e-04 -2.238190422707767805e-03
8.902218245546266850e-04 -2.048716880383921919e-03
8.176883505342598304e-04 -1.836145058104838614e-03
6.828471839657591740e-04 -1.642440101837944980e-03
4.877730551687892895e-04 -1.506712089809586963e-03
2.447411412102997266e-04 -1.457795147949376285e-03
-2.574831987992398275e-05 -1.508763512155778495e-03
-2.984939585025812771e-04 -1.654423371375088152e-03
-5.480062250878066539e-04 -1.872255965331164149e-03
-7.529814498360609849e-04 -2.126634005239804327e-03
-8.999972913420494804e-04 -2.375513755253441488e-03
-9.857368761943003516e-04 -2.578336401609421583e-03
-1.017326949896970797e-03 -2.703643395596973080e-03
-1.010731745745583081e-03 -2.734964636080997654e-03
-9.875115690611922098e-04 -2.673865400353642261e-03
-9.705637644960385477e-04 -2.539575916112361831e-03
-9.796553614996076579e-04 -2.365274529101820192e-03
-1.027595019551075023e-03 -2.191729042896224666e-03
-1.117769692229341567e-03 -2.059501015192817096e-03
-1.243511866987870697e-03 -2.001189874475446055e-03
-1.389415493954462366e-03 -2.035186152137188724e-03
-1.534348665767159116e-03 -2.162117339140155053e-03
-1.655588845654176180e-03 -2.364659985047051164e-03
-1.733293004660858621e-03 -2.610754208286002014e-03
-1.754450852787975499e-03 -2.859612481503955722e-03
-1.715566599244754478e-03 -3.069385395338529270e-03
-1.623554952221566280e-03 -3.205033285916348250e-03
-1.494674882923434540e-03 -3.244913558912830391e-03
