-9.606552311420082403e-04
-1.109909576351232868e-03
-1.217573119513805542e-03
-1.279294182609050975e-03
-1.292533302481151678e-03
-1.256659557731571028e-03
-1.172979189022957001e-03
-1.044695473671233528e-03
-8.768012280242587324e-04
-6.759076757775940450e-04
-4.500156541822367086e-04
-2.082371547618004940e-04
3.952306028820439519e-05
2.829146215495837152e-04
5.115053383644006151e-04
7.151488631544728955e-04
8.843433495458736908e-04
1.010568530918301176e-03
1.086589397753206024e-03
1.106715818188837297e-03
1.067008985665021323e-03
9.654274365299240091e-04
8.019074938626241135e-04
5.783752875020604662e-04
2.986898940071790361e-04
-3.148044985726056351e-05
-4.048447649380498749e-04
-8.127318923949771639e-04
-1.245380750717115133e-03
-1.692268168244372671e-03
-2.142462858497888156e-03
-2.584993192117353549e-03
-3.009215938077920878e-03
-3.405173114962712147e-03
-3.763924511507224686e-03
-4.077844289738072683e-03
-4.340871343864187611e-03
-4.548704709491571165e-03
-4.698937243901519026e-03
-4.791122961558117073e-03
-4.826775733881953634e-03
-4.809299467176156653e-03
-4.743852273149241731e-03
-4.637149458630063746e-03
-4.497212303795666138e-03
-4.333071496453719251e-03
-4.154435677127353045e-03
-3.971336770270949244e-03
-3.793764588138817846e-03
-3.631303567219382362e-03
-3.492784419662534404e-03
-3.385962956494989289e-03
-3.317237384070157412e-03
-3.291414023626744977e-03
-3.311529703410522225e-03
-3.378737083148219793e-03
-3.492256961489291836e-03
-3.649399265780943480e-03
-3.845652012624367448e-03
-4.074835141576570521e-03
-4.329313846744163065e-03
-4.600263941693831689e-03
-4.877979965312227890e-03
-5.152215234054163991e-03
-5.412541922082149230e-03
-5.648718544526767915e-03
-5.851051955255328306e-03
-6.010741158391030327e-03
-6.120190865813218174e-03
-6.173283788829721924e-03
-6.165602094160743500e-03
-6.094590231800572216e-03
-5.959653392962118226e-03
-5.762188108319091229e-03
-5.505543871243830448e-03
-5.194917084504648355e-03
-4.837180997367296342e-03
-4.440657540258683041e-03
-4.014838997608804333e-03
-3.570069214944469275e-03
-3.117195452261679184e-03
-2.667203022543898974e-03
-2.230845456046145255e-03
-1.818283086549682317e-03
-1.438742659761843914e-03
-1.100209826767098139e-03
-8.091652327659021836e-04
-5.703733836594170568e-04
-3.867316238822442274e-04
-2.591844530475311079e-04
-1.867061202374586861e-04
-1.663520433434816179e-04
-1.933771905281449124e-04
-2.614172160984486052e-04
-3.627259460059954841e-04
-4.884608358007521984e-04
-6.290063452679495268e-04
-7.743238479802248223e-04
-9.143157670515936458e-04
-1.039191132953852644e-03
-1.139819712695271320e-03
-1.208062263581633931e-03
-1.237065305010435178e-03
-1.221510048830008917e-03
-1.157806739009173674e-03
-1.044227568266721008e-03
-8.809734957137243649e-04
-6.701726098822257966e-04
-4.158100844242658281e-04
-1.235921750440973320e-04
1.992509782905074051e-04
5.442168312824973006e-04
9.018273785416815180e-04
1.261961144089811075e-03
1.614208570978713534e-03
1.948238338003028484e-03
2.254161744774823162e-03
2.522882370430070027e-03
2.746418723731055157e-03
2.918188545372010084e-03
3.033244763857591373e-03
3.088454797444512359e-03
3.082616877070075249e-03
3.016509269482731820e-03
2.892870628709155126e-03
2.716312115240430286e-03
2.493164311412532450e-03
2.231264244684033182e-03
1.939689927876176367e-03
1.628451663448030398e-03
1.308150873130345046e-03
9.896183516773398615e-04
6.835445642604822108e-04
4.001148858660925293e-04
1.486625081977008614e-04
-6.264887892030047284e-05
-2.271015671191150762e-04
-3.396498354496422199e-04
-3.970876154152853162e-04
-3.981519904546128742e-04
-3.435589518108216663e-04
-2.359702044231633527e-04
-7.989223021899667133e-05
1.184888125956133371e-04
3.515305300322194666e-04
6.104082070507175009e-04
8.854295654296095693e-04
1.166379305786000627e-03
1.442881334527362216e-03
1.704765960389890023e-03
1.942429174764607590e-03
2.147171411186968824e-03
2.311503902297312729e-03
2.429411891916677044e-03
2.496565475681737124e-03
2.510470682808976783e-03
2.470555509546213530e-03
2.378187898183353136e-03
2.236625044103571387e-03
2.050895823541461216e-03
1.827620482000701574e-03
1.574773925399602882e-03
1.301400935775139751e-03
1.017293321393444253e-03
7.326403482200112083e-04
4.576647390257434752e-04
2.022570350151089340e-04
-2.437882507662770919e-05
-2.140562440768037020e-04
-3.599013869179450934e-04
-4.566028814899216002e-04
-5.006069989795924186e-04
-4.902514218403963061e-04
-4.258328582604806005e-04
-3.096060791274088658e-04
-1.457143558296219738e-04
5.994631938826535875e-05
2.999245286030558823e-04
5.654653812967224075e-04
8.468083520284637802e-04
1.133520620838673930e-03
1.414854289510906245e-03
1.680115008952713174e-03
1.919029151608932053e-03
2.122096712061915039e-03
2.280917617084728295e-03
2.388480055950053735e-03
2.439400770196989074e-03
2.430108922782506925e-03
2.358967140711076479e-03
2.226325523680378060e-03
2.034506756980647597e-03
1.787722877658128300e-03
1.491926634338242063e-03
1.154602669320298420e-03
7.845058564375227998e-04
3.913559759836926499e-04
-1.450056599101078665e-05
-4.224501159716222208e-04
-8.219796556387350605e-04
-1.203040301810843517e-03
-1.556393694299434884e-03
-1.873929146064326956e-03
-2.148940458676479402e-03
-2.376352723514383800e-03
-2.552891185650503925e-03
-2.677186281455384842e-03
-2.749811201263787763e-03
-2.773250696487059540e-03
-2.751802263321977311e-03
-2.691413208134493286e-03
-2.599459349520180304e-03
-2.484473160105735590e-03
-2.355830925576036985e-03
-2.223409936997270547e-03
-2.097227784835912524e-03
-1.987076452259511038e-03
-1.902164089290489090e-03
-1.850777081712610267e-03
-1.839974318673326305e-03
-1.875324435555641512e-03
-1.960695303409956593e-03
-2.098103205783558630e-03
-2.287627052302318269e-03
-2.527390699133673715e-03
-2.813614059360023713e-03
-3.140731274966535556e-03
-3.501571871096882324e-03
-3.887598604843189344e-03
-4.289193732503693290e-03
-4.695983720644489323e-03
-5.097191076969921804e-03
-5.482001024231927463e-03
-5.839930217589263568e-03
-6.161184631295110042e-03
-6.436994116970830293e-03
-6.659911949839349664e-03
-6.824068902630939584e-03
-6.925372976584785213e-03
-6.961647819362553127e-03
-6.932705004189351934e-03
-6.840347658014744349e-03
-6.688305327892128671e-03
-6.482102379979029147e-03
-6.228864550300929580e-03
-5.937070429254291855e-03
-5.616256586981453053e-03
-5.276686666790600215e-03
-4.928996031969447647e-03
-4.583824403583243445e-03
-4.251449343312409777e-03
-3.941433401498484895e-03
-3.662297267536202949e-03
-3.421230344519312315e-03
-3.223848854707999766e-03
-3.074009913045848939e-03
-2.973688041127645933e-03
-2.922918402573244749e-03
-2.919808699504270778e-03
-2.960619260806065384e-03
-3.039908460516114845e-03
-3.150738312856550712e-03
-3.284932979442897836e-03
-3.433381068036757758e-03
-3.586371065918841656e-03
-3.733948088382824451e-03
-3.866279374735161981e-03
-3.974015656751913282e-03
-4.048635668567875621e-03
-4.082761657411994489e-03
-4.070434770767474529e-03
-4.007340601817507147e-03
-3.890976922158293286e-03
-3.720757657495602118e-03
-3.498049397365450910e-03
-3.226139095499022148e-03
-2.910134030386355743e-03
-2.556797471321624066e-03
-2.174325750476643893e-03
-1.772074497310149876e-03
-1.360243575829683110e-03
-9.495317153466798811e-04
-5.507728905749931366e-04
-1.745671498775221066e-04
1.690812113808500688e-04
4.711054890234056287e-04
7.236864729430331211e-04
9.205195828248446607e-04
1.057029899311375497e-03
1.130527574764163875e-03
1.140298192618126186e-03
1.087624919421604965e-03
9.757416793022338428e-04
8.097189932202060198e-04
5.962864804442977520e-04
3.435982347067377410e-04
6.094928486305537397e-05
-2.415469403689143640e-04
-5.533088617831816765e-04
-8.636524643620821159e-04
-1.162159690538126311e-03
-1.439036635346023930e-03
-1.685449027855102228e-03
-1.893823282751561522e-03
-2.058102615782222977e-03
-2.173949294566928682e-03
-2.238885986732946573e-03
-2.252371304164535980e-03
-2.215806950504000880e-03
-2.132476277988292444e-03
-2.007416465185110632e-03
-1.847228854904140989e-03
-1.659834159928878956e-03
-1.454181177253357094e-03
-1.239919281474926183e-03
-1.027046237769062027e-03
-8.255437399584011730e-04
-6.450135092713098553e-04
-4.943267693953720763e-04
-3.812994440709508923e-04
-3.124045211902067281e-04
-2.925317237897550812e-04
-3.248029691362050008e-04
-4.104501404512117795e-04
-5.487595102792387942e-04
-7.370848166618549410e-04
-9.709285850796462152e-04
-1.244088894956108535e-03
-1.548866493295773025e-03
-1.876325040228698495e-03
-2.216595406081487037e-03
-2.559213392464888565e-03
-2.893479074990496901e-03
-3.208825203790796089e-03
-3.495181776718003265e-03
-3.743324030214954801e-03
-3.945191669845179126e-03
-4.094168166139710088e-03
-4.185310336614503010e-03
-4.215520172664284290e-03
-4.183652889669012449e-03
-4.090557409306499158e-03
-3.939047846603089924e-03
-3.733806987870803059e-03
-3.481225124816281994e-03
-3.189179871414290438e-03
-2.866764654394676412e-03
-2.523975363079797914e-03
-2.171366106950515379e-03
-1.819686108476179908e-03
-1.479510416617697876e-03
-1.160877339964432303e-03
-8.729452602259644457e-04
-6.236808051295515080e-04
-4.195892585719290021e-04
-2.654966037383115623e-04
-1.643907837777769908e-04
-1.173276879854394210e-04
-1.234051020635731303e-04
-1.798054784443023010e-04
-2.819059703497285661e-04
-4.234518157753919352e-04
-5.967869375216782119e-04
-7.931336205598904857e-04
-1.002911408656988017e-03
-1.216083988542195765e-03
-1.422521850110799405e-03
-1.612367959553729843e-03
-1.776393578198971583e-03
-1.906331706892899509e-03
-1.995176421766632017e-03
-2.037437564671368273e-03
-2.029341818456263311e-03
-1.968973078684328748e-03
-1.856347163395103816e-03
-1.693418206474364002e-03
-1.484016477331862082e-03
-1.233719775902834478e-03
-9.496628831400525045e-04
-6.402917214463926159e-04
-3.150708207050867665e-04
1.584567434512882458e-05
3.419679381597639459e-04
6.528369446812971183e-04
9.383906550564268456e-04
1.189317080203192677e-03
1.397381841577933917e-03
1.555718743140605898e-03
1.659073159733932519e-03
1.703989696614900467e-03
1.688937523923091924e-03
1.614368970159744130e-03
1.482709293901489107e-03
1.298277961173078220e-03
1.067144152783723512e-03
7.969215275171293933e-04
4.965093927198709588e-04
1.757893090842536953e-04
-1.547122844283466440e-04
-4.841836511523542677e-04
-8.018969923320433272e-04
-1.097574450820453917e-03
-1.361738110699290370e-03
-1.586031782751896619e-03
-1.763503355409612797e-03
-1.888837873387081822e-03
-1.958533233272143938e-03
-1.971012396319879543e-03
-1.926668243148898889e-03
-1.827839555003121525e-03
-1.678719019028691774e-03
-1.485196536078334109e-03
-1.254643375462305942e-03
-9.956447924207496337e-04
-7.176905283197455854e-04
-4.308340874577990887e-04
-1.453327762727437008e-04
1.287188375905506249e-04
3.817491609786480755e-04
6.050508441403000754e-04
7.910910889899076251e-04
9.337800910222398155e-04
1.028688179652719392e-03
1.073204023007165962e-03
1.066628332072818699e-03
1.010199763134191292e-03
9.070520972002931587e-04
7.621041872741347780e-04
5.818865242769884595e-04
3.743104975026522330e-04
1.483884376518467322e-04
-8.608574074544303857e-05
-3.188840959693038657e-04
-5.397082210761766424e-04
-7.385560526182088567e-04
-9.060790498598332316e-04
-1.033917201853445499e-03
-1.115000092981304402e-03
-1.143803443365646374e-03
-1.116552097358611013e-03
-1.031362306611381761e-03
-8.883182783608596731e-04
-6.894802601438935336e-04
-4.388238285521562157e-04
-1.421124579143655080e-04
1.932922194407568715e-04
5.586758682657162831e-04
9.442640770984512101e-04
1.339551961342787950e-03
1.733659252938175854e-03
2.115698494633315267e-03
2.475143498280879626e-03
2.802185217640567032e-03
3.088062627225927805e-03
3.325357074300868548e-03
3.508239850543672187e-03
3.632664368318918625e-03
3.696496266521234406e-03
3.699576944602359432e-03
3.643718354502388165e-03
3.532629287098675366e-03
3.371775788128765841e-03
3.168180644304830450e-03
2.930169012729640088e-03
2.667069151037619688e-03
2.388878775902661226e-03
2.105908778668180367e-03
1.828416816790364103e-03
1.566243650877886025e-03
1.328464997074334892e-03
1.123071116885981805e-03
9.566853905155418662e-04
8.343317495428667976e-04
7.592591284296943722e-04
7.328290919811186310e-04
7.544705777564242235e-04
8.217033362332777820e-04
9.302292398766093262e-04
1.074088249675034072e-03
1.245873557692948668e-03
1.436998346310199145e-03
1.638004791915131540e-03
1.838904456427161837e-03
2.029538106185909026e-03
2.199942313153969639e-03
2.340709952046360429e-03
2.443331917395217059e-03
2.500508039327145951e-03
2.506416253044007215e-03
2.456930536957998429e-03
2.349779926993035908e-03
2.184642976924814576e-03
1.963174294534564095e-03
1.688962161616141058e-03
1.367418659173425064e-03
1.005606082917224770e-03
6.120056655940583771e-04
1.962366435659244250e-04
-2.312645554006991324e-04
-6.595938289406620822e-04
-1.077745441318693573e-03
-1.474981829445481257e-03
-1.841194281402714055e-03
-2.167241914026096870e-03
-2.445257135225861050e-03
-2.668906949562434728e-03
-2.833601011049434633e-03
-2.936639191080269232e-03
-2.977293546462889042e-03
-2.956821868624289786e-03
-2.878412389665891032e-03
-2.747061630214515417e-03
-2.569389713511038061e-03
-2.353399657944953670e-03
-2.108189119631317769e-03
-1.843624718993175631e-03
-1.569990392423227434e-03
-1.297622116167887821e-03
-1.036541822873550314e-03
-7.961033551928972749e-04
-5.846628746484152251e-04
-4.092852825455385157e-04
-2.754969433240185821e-04
-1.870933737302764820e-04
-1.460086306186234983e-04
-1.522509637160117651e-04
-2.039069732499862540e-04
-2.972141074845653739e-04
-4.266989362232596027e-04
-5.853763273055849524e-04
-7.650025149740412528e-04
-9.563731566646147117e-04
-1.149655894602771280e-03
-1.334745725956870384e-03
-1.501630682720142898e-03
-1.640754958099294907e-03
-1.743366702765304817e-03
-1.801838248848958851e-03
-1.809947483321291527e-03
-1.763110451626316013e-03
-1.658556979510221897e-03
-1.495443096107074935e-03
-1.274896254590892394e-03
-9.999917005376365679e-04
-6.756607500803580874e-04
-3.085341254712764460e-04
9.327422880526375915e-05
5.204353404331658970e-04
9.627160822795282052e-04
1.409321895873417822e-03
1.849259420091494376e-03
2.271706380983479646e-03
2.666375842650533026e-03
3.023862114838819434e-03
3.335956253578629613e-03
3.595920154346518918e-03
3.798709685611017118e-03
3.941139093500417231e-03
4.021980963242475018e-03
4.041998277977788129e-03
4.003907491539291166e-03
3.912273945577551988e-03
3.773343328429253594e-03
3.594815110448062925e-03
3.385565919761868332e-03
3.155332572498804715e-03
2.914365881130307531e-03
2.673067384337108471e-03
2.441621735999433863e-03
2.229637638743941878e-03
2.045809903786743791e-03
1.897614474255872579e-03
1.791047089867943637e-03
1.730414737415903728e-03
1.718187177750212695e-03
1.754913730782494720e-03
1.839208209434879757e-03
1.967802501684140244e-03
2.135666890735672327e-03
2.336192861344089759e-03
2.561431947457851622e-03
2.802382209560349505e-03
3.049312258242616730e-03
3.292111422269853541e-03
3.520653740901153253e-03
3.725162973685400281e-03
3.896565783444572509e-03
4.026820660991117275e-03
4.109211008849147743e-03
4.138592056124709880e-03
4.111582893729984027e-03
4.026696841748214281e-03
3.884405521462069334e-03
3.687134327742321027e-03
3.439189401697631369e-03
3.146618604470130531e-03
2.817011306687485644e-03
2.459243953271927820e-03
2.083180264883220840e-03
1.699336528593820266e-03
1.318523655689341628e-03
9.514785008096484850e-04
6.084973153790493175e-04
2.990841361346424296e-04
3.162638906452613224e-05
-1.868909615628236084e-04
-3.511227368635234762e-04
-4.575440545849069566e-04
-5.045677301052839923e-04
-4.925944772045177163e-04
-4.239941696827502927e-04
-3.030188368111125415e-04
-1.356504538533370371e-04
7.061113016841298693e-05
3.070126915847750239e-04
5.638552890597118639e-04
8.308343010962721768e-04
1.097399936015063405e-03
1.353125592875021157e-03
1.588071180541017827e-03
1.793128682537750230e-03
1.960337881123160476e-03
2.083161203220874631e-03
2.156708086686897480e-03
2.177901037520563795e-03
2.145577594949522448e-03
2.060524670102083841e-03
1.925444096412649679e-03
1.744850642840464717e-03
1.524906109853297817e-03
1.273195369916182724e-03
9.984522503651113885e-04
7.102449156785925867e-04
4.186318266358059052e-04
1.338003858869043529e-04
-1.342990131103731890e-04
-3.763106553021224954e-04
-5.838103029402691522e-04
-7.496092671436802631e-04
-8.680150422799087166e-04
-9.350393160880985429e-04
-9.485460134256553169e-04
-9.083341340318176619e-04
-8.161524310794023192e-04
-6.756453674065341242e-04
-4.922321964215342020e-04
-2.729233602932405571e-04
-2.608059697129308518e-05
2.388708772392469774e-04
5.117680606231798804e-04
7.820623553321263879e-04
1.039185942110461888e-03
1.272919529124410479e-03
1.473748611869842321e-03
1.633195780067987031e-03
1.744117443042415795e-03
1.800954588043097949e-03
1.799928792806965378e-03
1.739176628032357286e-03
1.618817740333076570e-03
1.440954226135158275e-03
1.209601310612489758e-03
9.305517489185081027e-04
6.111786854692238986e-04
2.601838596430935653e-04
-1.127000424259293893e-04
-4.970424872314055604e-04
-8.820720030798684125e-04
-1.257044426860307648e-03
-1.611609622229467128e-03
-1.936163859778288789e-03
-2.222175555158105529e-03
-2.462472997512875090e-03
-2.651484035060346512e-03
-2.785419370514737730e-03
-2.862393097159695622e-03
-2.882476307435933617e-03
-2.847681952765062068e-03
-2.761881543743622928e-03
-2.630656669337635978e-03
-2.461090598550262284e-03
-2.261507328154589280e-03
-2.041167281885155390e-03
-1.809930385424264078e-03
-1.577898384375464504e-03
-1.355048999140282418e-03
-1.150874795741803694e-03
-9.740394851822078894e-04
-8.320637517185776495e-04
-7.310516739507360705e-04
-6.754673781642873357e-04
-6.679698008849180909e-04
-7.093113988465105189e-04
-7.983044010078891185e-04
-9.318558275011813892e-04
-1.105070087511871328e-03
-1.311415596641971526e-03
-1.542949607407676947e-03
-1.790593402922248563e-03
-2.044448235141385888e-03
-2.294140957296526406e-03
-2.529187255500199138e-03
-2.739359763601341684e-03
-2.915048169973823156e-03
-3.047598701203994495e-03
-3.129621085941132648e-03
-3.155252237337899650e-03
-3.120367404778421044e-03
-3.022731381997071417e-03
-2.862084454900901652e-03
-2.640160054988147618e-03
-2.360633473238775426e-03
-2.029003401045863762e-03
-1.652410414668124914e-03
-1.239398725487409359e-03
-7.996295027734934627e-04
-3.435557691714019178e-04
1.179297875932651439e-04
5.738617973035661053e-04
1.013571179078576407e-03
1.427043230289491271e-03
1.805252344137034653e-03
2.140461688542215617e-03
2.426477408657607120e-03
2.658848510439352358e-03
2.835005487427559503e-03
2.954332900414468732e-03
3.018173434777997322e-03
3.029763361794782488e-03
2.994101734065788070e-03
2.917757967054576598e-03
2.808624617292047789e-03
2.675624087404711651e-03
2.528379601513675544e-03
2.376862045197420878e-03
2.231025108294452594e-03
2.100441576771280676e-03
1.993953577410267734e-03
1.919349087678605143e-03
1.883076100054210380e-03
1.890004507665042415e-03
1.943244102698053841e-03
2.044025109375438055e-03
2.191645478414134575e-03
2.383486826707709866e-03
2.615098496623152920e-03
2.880346818233678503e-03
3.171624368817259777e-03
3.480111917268075873e-03
3.796083890534868513e-03
4.109246669681740176e-03
4.409097868279671095e-03
4.685294006070293144e-03
4.928013692140052054e-03
5.128303584690031489e-03
5.278394993548812288e-03
5.371980015880434278e-03
5.404437509213783769e-03
5.373000959445211819e-03
5.276862333415919225e-03
5.117208244855273036e-03
4.897187130463923413e-03
4.621808546725773847e-03
4.297778073118022416e-03
3.933273560522755966e-03
3.537670515893201126e-03
3.121226193692349868e-03
2.694733408958810764e-03
2.269156145463923930e-03
1.855259668220651066e-03
1.463248040318335151e-03
1.102421683013118849e-03
7.808669143558001277e-04
5.051882800494180651e-04
2.802929900042043943e-04
1.092349477706299268e-04
-6.876228320583637615e-06
-6.889807072036117051e-05
-7.960927966101007808e-05
-4.359656812816530176e-05
3.292163589989002825e-05
1.423283893662542418e-04
2.758901032962481179e-04
4.240771447342745588e-04
5.769118798711817117e-04
7.243319075861735746e-04
8.565557029612697612e-04
9.644378087323370215e-04
1.039801081964319583e-03
1.075734310523202052e-03
1.066844730859480526e-03
1.009456562557492715e-03
9.017485705212360076e-04
7.438258061241133584e-04
5.377229891241387411e-04
2.873393916561950596e-04
-1.692509942986244673e-06
-3.222000246181530277e-04
-6.657181222608305133e-04
-1.022783512857874423e-03
-1.383264623112264195e-03
-1.736715902376158175e-03
-2.072744032997920864e-03
-2.381373198898119325e-03
-2.653396595135979266e-03
-2.880701839411919148e-03
-3.056558857135342755e-03
-3.175860122975738067e-03
-3.235304807776574407e-03
-3.233520341983822915e-03
-3.171117096578365303e-03
-3.050674223183217747e-03
-2.876657104534799999e-03
-2.655269260441444918e-03
-2.394243848826328128e-03
-2.102582016074171917e-03
-1.790247211580874151e-03
-1.467826122949395223e-03
-1.146168056672213073e-03
-8.360153434532984189e-04
-5.476376611226208566e-04
-2.904830303902311475e-04
-7.285765430178111485e-05
9.835423832925968904e-05
2.179207866143495313e-04
2.824351125726037338e-04
2.904241652427672331e-04
2.423900351413222406e-04
1.407823451102100439e-04
-1.009726298622517192e-05
-2.042551488106558299e-04
-4.342245462698081241e-04
-6.913355735352877916e-04
-9.660268762740766664e-04
-1.248187944003363971e-03
-1.527520067737947723e-03
-1.793903257137427574e-03
-2.037756229944414146e-03
-2.250376832815455166e-03
-2.424250942034794111e-03
-2.553319000892427266e-03
-2.633190838847357558e-03
-2.661301233812181886e-03
-2.637000759323881137e-03
-2.561578730087304100e-03
-2.438217442768200044e-03
-2.271879320434592141e-03
-2.069130924176024091e-03
-1.837910011622934710e-03
-1.587243821665523715e-03
-1.326928477545791978e-03
-1.067180766628231204e-03
-8.182745266546811481e-04
-5.901744110972504840e-04
-3.921799013027315456e-04
-2.325920771251456780e-04
-1.184148631299070196e-04
-5.510126205413349264e-05
-4.635351324898027113e-05
-9.398422645361418845e-05
-1.978434065823238622e-04
-3.558139780387749307e-04
-5.638760182426706593e-04
-8.162375036156383802e-04
-1.105527041544202135e-03
-1.423041890450932063e-03
-1.759042633145488669e-03
-2.103084233967344920e-03
-2.444371935151629614e-03
-2.772129577030148836e-03
-3.075967490637908537e-03
-3.346237125314150719e-03
-3.574360037479259230e-03
-3.753119763695611597e-03
-3.876906399958903078e-03
-3.941905364411553772e-03
-3.946223774328499329e-03
-3.889950051849405937e-03
-3.775144710014127596e-03
-3.605762679317702987e-03
-3.387509930847920799e-03
-3.127639451162833421e-03
-2.834693745859073397e-03
-2.518202918939862339e-03
-2.188348928097678253e-03
-1.855607797478593148e-03
-1.530382338011380223e-03
-1.222638254053221452e-03
-9.415563924269774922e-04
-6.952133202206196329e-04
-4.903014209701182010e-04
-3.318983100000852393e-04
-2.232936374385605452e-04
-1.658793324739173906e-04
-1.591071154091526323e-04
-2.005147430486744001e-04
-2.858200406775826107e-04
-4.090793949113378071e-04
-5.629051193854986033e-04
-7.387340389125994933e-04
-9.271378397804660564e-04
-1.118164267321810571e-03
-1.301697168153515081e-03
-1.467822711554915387e-03
-1.607188905570468718e-03
-1.711345756265099122e-03
-1.773054094981711334e-03
-1.786552194756359322e-03
-1.747770774829293661e-03
-1.654488799672801033e-03
-1.506424552808009786e-03
-1.305258733236132731e-03
-1.054588704109374504e-03
-7.598154358527759106e-04
-4.279670447801086209e-04
-6.746505066658958164e-05
3.121585151308042122e-04
7.005832959497746261e-04
1.087050857036414922e-03
1.460730775201555436e-03
1.811089795283325841e-03
2.128251168062939274e-03
2.403331625843963763e-03
2.628744232790549556e-03
2.798456539976013069e-03
2.908195038133523386e-03
2.955588779568178552e-03
2.940247168775261561e-03
2.863769224457341118e-03
2.729684013154077236e-03
2.543324362597571778e-03
2.311638296824434363e-03
2.042944813247815541e-03
1.746642568010994215e-03
1.432881681833064616e-03
1.112210166561987488e-03
7.952073576568874282e-04
4.921171888379615757e-04
2.124941463842401537e-04
-3.512570799685775513e-05
-2.435171394210801019e-04
-4.070113466225317670e-04
-5.216861964845737748e-04
-5.854944536890661216e-04
-5.983255493328353252e-04
-5.619987648178860744e-04
-4.801881140214744360e-04
-3.582816033431488866e-04
-2.031798517131709657e-04
-2.304118033335448949e-05
1.730178397630849439e-04
3.752558311327335570e-04
5.736622999979958028e-04
7.583230473310728550e-04
9.197824331713389239e-04
1.049389735462639105e-03
1.139617401131162895e-03
1.184339971437998150e-03
1.179063841344658815e-03
1.121099735449732982e-03
1.009671790620606923e-03
8.459593574068876914e-04
6.330699908184021438e-04
3.759445134315686542e-04
8.119741551499890225e-05
-2.431018755272578054e-04
-5.876992500763737921e-04
-9.424682815180525928e-04
-1.296753809577810704e-03
-1.639734752908348194e-03
-1.960793485261659152e-03
-2.249878876382550158e-03
-2.497850317357414897e-03
-2.696790712897970815e-03
-2.840277506726354012e-03
-2.923602272898670647e-03
-2.943931204181680569e-03
-2.900400895485777571e-03
-2.794146083448474215e-03
-2.628258383273302922e-03
-2.407677477479659538e-03
-2.139018573755076778e-03
-1.830342177855775456e-03
-1.490874244395345646e-03
-1.130686502740118303e-03
-7.603481463380292512e-04
-3.905610729188353477e-04
-3.179143512678451935e-05
3.060896137466030762e-04
6.141434205370625756e-04
8.846677873021078446e-04
1.111456767816874133e-03
1.290007243544200131e-03
1.417665085501013198e-03
1.493705828664477001e-03
1.519347083344731609e-03
1.497692302764949950e-03
1.433607934003436812e-03
1.333538316078277264e-03
1.205264872403350243e-03
1.057618098595119885e-03
9.001525021922060976e-04
7.427959502439088202e-04
5.954857783915637514e-04
4.678044795486307810e-04
3.686278053030387237e-04
3.057976781914290270e-04
2.858314432720723223e-04
3.136777134294813432e-04
3.925274292251015786e-04
5.236868181138060706e-04
7.065167673213916706e-04
9.384407956894607380e-04
1.215021403960777312e-03
1.530102184614084418e-03
1.876010765515635260e-03
2.243815527182546014e-03
2.623627146158687921e-03
3.004934443034849596e-03
3.376962808170597564e-03
3.729042683453079841e-03
4.050975222322769631e-03
4.333382345303697300e-03
4.568028951084678047e-03
4.748106014806060225e-03
4.868464671585899170e-03
4.925793096609412669e-03
4.918729993289409214e-03
4.847910718013359252e-03
4.715944426157404196e-03
4.527323036825117372e-03
4.288265198631761518e-03
4.006500712253312398e-03
3.691002947749896009e-03
3.351678612907823315e-03
2.999025719327969800e-03
2.643771703510283504e-03
2.296504351847728897e-03
1.967308427027965583e-03
1.665420690152817629e-03
1.398915365059505552e-03
1.174431021578782250e-03
9.969484002927951095e-04
8.696269137283697392e-04
7.937055004921843900e-04
7.684712517635511504e-04
7.912968529093032232e-04
8.577454700628565128e-04
9.617393468748782967e-04
1.095786143161922924e-03
1.251255023120226165e-03
1.418692757063485296e-03
1.588168698389154929e-03
1.749636485814675974e-03
1.893299735301741567e-03
2.009968847021565298e-03
2.091396365075883293e-03
2.130579080526085866e-03
2.122016235208846763e-03
2.061914723932132317e-03
1.948334051973084390e-03
1.781265918174901536e-03
1.562645587295953065e-03
1.296294608225598494e-03
9.877968433808787928e-04
6.443121146172744052e-04
2.743339603118192995e-04
-1.126000398255258246e-04
-5.062352499510054844e-04
-8.959528399088429861e-04
-1.271136179701828472e-03
-1.621537944518445596e-03
-1.937635079346221052e-03
-2.210959193594431473e-03
-2.434390813067310779e-03
-2.602407179063159423e-03
-2.711274908107066603e-03
-2.759180753976591630e-03
-2.746295878704393262e-03
-2.674771365292696532e-03
-2.548665110461579425e-03
-2.373802636599143569e-03
-2.157576674074844145e-03
-1.908692507218769400e-03
-1.636867974511879579e-03
-1.352498599408327598e-03
-1.066299547164203422e-03
-7.889369123771709487e-04
-5.306612133011640378e-04
-3.009558893884379995e-04
-1.082130707282785015e-04
4.055206939841877502e-05
1.399384211877620094e-04
1.863392487720643559e-04
1.780594402807803098e-04
1.153656437924586650e-04
4.675877175359683530e-07
-1.625687042538684172e-04
-3.679727070736418717e-04
-6.084808229166715479e-04
-8.755999811632138438e-04
-1.159914119274269234e-03
-1.451422752623437486e-03
-1.739899718349556101e-03
-2.015259473068669888e-03
-2.267918061535489655e-03
-2.489136062271022840e-03
-2.671331450143603695e-03
-2.808351372677988025e-03
-2.895693279427288130e-03
-2.930667621511962202e-03
-2.912496389098339581e-03
-2.842344006282129451e-03
-2.723279476640922368e-03
-2.560171085425279672e-03
-2.359517331407985467e-03
-2.129219999842339034e-03
-1.878307319336140497e-03
-1.616616898527667174e-03
-1.354449551803537299e-03
-1.102206147380548626e-03
-8.700202099795130472e-04
-6.673991630427816932e-04
-5.028867966176918652e-04
-3.837588070978487260e-04
-3.157620998926560264e-04
-3.029070162414808625e-04
-3.473197943931159715e-04
-4.491604680778068636e-04
-6.066091154345251441e-04
-8.159209795409378720e-04
-1.071548571232582795e-03
-1.366326520442878202e-03
-1.691712745986710285e-03
-2.038077542497078627e-03
-2.395030506169570483e-03
-2.751773896829515492e-03
-3.097470109002423144e-03
-3.421610431539232142e-03
-3.714372231197347364e-03
-3.966952101948023959e-03
-4.171863364426343750e-03
-4.323187549331314848e-03
-4.416771110938392045e-03
-4.450360535705267032e-03
-4.423671168996925508e-03
-4.338387404608796960e-03
-4.198094285677017069e-03
-4.008142967500368144e-03
-3.775454808598683806e-03
-3.508271004855276209e-03
-3.215856587558049099e-03
-2.908169202787074838e-03
-2.595504320958455340e-03
-2.288129348288620458e-03
-1.995919497665645317e-03
-1.728008211402684482e-03
-1.492464414896575633e-03
-1.296007936330276179e-03
-1.143773086333130587e-03
-1.039128699964120576e-03
-9.835609608028548882e-04
-9.766231228125229862e-04
-1.015953897233224778e-03
-1.097363861384250457e-03
-1.214986858383162007e-03
-1.361491075122466671e-03
-1.528342390354365393e-03
-1.706110748869633454e-03
-1.884808805869414138e-03
-2.054250950717089776e-03
-2.204420101109651805e-03
-2.325829382508083111e-03
-2.409865983110937027e-03
-2.449105095614549296e-03
-2.437582901734864499e-03
-2.371018987377118345e-03
-2.246980345269715580e-03
-2.064981165856334330e-03
-1.826514864655035507e-03
-1.535017166404888198e-03
-1.195761480018493316e-03
-8.156901690735743598e-04
-4.031875672443505586e-04
3.219737195472269524e-05
4.800691379411473969e-04
9.295333593549010530e-04
1.369562016976044868e-03
1.789363442783177289e-03
2.178744206869920319e-03
2.528450277818043972e-03
2.830475567738779865e-03
3.078327115114218998e-03
3.267237676787527155e-03
3.394318341768660149e-03
3.458645879424993540e-03
3.461281819537782335e-03
3.405222651567799564e-03
3.295282941552397319e-03
3.137915512875283711e-03
2.940975039450436593e-03
2.713433379484513595e-03
2.465056665573236040e-03
2.206055503326101452e-03
1.946720569185914854e-03
1.697056405746520755e-03
1.466426271903200967e-03
1.263220513545336909e-03
1.094560091962246042e-03
9.660456707332666822e-04
8.815610609573247981e-04
8.431379153640470268e-04
8.508864110634241015e-04
9.029943438213358306e-04
9.957946550009084789e-04
1.123899009865773815e-03
1.280392727006369590e-03
1.457084204503078517e-03
1.644800074584338787e-03
1.833715712057260678e-03
2.013709478994447650e-03
2.174728252620901098e-03
2.307151384354517738e-03
2.402140289510155957e-03
2.451961367489148818e-03
2.450270883826080950e-03
2.392351775622923553e-03
2.275294024068601900e-03
2.098112212985045032e-03
1.861796091453070141e-03
1.569292304501351126e-03
1.225417866391656030e-03
8.367083417401541051e-04
4.112059868085967415e-04
-4.180479335933444006e-05
-5.121054703944695821e-04
-9.888841753394558322e-04
-1.461097365137059871e-03
-1.917839766891104181e-03
-2.348709702911995576e-03
-2.744157060190128596e-03
-3.095801774590037098e-03
-3.396711731475301945e-03
-3.641630404525012313e-03
-3.827146313436057511e-03
-3.951798417396696489e-03
-4.016113803326590119e-03
-4.022576397352806837e-03
-3.975527841814166519e-03
-3.881004053688808138e-03
-3.746513230562933689e-03
-3.580763118267928698e-03
-3.393347128360270880e-03
-3.194400331556598600e-03
-2.994237404695918123e-03
-2.802985236956585888e-03
-2.630223083915170929e-03
-2.484642889209734071e-03
-2.373741682501288516e-03
-2.303556834051423419e-03
-2.278453440111033283e-03
-2.300971282242056295e-03
-2.371736711854151303e-03
-2.489442531952419744e-03
-2.650896561249393123e-03
-2.851137155051952730e-03
-3.083611607186009795e-03
-3.340411150039004386e-03
-3.612554282942594293e-03
-3.890308462223905292e-03
-4.163538838800448852e-03
-4.422071778412450457e-03
-4.656060378806998849e-03
-4.856339125672224678e-03
-5.014755207419034286e-03
-5.124464824776263361e-03
-5.180184056022278834e-03
-5.178385429608222887e-03
-5.117433257193319818e-03
-4.997652925091988253e-03
-4.821331655666611163e-03
-4.592650651220838744e-03
-4.317550937321771275e-03
-4.003537545951801717e-03
-3.659428840042491457e-03
-3.295059704040259607e-03
-2.920948942804260477e-03
-2.547942486649770917e-03
-2.186844849723591690e-03
-1.848051702359894714e-03
-1.541196381117692412e-03
-1.274822674128914257e-03
-1.056095301209921322e-03
-8.905581900708540825e-04
-7.819489780716848155e-04
-7.320762018920450899e-04
-7.407634441181736289e-04
-8.058623629470609319e-04
-9.233341210438477352e-04
-1.087396336501972793e-03
-1.290730386685929286e-03
-1.524741784786409066e-03
-1.779864493139183927e-03
-2.045898501762493521e-03
-2.312368838943285911e-03
-2.568893433736060133e-03
-2.805546944084755592e-03
-3.013207809646732422e-03
-3.183876380175341275e-03
-3.310952987748103614e-03
-3.389466238540161415e-03
-3.416243547901461411e-03
-3.390017969928651662e-03
-3.311467608467661902e-03
-3.183186262180004878e-03
-3.009586369041907135e-03
-2.796737690859554988e-03
-2.552147432831280635e-03
-2.284489547856133947e-03
-2.003292758167549408e-03
-1.718598275475250034e-03
-1.440599264357192910e-03
-1.179274734879423494e-03
-9.440307468579320523e-04
-7.433615529240866163e-04
-5.845426095536941560e-04
-4.733662689251573377e-04
-4.139294689995377200e-04
-4.084809169675699281e-04
-4.573331760412708419e-04
-5.588427905502300289e-04
-7.094591991587701624e-04
-9.038407743337942887e-04
-1.135033972479589180e-03
-1.394709365900420692e-03
-1.673446332518632512e-03
-1.961056471991227436e-03
-2.246934457368121151e-03
-2.520424067371420350e-03
-2.771186609542463080e-03
-2.989558857657113097e-03
-3.166887991008097807e-03
-3.295831825649405550e-03
-3.370613840387668911e-03
-3.387224080711483815e-03
-3.343558916609450614e-03
-3.239494769034354307e-03
-3.076893229695602631e-03
-2.859537398980488941e-03
-2.593001673032178760e-03
-2.284459539049910580e-03
-1.942436106166041745e-03
-1.576514031834360882e-03
-1.197003132833146261e-03
-8.145852386751534745e-04
-4.399467089869766364e-04
-8.341146502253093085e-05
2.454126360912898576e-04
5.379617267413544816e-04
7.870067000505787374e-04
9.868966781656695816e-04
1.133746689309626018e-03
1.225563023010810531e-03
1.262301919261155873e-03
1.245859585699990663e-03
1.179993945316490291e-03
1.070180911208708750e-03
9.234102807303380071e-04
7.479284584418891858e-04
5.529370814681224856e-04
3.482581668191990780e-04
1.439775737823018845e-04
-4.992066549222963848e-05
-2.239162742344410388e-04
-3.692981766740597140e-04
-4.784812978671274496e-04
-5.452835593438731159e-04
-5.651533082578136854e-04
-5.353391561401907479e-04
-4.549962232223197980e-04
-3.252250147943718406e-04
-1.490415190530374606e-04
6.872047146051752341e-05
3.215714349713407263e-04
6.015869527315869649e-04
8.996795969092121793e-04
1.205912380146082321e-03
1.509842812904207444e-03
1.800885538483083977e-03
2.068680860772550284e-03
2.303456269367493321e-03
2.496368308005493617e-03
2.639812816957911971e-03
2.727692684036220772e-03
2.755633723600983340e-03
2.721141116373282376e-03
2.623690921422527390e-03
2.464753442623880339e-03
2.247747615586071293e-03
1.977927994037098278e-03
1.662208272385710863e-03
1.308927501051224043e-03
9.275671554040225680e-04
5.284289375700525768e-04
1.222845627267584844e-04
-2.799902402180975101e-04
-6.677847337829559892e-04
-1.031112300859597913e-03
-1.360947164339332228e-03
-1.649526952195399469e-03
-1.890610562021422273e-03
-2.079682347548331926e-03
-2.214095532510796868e-03
-2.293149888421728080e-03
-2.318101017651636158e-03
-2.292100980926920894e-03
-2.220072414932086104e-03
-2.108520616791608251e-03
-1.965290246129686690e-03
-1.799275235981564287e-03
-1.620092143057484755e-03
-1.437728448300167484e-03
-1.262178195462749369e-03
-1.103077797846827718e-03
-9.693548358819272220e-04
-8.689022111665256273e-04
-8.082891319508701648e-04
-7.925191120417135731e-04
-8.248435150681448363e-04
-9.066372267972913016e-04
-1.037340858046410493e-03
-1.214471546113075938e-03
-1.433702015361259380e-03
-1.689005162028961145e-03
-1.972859128423392998e-03
-2.276505708052096837e-03
-2.590253050335423590e-03
-2.903812077005458406e-03
-3.206654836681397964e-03
-3.488382250986753457e-03
-3.739088372050858658e-03
-3.949708389023157996e-03
-4.112338186216378359e-03
-4.220514247906155536e-03
-4.269444089894477122e-03
-4.256179127177170396e-03
-4.179723899866376498e-03
-4.041077805395013392e-03
-3.843207845992671710e-03
-3.590953313757875177e-03
-3.290865716811417103e-03
-2.950989515577167981e-03
-2.580591308828458167e-03
-2.189846912218710792e-03
-1.789497244416898315e-03
-1.390485026110226292e-03
-1.003584966831028505e-03
-6.390403403570249063e-04
-3.062186234224033559e-04
-1.329820259130128600e-05
2.330029361328079390e-04
4.276470928461699548e-04
5.674376753513118293e-04
6.511153881759938061e-04
6.793864856122211471e-04
6.548821661026469048e-04
5.820505980535347268e-04
4.669854273918958021e-04
3.171968422052068911e-04
1.413332816408104965e-04
-5.113639559441904541e-05
-2.502690838564398165e-04
-4.460097538077789246e-04
-6.285571719982852631e-04
-7.887201459000194124e-04
-9.182517581744704992e-04
-1.010149828131797194e-03
-1.058913024901565487e-03
-1.060743614179455400e-03
-1.013689693957364789e-03
-9.177218987172959270e-04
-7.747418517245768408e-04
-5.885220406747240741e-04
-3.645791990660214458e-04
-1.099856099188774999e-04
1.668750719719058967e-04
4.565989345794234074e-04
7.490896661992935222e-04
1.033911670308642998e-03
1.300656062570939610e-03
1.539306719040624619e-03
1.740593538488424989e-03
1.896320525524291135e-03
1.999657179309650631e-03
2.045382954372732855e-03
2.030076200475062782e-03
1.952240930158598200e-03
1.812366937509254407e-03
1.612921123608255809e-03
1.358270291409138970e-03
1.054538071036009803e-03
7.094009417230875362e-04
3.318304480412715904e-04
-6.820940899220125499e-05
-4.800990568204143664e-04
-8.929227640636532622e-04
-1.295838045143815880e-03
-1.678442172220893838e-03
-2.031123012369679629e-03
-2.345381958067731601e-03
-2.614117697546354448e-03
-2.831860944085446818e-03
-2.994951961814274095e-03
-3.101654729795855388e-03
-3.152203805893952389e-03
-3.148782309369327174e-03
-3.095431853722148147e-03
-2.997897644455699544e-03
-2.863414226680740041e-03
-2.700439445265325270e-03
-2.518345992762583904e-03
-2.327081404115796323e-03
-2.136808460164540176e-03
-1.957538645618885596e-03
-1.798771547488756378e-03
-1.669152868546084148e-03
-1.576163074682291384e-03
-1.525847617996533168e-03
-1.522598216868989354e-03
-1.568992881337067302e-03
-1.665700309646304467e-03
-1.811452022182077209e-03
-2.003083221304259760e-03
-2.235640953241886143e-03
-2.502555785711103875e-03
-2.795870985102498485e-03
-3.106521158098956778e-03
-3.424650585200540807e-03
-3.739960078748332580e-03
-4.042070194552749816e-03
-4.320888049325825701e-03
-4.566964866025188807e-03
-4.771831690516151886e-03
-4.928301484405673942e-03
-5.030726973831730654e-03
-5.075205181248116509e-03
-5.059721432624072514e-03
-4.984227750628172394e-03
-4.850652841076193503e-03
-4.662843274724298714e-03
-4.426437875474854150e-03
-4.148679664827183491e-03
-3.838171899003827575e-03
-3.504586692999347216e-03
-3.158336386234325641e-03
-2.810219109371843698e-03
-2.471050915445693885e-03
-2.151297309097373062e-03
-1.860717028930578215e-03
-1.608030509023355027e-03
-1.400624581518578569e-03
-1.244303713219795495e-03
-1.143096439713989958e-03
-1.099123727816562037e-03
-1.112533828804951937e-03
-1.181505856948910282e-03
-1.302321921822989850e-03
-1.469505243100251374e-03
-1.676019367055715846e-03
-1.913521465768233936e-03
-2.172660807913497690e-03
-2.443411910375953809e-03
-2.715430668011829460e-03
-2.978420957219399950e-03
-3.222498845591162051e-03
-3.438541627551328431e-03
-3.618509441432248182e-03
-3.755728188129940290e-03
-3.845123831478724184e-03
-3.883399868122346631e-03
-3.869151750076427112e-03
-3.802914256432481706e-03
-3.687140164172034249e-03
-3.526110979350224450e-03
-3.325782874457360039e-03
-3.093573251997184907e-03
-2.838095438521206874e-03
-2.568850834477944337e-03
-2.295889339442194581e-03
-2.029449987206510993e-03
-1.779594421760805761e-03
-1.555846098933198925e-03
-1.366847900510171883e-03
-1.220050204920133247e-03
-1.121440393561873436e-03
-1.075323321896293682e-03
-1.084160500295192455e-03
-1.148473673864438540e-03
-1.266816235060550270e-03
-1.435813526925789870e-03
-1.650270681430834841e-03
-1.903344271299103364e-03
-2.186771817702825270e-03
-2.491151168719076513e-03
-2.806260015461366653e-03
-3.121404405612049956e-03
-3.425784096985906146e-03
-3.708862002400438191e-03
-3.960724832241179286e-03
-4.172422347774413717e-03
-4.336273385737228481e-03
-4.446127976842021573e-03
-4.497576416857893347e-03
-4.488098005061382997e-03
-4.417144276054720334e-03
-4.286153843264590112e-03
-4.098498365546664017e-03
-3.859361558387719698e-03
-3.575555513781763887e-03
-3.255280785888203625e-03
-2.907838666229161512e-03
-2.543305743553042966e-03
-2.172182161033779126e-03
-1.805025901039938440e-03
-1.452085913161619548e-03
-1.122946937534171708e-03
-8.261984614922491393e-04
-5.691393977526014447e-04
-3.575288164585476575e-04
-1.953914455503681386e-04
-8.488473076568702619e-05
-2.623208553196123595e-05
-1.772463783420211679e-05
-5.579137725087476678e-05
-1.351352050031678562e-04
-2.489300771861430736e-04
-3.890722874005387698e-04
-5.464770349237597045e-04
-7.114098349439305956e-04
-8.738411039477260618e-04
-1.023811438984353981e-03
-1.151794732772482704e-03
-1.249046340686284489e-03
-1.307924037964431534e-03
-1.322170457737048901e-03
-1.287147049298261641e-03
-1.200011294205948192e-03
-1.059830905763413378e-03
-8.676309455706086686e-04
-6.263721417498967995e-04
-3.408611047730166800e-04
-1.759552404369496385e-05
3.354502921309573862e-04
7.090920786983622055e-04
1.093245192754463066e-03
1.477266317971371538e-03
1.850315375423705958e-03
2.201725011156475779e-03
2.521364762634207418e-03
2.799987189736838095e-03
3.029543884804601975e-03
3.203460328360186252e-03
3.316859995698569728e-03
3.366729894139402872e-03
3.352021759215315349e-03
3.273685388657452712e-03
3.134632966890778423e-03
2.939635646701315667e-03
2.695156024216039097e-03
2.409122385332795272e-03
2.090652637709123490e-03
1.749737601041659492e-03
1.396894748037059682e-03
1.042804519463989225e-03
6.979419428763069698e-04
3.722164447879918944e-04
7.463245466703539825e-05
-1.870173336704728049e-04
-4.064153261464443015e-04
-5.789298247423331836e-04
-7.017659086824793325e-04
-7.740511562734935956e-04
-7.968532499437603863e-04
-7.731288972118476651e-04
-7.076059101616430326e-04
-6.066026310565965493e-04
-4.777910897983795408e-04
-3.299122529908998986e-04
-1.724534052244129005e-04
-1.529903193722774142e-05
1.316324967250156281e-04
2.587536428481654544e-04
3.571609702595335539e-04
4.189645188783965978e-04
4.375816731603838095e-04
4.079851580331458460e-04
3.268964034280185532e-04
1.929174334453131936e-04
6.596591244349692129e-06
-2.295742695968901355e-04
-5.112310935432649427e-04
-8.322749956112237071e-04
-1.185070945165860815e-03
-1.560700857541920438e-03
-1.949262280972998774e-03
-2.340202265823512501e-03
-2.722674767286259283e-03
-3.085909104853735464e-03
-3.419576611017734365e-03
-3.714142661510781186e-03
-3.961191787893461602e-03
-4.153714512612483034e-03
-4.286345883907969820e-03
-4.355547376293857596e-03
-4.359725802629105598e-03
-4.299285086666453440e-03
-4.176609093237298488e-03
-3.995976124638901672e-03
-3.763408081853951773e-03
-3.486459574221224302e-03
-3.173954361040223857e-03
-2.835678349769625486e-03
-2.482039893471258904e-03
-2.123709271784907180e-03
-1.771249965008752725e-03
-1.434754614409265109e-03
-1.123498393774766818e-03
-8.456219033669174715e-04
-6.078546593413778395e-04
-4.152888257946752478e-04
-2.712110728301984040e-04
-1.769984042412815501e-04
-1.320815540741221254e-04
-1.339771811148713319e-04
-1.783876773104749701e-04
-2.593650348480284421e-04
-3.695329701843599315e-04
-5.003594604620867792e-04
-6.424700800611281033e-04
-7.859910944627193207e-04
-9.209102252790830846e-04
-1.037442380787591094e-03
-1.126387472312767851e-03
-1.179467714419090742e-03
-1.189632526381739774e-03
-1.151320288575211201e-03
-1.060667720442804536e-03
-9.156594835586107789e-04
-7.162127095942538322e-04
-4.641934352888692997e-04
-1.633643148080535842e-04
1.807346095348044603e-04
5.609679488159044231e-04
9.688434880000387555e-04
1.394798869916063057e-03
1.828526436239621489e-03
2.259324878504627172e-03
2.676465409120402754e-03
3.069559649854707722e-03
3.428916371231232121e-03
3.745874603045090158e-03
4.013101460187587510e-03
4.224844260337509531e-03
4.377128107655592869e-03
4.467892023449731090e-03
4.497058854061933113e-03
4.466536502669486014e-03
4.380150434139945537e-03
4.243509806366079287e-03
4.063811903401916281e-03
3.849591703880019238e-03
3.610425337006204632e-03
3.356597790679948824e-03
3.098746485498082587e-03
2.847493170807651429e-03
2.613077005077363551e-03
2.405001638439554189e-03
2.231708621886359031e-03
2.100288542585552511e-03
2.016239960538976448e-03
1.983284544753522761e-03
2.003244836007112006e-03
2.075988867247931420e-03
2.199443528624111209e-03
2.369676154247326097e-03
2.581041416498224429e-03
2.826388324781738820e-03
3.097320019344454618e-03
3.384497200882444125e-03
3.677974508018029640e-03
3.967558000871707589e-03
4.243171170329964118e-03
4.495216595088504311e-03
4.714920522552778007e-03
4.894648249799559217e-03
5.028179206006727110e-03
5.110932052108649315e-03
5.140131867359496766e-03
5.114913524514111409e-03
5.036357594247018767e-03
4.907457486755912104e-03
4.733018951266505098e-03
4.519495427808207372e-03
4.274764996971422426e-03
4.007856723479798385e-03
3.728635966457274128e-03
3.447459670951427604e-03
3.174813711054128192e-03
2.920944987822669120e-03
2.695501172953865959e-03
2.507190725201485521e-03
2.363475100084508687e-03
2.270303949245336839e-03
2.231902603257561110e-03
2.250619303385393774e-03
2.326837557809089720e-03
2.458956719371015870e-03
2.643441494788543317e-03
2.874938683153614033e-03
3.146457088902817039e-03
3.449604343720672362e-03
3.774872380484545643e-03
4.111961600138672179e-03
4.450132418932347018e-03
4.778571926188707880e-03
5.086762855218805376e-03
5.364841990637271400e-03
5.603935506943034418e-03
5.796459542772056800e-03
5.936375534335023088e-03
6.019391417497107002e-03
6.043101705161636056e-03
6.007061588601439461e-03
5.912792523081486160e-03
5.763719158528798209e-03
5.565039881018214035e-03
5.323535556182744724e-03
5.047323229846072991e-03
4.745563468381020986e-03
4.428131643996271322e-03
4.105264731490561661e-03
3.787196038798908149e-03
3.483790713911939611e-03
3.204194840761990463e-03
2.956510457501939845e-03
2.747507919059298011e-03
2.582385713885174475e-03
2.464586178424471759e-03
2.395673590418971599e-03
2.375278932502306907e-03
2.401113277401366493e-03
2.469049337443306007e-03
2.573268328401067707e-03
2.706467004855220120e-03
2.860117611570554309e-03
3.024771636933253852e-03
3.190396715411589201e-03
3.346734860241353492e-03
3.483669455966491996e-03
3.591588129441295948e-03
3.661728758341014495e-03
3.686496463230476590e-03
3.659740442254255655e-03
3.576980911057252646e-03
3.435578155456357318e-03
3.234837729534072864e-03
2.976048066265268247e-03
2.662449133235062632e-03
2.299133179584569517e-03
1.892880997469311571e-03
1.451939378745616648e-03
9.857475062204075315e-04
5.046218064819924269e-04
1.941024543927389093e-05
-4.588718827126661093e-04
-9.194119747853515823e-04
-1.351963044916761145e-03
-1.747186905559023782e-03
-2.096965642712049493e-03
-2.394670535736132758e-03
-2.635379062727296641e-03
-2.816032450752611015e-03
-2.935528312505724605e-03
-2.994745184194194665e-03
-2.996498164057380745e-03
-2.945427263284367859e-03
-2.847822436730581674e-03
-2.711391477184394491e-03
-2.544978956357211129e-03
-2.358246108211615490e-03
-2.161322915708318877e-03
-1.964444632710028987e-03
-1.777585514630554029e-03
-1.610102625488985017e-03
-1.470402232042131814e-03
-1.365640500150102537e-03
-1.301469002374481447e-03
-1.281833971300095710e-03
-1.308836345402266538e-03
-1.382657519618163845e-03
-1.501553405945151931e-03
-1.661917011236020312e-03
-1.858407333945997879e-03
-2.084140053219071028e-03
-2.330933313991198370e-03
-2.589599976785506366e-03
-2.850276068404729041e-03
-3.102773897012646963e-03
-3.336947426755945516e-03
-3.543057073557150452e-03
-3.712121100217194436e-03
-3.836241254941321743e-03
-3.908891196532422556e-03
-3.925157550289931976e-03
-3.881925095543019288e-03
-3.777999540687394797e-03
-3.614163526094117153e-03
-3.393163832779504032e-03
-3.119630183367513854e-03
-2.799928417246356528e-03
-2.441953119989872384e-03
-2.054866907556606066e-03
-1.648795434197127679e-03
-1.234488743924635817e-03
-8.229607644910986487e-04
-4.251195087451412362e-04
-5.140087418910560101e-05
2.885811939220262173e-04
5.863559830936867449e-04
8.348775443321358259e-04
1.028756671136895002e-03
1.164435259376654826e-03
1.240296997709178835e-03
1.256710566986548065e-03
1.216003889530289277e-03
1.122370382494472432e-03
9.817105492045258286e-04
8.014145049918065854e-04
5.900931003674251760e-04
3.572671020019879988e-04
1.130253579256809790e-04
-1.323360437162779272e-04
-3.686809510537489114e-04
-5.863937708984966711e-04
-7.767208819574023503e-04
-9.320808610923843069e-04
-1.046332642091286685e-03
-1.114992204942929360e-03
-1.135390201613230461e-03
-1.106764998422475220e-03
-1.030287882626365397e-03
-9.090195622286599553e-04
-7.477994999324018462e-04
-5.530719799344237849e-04
-3.326550273441313595e-04
-9.546030651393322365e-05
1.488261538238776411e-04
3.900911843556268636e-04
6.181574407891011124e-04
8.231493492043524081e-04
9.958491615785929930e-04
1.128030595583006876e-03
1.212758315580203441e-03
1.244642706321235671e-03
1.220040955301533768e-03
1.137197339273997732e-03
9.963177391810024673e-04
7.995757111669015869e-04
5.510498386595290461e-04
2.565944977614474740e-04
-7.635149898175045118e-05
-4.390117387122424199e-04
-8.215659383527507652e-04
-1.213480339083572923e-03
-1.603863250156520141e-03
-1.981833344748400519e-03
-2.336887862446964705e-03
-2.659257874701601888e-03
-2.940238221106439981e-03
-3.172480609901150942e-03
-3.350239664555060802e-03
-3.469563344603816130e-03
-3.528421115358316117e-03
-3.526765419509446560e-03
-3.466524337689061951e-03
-3.351525732944526850e-03
-3.187355571480489022e-03
-2.981155414925737955e-03
-2.741366207114984740e-03
-2.477427356394226125e-03
-2.199441676973827586e-03
-1.917817945131477034e-03
-1.642903606347801207e-03
-1.384620510417834552e-03
-1.152116441293690079e-03
-9.534446507618807038e-04
-7.952826196036318768e-04
-6.826998911794641446e-04
-6.189830987517643945e-04
-6.055242997285504355e-04
-6.417765077648322856e-04
