1.519147582767308791e-03
1.575780961963618287e-03
1.619091195113830060e-03
1.647222967053788662e-03
1.658836020106081418e-03
1.653154488309884059e-03
1.629996368708696696e-03
1.589782081834578264e-03
1.533521806910000986e-03
1.462782021765499487e-03
1.379632406951690005e-03
1.286574962441923648e-03
1.186457809531879602e-03
1.082376688166952370e-03
9.775675921233455135e-04
8.752942960844978335e-04
7.787347087660463976e-04
6.908700285330438787e-04
6.143805809350234848e-04
5.515519846515606504e-04
5.041949316494909704e-04
4.735813915362131104e-04
4.603994758185257557e-04
4.647285451607094083e-04
4.860354346414516320e-04
5.231919332432794206e-04
5.745129102518190195e-04
6.378137589447131599e-04
7.104851522159072626e-04
7.895824992832068366e-04
8.719269785774220842e-04
9.542146173176785243e-04
1.033129607311930164e-03
1.105457899024761331e-03
1.168197107090013015e-03
1.218658890519703402e-03
1.254560235310997517e-03
1.274100456709001145e-03
1.276021239390706056e-03
1.259647628735329448e-03
1.224908554289512105e-03
1.172336184114225119e-03
1.103044150766748768e-03
1.018685430220967435e-03
9.213913681113031868e-04
8.136940083116489010e-04
6.984344638809979059e-04
5.786605593221971116e-04
4.575173487776316170e-04
3.381343640623116816e-04
2.235135605772188669e-04
1.164219041558981166e-04
1.929237865322364857e-05
-6.586310169016024217e-05
-1.375258090133911048e-04
-1.947248070909549556e-04
-2.370721189912756641e-04
-2.647772131639279723e-04
-2.786402897465606494e-04
-2.800245928643110577e-04
-2.708087108170377033e-04
-2.533205285130027515e-04
-2.302551406907296660e-04
-2.045795977947658176e-04
-1.794278190903320883e-04
-1.579893534959290156e-04
-1.433958855549885428e-04
-1.386094643494269522e-04
-1.463163741563803708e-04
-1.688303693256896815e-04
-2.080086690828830969e-04
-2.651836621848615216e-04
-3.411127221875900266e-04
-4.359479007643680482e-04
-5.492265712261222739e-04
-6.798833614996614184e-04
-8.262829709918641848e-04
-9.862727351018295112e-04
-1.157253110237233852e-03
-1.336263625250941377e-03
-1.520081304203273198e-03
-1.705328129227678567e-03
-1.888583796311068402e-03
-2.066499832062913215e-03
-2.235911092509222219e-03
-2.393940757253786803e-03
-2.538095160762270444e-03
-2.666345159038413168e-03
-2.777191202081008212e-03
-2.869709853690064188e-03
-2.943580150414393942e-03
-2.999088897915246077e-03
-3.037114741004980079e-03
-3.059091587246164784e-03
-3.066952687207604583e-03
-3.063057351928328599e-03
-3.050102896100724287e-03
-3.031024912647998192e-03
-3.008889392618830077e-03
-2.986780489350739694e-03
-2.967687877678363683e-03
-2.954397672267009521e-03
-2.949390743473086999e-03
-2.954752008879520976e-03
-2.972093892950195861e-03
-3.002496649613488333e-03
-3.046467650463895172e-03
-3.103921075416926981e-03
-3.174178726404101956e-03
-3.255991943156118056e-03
-3.347583859284063070e-03
-3.446710522696981582e-03
-3.550738741921265641e-03
-3.656737932333786311e-03
-3.761582744281554650e-03
-3.862062875784453512e-03
-3.954996219301127290e-03
-4.037341373761075755e-03
-4.106305573879434623e-03
-4.159444247951931545e-03
-4.194748707304335640e-03
-4.210718885118230025e-03
-4.206418564952700036e-03
-4.181511151622671618e-03
-4.136274717727296546e-03
-4.071595784200904636e-03
-3.988942037381673807e-03
-3.890314922188964700e-03
-3.778183755244461216e-03
-3.655403648491445216e-03
-3.525120100402046562e-03
-3.390663578365554157e-03
-3.255437765977652748e-03
-3.122805370434387790e-03
-2.995975470316897520e-03
-2.877896329753683573e-03
-2.771157413170622502e-03
-2.677904012306000885e-03
-2.599767455181151675e-03
-2.537813320764675980e-03
-2.492509452280429211e-03
-2.463714868589212369e-03
-2.450689941122379065e-03
-2.452127459109177884e-03
-2.466203474413288747e-03
-2.490646124805354425e-03
-2.522820005210440423e-03
-2.559823112429927480e-03
-2.598592949106894468e-03
-2.636018052687142364e-03
-2.669051026034284513e-03
-2.694819094808138110e-03
-2.710728304512351021e-03
-2.714557694178076387e-03
-2.704540136118424327e-03
-2.679426999706822476e-03
-2.638534365277611649e-03
-2.581769162104436896e-03
-2.509634309273178418e-03
-2.423212675425415793e-03
-2.324130416968223176e-03
-2.214500978362325505e-03
-2.096851717136175800e-03
-1.974035726527458273e-03
-1.849131948735172840e-03
-1.725337083443976086e-03
-1.605853085125846444e-03
-1.493774198504584094e-03
-1.391977499018137981e-03
-1.303020783514843937e-03
-1.229051400027925166e-03
-1.171729223267174540e-03
-1.132166487835406391e-03
-1.110886601448248575e-03
-1.107803396269407348e-03
-1.122221561139220228e-03
-1.152858256034630657e-03
-1.197885168531567053e-03
-1.254989556328601867e-03
-1.321452155110941972e-03
-1.394239240478694058e-03
-1.470105637025352152e-03
-1.545705084297982522e-03
-1.617704111731974991e-03
-1.682895451758189458e-03
-1.738307036434960000e-03
-1.781302777596186025e-03
-1.809671618211501631e-03
-1.821701753344905344e-03
-1.816237438384617296e-03
-1.792716411904773498e-03
-1.751186639246854297e-03
-1.692301806894702318e-03
-1.617295741595192304e-03
-1.527936665884013431e-03
-1.426462907366156906e-03
-1.315502328049283779e-03
-1.197978309499653053e-03
-1.077005599634352391e-03
-9.557796811142530227e-04
-8.374635471548162345e-04
-7.250758602179082366e-04
-6.213844193516126786e-04
-5.288086746540008199e-04
-4.493347090200098767e-04
-3.844456691484219712e-04
-3.350700850993411231e-04
-3.015498895243616897e-04
-2.836292560601508164e-04
-2.804646455235737393e-04
-2.906557040892524110e-04
-3.122959256617054667e-04
-3.430412968293784976e-04
-3.801945114256036207e-04
-4.208017949515779790e-04
-4.617589361040492493e-04
-4.999227989248723053e-04
-5.322243959998895421e-04
-5.557795474518304564e-04
-5.679932341518926803e-04
-5.666539736894596509e-04
-5.500148964797670851e-04
-5.168586647351103031e-04
-4.665439425730387533e-04
-3.990317714703767800e-04
-3.148909089625368191e-04
-2.152819252773062995e-04
-1.019205966644761005e-04
2.297814053484845695e-05
1.567737299567984821e-04
2.964884712895579687e-04
4.389078507640389068e-04
5.806892289046937123e-04
7.184750952759059745e-04
8.490069395792608801e-04
9.692357664272538420e-04
1.076425398213699206e-03
1.168244962619551268e-03
1.242847339603361974e-03
1.298930833974775529e-03
1.335781926626845428e-03
1.353297619643866216e-03
1.351986604607675457e-03
1.332949224478213518e-03
1.297836941460692303e-03
1.248792740295069691e-03
1.188374563293361028e-03
1.119464466843333441e-03
1.045166688205680094e-03
9.686981987721812650e-04
8.932755819576638232e-04
8.220022013937940651e-04
7.577596136164790191e-04
7.031070293992416290e-04
6.601923445462850410e-04
6.306778542558865754e-04
6.156832493549901138e-04
6.157478858702287745e-04
6.308136428096587254e-04
6.602289603977492920e-04
7.027739076616809112e-04
7.567053902630069013e-04
8.198209026715342750e-04
8.895385779600627771e-04
9.629907164699332348e-04
1.037127501407444311e-03
1.108827251665586537e-03
1.175009332364735856e-03
1.232745749826076381e-03
1.279367503221860020e-03
1.312561948394518367e-03
1.330457743883185686e-03
1.331694384021125032e-03
1.315473863835496787e-03
1.281592646475173975e-03
1.230452794077807784e-03
1.163051853179118949e-03
1.080951830378304446e-03
9.862283269105121333e-04
8.814015963563277909e-04
7.693519235634801827e-04
6.532222727547997180e-04
5.363115994771770279e-04
4.219625488539212516e-04
3.134474600475127353e-04
2.138566569991260085e-04
1.259929262736159236e-04
5.227586697642376806e-05
-5.340547218202987972e-06
-4.543431579810978862e-05
-6.716335348521399384e-05
-7.029335503076533827e-05
-5.520461345063446944e-05
-2.287755868115529806e-05
2.514247196504161737e-05
8.679999370858984022e-05
1.596017436822202084e-04
2.407041231443650441e-04
3.270126490477830270e-04
4.152899319866402072e-04
5.022684000905265145e-04
5.847638234377924241e-04
6.597856667988851766e-04
7.246404109245948352e-04
7.770242302195095457e-04
8.151017888043430660e-04
8.375684045552340539e-04
8.436934146223117048e-04
8.333432357071895048e-04
8.069833248949410780e-04
7.656589871180043139e-04
7.109557174322709118e-04
6.449404842006827921e-04
5.700860278462680734e-04
4.891808456236226409e-04
4.052280349849098160e-04
3.213365589854623298e-04
2.406087630860712578e-04
1.660281043440761618e-04
1.003510467292787465e-04
4.600693040664817534e-05
5.009343407501049700e-06
-2.111787904457375267e-05
-3.139741504988536810e-05
-2.543596828985170404e-05
-3.441198785016086337e-06
3.378253941655677377e-05
8.485952200250199617e-05
1.478881693308605220e-04
2.205051740068275732e-04
2.999660095571199414e-04
3.832390137628803291e-04
4.671097635869969665e-04
5.482920969820955599e-04
6.235419028686255919e-04
6.897697024329162109e-04
7.441480860568823550e-04
7.842102492172539586e-04
8.079361813150733995e-04
8.138234927368257106e-04
8.009404023981400765e-04
7.689590317701189195e-04
7.181678400861081241e-04
6.494627649465347817e-04
5.643173773241078831e-04
4.647330939293779447e-04
3.531711873147068198e-04
2.324689705410778139e-04
1.057430864110213577e-04
-2.371671819549317679e-05
-1.525596202384660836e-04
-2.774876359959528777e-04
-3.953674444936798572e-04
-5.033362137618877007e-04
-5.988977360658218280e-04
-6.800055189044238975e-04
-7.451299366555339237e-04
-7.933071072086857623e-04
-8.241677991595700069e-04
-8.379453756697160258e-04
-8.354625163695546773e-04
-8.180972029344084785e-04
-7.877291811084767732e-04
-7.466687965087923269e-04
-6.975707195193863504e-04
-6.433356043290438175e-04
-5.870031501097443000e-04
-5.316403336558944703e-04
-4.802287519475469503e-04
-4.355550441371412750e-04
-4.001082543018237786e-04
-3.759877527432212065e-04
-3.648249631897160575e-04
-3.677216589451811875e-04
-3.852070098058982674e-04
-4.172149038038391227e-04
-4.630823565816639042e-04
-5.215690813896615508e-04
-5.908975502455417889e-04
-6.688121577352431268e-04
-7.526554284584120562e-04
-8.394586107352320931e-04
-9.260434938653304502e-04
-1.009131891677480467e-03
-1.085458965161936132e-03
-1.151886421100855543e-03
-1.205511626573547643e-03
-1.243768820914786365e-03
-1.264518882186946823e-03
-1.266124504843260928e-03
-1.247508155013507276e-03
-1.208190771878663245e-03
-1.148309856827890458e-03
-1.068616312925211448e-03
-9.704501404016533913e-04
-8.556958333954149199e-04
-7.267190330805092715e-04
-5.862866477828699782e-04
-4.374732287197324074e-04
-2.835568703636803453e-04
-1.279082702998820685e-04
2.612317800154202079e-05
1.753222831905989273e-04
3.167160048954994599e-04
4.476726878813901741e-04
5.659891222042180226e-04
6.699623974406307197e-04
7.584440526212036637e-04
8.308746445012914206e-04
8.872975435077858682e-04
9.283514950356453995e-04
9.552422282114645096e-04
9.696941287047471667e-04
9.738836909132609970e-04
9.703571033913273259e-04
9.619348773534908657e-04
9.516068819893354304e-04
9.424214862636300918e-04
9.373727130789135265e-04
9.392893809211471084e-04
9.507301379688331893e-04
9.738880865824132331e-04
1.010508359362524353e-03
1.061821553375645990e-03
1.128495372626951189e-03
1.210606189918161848e-03
1.307631540256719641e-03
1.418463823479338987e-03
1.541444749461078154e-03
1.674419331286860048e-03
1.814807545581266458e-03
1.959691158875076240e-03
2.105912686176044518e-03
2.250183021479851535e-03
2.389193974754027019e-03
2.519731776653873472e-03
2.638787576963145306e-03
2.743661066735588946e-03
2.832053593708982325e-03
2.902147507381661311e-03
2.952668951334930410e-03
2.982931899097854191e-03
2.992861885810651698e-03
2.982998598169451631e-03
2.954477224746905606e-03
2.908989211868501755e-03
2.848723790749957754e-03
2.776292314323630574e-03
2.694638043533085191e-03
2.606934531787172445e-03
2.516476154909447812e-03
2.426564608330295837e-03
2.340395333835654321e-03
2.260947839985256395e-03
2.190883743284818483e-03
2.132456086144669978e-03
2.087433092082291528e-03
2.057039012391241768e-03
2.041914119344642384e-03
2.042095229923929136e-03
2.057017424578924496e-03
2.085536882845395127e-03
2.125974017795341248e-03
2.176175380197964502e-03
2.233592145842336427e-03
2.295372418751736362e-03
2.358464099351780929e-03
2.419724696985752800e-03
2.476034223451893928e-03
2.524407196970758493e-03
2.562099817931296451e-03
2.586708547788862077e-03
2.596256624634674191e-03
2.589265472632106511e-03
2.564808492869465311e-03
2.522545341622004725e-03
2.462735486871390177e-03
2.386230561194547031e-03
2.294445773315821960e-03
2.189311375633283801e-03
2.073205885119788934e-03
1.948873395623766875e-03
1.819327878298879512e-03
1.687747824091752813e-03
1.557364921885647565e-03
1.431350676126575587e-03
1.312704941174049544e-03
1.204150283642815150e-03
1.108035880940495734e-03
1.026254331168872805e-03
9.601742982080828468e-04
9.105913619538856833e-04
8.776988067307885067e-04
8.610793831730339382e-04
8.597183447959715974e-04
8.720373157908515704e-04
8.959478173574530070e-04
9.289225916904969398e-04
9.680822396695751937e-04
1.010294152198522571e-03
1.052280284782035249e-03
1.090730015393041917e-03
1.122414147818515638e-03
1.144296082705351407e-03
1.153636277861052294e-03
1.148086354514791423e-03
1.125769568972824139e-03
1.085344846697734733e-03
1.026052151568710661e-03
9.477376167665423892e-04
8.508575724676948867e-04
7.364613444931518817e-04
6.061534413476874633e-04
4.620364686605380909e-04
3.066367846170284630e-04
1.428155139177802872e-04
-2.633195004174612844e-05
-1.975844226560633573e-04
-3.677075745515239738e-04
-5.335667912740907045e-04
-6.922362841722622638e-04
-8.411006229659143216e-04
-9.779451272644598507e-04
-1.101031945947703559e-03
-1.209159156120103405e-03
-1.301700809669065120e-03
-1.378626524398280859e-03
-1.440499934820962426e-03
-1.488456059815087542e-03
-1.524158384452160928e-03
-1.549737165471606068e-03
-1.567711129123242324e-03
-1.580895313333025454e-03
-1.592298292918762183e-03
-1.605012399829697407e-03
-1.622100797021606066e-03
-1.646485375959139954e-03
-1.680839419951203314e-03
-1.727488809541537001e-03
-1.788325247806748109e-03
-1.864734563108466376e-03
-1.957542619328763236e-03
-2.066980747369497398e-03
-2.192671928307356969e-03
-2.333638232010663578e-03
-2.488329270699205734e-03
-2.654670690944131370e-03
-2.830131025749062224e-03
-3.011804585218409193e-03
-3.196507502439442823e-03
-3.380883590269165035e-03
-3.561516320876773750e-03
-3.735043025196215297e-03
-3.898267331414425382e-03
-4.048265922994627453e-03
-4.182485895360830291e-03
-4.298829319291072419e-03
-4.395722066758988439e-03
-4.472164505740661850e-03
-4.527762305069171593e-03
-4.562736286539827851e-03
-4.577910994755385841e-03
-4.574682399960837073e-03
-4.554965879258648757e-03
-4.521126311536745497e-03
-4.475892747011523363e-03
-4.422260651570952480e-03
-4.363385160206538146e-03
-4.302469087541629933e-03
-4.242649625809898073e-03
-4.186887705228201605e-03
-4.137863896986281563e-03
-4.097884508367044196e-03
-4.068801160906800399e-03
-4.051946668576955797e-03
-4.048089460331152911e-03
-4.057408140087281380e-03
-4.079487070130408989e-03
-4.113333125814030468e-03
-4.157413026174160489e-03
-4.209709922704843801e-03
-4.267797252393575914e-03
-4.328927254880154951e-03
-4.390131038531774367e-03
-4.448326674374942016e-03
-4.500431514418116660e-03
-4.543474781838511938e-03
-4.574706470020467423e-03
-4.591698715892619451e-03
-4.592436075919532033e-03
-4.575391521251316249e-03
-4.539585468323776088e-03
-4.484625755121538111e-03
-4.410727140557627740e-03
-4.318709621606140261e-03
-4.209975604820202950e-03
-4.086466709675861016e-03
-3.950601694845450040e-03
-3.805197660013784691e-03
-3.653377262026631916e-03
-3.498465174462246381e-03
-3.343877396961280560e-03
-3.193007271617322260e-03
-3.049112179623574784e-03
-2.915204868127232660e-03
-2.793953195673778891e-03
-2.687591790387162862e-03
-2.597848698435623396e-03
-2.525889575971104490e-03
-2.472281363972963098e-03
-2.436976703776471114e-03
-2.419319625404741086e-03
-2.418072296572208041e-03
-2.431461883463170021e-03
-2.457245870921678788e-03
-2.492793544164202939e-03
-2.535180769157991364e-03
-2.581294744187259595e-03
-2.627945047130872142e-03
-2.671977083787114259e-03
-2.710383959877740463e-03
-2.740412856036174467e-03
-2.759662179141267324e-03
-2.766166087991675602e-03
-2.758463435144836457e-03
-2.735648714209603163e-03
-2.697403233792841550e-03
-2.644005433508260592e-03
-2.576319989628447858e-03
-2.495766102436299417e-03
-2.404266088016692414e-03
-2.304176088513713513e-03
-2.198201342534392231e-03
-2.089298999407948176e-03
-1.980571898412165823e-03
-1.875157051524308817e-03
-1.776112754615607244e-03
-1.686308300751901326e-03
-1.608320178677717475e-03
-1.544338412818528627e-03
-1.496086346179451411e-03
-1.464756696784833175e-03
-1.450966148285988671e-03
-1.454730086037223785e-03
-1.475458384056286144e-03
-1.511972410579931697e-03
-1.562542676249022806e-03
-1.624945825371248379e-03
-1.696538992569881577e-03
-1.774348938198999203e-03
-1.855172857529124517e-03
-1.935687349049771463e-03
-2.012561740654732374e-03
-2.082571819017919532e-03
-2.142709992513111214e-03
-2.190288042108359205e-03
-2.223028873431339997e-03
-2.239144067593028600e-03
-2.237394524908782427e-03
-2.217132086973648032e-03
-2.178320687917283116e-03
-2.121536301773183086e-03
-2.047945694659499428e-03
-1.959264731897832762e-03
-1.857697705317461938e-03
-1.745859809752655549e-03
-1.626685486887236801e-03
-1.503325848495001707e-03
-1.379038772466554662e-03
-1.257075520446039639e-03
-1.140567846480650864e-03
-1.032419547592553031e-03
-9.352062502711083660e-04
-8.510869370573568692e-04
-7.817303048143983430e-04
-7.282585254094807534e-04
-6.912103686337783869e-04
-6.705249676658685829e-04
-6.655467830612522753e-04
-6.750515775087378512e-04
-6.972924765014174974e-04
-7.300644854579426118e-04
-7.707851863932664496e-04
-8.165887696672914165e-04
-8.644300885263197544e-04
-9.111950724912589328e-04
-9.538136124628580686e-04
-9.893709435302572297e-04
-1.015213603930496811e-03
-1.029046238575740584e-03
-1.029015836385504569e-03
-1.013780431090691072e-03
-9.825598397811849492e-04
-9.351666431640774137e-04
-8.720163042185546248e-04
-7.941160534002662894e-04
-7.030329131286455323e-04
-6.008419658912834754e-04
-4.900566632806699699e-04
-3.735436033538703897e-04
-2.544247487924743709e-04
-1.359704993336506140e-04
-2.148735338600676989e-05
8.579591563253862190e-05
1.828395895779560249e-04
2.668979500783728973e-04
3.356141674457920705e-04
3.871018153628636989e-04
4.200101601287223600e-04
4.335709405563207457e-04
4.276250019347138903e-04
4.026278521264307431e-04
3.596339451762995765e-04
3.002602419337562878e-04
2.266303220666627172e-04
1.413010020763738573e-04
4.717402568108215841e-05
-5.260408521372791267e-05
-1.547505170728590246e-04
-2.559591959418902564e-04
-3.530144123118516175e-04
-4.429010689180034590e-04
-5.229077001193386696e-04
-5.907186657724284575e-04
-6.444923027659174618e-04
-6.829223102913126956e-04
-7.052802332152576219e-04
-7.114375709699424268e-04
-7.018667539538836920e-04
-6.776209704920857632e-04
-6.402935689722394439e-04
-5.919584758640402972e-04
-5.350937358472067839e-04
-4.724908718980990732e-04
-4.071532601824889939e-04
-3.421870995568627354e-04
-2.806888149030803111e-04
-2.256328583209224177e-04
-1.797638580076380216e-04
-1.454969119615015451e-04
-1.248295378098365619e-04
-1.192683810989825146e-04
-1.297732666274314158e-04
-1.567205689995004067e-04
-1.998872008481075604e-04
-2.584557938735755384e-04
-3.310409043204378169e-04
-4.157353368244036309e-04
-5.101749745613145268e-04
-6.116198540631627347e-04
-7.170486527000205198e-04
-8.232632856528562630e-04
-9.269999537368518294e-04
-1.025042756139836822e-03
-1.114335890986426934e-03
-1.192090514825627258e-03
-1.255882517985615386e-03
-1.303737789738050254e-03
-1.334201984263706483e-03
-1.346392340202870290e-03
-1.340029734128923844e-03
-1.315449839617471688e-03
-1.273592994477175779e-03
-1.215973123556437618e-03
-1.144626797247674278e-03
-1.062044200708629673e-03
-9.710844215634728115e-04
-8.748780122682660960e-04
-7.767202282136251388e-04
-6.799586684072050566e-04
-5.878792408193845350e-04
-5.035944323499095664e-04
-4.299377818574538616e-04
-3.693682366480892181e-04
-3.238877258866999483e-04
-2.949748207373406508e-04
-2.835367869043741037e-04
-2.898816904063071282e-04
-3.137115144664588467e-04
-3.541365089828008516e-04
-4.097102499497854030e-04
-4.784841605222214323e-04
-5.580795635645278974e-04
-6.457747214104779055e-04
-7.386037936877946344e-04
-8.334642268296725727e-04
-9.272287939203359333e-04
-1.016858341138384076e-03
-1.099511272957611006e-03
-1.172645923281967310e-03
-1.234112209795728849e-03
-1.282229345234041839e-03
-1.315846868828345279e-03
-1.334386846696849691e-03
-1.337865750910182706e-03
-1.326895240200576687e-03
-1.302661805801290590e-03
-1.266885987746986346e-03
-1.221762584134490496e-03
-1.169883943200113532e-03
-1.114149022223269274e-03
-1.057661397390205699e-03
-1.003619797314921416e-03
-9.552049962944063203e-04
-9.154670323366545081e-04
-8.872167050169494674e-04
-8.729251596340855540e-04
-8.746350821536552069e-04
-8.938866239152152681e-04
-9.316606602474040121e-04
-9.883413810144389688e-04
-1.063699534942291617e-03
-1.156896927031666848e-03
-1.266512024771110313e-03
-1.390585790268474963e-03
-1.526686147699061937e-03
-1.671988843418785453e-03
-1.823371882555099160e-03
-1.977520250960533577e-03
-2.131037271731936120e-03
-2.280558713663265440e-03
-2.422865673131762744e-03
-2.554992294373269537e-03
-2.674324574357282280e-03
-2.778686811172735149e-03
-2.866412688022450250e-03
-2.936398523417291934e-03
-2.988136843089858954e-03
-3.021729118613670877e-03
-3.037877247557363089e-03
-3.037854094650472778e-03
-3.023454146795417474e-03
-2.996926031132883615e-03
-2.960889280355172640e-03
-2.918238280815475989e-03
-2.872036787383232519e-03
-2.825406718737149148e-03
-2.781415146317130476e-03
-2.742963452486411359e-03
-2.712682556405756219e-03
-2.692837892397363913e-03
-2.685247482671152160e-03
-2.691215986221625906e-03
-2.711487044606404346e-03
-2.746215602855074656e-03
-2.794961182448211807e-03
-2.856702347732154729e-03
-2.929871863077389629e-03
-3.012411311626403496e-03
-3.101843263073525599e-03
-3.195358461528485707e-03
-3.289914976743065888e-03
-3.382345841326813915e-03
-3.469471397790046142e-03
-3.548212412806911291e-03
-3.615699987826727965e-03
-3.669378406074994860e-03
-3.707097302195741430e-03
-3.727189913672655439e-03
-3.728534659666796376e-03
-3.710597875981377219e-03
-3.673456194082618323e-03
-3.617797764374777302e-03
-3.544902264292736083e-03
-3.456600374297894539e-03
-3.355214123527104804e-03
-3.243480176470738170e-03
-3.124458729182945892e-03
-3.001431187233508362e-03
-2.877790190247937925e-03
-2.756925815694295009e-03
-2.642111928178344886e-03
-2.536396635222852840e-03
-2.442500666517872805e-03
-2.362727215982717618e-03
-2.298886384405875605e-03
-2.252236848997762626e-03
-2.223446782823028638e-03
-2.212575372915861864e-03
-2.219075564545038362e-03
-2.241817915859934882e-03
-2.279134708055724230e-03
-2.328882747141436393e-03
-2.388522639221341785e-03
-2.455211744827674042e-03
-2.525907539463851607e-03
-2.597477743890771844e-03
-2.666813351551536662e-03
-2.730940580151935450e-03
-2.787127813306926501e-03
-2.832983774958984860e-03
-2.866543487771555394e-03
-2.886338996083633122e-03
-2.891452369227557034e-03
-2.881549123300216567e-03
-2.856890887025981263e-03
-2.818326866058420629e-03
-2.767264404395985197e-03
-2.705619675445283291e-03
-2.635750232932563501e-03
-2.560371788885839120e-03
-2.482462139958217275e-03
-2.405155615016640446e-03
-2.331631750346822678e-03
-2.265002102334892197e-03
-2.208199173942522811e-03
-2.163871358360686115e-03
-2.134287593458377395e-03
-2.121255081382399793e-03
-2.126052970796101296e-03
-2.149384340774170010e-03
-2.191348184862808302e-03
-2.251432393710712729e-03
-2.328527999505885984e-03
-2.420964200975022056e-03
-2.526562960001385669e-03
-2.642711275491478433e-03
-2.766448620987176955e-03
-2.894566501372654223e-03
-3.023716659475848573e-03
-3.150524160288947079e-03
-3.271701409551788873e-03
-3.384159130548288191e-03
-3.485110429312350457e-03
-3.572164320301475082e-03
-3.643405453499636015e-03
-3.697457266931619951e-03
-3.733526368785432779e-03
-3.751426610419154872e-03
-3.751582022451988453e-03
-3.735008525998045632e-03
-3.703275073973933545e-03
-3.658445597270413435e-03
-3.603003802203924404e-03
-3.539763465525911680e-03
-3.471767380351475311e-03
-3.402178502910623795e-03
-3.334167122135257497e-03
-3.270798012243765571e-03
-3.214921527837694051e-03
-3.169072461610045969e-03
-3.135380211474001616e-03
-3.115493406336788430e-03
-3.110521631804334750e-03
-3.120996296613511977e-03
-3.146852008598288643e-03
-3.187429109057950474e-03
-3.241497271743257538e-03
-3.307299333339890936e-03
-3.382613812220875218e-03
-3.464833916249857731e-03
-3.551060261537531629e-03
-3.638204042574012375e-03
-3.723097026957527655e-03
-3.802604507886225057e-03
-3.873737243091525569e-03
-3.933758443633758942e-03
-3.980282048740079598e-03
-4.011358827590450621e-03
-4.025547274974821538e-03
-4.021966800127715035e-03
-4.000331328141980801e-03
-3.960962119444241120e-03
-3.904779340840447161e-03
-3.833272666100942614e-03
-3.748451918863833412e-03
-3.652779470044708113e-03
-3.549086741440874316e-03
-3.440477724399775786e-03
-3.330222877758158562e-03
-3.221647106793860005e-03
-3.118015732835682785e-03
-3.022422434161519105e-03
-2.937683070389966820e-03
-2.866239097131204581e-03
-2.810073942403860416e-03
-2.770645262990447961e-03
-2.748835443375838468e-03
-2.744922061653301722e-03
-2.758569348151818784e-03
-2.788840928012563392e-03
-2.834233394255411109e-03
-2.892729529117594924e-03
-2.961869304147226288e-03
-3.038836167772605758e-03
-3.120555594625609285e-03
-3.203802442495456027e-03
-3.285313355433657108e-03
-3.361900275985773429e-03
-3.430561091936133993e-03
-3.488583544628475093e-03
-3.533638763299882472e-03
-3.563861154612995782e-03
-3.577911855904968019e-03
-3.575023537788696477e-03
-3.555024996413423503e-03
-3.518344684971690985e-03
-3.465993073068238638e-03
-3.399524465441863992e-03
-3.320979632217086787e-03
-3.232811276100299672e-03
-3.137794964129128703e-03
-3.038928661628355170e-03
-2.939324406044574369e-03
-2.842095934304145980e-03
-2.750246219591649145e-03
-2.666558876991768131e-03
-2.593497262149799427e-03
-2.533114817724089335e-03
-2.486979828365750399e-03
-2.456117240073986581e-03
-2.440969601730908455e-03
-2.441378516374284602e-03
-2.456587270807181460e-03
-2.485264569664307095e-03
-2.525548560075072547e-03
-2.575109621514621357e-03
-2.631229737252587658e-03
-2.690895682061082966e-03
-2.750902775916985992e-03
-2.807965582324944715e-03
-2.858831685604320324e-03
-2.900394572590148188e-03
-2.929801674514799590e-03
-2.944553793306197136e-03
-2.942592437261399782e-03
-2.922372013498842139e-03
-2.882914353960737766e-03
-2.823843669484997314e-03
-2.745400710952577462e-03
-2.648435643762020453e-03
-2.534379886410386730e-03
-2.405197899685875256e-03
-2.263320614127390523e-03
-2.111562825417349909e-03
-1.953027447755361192e-03
-1.790999974381989740e-03
-1.628836836201605397e-03
-1.469851561921183079e-03
-1.317202718838835634e-03
-1.173787549734777585e-03
-1.042145020475615091e-03
-9.243716619840604536e-04
-8.220531407530398639e-04
-7.362139398514612985e-04
-6.672868967345178121e-04
-6.151036474128528022e-04
-5.789062930720947128e-04
-5.573798607729155011e-04
-5.487044004928824659e-04
-5.506248720564383380e-04
-5.605363515750264036e-04
-5.755815497516981885e-04
-5.927572026222580190e-04
-6.090255841402869401e-04
-6.214272103712979896e-04
-6.271907632376726247e-04
-6.238363592168856293e-04
-6.092685217258327242e-04
-5.818555769469851329e-04
-5.404926689161217677e-04
-4.846461641130837264e-04
-4.143778684461409080e-04
-3.303481875249400773e-04
-2.337980996648075078e-04
-1.265105542732334102e-04
-1.075263009139474464e-05
1.107995370980190217e-04
2.351504428926265954e-04
3.590863911678460500e-04
4.792846280788849766e-04
5.924266217634665144e-04
6.953115298116449659e-04
7.849658886820778947e-04
8.587456902821521357e-04
9.144272763065809054e-04
9.502838713525470909e-04
9.651450776241136693e-04
9.584372496274829898e-04
9.302033357776564367e-04
8.811014918668000221e-04
8.123825137307663169e-04
7.258468771849759579e-04
6.237828864342321407e-04
5.088880927100463292e-04
3.841767297135772856e-04
2.528764010551295591e-04
1.183176301668831926e-04
-1.617986802082520270e-05
-1.474202207206620112e-04
-2.724397888606921265e-04
-3.886071329960218710e-04
-4.937110662788466451e-04
-5.860337256464818317e-04
-6.644061182892774427e-04
-7.282442153924822406e-04
-7.775643475561285281e-04
-8.129773822691133828e-04
-8.356619079057179666e-04
-8.473173848484746949e-04
-8.500989267230120005e-04
-8.465360187443963895e-04
-8.394380432520339753e-04
-8.317899449196492411e-04
-8.266417136644273883e-04
-8.269955798371466868e-04
-8.356948962650839578e-04
-8.553186223398545488e-04
-8.880851286753253240e-04
-9.357687137998604897e-04
-9.996317783553924658e-04
-1.080375052984279462e-03
-1.178107642744694126e-03
-1.292337955703188202e-03
-1.421985850673590989e-03
-1.565415594582928588e-03
-1.720488489740265537e-03
-1.884633340955526757e-03
-2.054932306197787811e-03
-2.228219134246737457e-03
-2.401186357513109861e-03
-2.570497693142668409e-03
-2.732901721719837793e-03
-2.885342866798111094e-03
-3.025065791726097401e-03
-3.149709559549498852e-03
-3.257388259121393563e-03
-3.346755273430044100e-03
-3.417048937991288594e-03
-3.468117987919407466e-03
-3.500425899188873684e-03
-3.515033967864720100e-03
-3.513563714847653223e-03
-3.498139926894633031e-03
-3.471316321999461281e-03
-3.435986434922285501e-03
-3.395282835452038614e-03
-3.352468199767610381e-03
-3.310822039747388264e-03
-3.273527046298518872e-03
-3.243559015441974114e-03
-3.223584199557248588e-03
-3.215867665291755138e-03
-3.222195853320050218e-03
-3.243816036936999960e-03
-3.281394783846873237e-03
-3.334996859235598698e-03
-3.404085291634739632e-03
-3.487542581314359656e-03
-3.583712289971353101e-03
-3.690459536274884409e-03
-3.805248259418262270e-03
-3.925232525417806338e-03
-4.047358659077113230e-03
-4.168474605532017895e-03
-4.285442672386673667e-03
-4.395251685504251646e-03
-4.495124612657205865e-03
-4.582617868728049333e-03
-4.655708808389843502e-03
-4.712868326942027536e-03
-4.753116012694231889e-03
-4.776055906657074475e-03
-4.781891605851626599e-03
-4.771420171435626287e-03
-4.746005046658240828e-03
-4.707528926326278590e-03
-4.658328223173645137e-03
-4.601111422607388063e-03
-4.538864183112499215e-03
-4.474744505300551518e-03
-4.411971641859407413e-03
-4.353712641257141171e-03
-4.302970502236948790e-03
-4.262477860954867921e-03
-4.234599939986203807e-03
-4.221250165103595901e-03
-4.223821413033173634e-03
-4.243135306832230939e-03
-4.279411344249077487e-03
-4.332256950538482601e-03
-4.400678815024295330e-03
-4.483115125875767465e-03
-4.577487586191008803e-03
-4.681271402183529405e-03
-4.791580805301060356e-03
-4.905267126505578196e-03
-5.019026001754847352e-03
-5.129509968335239228e-03
-5.233442523292223397e-03
-5.327729664388157135e-03
-5.409565022565265488e-03
-5.476524919700695784e-03
-5.526650038630763657e-03
-5.558510861616487372e-03
-5.571254602179614643e-03
-5.564632003628053498e-03
-5.539003082891418364e-03
-5.495321635787270981e-03
-5.435099063694670725e-03
-5.360348805759717651e-03
-5.273513339824479826e-03
-5.177376325463172932e-03
-5.074962982448226641e-03
-4.969432209437927260e-03
-4.863964236261592890e-03
-4.761647758769197575e-03
-4.665370522362358510e-03
-4.577717198435817501e-03
-4.500878141309559363e-03
-4.436572230819373769e-03
-4.385986510964254986e-03
-4.349734745225177640e-03
-4.327836345044487609e-03
-4.319716412766042186e-03
-4.324226899150995437e-03
-4.339688134381003252e-03
-4.363949276218755113e-03
-4.394465554784745230e-03
-4.428389603510170247e-03
-4.462673670916129411e-03
-4.494179125297540628e-03
-4.519789407568418869e-03
-4.536522465458769915e-03
-4.541638719225926830e-03
-4.532740764465281388e-03
-4.507861306036815841e-03
-4.465536228462524924e-03
-4.404860227987101445e-03
-4.325523041619009842e-03
-4.227824987506137444e-03
-4.112671255159306913e-03
-3.981545127946357898e-03
-3.836461057875063026e-03
-3.679899218121561542e-03
-3.514723807325436516e-03
-3.344087948638785508e-03
-3.171328495949200278e-03
-2.999854413147482086e-03
-2.833032617395863251e-03
-2.674075266185008647e-03
-2.525932417435625393e-03
-2.391193803773700166e-03
-2.272003142979111059e-03
-2.169987967657308840e-03
-2.086207413793123543e-03
-2.021119779054048309e-03
-1.974570969549083958e-03
-1.945804222470306696e-03
-1.933490747269883724e-03
-1.935780195849928515e-03
-1.950369178319258205e-03
-1.974585409511791720e-03
-2.005484524785465170e-03
-2.039956160779725358e-03
-2.074835573316799117e-03
-2.107016871817334221e-03
-2.133563894215823129e-03
-2.151814830340318362e-03
-2.159476922115887570e-03
-2.154707918032738433e-03
-2.136181424849606034e-03
-2.103133865161508492e-03
-2.055391395420457391e-03
-1.993375842616314318e-03
-1.918089454440339518e-03
-1.831079001547530980e-03
-1.734380495435577539e-03
-1.630446466060035205e-03
-1.522058355751852634e-03
-1.412227108827202515e-03
-1.304085451154577422e-03
-1.200775646326373127e-03
-1.105336674721027479e-03
-1.020594803037680291e-03
-9.490613940872683106e-04
-8.928415538549643992e-04
-8.535568339620945837e-04
-8.322847159237109146e-04
-8.295170162484070183e-04
-8.451386890378951525e-04
-8.784277885237118041e-04
-9.280766129518469489e-04
-9.922333093578827607e-04
-1.068562502059781667e-03
-1.154322841246379142e-03
-1.246458775209462796e-03
-1.341703351329427002e-03
-1.436688464344771819e-03
-1.528058709261249882e-03
-1.612584869639911971e-03
-1.687273084382943976e-03
-1.749465887079993407e-03
-1.796931596198512527e-03
-1.827938941942544235e-03
-1.841314332187500742e-03
-1.836479767425337490e-03
-1.813470091840102549e-03
-1.772928990752662423e-03
-1.716083888390716652e-03
-1.644700638199591072e-03
-1.561019604846242831e-03
-1.467675387916306598e-03
-1.367603009260924063e-03
-1.263933858979813781e-03
-1.159885052559996976e-03
-1.058646081203274249e-03
-9.632667308337543571e-04
-8.765501994108898477e-04
-8.009551585972091549e-04
-7.385101909826146532e-04
-6.907435989878625213e-04
-6.586310415111658323e-04
-6.425628282745796246e-04
-6.423320116171709997e-04
-6.571436853623009895e-04
-6.856451559471535458e-04
-7.259759183365253280e-04
-7.758356740291040164e-04
-8.325679950702575150e-04
-8.932566886109606120e-04
-9.548314704541890127e-04
-1.014179228844387702e-03
-1.068256962952355508e-03
-1.114202420987321510e-03
-1.149438542719737446e-03
-1.171768027627603879e-03
-1.179454695305119389e-03
-1.171288767093372259e-03
-1.146633760910561540e-03
-1.105453335246643978e-03
-1.048317120679367106e-03
-9.763853134534700726e-04
-8.913725498459125918e-04
-7.954923061400205261e-04
-6.913837516065313030e-04
-5.820235970202833429e-04
-4.706260073714125386e-04
-3.605340661213045860e-04
-2.551065749325220075e-04
-1.576041368734031457e-04
-7.107849690984256426e-05
1.730999858891237204e-06
5.849022031800626097e-05
9.734908895414742585e-05
1.170037185199199040e-04
1.167396619428260544e-04
9.645478208739663006e-05
5.666094901787653440e-05
-1.535484906311059342e-06
-7.647373938817430107e-05
-1.659977792189173940e-04
-2.675325265837847277e-04
-3.781744375469341785e-04
-4.947932656600385545e-04
-6.141414450266415286e-04
-7.329672595644829217e-04
-8.481278339412551964e-04
-9.566979893090006657e-04
-1.056071153254078705e-03
-1.144048793180741513e-03
-1.218915245845940930e-03
-1.279495328815731222e-03
-1.325192724235309521e-03
-1.356007800302777826e-03
-1.372534257552570974e-03
-1.375934730192657305e-03
-1.367896211254473506e-03
-1.350566878322450887e-03
-1.326476549296789738e-03
-1.298443572133528307e-03
-1.269471428665010053e-03
-1.242638693742854515e-03
-1.220986224406415835e-03
-1.207405551379048692e-03
-1.204532403509902053e-03
-1.214649116269282333e-03
-1.239599364359701347e-03
-1.280718226821120614e-03
-1.338780055813760432e-03
-1.413965996379402696e-03
-1.505852315774183726e-03
-1.613419971566867808e-03
-1.735085103166675215e-03
-1.868749397875163216e-03
-2.011868585654766860e-03
-2.161536680995241894e-03
-2.314583037821204767e-03
-2.467678833680522679e-03
-2.617449268246374323e-03
-2.760587560065337100e-03
-2.893966761540798290e-03
-3.014745487600654830e-03
-3.120463865721187415e-03
-3.209126356533567072e-03
-3.279268553162513304e-03
-3.330005627662142344e-03
-3.361060734797159232e-03
-3.372772384481237656e-03
-3.366080529868647683e-03
-3.342491862626383037e-03
-3.304025534208838988e-03
-3.253141206536365460e-03
-3.192651953360093903e-03
-3.125625063133336164e-03
-3.055274216854655077e-03
-2.984846815295704413e-03
-2.917510398738369908e-03
-2.856242132914614800e-03
-2.803725226203493404e-03
-2.762255899105325700e-03
-2.733664156139968375e-03
-2.719251125605450740e-03
-2.719745151075044810e-03
-2.735278160488290467e-03
-2.765383127267229037e-03
-2.809012697996399882e-03
-2.864578318774807768e-03
-2.930008473399191814e-03
-3.002823976266656009e-03
-3.080227664780900085e-03
-3.159205331070522559e-03
-3.236634338677205156e-03
-3.309396100358727444e-03
-3.374488457722089971e-03
-3.429134006801361472e-03
-3.470880555804395536e-03
-3.497690177091971643e-03
-3.508013715355645309e-03
-3.500848123912185614e-03
-3.475774603161650451e-03
-3.432976188461528411e-03
-3.373234155358024317e-03
-3.297903353030824658e-03
-3.208867315913279707e-03
-3.108474712842868026e-03
-2.999459347914979705e-03
-2.884846504506296053e-03
-2.767848903468524656e-03
-2.651755911460636130e-03
-2.539819872993672595e-03
-2.435143541675533277e-03
-2.340572548786949442e-03
-2.258596671997480099e-03
-2.191263359879633190e-03
-2.140106539656947728e-03
-2.106093201327762909e-03
-2.089589629656685502e-03
-2.090348468297816443e-03
-2.107517071582944157e-03
-2.139666854803927432e-03
-2.184842619230578913e-03
-2.240630129368878856e-03
-2.304239581557825361e-03
-2.372602047291867602e-03
-2.442475521106761849e-03
-2.510556867367618426e-03
-2.573595754599862333e-03
-2.628506597309821901e-03
-2.672474595954107447e-03
-2.703052173353362973e-03
-2.718242443126429701e-03
-2.716566800822656572e-03
-2.697114285402097810e-03
-2.659570998035360942e-03
-2.604228564461212245e-03
-2.531971361845100806e-03
-2.444242975478168843e-03
-2.342993078657860852e-03
-2.230606615186371457e-03
-2.109817784069402662e-03
-1.983611858463765493e-03
-1.855118297050148803e-03
-1.727498910865015629e-03
-1.603835021531748459e-03
-1.487017581728050045e-03
-1.379644124393503276e-03
-1.283926167276211667e-03
-1.201610332349971203e-03
-1.133915958269138182e-03
-1.081491405238432183e-03
-1.044390595744885356e-03
-1.022070624517913001e-03
-1.013410531737964602e-03
-1.016750590816833466e-03
-1.029950742053972051e-03
-1.050466131368818067e-03
-1.075437112676319714e-03
-1.101790564364506144e-03
-1.126348972559747469e-03
-1.145943460372081130e-03
-1.157526802689393119e-03
-1.158282465234255912e-03
-1.145725844547168526e-03
-1.117794157487196540e-03
-1.072921825223166394e-03
-1.010098703642235479e-03
-9.289091118695924805e-04
-8.295502821627210015e-04
-7.128295742894208160e-04
-5.801405404019226858e-04
-4.334186663534394168e-04
-2.750783264453680768e-04
-1.079331458325988433e-04
6.489745477465663900e-05
2.400922742250415369e-04
4.142392788107715647e-04
5.839496137422491365e-04
7.459707024002750842e-04
8.972944901585783086e-04
1.035257060265157378e-03
1.157626152073385276e-03
1.262673536209739985e-03
1.349229732184464067e-03
1.416719172888606954e-03
1.465174605686038727e-03
1.495230247388698456e-03
1.508093954801751181e-03
1.505499407657728741e-03
1.489640000865518135e-03
1.463086783549540516e-03
1.428693340902065668e-03
1.389490971847066316e-03
1.348577854906347212e-03
1.309006104577856069e-03
1.273670693629337745e-03
1.245204150419953592e-03
1.225880737015091907e-03
1.217533480584998690e-03
1.221486979059251566e-03
1.238508348073151175e-03
1.268778039304797618e-03
1.311881562687590517e-03
1.366822411143394245e-03
1.432055742137247709e-03
1.505541641594408675e-03
1.584816108087787594e-03
1.667077272800491930e-03
1.749283835410675447e-03
1.828262266500513050e-03
1.900819018416294954e-03
1.963853809525407858e-03
2.014470007736607771e-03
2.050078239348315789e-03
2.068489585261018646e-03
2.067995090071735216e-03
2.047428787830091537e-03
2.006212024523753960e-03
1.944377511487662726e-03
1.862572252980481454e-03
1.762039230302322318e-03
1.644578468144563535e-03
1.512488830323622559e-03
1.368492566378850302e-03
1.215645234085151443e-03
1.057234134597076101e-03
8.966687987768338355e-04
7.373673411860342348e-04
5.826426425035195408e-04
4.355923267157741177e-04
2.989963661181779244e-04
1.752258796374579156e-04
6.616629761366818289e-05
-2.684243728637790947e-05
-1.030465602707389579e-04
-1.622986624395091277e-04
-2.050566718495777717e-04
-2.323616952910685825e-04
-2.457955187577726196e-04
-2.474192768584680333e-04
-2.396954606707117294e-04
-2.253960166850656503e-04
-2.074997760947421422e-04
-1.890828267055999490e-04
-1.732056861070915843e-04
-1.628012458275127940e-04
-1.605674281089522286e-04
-1.688683306678678939e-04
-1.896473361878940199e-04
-2.243552427918409152e-04
-2.738959441006147085e-04
-3.385915712031756447e-04
-4.181683255352692174e-04
-5.117635052465584981e-04
-6.179534835871339574e-04
-7.348016622441465523e-04
-8.599247211906027632e-04
-9.905748440546370895e-04
-1.123735036801425244e-03
-1.256224197313593211e-03
-1.384808250392210614e-03
-1.506313448806974884e-03
-1.617737863802208532e-03
-1.716357150626833007e-03
-1.799820874028947026e-03
-1.866236008258379290e-03
-1.914234674408988625e-03
-1.943023729202999952e-03
-1.952414454259586516e-03
-1.942831291254405474e-03
-1.915299301768373392e-03
-1.871410775347120709e-03
-1.813272139254500830e-03
-1.743433013028310163e-03
-1.664799876071017823e-03
-1.580537355229834177e-03
-1.493960572762954592e-03
-1.408422308065233799e-03
-1.327198908070717498e-03
-1.253378925000257034e-03
-1.189758364546977852e-03
-1.138746196039360685e-03
-1.102283416704459909e-03
-1.081778487465597004e-03
-1.078061384382026592e-03
-1.091357857960771702e-03
-1.121284784983530387e-03
-1.166866758986313812e-03
-1.226573321981602304e-03
-1.298375517473744460e-03
-1.379819768603111505e-03
-1.468116479054585926e-03
-1.560240239418932444e-03
-1.653038116041233383e-03
-1.743342217238568002e-03
-1.828082583001137355e-03
-1.904396434114686079e-03
-1.969729945408193062e-03
-2.021928971021316399e-03
-2.059315537972420014e-03
-2.080747424274351307e-03
-2.085658731865705842e-03
-2.074080031878419456e-03
-2.046637376860419629e-03
-2.004530216380116976e-03
-1.949488992957585601e-03
-1.883713908540168847e-03
-1.809797012767888234e-03
-1.730630349886928820e-03
-1.649303390841275977e-03
-1.568993353638698050e-03
-1.492852265347039938e-03
-1.423894734255572126e-03
-1.364890376792973238e-03
-1.318264681563064431e-03
-1.286011798021928585e-03
-1.269622320203510173e-03
-1.270028611117739832e-03
-1.287569599381906214e-03
-1.321976297817101589e-03
-1.372378568037184400e-03
-1.437332910905442587e-03
-1.514870326208696098e-03
-1.602562581807742475e-03
-1.697604587503359890e-03
-1.796910004510739092e-03
-1.897216757537775311e-03
-1.995198769270353258e-03
-2.087580018747624451e-03
-2.171246943313947728e-03
-2.243355261429597850e-03
-2.301427488593551455e-03
-2.343437744148969739e-03
-2.367880891401811464e-03
-2.373823601706962633e-03
-2.360935565757451508e-03
-2.329499770088078008e-03
-2.280401489433337217e-03
-2.215096390393148530e-03
-2.135558872763899853e-03
-2.044212466279983920e-03
-1.943844728160203919e-03
-1.837509628776128143e-03
-1.728420849971441580e-03
-1.619839737747971525e-03
-1.514961837086702470e-03
-1.416805985077142617e-03
-1.328109847596067178e-03
-1.251235557699377846e-03
-1.188088758632093248e-03
-1.140053883376316137e-03
-1.107947932455580382e-03
-1.091994362283154642e-03
-1.091817990444702517e-03
-1.106461086683647663e-03
-1.134420074863946989e-03
-1.173701547878145063e-03
-1.221895619699858455e-03
-1.276264030304097383e-03
-1.333839901322921321e-03
-1.391535631218619425e-03
-1.446255132781157620e-03
-1.495006462915780907e-03
-1.535010880339664728e-03
-1.563804491459201045e-03
-1.579328903986544543e-03
-1.580007692691911669e-03
-1.564805978593415345e-03
-1.533271014448040967e-03
-1.485552334897560865e-03
-1.422400745722544359e-03
-1.345146168273110045e-03
-1.255655096289074856e-03
-1.156269137023187201e-03
-1.049726771793837781e-03
-9.390710595764788227e-04
-8.275465003727269439e-04
-7.184886555902409312e-04
-6.152103771893167134e-04
-5.208886169815031639e-04
-4.384557680060648067e-04
-3.704993320397885590e-04
-3.191734165422498181e-04
-2.861251508862197265e-04
-2.724385900546030066e-04
-2.785980623760816945e-04
-3.044722377480329795e-04
-3.493194679841717673e-04
-4.118142068186489966e-04
-4.900935797665447076e-04
-5.818224693141610610e-04
-6.842748334796375361e-04
-7.944284083259810095e-04
-9.090694774029551466e-04
-1.024904039720529476e-03
-1.138671485021166847e-03
-1.247256798623173424e-03
-1.347797370977289006e-03
-1.437780677454798470e-03
-1.515129415090496305e-03
-1.578271123776329478e-03
-1.626189864290355320e-03
-1.658458155451405461e-03
-1.675248065534295280e-03
-1.677321084580094945e-03
-1.665997148753111182e-03
-1.643103919337283742e-03
-1.610908111694533485e-03
-1.572031299248045390e-03
-1.529353162233853744e-03
-1.485905591494840776e-03
-1.444761378532713773e-03
-1.408921413136927491e-03
-1.381204362511604528e-03
-1.364142719077209931e-03
-1.359888881071870479e-03
-1.370134578533025371e-03
-1.396046489522100118e-03
-1.438220323952824021e-03
-1.496655004984522941e-03
-1.570747873332192530e-03
-1.659311102717442310e-03
-1.760608770870715663e-03
-1.872413306062153558e-03
-1.992079349474156109e-03
-2.116632462652834248e-03
-2.242869588204628867e-03
-2.367467759101504147e-03
-2.487097261892809268e-03
-2.598535301963033912e-03
-2.698776200234211109e-03
-2.785134271051558676e-03
-2.855335786199546949e-03
-2.907596811135701280e-03
-2.940684193251193526e-03
-2.953957570975932010e-03
-2.947390936207704929e-03
-2.921572997610740862e-03
-2.877686333747916415e-03
-2.817466066809028169e-03
-2.743139503887605593e-03
-2.657348858250839236e-03
-2.563059754527921823e-03
-2.463458718491456402e-03
-2.361843236724105351e-03
-2.261508230476840919e-03
-2.165632912366091331e-03
-2.077171979873215606e-03
-1.998754946421803062e-03
-1.932597124489318684e-03
-1.880425365798227451e-03
-1.843421145479153065e-03
-1.822182968366563250e-03
-1.816709397611065285e-03
-1.826403282333221136e-03
-1.850097017456500421e-03
-1.886097931201498063e-03
-1.932252189851243205e-03
-1.986024960045830890e-03
-2.044593998790002892e-03
-2.104953370537802383e-03
-2.164023635653377318e-03
-2.218764627679406520e-03
-2.266286846124579858e-03
-2.303957540087897722e-03
-2.329497744266703207e-03
-2.341066846220431555e-03
-2.337331701062180314e-03
-2.317517851699911827e-03
-2.281441040355299769e-03
-2.229517888356104260e-03
-2.162755351901243534e-03
-2.082719306028092861e-03
-1.991483341275671840e-03
-1.891559551871441897e-03
-1.785813726338466830e-03
-1.677367899070142040e-03
-1.569493665456121777e-03
-1.465499988000265466e-03
-1.368619415160482987e-03
-1.281896691547178280e-03
-1.208083655641641009e-03
-1.149544102222128288e-03
-1.108171938880400968e-03
-1.085325501556565642e-03
-1.081780329183877924e-03
-1.097702052104178490e-03
-1.132640345499099678e-03
-1.185544162324665175e-03
-1.254797715947973853e-03
-1.338275956939184675e-03
-1.433417606694953154e-03
-1.537313196645405042e-03
-1.646805037232459620e-03
-1.758595624018884475e-03
-1.869360693795490708e-03
-1.975862981712728575e-03
-2.075062706938749640e-03
-2.164220929958333116e-03
-2.240992175320431594e-03
-2.303503090627588915e-03
-2.350414402624432814e-03
-2.380964017208666086e-03
-2.394989771520626611e-03
-2.392931059789583925e-03
-2.375809295321662518e-03
-2.345187912948145780e-03
-2.303113333414266110e-03
-2.252038978445980964e-03
-2.194735019203518291e-03
-2.134187040701966166e-03
-2.073487193035000471e-03
-2.015721663273822850e-03
-1.963858430513480084e-03
-1.920639256198540708e-03
-1.888479712943856494e-03
-1.869380772794742174e-03
-1.864855070138578654e-03
-1.875870439507209457e-03
-1.902812722345847887e-03
-1.945469160714401440e-03
-2.003032973527370340e-03
-2.074128967646229806e-03
-2.156859297964286611e-03
-2.248867783440512864e-03
-2.347420534632057177e-03
-2.449500075476771822e-03
-2.551909667965007299e-03
-2.651384189533443313e-03
-2.744703682092312566e-03
-2.828805596658838864e-03
-2.900891801947374886e-03
-2.958526607411523374e-03
-2.999722364769421938e-03
-3.023009645989600900e-03
-3.027489534871740610e-03
-3.012866194837200955e-03
-2.979458565436925079e-03
-2.928190770220033805e-03
-2.860561563405775339e-03
-2.778593876171281569e-03
-2.684766219614474932e-03
-2.581928336183268984e-03
-2.473204042341511921e-03
-2.361884653166489070e-03
-2.251316708750427872e-03
-2.144787921178355379e-03
-2.045415322510687507e-03
-1.956039516453724099e-03
-1.879128721982022869e-03
-1.816695953599249593e-03
-1.770232222230422921e-03
-1.740658079073117591e-03
-1.728295181781410589e-03
-1.732858860644758900e-03
-1.753471926544116107e-03
-1.788699218205781066e-03
-1.836601659709227556e-03
-1.894807915797545308e-03
-1.960601116234501808e-03
-2.031017592845008306e-03
-2.102954152452039469e-03
-2.173280110412536843e-03
-2.238950143314745022e-03
-2.297113991448395103e-03
-2.345219152872812882e-03
-2.381102957385344138e-03
-2.403070781792071824e-03
-2.409957654526110726e-03
-2.401171080788054753e-03
-2.376713578559599017e-03
-2.337184127960776486e-03
-2.283758476524570553e-03
-2.218148985109422069e-03
-2.142545417348637460e-03
-2.059538744573680569e-03
-1.972030634595600077e-03
-1.883131795678629448e-03
-1.796052738862102599e-03
-1.713990788744777262e-03
-1.640017305578752096e-03
-1.576969075371010328e-03
-1.527347679868628488e-03
-1.493230379877751772e-03
-1.476195643087142156e-03
-1.477265935525361347e-03
-1.496869791913770517e-03
-1.534824505640659939e-03
-1.590340057506920649e-03
-1.662044159061027261e-03
-1.748027547293922292e-03
-1.845907958595984421e-03
-1.952910556024533466e-03
-2.065962008000174922e-03
-2.181794938721954256e-03
-2.297059107606005002e-03
-2.408435439627550946e-03
-2.512748928829367998e-03
-2.607076476940507325e-03
-2.688845906635711856e-03
-2.755922698234943881e-03
-2.806681428756396812e-03
-2.840059428123610161e-03
-2.855590790210273382e-03
-2.853419564459209676e-03
-2.834291682926000106e-03
-2.799525922225434664e-03
-2.750964933909787018e-03
-2.690908074562317794e-03
-2.622028403900163521e-03
-2.547276773129416617e-03
-2.469776377274508425e-03
-2.392711478397395106e-03
-2.319214209858699860e-03
-2.252253437935613188e-03
-2.194529583886886074e-03
-2.148379099514763791e-03
-2.115691949782838154e-03
-2.097844999009729292e-03
-2.095653638592368060e-03
-2.109343353698533638e-03
-2.138542226357152860e-03
-2.182294637402170528e-03
-2.239095685552661488e-03
-2.306945114621556086e-03
-2.383418854929473564e-03
-2.465755666465825700e-03
-2.550955840866805588e-03
-2.635888495464302692e-03
-2.717403690357974959e-03
-2.792445429273887007e-03
-2.858161572866646169e-03
-2.912006800228339725e-03
-2.951834996938869967e-03
-2.975977817533541174e-03
-2.983306653830291363e-03
-2.973275821210289490e-03
-2.945945432339047102e-03
-2.901983138918173746e-03
-2.842644661955913768e-03
-2.769733773813282032e-03
-2.685543114897059186e-03
-2.592777899116684420e-03
-2.494465161579738702e-03
-2.393851708469121702e-03
-2.294294324877716850e-03
-2.199146067703315090e-03
-2.111642608020147631e-03
-2.034792585831652397e-03
-1.971275799824122495e-03
-1.923352780597468309e-03
-1.892788897452032460e-03
-1.880795640117882521e-03
-1.887991115647962882e-03
-1.914381128122017491e-03
-1.959361488389000424e-03
-2.021741458052758560e-03
-2.099787492311940007e-03
-2.191285736012382832e-03
-2.293621071242504111e-03
-2.403869935982796795e-03
-2.518903651986777788e-03
-2.635498633084125495e-03
-2.750449605311066758e-03
-2.860681866085196950e-03
-2.963358644696481234e-03
-3.055979799448678598e-03
-3.136468391785115530e-03
-3.203242103975611349e-03
-3.255266999484552996e-03
-3.292091745316172088e-03
