-2.150085703465879662e-03 9.230211939685612627e-04
-1.691507019779829764e-03 5.646220384138340466e-04
-1.252269344132500356e-03 -1.137717788535323737e-04
-9.272312943900604381e-04 -9.992450715077970304e-04
-7.858635956557869905e-04 -1.938978180641412474e-03
-8.588769858994308413e-04 -2.768888550676077386e-03
-1.132275848272093054e-03 -3.344418578516406698e-03
-1.549966656647160969e-03 -3.567646200428028179e-03
-2.024428413205784250e-03 -3.405590586129197267e-03
-2.453423631480102732e-03 -2.896251983984925518e-03
-2.739582580273982465e-03 -2.141246621955786647e-03
-2.809147471341431716e-03 -1.286434987224165192e-03
-2.626320473666654207e-03 -4.942143611771521866e-04
-2.200490126059521153e-03 8.727607931394826789e-05
-1.584957632346833001e-03 3.522056087133186488e-04
-8.673926669538504705e-04 2.570463444655978966e-04
-1.538132555976608066e-04 -1.712734453731025452e-04
4.508902319946949538e-04 -8.405992635373649245e-04
8.622129446159100194e-04 -1.611170695735317324e-03
1.031442563121545740e-03 -2.322292325271738903e-03
9.543116328040578567e-04 -2.823000992815520756e-03
6.712698275299245221e-04 -3.000917830745204913e-03
2.593367105784918111e-04 -2.803816739448945425e-03
-1.829113123441961997e-04 -2.249819726894571135e-03
-5.543675311516329304e-04 -1.424282688211855798e-03
-7.708244066189427583e-04 -4.639550554637278477e-04
-7.811210655904029729e-04 4.685937785924516917e-04
-5.769473744142174752e-04 1.215445414227963239e-03
-1.944463090972596434e-04 1.652937410858331671e-03
2.926886826156659648e-04 1.714802431263363208e-03
7.873122725449706143e-04 1.404465396081308517e-03
1.187448275894249956e-03 7.941746653479029965e-04
1.405901374038639236e-03 1.113545324807548267e-05
1.387138400434704492e-03 -7.867260030020332626e-04
1.118233424590625840e-03 -1.440776446669257520e-03
6.317935203584408663e-04 -1.821783545502743667e-03
2.994974425655106288e-07 -1.854416739964326365e-03
-6.770793397137079292e-04 -1.531502605682837775e-03
-1.292712865297034443e-03 -9.153371332251416474e-04
-1.750342259385955640e-03 -1.258087448770368541e-04
-1.982774872087044154e-03 6.824162216846830142e-04
-1.964104487772382751e-03 1.349322318194271517e-03
-1.714155516270646435e-03 1.740011882399855950e-03
-1.294320850369682502e-03 1.770436676625003654e-03
-7.955912091322722701e-04 1.423516965037259626e-03
-3.210506077134492493e-04 7.525904294344163336e-04
3.384134388730464932e-05 -1.284677725714677933e-04
1.994423311322433487e-04 -1.066588614355607444e-03
1.451479914330285406e-04 -1.898280384922987167e-03
-1.148636365186909329e-04 -2.480384631707714324e-03
-5.244501406393364210e-04 -2.716997886500750487e-03
-9.963480910145656576e-04 -2.577465801961125250e-03
-1.428982987280847869e-03 -2.102046195758572756e-03
-1.726055546949818113e-03 -1.394171596641286329e-03
-1.815186920674658790e-03 -6.007782891018934122e-04
-1.662082366991057608e-03 1.155725778888908040e-04
-1.277520393488467809e-03 6.075030338769777348e-04
-7.158318864258640234e-04 7.707228517670615571e-04
-6.514433132951745020e-05 5.637484210931084996e-04
5.687749623325267893e-04 1.570426160144825119e-05
1.082030730329713473e-03 -7.792673295094454909e-04
1.391785123570987628e-03 -1.679926617097521942e-03
1.451496057079133123e-03 -2.524789622724359431e-03
1.259334424320813486e-03 -3.162825228395880518e-03
8.581965487646205310e-04 -3.482179260881739999e-03
3.273184056049909451e-04 -3.431482240979011940e-03
-2.329132377966739104e-04 -3.029701786747473688e-03
-7.200714205371978090e-04 -2.362669640147415078e-03
-1.049099675795019072e-03 -1.566936282594898547e-03
-1.168346712637383360e-03 -8.040055453755320589e-04
-1.069190518380865604e-03 -2.298233338089007531e-04
-7.874332034171309391e-04 3.470629933286406739e-05
-3.962079301101721325e-04 -7.340174624193376331e-05
8.251935485398536208e-06 -5.472727790804938174e-04
3.252783017779226635e-04 -1.311427418738649649e-03
4.693242593124052290e-04 -2.235994679007710564e-03
3.866964170959852039e-04 -3.161192444734562713e-03
6.628335994782511530e-05 -3.927441578927230205e-03
-4.577638898207203903e-04 -4.405414110996354327e-03
-1.111920000972635133e-03 -4.520329290708910951e-03
-1.796640354583574481e-03 -4.265901101704742612e-03
-2.404667414171267684e-03 -3.705300699811585330e-03
-2.840835141959981852e-03 -2.958956135614752934e-03
-3.039633927989666799e-03 -2.181504176204614176e-03
-2.977221540157727955e-03 -1.532263206712830518e-03
-2.675615825874524695e-03 -1.144823130442707742e-03
-2.198283504784874151e-03 -1.101515550558638135e-03
-1.637966492992814788e-03 -1.417603579445725044e-03
-1.099054797948733481e-03 -2.038190281136208551e-03
-6.778453409560694209e-04 -2.848436412860454788e-03
-4.444241010158561742e-04 -3.695157770457262354e-03
-4.295994064910033106e-04 -4.415717292656227803e-03
-6.193556782794439313e-04 -4.868745236305876620e-03
-9.578710168417837231e-04 -4.960873831124826272e-03
-1.358518821804973213e-03 -4.664426498874088903e-03
-1.720760539687467023e-03 -4.022713277392203635e-03
-1.949720101588063538e-03 -3.141929556348515770e-03
-1.974721949023893787e-03 -2.171190660202057445e-03
-1.763270021240785548e-03 -1.274480226671675714e-03
-1.327807727135711961e-03 -5.998205618860479298e-04
-7.239654875497322740e-04 -2.514984215592956738e-04
-4.061418903579329972e-05 -2.706005073934340897e-04
6.164053539491012477e-04 -6.275390705083577075e-04
1.143808904153376582e-03 -1.227977406220291451e-03
1.459965953668002775e-03 -1.931027612174860590e-03
1.519962384242894799e-03 -2.576269161213410631e-03
1.323785941990222002e-03 -3.014466559946448083e-03
9.160921629680059217e-04 -3.136163837574853196e-03
3.776004284058639688e-04 -2.892735475766584560e-03
-1.902477332140777196e-04 -2.305901640217988824e-03
-6.844625706642073430e-04 -1.463899924405492750e-03
-1.019883300601388040e-03 -5.050327799676372284e-04
-1.145093091299153373e-03 4.082991100392695683e-04
-1.051863772567776349e-03 1.120164945059484761e-03
-7.763491303018519533e-04 1.510488691983737390e-03
-3.918097434791106490e-04 1.517689211996508690e-03
5.742692858995152982e-06 1.150290287612890528e-03
3.162517717618877188e-04 4.853026797238954517e-04
4.551191293062609340e-04 -3.463161413516294531e-04
3.697979117052810913e-04 -1.184373314564239740e-03
5.032192955773686326e-05 -1.869646868750723251e-03
-4.682363500458004181e-04 -2.273871253072766961e-03
-1.111857479003803802e-03 -2.323828803134403605e-03
-1.781075680859190661e-03 -2.014990278743491320e-03
-2.369344236523055272e-03 -1.412126809196096724e-03
-2.782799152975422557e-03 -6.367828397158853838e-04
-2.957688466789891446e-03 1.560122008265387447e-04
-2.872174869838545284e-03 8.073780041770527811e-04
-2.550282950963240949e-03 1.184946226402667536e-03
-2.057247861862691787e-03 1.208197258176541824e-03
-1.487148311492380052e-03 8.639680600177643104e-04
-9.451655396535719187e-04 2.091895430271048691e-04
-5.278251690702085667e-04 -6.396697279000548375e-04
-3.049585009356310054e-04 -1.528459287386641852e-03
-3.067921701615265381e-04 -2.294367738314728646e-03
-5.186022540286129839e-04 -2.796617260687820662e-03
-8.839351727520335707e-04 -2.943022178302172071e-03
-1.315774505081087221e-03 -2.707384154934520688e-03
-1.713527475067127409e-03 -2.134430520063960307e-03
-1.982602324737360675e-03 -1.331359819038093265e-03
-2.052856805594116194e-03 -4.475936115260764495e-04
-1.892411598869438291e-03 3.534341736303257386e-04
-1.514200234652067359e-03 9.251120923348618314e-04
-9.740028499362333352e-04 1.165275785212208527e-03
-3.603243681851616407e-04 1.035396244011930512e-03
2.219771308235769531e-04 5.677034006079420244e-04
6.712215592624920599e-04 -1.410987584109669318e-04
9.079076005508912497e-04 -9.483305141871553601e-04
8.895920603006711707e-04 -1.692540663483366311e-03
6.188352595854804778e-04 -2.224260872410313734e-03
1.427107913565521134e-04 -2.434482254082789062e-03
-4.560270083902643570e-04 -2.275457733345758512e-03
-1.074447219867378936e-03 -1.769887067389610104e-03
-1.608686424141468922e-03 -1.006741449722573650e-03
-1.973294879814608757e-03 -1.245149093210009509e-04
-2.117029419885352055e-03 7.149288977460156388e-04
-2.032112090204061649e-03 1.356964405145975796e-03
-1.755212189677846698e-03 1.683472026976440706e-03
-1.359977670660109973e-03 1.635224767585599691e-03
-9.425427752036787989e-04 1.223154166156029425e-03
-6.027691405993121018e-04 5.263609005926208999e-04
-4.247855344185747211e-04 -3.227557344437475542e-04
-4.605239681598498249e-04 -1.163437139215192781e-03
-7.193821390675775133e-04 -1.836855396854816889e-03
-1.165981488925572082e-03 -2.216023215987302820e-03
-1.726456411192138626e-03 -2.229665403051726141e-03
-2.302093692413919018e-03 -1.875536964686347645e-03
-2.787748205383688838e-03 -1.220671196411381729e-03
-3.091554952733040727e-03 -3.885157690120006474e-04
-3.152210342864194409e-03 4.646026673029996358e-04
-2.950553917447092979e-03 1.179224526031676318e-03
-2.513258898455666187e-03 1.623077544299797188e-03
-1.907931952599360367e-03 1.716226511373288282e-03
-1.230547002267645294e-03 1.446287155406129682e-03
-5.875872451689232324e-04 8.708206358878612611e-04
-7.626948151711341120e-05 1.064529287363028323e-04
2.334138349569735930e-04 -6.932223385605707031e-04
3.114450827960820942e-04 -1.366774427945272171e-03
1.729219915511523084e-04 -1.775583628948264846e-03
-1.253724386468484499e-04 -1.830202999023705949e-03
-4.963077927856339921e-04 -1.507440459619497708e-03
-8.394914574618383106e-04 -8.549241836656190250e-04
-1.060852636836966557e-03 1.771668691153630969e-05
-1.091003899940741397e-03 9.593904504991701554e-04
-8.988911640456931232e-04 1.805916563481255004e-03
-4.981360524454008214e-04 2.410867762155384508e-03
5.514067174753657392e-05 2.673046572730583114e-03
6.726116143538576507e-04 2.555399503517409490e-03
1.250210060997593558e-03 2.091793320539399488e-03
1.687660116692303288e-03 1.380375836932156482e-03
1.907375878516122478e-03 5.647835279173322618e-04
1.869153263014779794e-03 -1.932409100265681124e-04
1.577872644599724854e-03 -7.446319054157329951e-04
1.082751758113949508e-03 -9.813527633717262968e-04
4.682862149018992225e-04 -8.569444252999325329e-04
-1.614130964548933424e-04 -3.953780034846249639e-04
-7.019281284385088440e-04 3.134668499665864633e-04
-1.067841269112666325e-03 1.130842692866588063e-03
-1.208398034511281270e-03 1.895467976640099377e-03
-1.116571832379977024e-03 2.454167098771791247e-03
-8.298278387813885250e-04 2.691013934845967910e-03
-4.224551042514207216e-04 2.549458285553783416e-03
9.067526628530361670e-06 2.043242272037370296e-03
3.648874201363217201e-04 1.254035336157821763e-03
5.612005242577240184e-04 3.162305387643666427e-04
5.465904486936133070e-04 -6.082247047195884397e-04
3.121793696238695914e-04 -1.360203722076910784e-03
-1.063411392326776101e-04 -1.813236349630261562e-03
-6.351921667759354278e-04 -1.897162507856428766e-03
-1.176281585343524026e-03 -1.611131333825097144e-03
-1.625666848390589121e-03 -1.023490782944124627e-03
-1.893213460828981239e-03 -2.585943895686626049e-04
-1.919727850283175228e-03 5.269715688614331041e-04
-1.688319616241644276e-03 1.174234733215769695e-03
-1.227838697399378457e-03 1.552101961363292100e-03
-6.077314269639375391e-04 1.582309384702524670e-03
7.471785673558310791e-05 1.254330335986866916e-03
7.123530954773762101e-04 6.274163729536548278e-04
1.207929581832660340e-03 -1.806162329478066674e-04
1.491979863669944855e-03 -1.015731489939876182e-03
1.535392407013372448e-03 -1.716918403566324892e-03
1.354334727749851707e-03 -2.146796340677897211e-03
1.006602709835832362e-03 -2.217783591541813443e-03
5.801013849623805167e-04 -1.908871090478323103e-03
1.756520018714021131e-04 -1.269821381844869930e-03
-1.126063177831720767e-04 -4.119930512335299349e-04
-2.154978115328663388e-04 5.124775848699716875e-04
-1.023025183563984648e-04 1.339201904973197875e-03
2.131034568316275083e-04 1.922376972525706613e-03
6.746295520914811963e-04 2.162103729164191555e-03
1.194428712364323979e-03 2.023019278985539564e-03
1.669455239724718836e-03 1.540721398399031751e-03
2.000989206845634697e-03 8.147744178223887638e-04
2.113430404625290214e-03 -1.037413262932934590e-05
1.968801057489763875e-03 -7.729482492054556148e-04
1.574207085345909370e-03 -1.324648353161364403e-03
9.808391093073102248e-04 -1.558870547764573461e-03
2.746945708517973877e-04 -1.430994814993559287e-03
-4.392317664317184345e-04 -9.668991822530447009e-04
-1.056306505640011977e-03 -2.580868803840599603e-04
-1.491512408342527069e-03 5.556511265401903234e-04
-1.694966886190653419e-03 1.312755096623438502e-03
-1.660779811025067231e-03 1.860574587710196303e-03
-1.427587526992014390e-03 2.084394925302492877e-03
-1.070675649493896481e-03 1.929313114478576566e-03
-6.871950814671347243e-04 1.410817225534100050e-03
-3.772823762904345185e-04 6.120613902968938778e-04
-2.246698345316456517e-04 -3.316529390989398762e-04
-2.804659855796670653e-04 -1.258256730051613695e-03
-5.531852977332888527e-04 -2.009354383966535738e-03
-1.006920982490570795e-03 -2.459968004252252941e-03
-1.568011011106204729e-03 -2.541958746367550207e-03
-2.138937356401289167e-03 -2.256696046057304113e-03
-2.616826986533082704e-03 -1.674580910272626105e-03
-2.913049990051581536e-03 -9.215178956672146100e-04
-2.970200693094668127e-03 -1.549008152770168199e-04
-2.773241361184396701e-03 4.663380432714078934e-04
-2.352691559320596853e-03 8.119420587359795806e-04
-1.779250576779657471e-03 8.050853775763147039e-04
-1.150860772576876682e-03 4.369807580408915666e-04
-5.746495890631275879e-04 -2.314261495850130669e-04
-1.471567005716276858e-04 -1.080996575377610441e-03
6.342308182230300788e-05 -1.956986333870285553e-03
2.963239466805878998e-05 -2.698402662000471720e-03
-2.305536811924122510e-04 -3.168569006607725204e-03
-6.576061030207758619e-04 -3.281107318997252779e-03
-1.162147025682024742e-03 -3.016414609719621394e-03
-1.642253976096036449e-03 -2.425509870953588068e-03
-2.003076734942064140e-03 -1.620518286650766320e-03
-2.175044507730130618e-03 -7.535893396271354811e-04
-2.127209805415492243e-03 1.176486244083298736e-05
-1.873198222842761568e-03 5.314895185760501635e-04
-1.468635228300996850e-03 7.081348521703167542e-04
-1.000536704497553830e-03 5.091959258594932862e-04
-5.706734239512323585e-04 -2.682409463726758564e-05
-2.760624804032463589e-04 -7.977721262386182777e-04
-1.902845438390974361e-04 -1.657229169326839740e-03
-3.491712425782529574e-04 -2.442248211619406622e-03
-7.435811692527756348e-04 -3.004193138994394607e-03
-1.320642261776605510e-03 -3.236839417708459437e-03
-1.993236499809317858e-03 -3.096416571927078018e-03
-2.655943304890408512e-03 -2.609798941450377704e-03
-3.204436003607589664e-03 -1.869295824060169045e-03
-3.554672499744931241e-03 -1.015029935026524931e-03
-3.658260488496013155e-03 -2.082436982621547941e-04
-3.511101662429899108e-03 3.994088184474942071e-04
-3.153691287766460967e-03 6.947658482143158083e-04
-2.663028453826829425e-03 6.247802882533295358e-04
-2.137679317210146139e-03 2.067611926608683461e-04
-1.678830400890948121e-03 -4.747104133142623049e-04
-1.370926447842946063e-03 -1.283613252379754753e-03
-1.265564119569238246e-03 -2.058073154313036848e-03
-1.371694417048453839e-03 -2.640866708756456262e-03
-1.653990151231922098e-03 -2.909070591464648237e-03
-2.039686702185758080e-03 -2.797247197744238186e-03
-2.432597906241045632e-03 -2.309780422599674865e-03
-2.731648456600528369e-03 -1.520028945487552057e-03
-2.850407314951266570e-03 -5.564594237391587038e-04
-2.733915525888032730e-03 4.216137572602645755e-04
-2.369612652215469673e-03 1.254088582921678366e-03
-1.790282079046375593e-03 1.810244482222352243e-03
-1.068445382609287033e-03 2.013309624261658444e-03
-3.032539961616383313e-04 1.854777006894353739e-03
3.976537253593431017e-04 1.395761533852145353e-03
9.379089784456663866e-04 7.551446504719056332e-04
1.250055813507172566e-03 8.675551042872152539e-05
1.307754166708064835e-03 -4.500858176284953157e-04
1.130244808429318581e-03 -7.210801986634028139e-04
7.782425026675798222e-04 -6.427332811605979915e-04
3.420453388695223092e-04 -1.985232354759136533e-04
-7.587966537554117347e-05 5.576152146516911903e-04
-3.805306865648154339e-04 1.511156667037546119e-03
-5.025028041556124821e-04 2.508339364070466537e-03
-4.111818333432196724e-04 3.384971098833816638e-03
-1.205019222386222383e-04 3.997238538877947653e-03
3.138214136993645225e-04 4.248691826033487023e-03
8.050551937258483472e-04 4.108299641338089558e-03
1.252166261258845156e-03 3.616159687011204736e-03
1.559319500260285219e-03 2.875785899368585741e-03
1.654456350341627566e-03 2.034434373258512535e-03
1.503425630780941876e-03 1.255193890670113551e-03
1.116979548862627805e-03 6.861253899674878750e-04
5.492977286804532396e-04 4.322925720912453897e-04
-1.116944480483893020e-04 5.359775240273390810e-04
-7.603935930240428992e-04 9.688246436488042509e-04
-1.292943534600025663e-03 1.637396918078618934e-03
-1.626353539752226941e-03 2.401088498047774470e-03
-1.713702706467328972e-03 3.098997421880540955e-03
-1.552563871075062852e-03 3.580665300598678998e-03
-1.185062913844435201e-03 3.734858081445564457e-03
-6.895714613036071179e-04 3.510932424745052960e-03
-1.656132370503368809e-04 2.928735719530446528e-03
2.851527247011724411e-04 2.075158708035852728e-03
5.782679262865454434e-04 1.087987098871323350e-03
6.624667486168688089e-04 1.301038260482505378e-04
5.292977481524713691e-04 -6.410787945635926591e-04
2.145547155934444104e-04 -1.103173997994496332e-03
-2.087488706929306517e-04 -1.191770787353829252e-03
-6.445252010795338420e-04 -9.124375441845508205e-04
-9.921906831347841998e-04 -3.395090310139586452e-04
-1.166150223043232450e-03 3.981116488450620809e-04
-1.112487112847555413e-03 1.141446912929330176e-03
-8.196865485613909989e-04 1.731596661298553854e-03
-3.213497512455015326e-04 2.039840143677282974e-03
3.096283284722074931e-04 1.991989768657674402e-03
9.743286544515567492e-04 1.582387926151178955e-03
1.566025791690871249e-03 8.748995774671327599e-04
1.989916935941953707e-03 -9.283720605684077191e-06
2.180638568038345028e-03 -9.147149322891988139e-04
2.114264798772943002e-03 -1.681264780720459224e-03
1.812525017800930161e-03 -2.174592682206354707e-03
1.338450188717321427e-03 -2.311740875803928140e-03
7.842783425963599335e-04 -2.077000634378004841e-03
2.539135311870130288e-04 -1.525041398038300654e-03
-1.567383786582089711e-04 -7.707054383851114163e-04
-3.778338945085870466e-04 3.260434743265977833e-05
-3.786380105380987571e-04 7.218557330852120885e-04
-1.730863579368326554e-04 1.155163407332836147e-03
1.831835702233748772e-04 1.238586011863086539e-03
6.037621024547925718e-04 9.438724741596712757e-04
9.882791113000667128e-04 3.137989868183068722e-04
1.241903899338950464e-03 -5.459132572523863608e-04
1.293829356075861534e-03 -1.486569492934151481e-03
1.111228052225370208e-03 -2.344581610922895701e-03
7.060248100324638225e-04 -2.972342275162214841e-03
1.331902196986778602e-04 -3.266049724655333171e-03
-5.191349432731194244e-04 -3.185218009028431725e-03
-1.145827378812522236e-03 -2.760182181917199967e-03
-1.644228211347221157e-03 -2.086181441072770641e-03
-1.933178338871589233e-03 -1.305144934961259507e-03
-1.968047917658341788e-03 -5.786336846974248979e-04
-1.748922633304718973e-03 -5.706681126250133518e-05
-1.320403381756464923e-03 1.489361450438967185e-04
-7.630620528412015817e-04 -1.033419941112658121e-05
-1.781739655817054157e-04 -5.141153920033157600e-04
3.313816016159437531e-04 -1.274975146194002457e-03
6.804379987894248550e-04 -2.155261124695603998e-03
8.174211931827264676e-04 -2.993087371153627975e-03
7.337921792826451912e-04 -3.632939951448010615e-03
4.652715423577437966e-04 -3.955108960720063113e-03
8.462341381338121847e-05 -3.898375318875360509e-03
-3.126245166020473346e-04 -3.471656910825549579e-03
-6.268096809657404834e-04 -2.752408135078212095e-03
-7.735724110594398902e-04 -1.872074270786484862e-03
-7.004092416652679112e-04 -9.913525095335295502e-04
-3.971938270295656027e-04 -2.699409651774947651e-04
1.013403501804138566e-04 1.634999465810384883e-04
7.216389909638563612e-04 2.354901945711435768e-04
1.364757000350842265e-03 -5.858974097206924234e-05
1.924648395923076816e-03 -6.538664538303128656e-04
2.307863615561318339e-03 -1.428503286133103994e-03
2.450933850665947596e-03 -2.227014185614586451e-03
2.332158296851330817e-03 -2.889941866146855231e-03
1.975568000820244075e-03 -3.284275301611661556e-03
1.446319081671649858e-03 -3.328841587103672887e-03
8.383886408027702453e-04 -3.009858939097031279e-03
2.569020021791108832e-04 -2.383701009876067201e-03
-2.015654279803128770e-04 -1.566344961810529554e-03
-4.669866009691453967e-04 -7.114981203254920530e-04
-5.087799537525015655e-04 1.845727778174263874e-05
-3.411711657873460132e-04 4.832009184871481362e-04
-2.001389057420166397e-05 5.910732880034042305e-04
3.683174874435906493e-04 3.164998308715610397e-04
7.238476309859962106e-04 -2.950598874239859348e-04
9.525156229276354964e-04 -1.135576944725619252e-03
9.845769886140565315e-04 -2.054731594463792606e-03
7.883940421598492751e-04 -2.888169275853859613e-03
3.769895460082684294e-04 -3.488387966485178258e-03
-1.938906792709467301e-04 -3.752413047115103935e-03
-8.358520405943978444e-04 -3.641024599390434505e-03
-1.444166315670970032e-03 -3.185902057511565827e-03
-1.917248340709727227e-03 -2.483339423104512136e-03
-2.175614432817660811e-03 -1.675727454682527859e-03
-2.176738870158585488e-03 -9.243157020395480119e-04
-1.922999414670861339e-03 -3.784183023124237325e-04
-1.461209421953649961e-03 -1.469004727473143240e-04
-8.738251704440361126e-04 -2.773502274645608511e-04
-2.634913956649839869e-04 -7.468839421824282655e-04
2.661524733762638288e-04 -1.466330734368424859e-03
6.297766916365908499e-04 -2.297006531070028106e-03
7.761283087199207821e-04 -3.076903997078843291e-03
6.972844824661235310e-04 -3.651340706390705793e-03
4.296502005931918046e-04 -3.902262825509295562e-03
4.652296865330325860e-05 -3.770655233956290032e-03
-3.563551703308403466e-04 -3.267813494390606199e-03
-6.795092303213818826e-04 -2.473341410708357942e-03
-8.391495705625584339e-04 -1.520250787086355193e-03
-7.836060039756760761e-04 -5.699815258746717198e-04
-5.036522093932308854e-04 2.179319308379383969e-04
-3.475250345605536417e-05 7.158087909021801885e-04
5.492064275984905779e-04 8.517192849950413688e-04
1.149522555605320476e-03 6.228119941155514042e-04
1.661056774560641484e-03 9.555372367659842152e-05
1.991909558286795306e-03 -6.071571261005279021e-04
2.080675273071857807e-03 -1.329557158539804856e-03
1.908009960000098953e-03 -1.912795874198707901e-03
1.500323043186850818e-03 -2.225280409603831375e-03
9.248927480902395699e-04 -2.187835902183966810e-03
2.773270641509351705e-04 -1.788912690404457053e-03
-3.362603089803345999e-04 -1.086957062069146421e-03
-8.189906014959085455e-04 -1.994936979548738777e-04
-1.101147557706904766e-03 7.190151302025034417e-04
-1.152907188445201391e-03 1.506342688114668902e-03
-9.894704248124607058e-04 2.023179946501393704e-03
-6.676388871213132783e-04 2.179516881730256348e-03
-2.744949056706526410e-04 1.951726477217917508e-03
8.965755591979851589e-05 1.387114632275708841e-03
3.308474805935644010e-04 5.950718457841271646e-04
3.797707899604479444e-04 -2.735010754348442394e-04
2.054191576818315467e-04 -1.054601254870844544e-03
-1.785892421852323117e-04 -1.601991070951943198e-03
-7.161868828670790894e-04 -1.814684584280617814e-03
-1.319139281537161194e-03 -1.655853701249465062e-03
-1.883493496082729339e-03 -1.159579711206061483e-03
-2.309084077778771147e-03 -4.241774711896200648e-04
-2.518406868127434899e-03 4.066380610660770187e-04
-2.471288630064195999e-03 1.171171413322750088e-03
-2.172574425493800816e-03 1.720555337752281352e-03
-1.671374618064851679e-03 1.947110459447387197e-03
-1.052009558846555637e-03 1.804881928866641739e-03
-4.183602595203144174e-04 1.318461226590160202e-03
1.254196332173351065e-04 5.784203702958047155e-04
4.941876394706460219e-04 -2.757783601892751764e-04
6.374511209550401793e-04 -1.082161676276825009e-03
5.484111648272823073e-04 -1.686918325194063225e-03
2.647115369282185141e-04 -1.973556939722371541e-03
-1.392362437788528101e-04 -1.885025894102928005e-03
-5.668853002625128153e-04 -1.434604379424902001e-03
-9.183594242712101721e-04 -7.034995399387074678e-04
-1.109858898984576042e-03 1.743987601686101398e-04
-1.089979338126027212e-03 1.037722710129913893e-03
-8.498422563427050509e-04 1.728022594469888311e-03
-4.251091236413010940e-04 2.119603187713899831e-03
1.105109010265048150e-04 2.143155792360351697e-03
6.590368434124052339e-04 1.798716158082662745e-03
1.116671474604027589e-03 1.155499713444055722e-03
1.393444371612478829e-03 3.386502218455590316e-04
1.430323250785502445e-03 -4.945843653358281654e-04
1.210551579712751576e-03 -1.184733575503135261e-03
7.630616522656552157e-04 -1.600381909618069781e-03
1.573108791367554965e-04 -1.663106221140942063e-03
-5.094886772300621751e-04 -1.362349003133092639e-03
-1.130338642046308309e-03 -7.574101599706672744e-04
-1.608228685197445398e-03 3.382009052679997574e-05
-1.873984089955838764e-03 8.572530491326516011e-04
-1.898819360505863384e-03 1.551876641318920055e-03
-1.699233657151257753e-03 1.980368207832333520e-03
-1.333334225710866919e-03 2.055245413103999608e-03
-8.892971682938126355e-04 1.755600004045507591e-03
-4.681635253648821961e-04 1.131241860115018332e-03
-1.642407722946331514e-04 2.934642851811135409e-04
-4.683240896114220127e-05 -6.058255706015176897e-04
-1.467656500569196245e-04 -1.402664511294989284e-03
-4.502772218026651141e-04 -1.951877118613150851e-03
-9.014223176931829892e-04 -2.154370610382820746e-03
-1.412556019153236430e-03 -1.975717675517460643e-03
-1.880905888438351957e-03 -1.452513685069429898e-03
-2.208098845034228708e-03 -6.853093579603027237e-04
-2.318943745525512377e-03 1.805384518030934710e-04
-2.175909770416297774e-03 9.824679749340428907e-04
-1.786553622087318910e-03 1.571536170081950373e-03
-1.202481811696519062e-03 1.840625895333840517e-03
-5.100355476049926468e-04 1.744694145976638305e-03
1.855482712522077676e-04 1.309226997190074578e-03
7.795122822820159045e-04 6.253009875499481417e-04
1.186833805063941061e-03 -1.678123348004498271e-04
1.357727082641187492e-03 -9.092024761185445603e-04
1.286470829965838955e-03 -1.447005115673674971e-03
1.011903193044076795e-03 -1.667402107866108527e-03
6.095036888288597916e-04 -1.516440528251893159e-03
1.765741484675754534e-04 -1.010534036192799624e-03
-1.866633308425649307e-04 -2.336524475507759449e-04
-3.964612107975281664e-04 6.782741845174340787e-04
-4.017517542752323300e-04 1.562789814494377517e-03
-1.940857492030696827e-04 2.261374939871529152e-03
1.905838642628742948e-04 2.649175280521926142e-03
6.786158113921279995e-04 2.658373370908738084e-03
1.172622856043679419e-03 2.290783427790464739e-03
1.570002805509438043e-03 1.617290158545718615e-03
1.782547119080730730e-03 7.642427958887852615e-04
1.753409928011604888e-03 -1.106150106517036916e-04
1.468218086591387139e-03 -8.481182421014559891e-04
9.582103957750781045e-04 -1.317878427849156469e-03
2.948017195405266879e-04 -1.442986672861256347e-03
-4.234099974852857467e-04 -1.214543452462735684e-03
-1.088745894348703506e-03 -6.932642043445892861e-04
-1.604242843865182240e-03 2.141918111448295504e-06
-1.901409367038562042e-03 7.176171614968346064e-04
-1.952592083208038072e-03 1.293132842076533291e-03
-1.775624339813872739e-03 1.593232654171785299e-03
-1.429889727663882868e-03 1.532953402771123621e-03
-1.004558272659898362e-03 1.094209834454533750e-03
-6.012344322144876942e-04 3.295355884819587420e-04
-3.143130430538424846e-04 -6.475338368241983101e-04
-2.127718995050024379e-04 -1.683621124620419181e-03
-3.268558718509128897e-04 -2.614209735126854506e-03
-6.421793774996325654e-04 -3.294460448468674446e-03
-1.102367412263003613e-03 -3.626312781114924937e-03
-1.619736560805372285e-03 -3.576745312479985995e-03
-2.091992900097701651e-03 -3.183742614715181357e-03
-2.421782165410850309e-03 -2.548843822928507311e-03
-2.535385228831851280e-03 -1.817688188523245655e-03
-2.397011688644018652e-03 -1.152245136473508151e-03
-2.015976057227019617e-03 -6.999901142790213027e-04
-1.445387245019079912e-03 -5.658648951540039967e-04
-7.725878727592355765e-04 -7.923327111947027143e-04
-1.031413116559570711e-04 -1.351304758087842938e-03
4.586144336006536294e-04 -2.149465746947408148e-03
8.287770690215340904e-04 -3.045988146042360838e-03
9.592302419293195033e-04 -3.879278112033964464e-03
8.462398263674167018e-04 -4.497685159360636196e-03
5.306805744538135730e-04 -4.788356359039671814e-03
8.986132983195092155e-05 -4.698766659694706034e-03
-3.774931680061257341e-04 -4.246843458089718214e-03
-7.702511289131101216e-04 -3.517763239173442476e-03
-1.004266109625481188e-03 -2.648021861395323962e-03
-1.028474868877812072e-03 -1.799789869041121823e-03
-8.346483469196802748e-04 -1.130403765702897231e-03
-4.589473371709283525e-04 -7.627652574792973157e-04
2.501162611741599242e-05 -7.622487472116622111e-04
5.202649269095315420e-04 -1.124485353323210254e-03
9.251091837744221348e-04 -1.776332679477461967e-03
1.152677426678909173e-03 -2.589843332835427715e-03
1.147768952992689936e-03 -3.406584461288729698e-03
8.977360446162565427e-04 -4.067701342474104587e-03
4.353548013018169929e-04 -4.444031336919606126e-03
-1.668756600194355668e-04 -4.460566076650815913e-03
-8.099387735612955958e-04 -4.110631087000018308e-03
-1.386523152480176021e-03 -3.457100082159607519e-03
-1.800824675166240972e-03 -2.620416906571474552e-03
-1.986191345224535588e-03 -1.755696510024706228e-03
-1.917282451234723385e-03 -1.023244513926866318e-03
-1.614451601586955418e-03 -5.580814131824251081e-04
-1.139534500150136574e-03 -4.442463010447047101e-04
-5.838483768383360192e-04 -6.987503650437197969e-04
-5.068307082374068698e-05 -1.268223433250341816e-03
3.643949276962428312e-04 -2.038893402658941301e-03
5.916918051995388641e-04 -2.858013577385481400e-03
6.005501838674794438e-04 -3.562684968874211752e-03
4.050344698347617791e-04 -4.010620080686089217e-03
6.106324311749036738e-05 -4.107026832510716347e-03
-3.444640629777552814e-04 -3.822525635655832019e-03
-7.104809528126946163e-04 -3.198710005826848127e-03
-9.413163029805659675e-04 -2.340299983300327125e-03
-9.652917766607888072e-04 -1.395375200427066134e-03
-7.488221670849176323e-04 -5.274303805560532060e-04
-3.033371644520878926e-04 1.154565959695114802e-04
3.162985747907024608e-04 4.285080530783179700e-04
1.021581091761967737e-03 3.699042943308146047e-04
1.706537321639687264e-03 -3.150312042338133597e-05
2.267221619909809069e-03 -6.818792526090493820e-04
2.620860185521691355e-03 -1.440413420143159826e-03
2.721030909465684336e-03 -2.146232008092273900e-03
2.566015942810073551e-03 -2.649115428887207063e-03
2.198755908501549318e-03 -2.838197835675725870e-03
1.698423530966801896e-03 -2.663210189271559419e-03
1.165219574245826128e-03 -2.144239171084438324e-03
7.012752143136393281e-04 -1.368148832579556533e-03
3.912798658151368358e-04 -4.723371553131605269e-04
2.865030999869512453e-04 3.811021266748275535e-04
3.952343941083986435e-04 1.035924998635142378e-03
6.814472099076384270e-04 1.371210541032492338e-03
1.071934785518514899e-03 1.324184968706737173e-03
1.470559242653714585e-03 9.020771348863579862e-04
1.776907203809355339e-03 1.807620968777772863e-04
1.905809407530949153e-03 -7.095501028696819378e-04
1.804017063942457005e-03 -1.608871403356069030e-03
1.460865130690004168e-03 -2.357590421904443359e-03
9.108905576170182351e-04 -2.826517884980416385e-03
2.278963759919416300e-04 -2.941137272441528890e-03
-4.884280546585648445e-04 -2.695472979731839032e-03
-1.130810864242781828e-03 -2.152954639068963005e-03
-1.604173063862821469e-03 -1.434118857445030410e-03
-1.843143604769822107e-03 -6.934823019237468938e-04
-1.824009014945705181e-03 -8.997079390930069406e-05
-1.568844850705241722e-03 2.434905048229684364e-04
-1.141054857293644998e-03 2.254617461096481736e-04
-6.331687608944157591e-04 -1.582836432108671119e-04
-1.492133256160508691e-04 -8.517717811819907042e-04
2.150034019992606632e-04 -1.739153481168365795e-03
3.899619107320235166e-04 -2.666392410622150932e-03
3.454362497514883341e-04 -3.470214987682713505e-03
9.597647712415670242e-05 -4.008845130055799927e-03
-3.021630649085562184e-04 -4.188708132033999373e-03
-7.620600100097923166e-04 -3.982050076446640684e-03
-1.183025761011490679e-03 -3.432138099507182384e-03
-1.470162011045236024e-03 -2.645057208737268926e-03
-1.552857412252375835e-03 -1.769656275537023846e-03
-1.398709521107882473e-03 -9.694389105278369227e-04
-1.020222670571051260e-03 -3.917193640723178744e-04
-4.729999748566217398e-04 -1.398806610815952773e-04
1.542416791923885584e-04 -2.539840009188778884e-04
7.559561106227201963e-04 -7.033964967737896517e-04
1.229280833023007041e-03 -1.392828213226391006e-03
1.493095421573008546e-03 -2.180630156020845357e-03
1.503027039052528451e-03 -2.905883092986677983e-03
1.259570735699838077e-03 -3.419142347896140730e-03
8.077938752054044692e-04 -3.611011175048599656e-03
2.286853204307183192e-04 -3.433126197424501980e-03
-3.762102371063245692e-04 -2.907575057491488917e-03
-9.039631007608237619e-04 -2.122957026201252942e-03
-1.269606217263817994e-03 -1.217827082785296949e-03
-1.421999550202214697e-03 -3.546537660140190555e-04
-1.353212327066886283e-03 3.107818017182792120e-04
-1.099653452804400444e-03 6.587543165646784441e-04
-7.347446369269715165e-04 6.281714240019434323e-04
-3.545338036877932657e-04 2.280861265388741711e-04
-5.898444390911670304e-05 -4.640346719607424701e-04
6.750373996539864134e-05 -1.316957848714785410e-03
-2.735856833620806984e-05 -2.170475674007236577e-03
-3.532828902923412697e-04 -2.865649257463033159e-03
-8.750101632323689866e-04 -3.274780192521617277e-03
-1.518458945331809234e-03 -3.325438797345902850e-03
-2.184263289061530444e-03 -3.014003210122194291e-03
-2.766148806070728352e-03 -2.406150214342384248e-03
-3.170677957010051284e-03 -1.624209899382847650e-03
-3.334634623729701083e-03 -8.237840787926843308e-04
-3.236763160113354139e-03 -1.640615794504410394e-04
-2.901644233265654720e-03 2.225430046822948760e-04
-2.394976852314159403e-03 2.556727116032381144e-04
-1.811161407633406564e-03 -7.755862901843622002e-05
-1.255534434414104505e-03 -7.199464096050477505e-04
-8.246164461490339704e-04 -1.554868531510110929e-03
-5.881082680046694020e-04 -2.428234596003771111e-03
-5.760381908240478233e-04 -3.177558075345907063e-03
-7.734852248564933136e-04 -3.662649127485915947e-03
-1.123867832031911432e-03 -3.792117936067163249e-03
-1.540164570340512348e-03 -3.540670705679041345e-03
-1.921930261069174171e-03 -2.953922892607418419e-03
-2.174873077371455507e-03 -2.139817088437759307e-03
-2.229272360959945552e-03 -1.248268775438913462e-03
-2.053736103005063263e-03 -4.428916714829219444e-04
-1.661679520835636012e-03 1.298464915906881630e-04
-1.109284967476631672e-03 3.682010384974693934e-04
-4.853173893457337425e-04 2.342428589955890261e-04
1.052870333099840267e-04 -2.391439578301169083e-04
5.609609342558820712e-04 -9.546791911984995769e-04
8.024823710374417432e-04 -1.769297932806462685e-03
7.878008039794111078e-04 -2.521427154586501716e-03
5.199091929555937084e-04 -3.061757531648409345e-03
4.627349910511844959e-05 -3.281678967159348381e-03
-5.500727475630910485e-04 -3.133990882955569896e-03
-1.166085031140272517e-03 -2.641961571859218795e-03
-1.697974260290574782e-03 -1.895017737204766125e-03
-2.060540866333537922e-03 -1.031877826696718081e-03
-2.202923146968256869e-03 -2.143212308126742679e-04
-2.117786827611841012e-03 4.034406111269792355e-04
-1.842226097641823206e-03 7.039916098168928944e-04
-1.450217062304483143e-03 6.290020435784835200e-04
-1.038065139532839184e-03 1.903610905884197974e-04
-7.056152548146936909e-04 -5.319589999100233970e-04
-5.367963410472316628e-04 -1.404905288452858950e-03
-5.831976414690522807e-04 -2.267375693145244619e-03
-8.537998401582766374e-04 -2.960543946702293323e-03
-1.312817938012440701e-03 -3.357740419494590223e-03
-1.886075852653943405e-03 -3.388235750216536321e-03
-2.474715923808335546e-03 -3.050429034275908401e-03
-2.973655979954934869e-03 -2.411948821832179696e-03
-3.291305731845398531e-03 -1.596653408241668513e-03
-3.366813708491333493e-03 -7.609975334740997667e-04
-3.181581402417620226e-03 -6.424588157309695825e-05
-2.762864687878273731e-03 3.618215390171928766e-04
-2.178778828745841622e-03 4.379714647774258542e-04
-1.525649213035856116e-03 1.525977961382208627e-04
-9.100974811878643047e-04 -4.360378341859061282e-04
-4.292478427861841622e-04 -1.210831439917449360e-03
-1.527926896342718995e-04 -2.018041352941721354e-03
-1.103030988599722553e-04 -2.696467898986409754e-03
-2.861755029219949058e-04 -3.108082198834787903e-03
-6.231589846745235178e-04 -3.164302927621286121e-03
-1.033782249355747222e-03 -2.842943077969037162e-03
-1.417503063405116306e-03 -2.192614683905017535e-03
-1.680319179004632077e-03 -1.323753696458544911e-03
-1.753113778201823014e-03 -3.879601401869393331e-04
-1.605248569788589666e-03 4.504393331473835558e-04
-1.250818396518253457e-03 1.045227172659043448e-03
-7.463719732720562779e-04 1.295695919653470484e-03
-1.805207996402586712e-04 1.165432133289069985e-03
3.426039298577074604e-04 6.889327698954190744e-04
7.229197043091976959e-04 -3.519247883143882547e-05
8.832846813168170053e-04 -8.631395509343899779e-04
7.841374870824535442e-04 -1.633360989837723655e-03
4.311120076522246538e-04 -2.197346257239832495e-03
-1.258175867702301335e-04 -2.447898330314471956e-03
-8.015045693091995844e-04 -2.339548405388430612e-03
-1.491380885586655273e-03 -1.897240123244434964e-03
-2.090817648615043642e-03 -1.211636915744237694e-03
-2.514438697553188305e-03 -4.219399899069119480e-04
-2.711741194062987186e-03 3.105297228748971289e-04
-2.676077556705718646e-03 8.329825618877665814e-04
-2.445310844458959375e-03 1.030238563473778648e-03
-2.094032826644243953e-03 8.467246902793693422e-04
-1.718831827734614449e-03 2.972222749907313388e-04
-1.419413470779299453e-03 -5.356744164830249148e-04
-1.279162428200855987e-03 -1.516911895141239471e-03
-1.348838528116357927e-03 -2.484241307210276629e-03
-1.636506108416305475e-03 -3.278614269769309329e-03
-2.105613936094166694e-03 -3.773961154342565794e-03
-2.681598076493337587e-03 -3.900719528153000909e-03
-3.265764381663113867e-03 -3.658664083100053588e-03
-3.753826781698228320e-03 -3.116615227102692218e-03
-4.055593807190132141e-03 -2.399087934004134285e-03
-4.112076169629251716e-03 -1.662414997475373862e-03
-3.906774400055663954e-03 -1.064871364839866004e-03
-3.469005459800512167e-03 -7.364615043801312974e-04
-2.868632676772230571e-03 -7.540948393108351001e-04
-2.203189357725214830e-03 -1.126853203801756647e-03
-1.579825164918584194e-03 -1.794142380881224436e-03
-1.095483409023962663e-03 -2.637079133047648492e-03
-8.190513873235591869e-04 -3.500957944090060323e-03
-7.788515269879254122e-04 -4.224542751454277677e-03
-9.578292522464398754e-04 -4.670635738606952747e-03
-1.297335756421712097e-03 -4.752132685906495721e-03
-1.708776245234797922e-03 -4.448628397645081403e-03
-2.090904972041898128e-03 -3.810424580495724162e-03
-2.349479605317993883e-03 -2.949177426149800219e-03
-2.415541600260328204e-03 -2.016951404212676251e-03
-2.258850676235420706e-03 -1.177640524751145945e-03
-1.893920603052865349e-03 -5.761631240830853654e-04
-1.377506130152318523e-03 -3.112575833499700052e-04
-7.980114399151346481e-04 -4.170245210019026417e-04
-2.588221503611691770e-04 -8.567049480514301284e-04
1.412843769754034600e-04 -1.529867154524724038e-03
3.269401929518788233e-04 -2.291636388480434560e-03
2.606362455059836689e-04 -2.980321466651654136e-03
-4.992098138708299122e-05 -3.448203093234509901e-03
-5.529455659482288184e-04 -3.589650828070858630e-03
-1.161994237041107190e-03 -3.361242470863170032e-03
-1.771900015402744699e-03 -2.790074995483675553e-03
-2.278211175639298716e-03 -1.968692981591227756e-03
-2.596466654460991008e-03 -1.037595147820364553e-03
-2.677670891588931640e-03 -1.586322397554038120e-04
-2.517051239008621672e-03 5.156651497805844232e-04
-2.154453039815145288e-03 8.710188456709185879e-04
-1.666310451973424672e-03 8.531140866325102792e-04
-1.150725494466020224e-03 4.779744944086170618e-04
-7.084918782799275215e-04 -1.709677887287096819e-04
-4.236670704860648687e-04 -9.585565819838180734e-04
-3.473804420636445855e-04 -1.723385533885599596e-03
-4.879511722316995283e-04 -2.308242530680428700e-03
-8.091930589102615864e-04 -2.589764661531991120e-03
-1.237231125088791633e-03 -2.501693280890604325e-03
-1.674540979093152009e-03 -2.047330480267764343e-03
-2.018552059718419726e-03 -1.298842726070963908e-03
-2.181289672153583544e-03 -3.835473632036625995e-04
-2.106332121444457611e-03 5.402182794031128122e-04
-1.779865804089546082e-03 1.313073728829655153e-03
-1.233736856323260382e-03 1.804740521641042417e-03
-5.399116741285825069e-04 1.938646838352356752e-03
2.026161436704566616e-04 1.706332571595222400e-03
8.860056936352984349e-04 1.168927885539443583e-03
1.413406195414683647e-03 4.454269205417559548e-04
1.716709005137689393e-03 -3.100203613402789226e-04
1.768866106250134790e-03 -9.374948940003831419e-04
1.588455619061634756e-03 -1.301805257020606467e-03
1.235642581584266327e-03 -1.318315353490678160e-03
8.003120416117889564e-04 -9.692077942451434282e-04
3.846328205586301442e-04 -3.070986001818053028e-04
8.336357821426849252e-05 5.546863729542336665e-04
-3.436138338438316474e-05 1.463337573300935255e-03
6.168874190937167525e-05 2.255276945783357516e-03
3.570160627763223739e-04 2.786930594337032243e-03
7.951282577350522480e-04 2.961737421014105399e-03
1.288315180983502003e-03 2.748284410709997405e-03
1.734425857526706704e-03 2.186138756940490119e-03
2.036465624615874104e-03 1.378276003129944331e-03
2.121297017138141019e-03 4.715408091266225839e-04
1.953895655634785809e-03 -3.711577097642682977e-04
1.544452297663989788e-03 -1.001649918127043865e-03
9.469654087046136884e-04 -1.314475841326366058e-03
2.495788476258611302e-04 -1.266726267491529064e-03
-4.415184543879258961e-04 -8.859997611570550810e-04
-1.021595522190177309e-03 -2.649717124860782413e-04
-1.406605918432233485e-03 4.563927792729199732e-04
-1.548511237117401913e-03 1.117610208185106091e-03
-1.443813664304260643e-03 1.568360462447599074e-03
-1.133694894456624414e-03 1.697264359502547934e-03
-6.957468943045799509e-04 1.453302090858993572e-03
-2.288707150711110977e-04 8.558106978597662109e-04
1.657882873966134984e-04 -8.838978984739465257e-06
4.042514849306132457e-04 -1.003263155819561579e-03
4.357830014479802160e-04 -1.964756492565171171e-03
2.525828004008704754e-04 -2.735795334983970317e-03
-1.087403999177083977e-04 -3.193582729537703616e-03
-5.741948733079222733e-04 -3.273046273497114654e-03
-1.046597287617423606e-03 -2.978939160669046536e-03
-1.424237812557719316e-03 -2.384757463477990298e-03
-1.620478018899714542e-03 -1.618682148182576863e-03
-1.580562414323497152e-03 -8.392101118553264979e-04
-1.292450623667452426e-03 -2.050897982071584521e-04
-7.896081057040218358e-04 1.547456559786168813e-04
-1.452148020516717776e-04 1.655552418180833082e-04
5.411247580939367247e-04 -1.791373785288259083e-04
1.161667041983609639e-03 -8.164378905222453983e-04
1.620362103003809666e-03 -1.626148115698896864e-03
1.850491307480077756e-03 -2.453716705529792458e-03
1.826783396498951086e-03 -3.139723346327314996e-03
1.569726878759536946e-03 -3.550308507281501810e-03
1.141273442603235252e-03 -3.602781457968482360e-03
6.327559708920905013e-04 -3.281552091965793568e-03
1.473173295570361736e-04 -2.641364069823935040e-03
-2.198164452545646203e-04 -1.797211030793477958e-03
-3.994789316429899536e-04 -9.028389677049662807e-04
-3.616845954130999295e-04 -1.218990335746939890e-04
-1.212440271497690391e-04 4.027930771647004419e-04
2.651881075621123976e-04 5.760760029448381853e-04
7.100695543763416205e-04 3.682665345235303783e-04
1.111851120591188799e-03 -1.793825790650158385e-04
1.374577797223503015e-03 -9.626212284704910999e-04
1.426489991376671262e-03 -1.834031700373116563e-03
1.234092474092425909e-03 -2.630993749807751352e-03
8.090157051272376916e-04 -3.206489717705162962e-03
2.063580703192326605e-04 -3.456917604759135020e-03
-4.851900023374239096e-04 -3.341647387479070638e-03
-1.159583401476298008e-03 -2.890619965292305811e-03
-1.712960102477120239e-03 -2.198552825270570950e-03
-2.062793113707390991e-03 -1.406853046088380734e-03
-2.163042779688960967e-03 -6.766663790442755972e-04
-2.012451944986611702e-03 -1.581699963259706153e-04
-1.654423567122431400e-03 3.807184504608061848e-05
-1.168512661951399750e-03 -1.377397162784100692e-04
-6.551505002539751397e-04 -6.649880962466393850e-04
-2.164984683536168211e-04 -1.456326373045174153e-03
6.294025421611803596e-05 -2.374005302904593981e-03
1.322793445490545554e-04 -3.255757956445936088e-03
-1.624201982832005481e-05 -3.945344853685578759e-03
-3.459975584042258683e-04 -4.321980502532029450e-03
-7.831929756897683913e-04 -4.323073317858799371e-03
-1.231191949172618727e-03 -3.955976098326227305e-03
-1.589228055773408499e-03 -3.296524105648742688e-03
-1.771949811999439352e-03 -2.474638614231317209e-03
-1.726086974196209753e-03 -1.649722097173051457e-03
-1.441070251547096328e-03 -9.805033758310860610e-04
-9.515807244835506728e-04 -5.950411799727115762e-04
-3.315329463847522997e-04 -5.665637972024125529e-04
3.193823482970556383e-04 -8.997167136856601063e-04
8.940609670026635055e-04 -1.529818814560147695e-03
1.297789142156864119e-03 -2.335264124195358514e-03
1.465750656217742511e-03 -3.160716662290472944e-03
1.374933049840943063e-03 -3.846702049742274122e-03
1.048187743258703619e-03 -4.259987962605722364e-03
5.496826465354575633e-04 -4.318995814734443925e-03
-2.738645073278384500e-05 -4.009426614422861510e-03
-5.784957315262376394e-04 -3.387136856436829668e-03
-1.007551810717349783e-03 -2.567714824499154301e-03
-1.244968183804152180e-03 -1.704726554127355704e-03
-1.260639304911459610e-03 -9.607468412372670817e-04
-1.069359886208106659e-03 -4.766575640152957444e-04
-7.276693819615890008e-04 -3.450243387326710175e-04
-3.227271038752499563e-04 -5.925909389623675375e-04
4.466590787511497736e-05 -1.175205149784779111e-03
2.796724216571258971e-04 -1.986136631768745716e-03
3.119275424378363309e-04 -2.876212475279521421e-03
1.094327355731761729e-04 -3.681959324622629398e-03
-3.148089569591097994e-04 -4.256425678642568669e-03
-9.046866770035398488e-04 -4.496851113822685278e-03
-1.571059676352464787e-03 -4.363946765680913262e-03
-2.208124453494620439e-03 -3.889140386792163968e-03
-2.712984326735459750e-03 -3.168418828872147236e-03
-3.004726936257211614e-03 -2.343939164796479593e-03
-3.039406746793428885e-03 -1.576896107839679618e-03
-2.818103301325034556e-03 -1.016789191142943201e-03
-2.386535325465360784e-03 -7.729147927658058890e-04
-1.826307891346528158e-03 -8.934865024741260858e-04
-1.239452284117187070e-03 -1.356342429999953143e-03
-7.291863054939826984e-04 -2.073003530863629876e-03
-3.805363867990056975e-04 -2.905318458930224602e-03
-2.444870187013673240e-04 -3.691546603440233956e-03
-3.286531892228981323e-04 -4.276943142809642648e-03
-5.962346663876885852e-04 -4.543056642001348094e-03
-9.734412490957658438e-04 -4.430192575832527825e-03
-1.363972692853381409e-03 -3.948789316353918180e-03
-1.667799861705610270e-03 -3.177551792491880960e-03
-1.800678043519658364e-03 -2.248694795496058649e-03
-1.710683873982822914e-03 -1.323088014972011303e-03
-1.388630461523883419e-03 -5.600062557268698470e-04
-8.703744830902486159e-04 -8.720900337510334964e-05
-2.305647143038422819e-04 2.298964301340332590e-05
4.309971575640065135e-04 -2.328653436740651863e-04
1.007812575785247029e-03 -7.890067397082534996e-04
1.406474660671931231e-03 -1.523194955946699253e-03
1.564050961839065198e-03 -2.280160311342807264e-03
1.459775828653751047e-03 -2.901292308254321568e-03
1.118843324667439208e-03 -3.254947718841975316e-03
6.075853785086104183e-04 -3.261632399059667675e-03
2.094913861518940068e-05 -2.909282938628910721e-03
-5.353562000224710953e-04 -2.255749597297932937e-03
-9.646653197107349581e-04 -1.418006248249010408e-03
-1.197369793500716734e-03 -5.501270953394114685e-04
-1.203733894065514348e-03 1.858023012444262080e-04
-9.990947698069374463e-04 6.503334959466530035e-04
-6.404721543019159741e-04 7.530608045414001386e-04
-2.152407297459283232e-04 4.697843103252331756e-04
1.759776589565368102e-04 -1.528203432716852914e-04
4.389493574746079676e-04 -1.005911152332905362e-03
5.042600195076436288e-04 -1.938921168266614968e-03
3.410374414725551081e-04 -2.787864609543791884e-03
-3.664627341998065446e-05 -3.406151730329520441e-03
-5.719188592080443750e-04 -3.692082245206435194e-03
-1.175404729069175159e-03 -3.607816781221391631e-03
-1.741735837162612134e-03 -3.186240135041924163e-03
-2.169159677743876143e-03 -2.524423278184632045e-03
-2.378539398038769306e-03 -1.764928789949441607e-03
-2.328154317747745464e-03 -1.068506201193749694e-03
-2.021502433278493053e-03 -5.833538425151006505e-04
-1.506629521666430754e-03 -4.167736164435384156e-04
-8.671118004476952674e-04 -6.145916051091776609e-04
-2.063974594316891811e-04 -1.152246401667017571e-03
3.715320161345894798e-04 -1.939237027961738732e-03
7.815246952582856430e-04 -2.836091781488927176e-03
9.729862116482691260e-04 -3.680647581206239818e-03
9.390036916177821368e-04 -4.318665540135513750e-03
7.171482863320792749e-04 -4.632986635865482192e-03
3.818160103127364417e-04 -4.565707116092880546e-03
2.956997374689611857e-05 -4.129174383884337725e-03
-2.397269224219633578e-04 -3.403720270760855413e-03
-3.424023987842756810e-04 -2.522559025259583226e-03
-2.273841326356767101e-04 -1.646706700791222529e-03
1.135921474802216447e-04 -9.346670758922980080e-04
6.439209083038239471e-04 -5.126193727175844088e-04
1.288612958686092061e-03 -4.507474476756849740e-04
1.948111277369674087e-03 -7.501868775991048406e-04
2.516828939655031336e-03 -1.343055645447117745e-03
2.902905695199833359e-03 -2.105556642193260556e-03
3.045447102312949950e-03 -2.881665100955618265e-03
2.925984878538162755e-03 -3.512910099169810549e-03
2.571989477304813948e-03 -3.868605882618746106e-03
2.051768992327410602e-03 -3.870804288952806819e-03
1.461717608899291412e-03 -3.509239799487748508e-03
9.083234069616122472e-04 -2.843434180032818233e-03
4.883355187234451715e-04 -1.991559379200399764e-03
2.708371550054725508e-04 -1.108165033803361951e-03
2.846084422642870381e-04 -3.549859234492651252e-04
5.131601251312840504e-04 1.296442437574898271e-04
8.983658842076015956e-04 2.569815280800810588e-04
1.351992423190513225e-03 4.703413097074341659e-06
1.772930911380438167e-03 -5.788053648926932623e-04
2.066853978369942793e-03 -1.383527003076440208e-03
2.164563617457899471e-03 -2.258530169774970037e-03
2.035543939742410526e-03 -3.040415928525853732e-03
1.694141636031487597e-03 -3.584108682164311929e-03
1.197194083266411944e-03 -3.790167109731165662e-03
6.335456744235390490e-04 -3.623449101518641524e-03
1.074302823171568956e-04 -3.119601653977004986e-03
-2.811392356483096962e-04 -2.378151715679903151e-03
-4.552650628942299165e-04 -1.543510744072523755e-03
-3.757661659688053563e-04 -7.774939505907465034e-04
-4.872250439283843521e-05 -2.285615617547301446e-04
4.754693747132686171e-04 -3.609680707625587126e-06
1.111355213147042619e-03 -1.476550413199960443e-04
1.754249886164849226e-03 -6.352626634139942486e-04
2.299643935159707137e-03 -1.375341325392518462e-03
2.662525391340921695e-03 -2.228400002999024812e-03
2.792969952414961314e-03 -3.032998311075619548e-03
2.685060177081567256e-03 -3.636382328608094364e-03
2.377458037694500995e-03 -3.923503715135381528e-03
1.945535664274061945e-03 -3.838925031923126445e-03
1.486567306046941532e-03 -3.397460084194599793e-03
1.100799007354541850e-03 -2.681530269951296237e-03
8.719926358052147199e-04 -1.825732744951408335e-03
8.511399211395898404e-04 -9.915374506620172699e-04
