9.448057011657395692e-04
1.177915451772832117e-03
1.369307903618693706e-03
1.515817325249405999e-03
1.615783507402218742e-03
1.669097970199478293e-03
1.677196112168573196e-03
1.642995626719902930e-03
1.570783392913312204e-03
1.466054850987472818e-03
1.335311536022698500e-03
1.185823906994925474e-03
1.025367822070921003e-03
8.619439317777295153e-04
7.034898573996473331e-04
5.575952717520770352e-04
4.312298946141042465e-04
3.304939592600353998e-04
2.603999157030762162e-04
2.246930381794346419e-04
2.257172375532744222e-04
2.643307916251713512e-04
3.398749534314587754e-04
4.501965409702882431e-04
5.917237164597524733e-04
7.595922956565368108e-04
9.478181534005590851e-04
1.149509672595397294e-03
1.357112777033903529e-03
1.562679943146305607e-03
1.758153742035101913e-03
1.935654950648028807e-03
2.087765107602064518e-03
2.207793580746485618e-03
2.290019753342416135e-03
2.329901804838746971e-03
2.324244730197786400e-03
2.271321667652895400e-03
2.170944238708972900e-03
2.024479388879773037e-03
1.834812090564676319e-03
1.606255164980315659e-03
1.344409331764658249e-03
1.055978337882265087e-03
7.485455907065765181e-04
4.303200685128909849e-04
1.098603578382092950e-04
-2.042135664596679816e-04
-5.035107729364559238e-04
-7.801518936652229643e-04
-1.027033885860420288e-03
-1.238067809549840605e-03
-1.408381340232373307e-03
-1.534478969814428778e-03
-1.614354330170764129e-03
-1.647550749535371499e-03
-1.635167963879120704e-03
-1.579814789989088166e-03
-1.485509458102712973e-03
-1.357531133411295828e-03
-1.202227863366977243e-03
-1.026787711680717538e-03
-8.389811267982574773e-04
-6.468835974060103012e-04
-4.585883349561194352e-04
-2.819190692362078541e-04
-1.241530355351546820e-04
8.236128749963171972e-06
1.098065615024628513e-04
1.763394279731330273e-04
2.049865458558775260e-04
1.943692140631183684e-04
1.446247894518286597e-04
5.739939034692023018e-05
-6.421300294306129825e-05
-2.157828986149431735e-04
-3.917051365515454662e-04
-5.854005983803615629e-04
-7.895526883532704397e-04
-9.963702675380738377e-04
-1.197867793967530205e-03
-1.386152815750284033e-03
-1.553710703945853679e-03
-1.693676606372485939e-03
-1.800085049156400835e-03
-1.868088394137940988e-03
-1.894136449855173335e-03
-1.876110893555265214e-03
-1.813409743898319448e-03
-1.706978873280041000e-03
-1.559289403716452357e-03
-1.374261726006913761e-03
-1.157138751992573943e-03
-9.143127886260549999e-04
-6.531120479295998140e-04
-3.815542217866728348e-04
-1.080757053048987112e-04
1.587540932629796331e-04
4.105233942872900865e-04
6.392635035417523976e-04
8.377191273729513860e-04
9.995941183665577913e-04
1.119764082506407611e-03
1.194448437781769467e-03
1.221335932627210744e-03
1.199659260785879708e-03
1.130216190128362783e-03
1.015336494241816240e-03
8.587958716689390480e-04
6.656798920972184378e-04
4.422027566088977592e-04
1.954872390711359827e-04
-6.668646747477749372e-05
-3.361541895036262995e-04
-6.046539095490841877e-04
-8.641145720453634717e-04
-1.106937440013134981e-03
-1.326260148793416719e-03
-1.516194212959565786e-03
-1.672027676342134834e-03
-1.790385820045461681e-03
-1.869344316478016967e-03
-1.908490887123167126e-03
-1.908933329518413668e-03
-1.873253661327956444e-03
-1.805410020507998425e-03
-1.710589794095030824e-03
-1.595019159831122550e-03
-1.465735754684446357e-03
-1.330332478707915798e-03
-1.196681456235824731e-03
-1.072647873621223680e-03
-9.658037691252086129e-04
-8.831518536866995528e-04
-8.308690910110506141e-04
-8.140790739872799490e-04
-8.366612261007677111e-04
-9.011035665813379395e-04
-1.008404251714419561e-03
-1.158025395528777075e-03
-1.347900840851427515e-03
-1.574497660694161713e-03
-1.832929286373251353e-03
-2.117116348671049982e-03
-2.419989645158320858e-03
-2.733728169146248596e-03
-3.050023905413247211e-03
-3.360364157974119262e-03
-3.656321558671819447e-03
-3.929841633887265484e-03
-4.173517889704857382e-03
-4.380844810541961731e-03
-4.546439937331048925e-03
-4.666227271826595309e-03
-4.737575605647656972e-03
-4.759386948898308885e-03
-4.732131978413538220e-03
-4.657831278718761042e-03
-4.539983044749696176e-03
-4.383439787834961590e-03
-4.194238369799763166e-03
-3.979389321830576788e-03
-3.746632827785038606e-03
-3.504169916089744114e-03
-3.260378269453972130e-03
-3.023522597042838621e-03
-2.801469700753746704e-03
-2.601418199289460241e-03
-2.429652356720725034e-03
-2.291328614313768719e-03
-2.190302275290623938e-03
-2.129000382174392643e-03
-2.108345204870531314e-03
-2.127730981482221437e-03
-2.185054685304785652e-03
-2.276799695979500951e-03
-2.398169396842237365e-03
-2.543265969121941833e-03
-2.705308068208410292e-03
-2.876879703281975779e-03
-3.050201546980617698e-03
-3.217415114835597140e-03
-3.370869802515177004e-03
-3.503402668309010207e-03
-3.608601102290874465e-03
-3.681039123315191924e-03
-3.716478969417969132e-03
-3.712030863911306485e-03
-3.666265305844298820e-03
-3.579273898164134216e-03
-3.452676531512258694e-03
-3.289574622889981752e-03
-3.094452000494987004e-03
-2.873026862556107147e-03
-2.632059954614494185e-03
-2.379125646251927136e-03
-2.122353890897356755e-03
-1.870152075392685293e-03
-1.630916473606442525e-03
-1.412743385740205561e-03
-1.223150059190466002e-03
-1.068815147395164736e-03
-9.553477818881792559e-04
-8.870933336612668411e-04
-8.669826578859790665e-04
-8.964300959860016255e-04
-9.752838042217748613e-04
-1.101830148076719113e-03
-1.272852010922336484e-03
-1.483738979927565378e-03
-1.728645558019991984e-03
-2.000691871456814885e-03
-2.292199857048184564e-03
-2.594956673333030650e-03
-2.900496129463786717e-03
-3.200388297504316078e-03
-3.486527190277264980e-03
-3.751406457735024895e-03
-3.988373477575930109e-03
-4.191852975657167288e-03
-4.357532382029807860e-03
-4.482502471623471367e-03
-4.565348407659583496e-03
-4.606188045780939579e-03
-4.606656206673259875e-03
-4.569835519794047604e-03
-4.500136314310444058e-03
-4.403129819825021656e-03
-4.285340576331073473e-03
-4.154005382725057920e-03
-4.016807286005717216e-03
-3.881593987908858907e-03
-3.756090591516011643e-03
-3.647616808209802695e-03
-3.562818588298983895e-03
-3.507423632208317779e-03
-3.486029401073681942e-03
-3.501931105273295951e-03
-3.556995746827111733e-03
-3.651586675865267466e-03
-3.784541349129824650e-03
-3.953203111843861181e-03
-4.153505928678706029e-03
-4.380109131410641135e-03
-4.626577495307320105e-03
-4.885600364852301508e-03
-5.149242177883782412e-03
-5.409215633666315803e-03
-5.657167953517699965e-03
-5.884970220317777695e-03
-6.084999671747378866e-03
-6.250405065367207851e-03
-6.375345823140635658e-03
-6.455196578091696759e-03
-6.486709954420988647e-03
-6.468131872242848489e-03
-6.399265328019141698e-03
-6.281480403599493112e-03
-6.117670137412741307e-03
-5.912153784905952586e-03
-5.670530835458880044e-03
-5.399490875247994585e-03
-5.106585929560483565e-03
-4.799973229774287184e-03
-4.488137383675334241e-03
-4.179601646776723127e-03
-3.882638371655153155e-03
-3.604988738745773698e-03
-3.353601544623184549e-03
-3.134400154026256886e-03
-2.952085733236914453e-03
-2.809983609549541322e-03
-2.709938089078813180e-03
-2.652259366055240500e-03
-2.635724330593389349e-03
-2.657631192682819929e-03
-2.713905954050416756e-03
-2.799256942668196507e-03
-2.907371940698989798e-03
-3.031150944591964359e-03
-3.162966348143112123e-03
-3.294941379347703005e-03
-3.419236983426809581e-03
-3.528337049875043645e-03
-3.615321941065521849e-03
-3.674120691761517329e-03
-3.699732998382516697e-03
-3.688413177782188905e-03
-3.637809610430217319e-03
-3.547054745452055992e-03
-3.416802480203327223e-03
-3.249211574120497350e-03
-3.047875650758510684e-03
-2.817702216809874795e-03
-2.564744916784190108e-03
-2.295994884176023616e-03
-2.019138486802828265e-03
-1.742289945186936912e-03
-1.473708186978949907e-03
-1.221507856475973625e-03
-9.933746067747888271e-04
-7.962946556943776080e-04
-6.363080904173096328e-04
-5.182945772054035720e-04
-4.457990005602228533e-04
-4.209031604732122248e-04
-4.441480458360262760e-04
-5.145094330798922772e-04
-6.294276936571882239e-04
-7.848907974225234141e-04
-9.755676377587455461e-04
-1.194987043631913189e-03
-1.435756245332142460e-03
-1.689811180464048917e-03
-1.948689913144502264e-03
-2.203819631359228010e-03
-2.446807213328325986e-03
-2.669723230139312703e-03
-2.865369483148940549e-03
-3.027520752622868665e-03
-3.151132338517782447e-03
-3.232506173517447380e-03
-3.269409740388026092e-03
-3.261143679538878494e-03
-3.208555770410574399e-03
-3.114000848967659642e-03
-2.981248117321178524e-03
-2.815339143988663476e-03
-2.622401579958513404e-03
-2.409425166062180261e-03
-2.184007926852211262e-03
-1.954081489000519204e-03
-1.727625191636447590e-03
-1.512379046488633583e-03
-1.315565643507398720e-03
-1.143630781512273379e-03
-1.002011944422442078e-03
-8.949427648918448740e-04
-8.253003529957961704e-04
-7.945008623156213194e-04
-8.024469721054094690e-04
-8.475291415648339346e-04
-9.266806044691433975e-04
-1.035484185689013138e-03
-1.168327201599291551e-03
-1.318599017803128055e-03
-1.478924339173901805e-03
-1.641424051466015312e-03
-1.797994464687655350e-03
-1.940595160038283661e-03
-2.061535337228317076e-03
-2.153748608121877541e-03
-2.211046584170314050e-03
-2.228342344980113396e-03
-2.201835927672424198e-03
-2.129155304582772395e-03
-2.009447873801035577e-03
-1.843419218518676031e-03
-1.633317736471698095e-03
-1.382865635292464083e-03
-1.097138666934938372e-03
-7.823987687406706339e-04
-4.458854272968386769e-04
-9.557302624190836004e-05
2.600973700297266812e-04
6.125024499470155303e-04
9.531273912257421342e-04
1.273852765402701086e-03
1.567227610103414000e-03
1.826719153359593773e-03
2.046930492139976531e-03
2.223778649642350804e-03
2.354626823487960836e-03
2.438366241142184317e-03
2.475444803449172466e-03
2.467841560285865578e-03
2.418987958732789819e-03
2.333638667380957214e-03
2.217696545164719261e-03
2.077997927599418548e-03
1.922065791297251393e-03
1.757839480509245213e-03
1.593390497861111796e-03
1.436634346750655751e-03
1.295048548062884171e-03
1.175406734213588732e-03
1.083538156764964283e-03
1.024121049844107373e-03
1.000517101680857340e-03
1.014652842478499942e-03
1.066952109159836687e-03
1.156321954046113246e-03
1.280192488091029491e-03
1.434609255676851970e-03
1.614374893557111567e-03
1.813235095948770043e-03
2.024102351695360180e-03
2.239309592385384760e-03
2.450884838834852236e-03
2.650837194290334761e-03
2.831444131991996561e-03
2.985529976411136193e-03
3.106725783251127002e-03
3.189701472472708608e-03
3.230362038438777846e-03
3.226000917797212930e-03
3.175405094913044506e-03
3.078908213999052845e-03
2.938389787388440491e-03
2.757220476866252545e-03
2.540155313494376829e-03
2.293178544757199303e-03
2.023305492231094842e-03
1.738348308970772598e-03
1.446653790638717475e-03
1.156822373759973767e-03
8.774181140447328935e-04
6.166797543723311721e-04
3.822429546736339596e-04
1.808833658898301080e-04
1.828950108766387583e-05
-1.011266857831056437e-04
-1.743749225677009799e-04
-1.999824023987113817e-04
-1.780369141050504572e-04
-1.101758482879200592e-04
4.784981706390089434e-07
1.494350173764573235e-04
3.309971854760216693e-04
5.384680031171990532e-04
7.643892743365806632e-04
1.000806816951659017e-03
1.239552292292328464e-03
1.472531763264762605e-03
1.692010857568428464e-03
1.890886535503052100e-03
2.062935934892907563e-03
2.203033572626072068e-03
2.307329294861288488e-03
2.373380747092009371e-03
2.400235732631595710e-03
2.388461587703880930e-03
2.340120561512766192e-03
2.258692085222422947e-03
2.148944678266698737e-03
2.016762008471951074e-03
1.868929232150825116e-03
1.712887135185201751e-03
1.556462727272634253e-03
1.407585769311256669e-03
1.274001209323382712e-03
1.162987647995854766e-03
1.081091745729908116e-03
1.033887926365438612e-03
1.025771847973800744e-03
1.059794929295630869e-03
1.137545782941791483e-03
1.259082763741441310e-03
1.422920050171142458e-03
1.626067801369497374e-03
1.864125037549085699e-03
2.131422044053375535e-03
2.421207363612575686e-03
2.725872878351962188e-03
3.037209147571549948e-03
3.346682106050083341e-03
3.645721477822396871e-03
3.926010848317755195e-03
4.179769277873859185e-03
4.400014634063370220e-03
4.580799458678843153e-03
4.717411145257486942e-03
4.806529451058874636e-03
4.846335859715726786e-03
4.836570995080135583e-03
4.778538104078047105e-03
4.675052512997093443e-03
4.530338851471843627e-03
4.349879665288981963e-03
4.140220739012602860e-03
3.908739962776811017e-03
3.663387851395850242e-03
3.412408813581882874e-03
3.164052939876042542e-03
2.926288406400274524e-03
2.706524566231916472e-03
2.511355421993960446e-03
2.346332455411562212e-03
2.215774757280975123e-03
2.122623090720841561e-03
2.068342977668537197e-03
2.052880177427765171e-03
2.074670086995222037e-03
2.130700700352661410e-03
2.216626884237868009e-03
2.326931926983884149e-03
2.455130657960012674e-03
2.594006976108330711e-03
2.735877418183495051e-03
2.872871482907545047e-03
2.997218838396017819e-03
3.101533297539096727e-03
3.179083558042210180e-03
3.224041166624672800e-03
3.231696964230083846e-03
3.198638373081133437e-03
3.122881258331177291e-03
3.003951688852223890e-03
2.842914677575061801e-03
2.642348840231975669e-03
2.406267807221065726e-03
2.139991090175504592e-03
1.849968877258719238e-03
1.543566847102293164e-03
1.228818494026961711e-03
9.141535975766785843e-04
6.081123074811024907e-04
3.190548215652528252e-04
5.487679109018406363e-05
-1.772596099768137742e-04
-3.711695612747176447e-04
-5.218559023728813837e-04
-6.256785267138395990e-04
-6.804769511265329560e-04
-6.856417862665378435e-04
-6.421326204436995748e-04
-5.524417034936399476e-04
-4.205047129798056586e-04
-2.515617356682196739e-04
-5.197333806490817866e-05
1.710018301385281747e-04
4.094601116026757768e-04
6.551277363700731306e-04
8.996479159190899763e-04
1.134870091852563379e-03
1.353131222803933545e-03
1.547519275516965383e-03
1.712109712919316316e-03
1.842166721383552619e-03
1.934302157969747032e-03
1.986586682854868825e-03
1.998609220346615235e-03
1.971482705034021711e-03
1.907795954196905841e-03
1.811513397531718753e-03
1.687826224316877916e-03
1.542960212233745456e-03
1.383947021458484250e-03
1.218367019096143001e-03
1.054072697631639605e-03
8.989024318258614530e-04
7.603946575308071030e-04
6.455125413526947636e-04
5.603888424650801080e-04
5.100999600475143291e-04
4.984771366040076108e-04
5.279614846572442104e-04
5.995079676736068171e-04
7.125417494016727908e-04
8.649684892638514686e-04
1.053238269389593059e-03
1.272460957627625632e-03
1.516569006355162653e-03
1.778522022357073703e-03
2.050545976817096366e-03
2.324398707937021160e-03
2.591652444520227763e-03
2.843983479421017656e-03
3.073458868090327319e-03
3.272810128445218566e-03
3.435684370430479306e-03
3.556864071097716982e-03
3.632447806222990731e-03
3.659985614057571432e-03
3.638564252957873779e-03
3.568839366805636945e-03
3.453013428926798162e-03
3.294760231598903993e-03
3.099098557767617900e-03
2.872219448778252915e-03
2.621273104509828228e-03
2.354122863435478222e-03
2.079074860391750233e-03
1.804592808929183882e-03
1.539007873299185793e-03
1.290233764264165847e-03
1.065497007086375425e-03
8.710917957808436175e-04
7.121679837431668832e-04
5.925595974702211818e-04
5.146598380588675217e-04
4.793469043341553725e-04
4.859631889802251952e-04
5.323485273922932276e-04
6.149262837291855598e-04
7.288392062404174367e-04
8.681302392852109466e-04
1.025961903691964723e-03
1.194866505444701875e-03
1.367018352493416192e-03
1.534518388618910396e-03
1.689681218750773307e-03
1.825314417163423786e-03
1.934980281463436098e-03
2.013230811713239993e-03
2.055807633805063761e-03
2.059799816366305464e-03
2.023754007928446098e-03
1.947732994044460656e-03
1.833320583861535553e-03
1.683572618916577644e-03
1.502915787617045435e-03
1.296997760733463673e-03
1.072493872057526769e-03
8.368770942767345079e-04
5.981593495984374557e-04
3.646132025219437278e-04
1.444836730740057563e-04
-5.429974143668066331e-05
-2.244007517983496276e-04
-3.593339421042245855e-04
-4.536933853699944008e-04
-5.033441944286701827e-04
-5.055702881366956006e-04
-4.591731836017312607e-04
-3.645183377094778771e-04
-2.235273956897787431e-04
-3.961659655522592124e-05
1.824165313174661756e-04
4.365542423947682332e-04
7.157618011224385493e-04
1.012225776878761035e-03
1.317619093567369689e-03
1.623383585742254123e-03
1.921020202112939728e-03
2.202376731518955032e-03
2.459923015291605800e-03
2.687004050215591883e-03
2.878062162625820604e-03
3.028820519314910295e-03
3.136421596852740322e-03
3.199515810111993111e-03
3.218297247911236850e-03
3.194485317504950229e-03
3.131252995205389186e-03
3.033104251290338806e-03
2.905704997975893170e-03
2.755673537220120969e-03
2.590337903427387001e-03
2.417468655048664924e-03
2.244996528014710051e-03
2.080724892804233263e-03
1.932047137213052223e-03
1.805678922244316302e-03
1.707414735113486123e-03
1.641917309506824366e-03
1.612547328880336358e-03
1.621239414199883173e-03
1.668428772677764882e-03
1.753031105707195331e-03
1.872476504664686648e-03
2.022796168067368498e-03
2.198758919163824356e-03
2.394052754400227863e-03
2.601505071630036154e-03
2.813333867862689592e-03
3.021421107415869865e-03
3.217598680721798707e-03
3.393936929112141565e-03
3.543025617276452169e-03
3.658237496053943529e-03
3.733965204650141131e-03
3.765823192035226436e-03
3.750807559584086633e-03
3.687408198144147883e-03
3.575669261130944195e-03
3.417195822504499447e-03
3.215106451257493739e-03
2.973933326387295448e-03
2.699473351930728026e-03
2.398595446202852338e-03
2.079010712829483000e-03
1.749013499773870942e-03
1.417202370835240772e-03
1.092190716367212773e-03
7.823170916265455820e-04
4.953653795504581181e-04
2.383045295853514298e-04
1.705693755097510873e-05
-1.636964725140984452e-04
-3.006676898323710351e-04
-3.920643303932343834e-04
-4.376400783386380847e-04
-4.386911421758246665e-04
-3.979989036358542879e-04
-3.197208213911502004e-04
-2.092334637357885600e-04
-7.293322023341702138e-05
8.199827646943787522e-05
2.478557528773448902e-04
4.166897104061576549e-04
5.805938223651824779e-04
7.319902028014432446e-04
8.639025152143923591e-04
9.702073182175279063e-04
1.045854810942374374e-03
1.087051216503922765e-03
1.091396389471690044e-03
1.057971805778737786e-03
9.873758357337282868e-04
8.817050517112652499e-04
7.444822168080158543e-04
5.805334728554340006e-04
3.958190300558440435e-04
1.972232936299636108e-04
-7.688212013713712281e-06
-2.109365939098405249e-04
-4.044126199933960222e-04
-5.801650924275876097e-04
-7.306844390834459253e-04
-8.491715616073860487e-04
-9.297824918506840787e-04
-9.678402529818210150e-04
-9.600064677793989937e-04
-9.044066642598751465e-04
-8.007048486174464519e-04
-6.501246906942821212e-04
-4.554165356622725050e-04
-2.207713518192907457e-04
4.831541805321547256e-05
3.452253805412731913e-04
6.624377808531088305e-04
9.917814799655047964e-04
1.324709543231678477e-03
1.652586872394998414e-03
1.966980856356400405e-03
2.259944910473907914e-03
2.524285023328630070e-03
2.753800025042569405e-03
2.943487211526087718e-03
3.089706172220980755e-03
3.190295132480853654e-03
3.244635784412684167e-03
3.253664383535328358e-03
3.219828769800867248e-03
3.146992864461461547e-03
3.040292032625542887e-03
2.905944420724078554e-03
2.751024918261449868e-03
2.583209700199250083e-03
2.410500334329024417e-03
2.240937151022593873e-03
2.082311945834440167e-03
1.941890105511100226e-03
1.826151914349594119e-03
1.740562122246610589e-03
1.689375861883250871e-03
1.675487725140714212e-03
1.700329292817905546e-03
1.763818710163375485e-03
1.864364073283867555e-03
1.998920502204011834e-03
2.163098891447003038e-03
2.351322514551694096e-03
2.557025978535295424e-03
2.772889536853582592e-03
2.991100527040941280e-03
3.203632745481066295e-03
3.402533940100929515e-03
3.580211314344769642e-03
3.729705002657019396e-03
3.844939896553479803e-03
3.920946956523526858e-03
3.954046211997179483e-03
3.941984992050841588e-03
3.884026496453106981e-03
3.780985555168043643e-03
3.635210273625187009e-03
3.450510156140907010e-03
3.232033174433943026e-03
2.986096036535408962e-03
2.719973550886804151e-03
2.441654413600010710e-03
2.159571923500872882e-03
1.882319008460580029e-03
1.618357496838004287e-03
1.375731770324313064e-03
1.161796782000065710e-03
9.829699213227335863e-04
8.445153736470888562e-04
7.503684849637169262e-04
7.030062426531247504e-04
7.033683692395198243e-04
7.508317549296474221e-04
8.432390881925233474e-04
9.769806471696196662e-04
1.147126354744294101e-03
1.347603441806492818e-03
1.571413468222950666e-03
1.810881075141703052e-03
2.057925733720183080e-03
2.304346952997778433e-03
2.542112941536121655e-03
2.763642600010096043e-03
2.962070959247798622e-03
3.131488761955615770e-03
3.267147796052863578e-03
3.365624791285192104e-03
3.424938146388765460e-03
3.444613410514751981e-03
3.425695241834966417e-03
3.370705445170945128e-03
3.283548583264129118e-03
3.169368496592612182e-03
3.034360789938660326e-03
2.885547889819366219e-03
2.730524591225614705e-03
2.577183048802663117e-03
2.433426890309833921e-03
2.306884513580930319e-03
2.204631658826239522e-03
2.132933024889001501e-03
2.097012032311888936e-03
2.100856851104117642e-03
2.147069541435649501e-03
2.236763645607375839e-03
2.369513872459441672e-03
2.543359690353177646e-03
2.754862755945421127e-03
2.999216219357278730e-03
3.270402128133139026e-03
3.561391466304570600e-03
3.864379870003271066e-03
4.171050809794411146e-03
4.472857066077745927e-03
4.761310681309561220e-03
5.028271273958115697e-03
5.266222654499346303e-03
5.468528091456429513e-03
5.629655321210197232e-03
5.745363452937530223e-03
5.812845252522731536e-03
5.830819849952847793e-03
5.799572648877698335e-03
5.720941063935047581e-03
5.598246606407088037e-03
5.436175715398991470e-03
5.240613524270023964e-03
5.018436397705276081e-03
4.777270515942033148e-03
4.525224968776540325e-03
4.270608711528468479e-03
4.021641296977472406e-03
3.786167511738650591e-03
3.571385905113413309e-03
3.383600708077547613e-03
3.228005816948932051e-03
3.108508389273383771e-03
3.027598208086579919e-03
2.986267363724281945e-03
2.983983036088769941e-03
3.018714296643453324e-03
3.087011953718311105e-03
3.184138603407324526e-03
3.304244286660173915e-03
3.440581552857706511e-03
3.585752347301727518e-03
3.731978023111579869e-03
3.871382966150457416e-03
3.996281843259882026e-03
4.099460356029597380e-03
4.174439609064594173e-03
4.215714775289901468e-03
4.218959641160984105e-03
4.181189810176060874e-03
4.100878791923437058e-03
3.978022855272253522e-03
3.814152320360036583e-03
3.612288841806012007e-03
3.376850129280919554e-03
3.113505394828608094e-03
2.828986544564556990e-03
2.530861685004582706e-03
2.227278836888034203e-03
1.926688795598190595e-03
1.637556810475755383e-03
1.368073149765983067e-03
1.125872659801574038e-03
9.177731148223542985e-04
7.495414984950048761e-04
6.256963826713824502e-04
5.493533073810763587e-04
5.221185626837245020e-04
5.440350804734477887e-04
6.135823219243171679e-04
7.277301578349243839e-04
8.820448508285904298e-04
1.070843426345329842e-03
1.287391027451506922e-03
1.524134345963269657e-03
1.772962961863900049e-03
2.025489448646928745e-03
2.273338448161777402e-03
2.508434607679809174e-03
2.723279315112666320e-03
2.911206564071859917e-03
3.066609014875794695e-03
3.185126364938093563e-03
3.263789465495534926e-03
3.301115174963751252e-03
3.297148667900687627e-03
3.253451762024336946e-03
3.173037719364005509e-03
3.060254855058031423e-03
2.920623082748834056e-03
2.760629176045941401e-03
2.587487973286288229e-03
2.408877947081449096e-03
2.232660459050946587e-03
2.066592592197060395e-03
1.918043678532361292e-03
1.793725509935951892e-03
1.699445740331507635e-03
1.639893173967217491e-03
1.618462516337455413e-03
1.637124780307408099e-03
1.696347938787048058e-03
1.795070652965248450e-03
1.930730043420838399e-03
2.099342575620422556e-03
2.295635267834076395e-03
2.513222663659655295e-03
2.744823405033295499e-03
2.982508851118025051e-03
3.217975062541869775e-03
3.442828648569489555e-03
3.648876485751720647e-03
3.828409177557433665e-03
3.974468340339574329e-03
4.081088364174604612e-03
4.143504187923430400e-03
4.158317815093722468e-03
4.123617739152902507e-03
4.039047093332869681e-03
3.905818133006925055e-03
3.726672535592708089e-03
3.505788897890890245e-03
3.248640657422825935e-03
2.961809397988355956e-03
2.652760059594091481e-03
2.329585904456340888e-03
2.000732147317484892e-03
1.674707902822259115e-03
1.359796509107140698e-03
1.063774340834243827e-03
7.936479247690870174e-04
5.554185271885434851e-04
3.538824174828508317e-04
1.924737601066541307e-04
7.315559142749518060e-05
-3.637348567111934119e-06
-3.900197820277365342e-05
-3.551636479464965069e-05
2.862832195413994064e-06
7.095131730467329166e-05
1.625311699134260410e-04
2.705810563305698644e-04
3.875345212221586750e-04
5.055572528997050955e-04
6.168335527221996146e-04
7.138519171990232674e-04
7.896796735775682332e-04
8.382169946261087143e-04
8.544213424845449123e-04
8.344944294698204614e-04
7.760250992070497587e-04
6.780830783055817514e-04
5.412602727969536513e-04
3.676581242759748014e-04
1.608214336230759335e-04
-7.437906100905237062e-05
-3.319112664386108125e-04
-6.047877356287487474e-04
-8.853058917673751896e-04
-1.165314076559339357e-03
-1.436494115586980490e-03
-1.690650511211902376e-03
-1.919996137599631978e-03
-2.117424431332572653e-03
-2.276758540586619559e-03
-2.392968699547870243e-03
-2.462350204492356510e-03
-2.482655744873545067e-03
-2.453177438626967174e-03
-2.374775679803988685e-03
-2.249853766969076366e-03
-2.082279177364454534e-03
-1.877254218219545807e-03
-1.641140557374459654e-03
-1.381243748560127176e-03
-1.105565265718105481e-03
-8.225306966389985767e-04
-5.407035791585534891e-04
-2.684948639978191253e-04
-1.387813952830291124e-05
2.158794500037738116e-04
4.144612128002801927e-04
5.767113443864753256e-04
6.988044666597839757e-04
7.783683826940320481e-04
8.145557989352738507e-04
8.080625550996444351e-04
7.610917766983464616e-04
6.772652599799627166e-04
5.614852477971986897e-04
4.197514926938336480e-04
2.589400694760459940e-04
8.655173881055429840e-05
-8.956127094511971199e-05
-2.614804417636277102e-04
-4.215080645825091711e-04
-5.624461539998669782e-04
-6.778573634478892145e-04
-7.622987183793150309e-04
-8.115199400719928183e-04
-8.226193761992303156e-04
-7.941520427400398149e-04
-7.261859629431584393e-04
-6.203048039877030349e-04
-4.795566970885718847e-04
-3.083510160036406897e-04
-1.123067159956199490e-04
1.019424637565877591e-04
3.269791161343734136e-04
5.548615059982770501e-04
7.774020469459043663e-04
9.864551535742253994e-04
1.174204375749924320e-03
1.333438742956076593e-03
1.457808621335543019e-03
1.542052100482857197e-03
1.582183956328550231e-03
1.575640544560780914e-03
1.521375520116331455e-03
1.419902998359302143e-03
1.273286612390993160e-03
1.085074814076767693e-03
8.601846475093827575e-04
6.047380268474991140e-04
3.258562125964596071e-04
3.141964320264685668e-05
-2.701985089368723857e-04
-5.704157687611648674e-04
-8.607308949003719938e-04
-1.133011390983042124e-03
-1.379767968626847627e-03
-1.594406396676345018e-03
-1.771447964024178839e-03
-1.906710883283212459e-03
-1.997446331122764568e-03
-2.042424410287115195e-03
-2.041967072492362374e-03
-1.997926899082465291e-03
-1.913612532424845396e-03
-1.793663419103292030e-03
-1.643878300567128137e-03
-1.471003505843362230e-03
-1.282488507490886585e-03
-1.086217346893731620e-03
-8.902253781446938571e-04
-7.024112916272627107e-04
-5.302545410386340016e-04
-3.805481053237811393e-04
-2.591559765613669908e-04
-1.708038952086235636e-04
-1.189106857625642048e-04
-1.054661197854322476e-04
-1.309595993622364278e-04
-1.943621696776885732e-04
-2.931624970631536813e-04
-4.234555541977455193e-04
-5.800809035607938560e-04
-7.568057285900978018e-04
-9.465461903487486315e-04
-1.141619340933058228e-03
-1.334016750568070521e-03
-1.515690240996571533e-03
-1.678839690172479610e-03
-1.816192797419406008e-03
-1.921266976783494182e-03
-1.988604169549606279e-03
-2.013970312976611117e-03
-1.994512438102050231e-03
-1.928867851677462403e-03
-1.817221533996138481e-03
-1.661309696821959645e-03
-1.464369330320450984e-03
-1.231035458797935522e-03
-9.671896559196170411e-04
-6.797650767534067252e-04
-3.765147866747553876e-04
-6.575145251628117498e-05
2.439325356821757634e-04
5.439547585153839968e-04
8.260321789241703832e-04
1.082460183728160439e-03
1.306371529855765781e-03
1.491966173606517135e-03
1.634703980627772932e-03
1.731453613807310086e-03
1.780592430443549406e-03
1.782053935103418765e-03
1.737321170423663033e-03
1.649366320432601660e-03
1.522538683465578984e-03
1.362404978463747311e-03
1.175547616083567285e-03
9.693280361793954036e-04
7.516234343509022335e-04
5.305461295945983029e-04
3.141554301130738362e-04
1.101721138312629529e-04
-7.429445493134794083e-05
-2.329969975314930258e-04
-3.607699886529137012e-04
-4.537106164852974539e-04
-5.093146924474475489e-04
-5.265627498193262623e-04
-5.059533198116509698e-04
-4.494822282704389726e-04
-3.605686513796870808e-04
-2.439305379616704943e-04
-1.054137837634036264e-04
4.821883285321748114e-05
2.095315310557484181e-04
3.706836476397427395e-04
5.237125687307983123e-04
6.608215228030812297e-04
7.746621116282721275e-04
8.586016375856021137e-04
9.069658161370592209e-04
9.152483226280011541e-04
8.802797827742989177e-04
8.003502355968003350e-04
6.752807264326029808e-04
5.064414689194108405e-04
2.967158861018933790e-04
5.041173648080710112e-05
-2.268776155067970092e-04
-5.284569783773716964e-04
-8.467517771141570664e-04
-1.173561421487187431e-03
-1.500334775255089161e-03
-1.818458127168410144e-03
-2.119545625657685839e-03
-2.395722051560461932e-03
-2.639888070292788907e-03
-2.845958717150875138e-03
-3.009066805490062581e-03
-3.125724174578703787e-03
-3.193935168975833069e-03
-3.213258412656153258e-03
-3.184814750247949057e-03
-3.111241111276189485e-03
-2.996591945225791573e-03
-2.846191709276878201e-03
-2.666443602461798876e-03
-2.464601269780528937e-03
-2.248511493896140044e-03
-2.026336905085145395e-03
-1.806268436655875283e-03
-1.596237608681091557e-03
-1.403638725173713200e-03
-1.235070718704203577e-03
-1.096107684236357488e-03
-9.911061349186789382e-04
-9.230557220869504455e-04
-8.934786350473587335e-04
-9.023811868330738114e-04
-9.482592599760898255e-04
-1.028157395627917609e-03
-1.137779426366419605e-03
-1.271646743739735354e-03
-1.423298619436568803e-03
-1.585527522543913074e-03
-1.750641146407889114e-03
-1.910741920227071932e-03
-2.058014165574237851e-03
-2.185008788120418755e-03
-2.284915479392400119e-03
-2.351812839476586769e-03
-2.380887603914800046e-03
-2.368615239563504581e-03
-2.312895527013875390e-03
-2.213138323894813658e-03
-2.070296448756299597e-03
-1.886844478097315795e-03
-1.666704144534004962e-03
-1.415118895679996248e-03
-1.138481955447234132e-03
-8.441238597199382607e-04
-5.400668595761744153e-04
-2.347547476235034114e-04
6.323247416114760860e-05
3.454691336842166324e-04
6.039694991614616123e-04
8.314584952538254517e-04
1.021618078915687315e-03
1.169300679242144371e-03
1.270702256921502809e-03
1.323488950923257940e-03
1.326872903314671318e-03
1.281634630733676254e-03
1.190091180776113372e-03
1.056011207878728049e-03
8.844799597618666336e-04
6.817189170998883213e-04
4.548664144507380026e-04
2.117269340625086262e-04
-3.950214178112713775e-05
-2.905167480324876176e-04
-5.331953011359119761e-04
-7.598806880201770678e-04
-9.636452126103563567e-04
-1.138529233366491382e-03
-1.279745150707265345e-03
-1.383839620712437601e-03
-1.448808338538242141e-03
-1.474159400102923725e-03
-1.460923055442252174e-03
-1.411607548438991756e-03
-1.330102629459232241e-03
-1.221534163477469223e-03
-1.092074972192069856e-03
-9.487185842845213520e-04
-7.990238695386719112e-04
-6.508395543928681545e-04
-5.120183228338838011e-04
-3.901305725994126889e-04
-2.921879096034550160e-04
-2.243861228785385374e-04
-1.918767000734877912e-04
-1.985749435610972835e-04
-2.470114645372295352e-04
-3.382323120791309260e-04
-4.717512892557966867e-04
-6.455561787916397343e-04
-8.561687105924705322e-04
-1.098756218890670124e-03
-1.367291123898483783e-03
-1.654752695207946768e-03
-1.953364070539154781e-03
-2.254856265813941132e-03
-2.550749964298422955e-03
-2.832645246954344949e-03
-3.092509145100059802e-03
-3.322950969868578540e-03
-3.517475798204534963e-03
-3.670707257377068492e-03
-3.778571822506685690e-03
-3.838438186843963918e-03
-3.849206835373053699e-03
-3.811346693715485841e-03
-3.726877575274805190e-03
-3.599299045246420574e-03
-3.433468194109068079e-03
-3.235430599863965868e-03
-3.012210395005286701e-03
-2.771566783654754416e-03
-2.521725526400874547e-03
-2.271094784093486731e-03
-2.027975256557168742e-03
-1.800274748830816077e-03
-1.595237139240050697e-03
-1.419195215925998918e-03
-1.277356009192586036e-03
-1.173626105617390147e-03
-1.110483026308020649e-03
-1.088897135172060956e-03
-1.108306770259907380e-03
-1.166647424268676004e-03
-1.260433904592347248e-03
-1.384892545305181199e-03
-1.534138788286342880e-03
-1.701393859843912696e-03
-1.879232898426859595e-03
-2.059855786361696438e-03
-2.235371142657827277e-03
-2.398083472682716391e-03
-2.540773360077927187e-03
-2.656960830538669834e-03
-2.741142607451455687e-03
-2.788994895186410177e-03
-2.797534534976758164e-03
-2.765232838412894079e-03
-2.692078063461383810e-03
-2.579584299417710461e-03
-2.430746407179656433e-03
-2.249942553798694404e-03
-2.042787719100431446e-03
-1.815943272814908452e-03
-1.576889262816653795e-03
-1.333667364690077801e-03
-1.094603474003261970e-03
-8.680196392439079546e-04
-6.619454102207377420e-04
-4.838387006404153666e-04
-3.403259336806959551e-04
-2.369705672381327427e-04
-1.780781046695587445e-04
-1.665444219749309326e-04
-2.037527281415166692e-04
-2.895227748293122128e-04
-4.221141042978100982e-04
-5.982832344681792650e-04
-8.133927934946957525e-04
-1.061568799274957998e-03
-1.335900595612123098e-03
-1.628676465238723539e-03
-1.931646692869475523e-03
-2.236304892553750683e-03
-2.534177776433903153e-03
-2.817113248897384903e-03
-3.077556771297169751e-03
-3.308806355750388423e-03
-3.505237297514545141e-03
-3.662488817758178215e-03
-3.777606124954040797e-03
-3.849132966789854671e-03
-3.877151480614030032e-03
-3.863267998169039267e-03
-3.810545354961160109e-03
-3.723384129678678107e-03
-3.607357028893712781e-03
-3.469002274146126049e-03
-3.315583284877748980e-03
-3.154823131229932912e-03
-2.994623114071080783e-03
-2.842775384832749511e-03
-2.706679725352047119e-03
-2.593074460674679727e-03
-2.507790980833670552e-03
-2.455540518404498128e-03
-2.439740696214347596e-03
-2.462387963642735395e-03
-2.523980429419807325e-03
-2.623493830154326103e-03
-2.758411508995310853e-03
-2.924807383209293912e-03
-3.117479019478848045e-03
-3.330126176588407184e-03
-3.555568578518961305e-03
-3.785995302788374567e-03
-4.013237057459043827e-03
-4.229051814551614691e-03
-4.425413795901620220e-03
-4.594795686321812359e-03
-4.730434182549530554e-03
-4.826569566696949087e-03
-4.878650899467231600e-03
-4.883499629501602234e-03
-4.839425868809900388e-03
-4.746293239390648316e-03
-4.605529994883516415e-03
-4.420086000402316355e-03
-4.194337047732112772e-03
-3.933939825484563529e-03
-3.645642590044198116e-03
-3.337058132728729001e-03
-3.016406957241017477e-03
-2.692239623013340920e-03
-2.373147937950471128e-03
-2.067475072869869902e-03
-1.783034706000365989e-03
-1.526848987979278170e-03
-1.304914457029574676e-03
-1.122004053563361008e-03
-9.815121177064141996e-04
-8.853477465283401005e-04
-8.338801928941240189e-04
-8.259381642176169547e-04
-8.588629908990339998e-04
-9.286137470417453119e-04
-1.029920586296280112e-03
-1.156480867135014062e-03
-1.301191143684177123e-03
-1.456406842923381852e-03
-1.614220480588400650e-03
-1.766748620409407285e-03
-1.906417477072053831e-03
-2.026237113153886178e-03
-2.120054582505658848e-03
-2.182777113009971501e-03
-2.210557474398760873e-03
-2.200935004943456019e-03
-2.152927327792770150e-03
-2.067069518950431610e-03
-1.945399333678614036e-03
-1.791388991822057304e-03
-1.609825898798275014e-03
-1.406646472027209748e-03
-1.188728889531919485e-03
-9.636520206011862932e-04
-7.394289871774347225e-04
-5.242246973453557231e-04
-3.260672576487353347e-04
-1.525633891272059174e-04
-1.062783527920011396e-05
9.376373660481204797e-05
1.557896590932091908e-04
1.719574557261145404e-04
1.402331311414347585e-04
6.011999712740318663e-05
-6.731576307370348324e-05
-2.394737262749360544e-04
-4.523010942116717807e-04
-7.004249663274006400e-04
-9.773304308632675859e-04
-1.275578281076647068e-03
-1.587054776652996107e-03
-1.903244748998895357e-03
-2.215518532400353926e-03
-2.515422719611720703e-03
-2.794964607241663679e-03
-3.046880417987667122e-03
-3.264877955568358612e-03
-3.443845244180962842e-03
-3.580017896072421567e-03
-3.671099396597265162e-03
-3.716330145282370663e-03
-3.716502886143429468e-03
-3.673924037914219360e-03
-3.592322329176049923e-03
-3.476707988237370296e-03
-3.333187468373309363e-03
-3.168740245052339716e-03
-2.990965548536663951e-03
-2.807807946263327081e-03
-2.627271427876885432e-03
-2.457132045826989665e-03
-2.304659212060915403e-03
-2.176355444877137342e-03
-2.077723710215201823e-03
-2.013070531324395555e-03
-1.985351783896675652e-03
-1.996066594426621973e-03
-2.045203070327860067e-03
-2.131237770401825035e-03
-2.251188937411369335e-03
-2.400721626893568932e-03
-2.574301044115694364e-03
-2.765388708106703616e-03
-2.966674557325250927e-03
-3.170336848486653928e-03
-3.368320722641014470e-03
-3.552625655039809080e-03
-3.715591690706391247e-03
-3.850174406977287418e-03
-3.950198936241863801e-03
-4.010584112957044089e-03
-4.027528853154984864e-03
-3.998654195519039251e-03
-3.923095984404196754e-03
-3.801544902573424436e-03
-3.636232404390472156e-03
-3.430862994181264457e-03
-3.190495173090456688e-03
-2.921375175194544128e-03
-2.630729266908955061e-03
-2.326521834915592189e-03
-2.017187686090687881e-03
-1.711347886244902767e-03
-1.417519041245106620e-03
-1.143826154060348377e-03
-8.977290664032111598e-04
-6.857720182958802931e-04
-5.133650497310406850e-04
-3.846048539710242992e-04
-3.021413109871987947e-04
-2.670943304723743476e-04
-2.790238727884916409e-04
-3.359541548416087892e-04
-4.344511514220834002e-04
-5.697506374536622821e-04
-7.359322482052493364e-04
-9.261334247881907247e-04
-1.132795717584185024e-03
-1.347934789482143356e-03
-1.563424633555871067e-03
-1.771286025060912501e-03
-1.963969082689830548e-03
-2.134620023963016734e-03
-2.277322757074064924e-03
-2.387306836904181870e-03
-2.461114495226479106e-03
-2.496720892891193290e-03
-2.493603384618222306e-03
-2.452757377338811526e-03
-2.376658238071622554e-03
-2.269170601368214815e-03
-2.135408273032162515e-03
-1.981549661378252496e-03
-1.814615228955785862e-03
-1.642214791674676466e-03
-1.472273551884191629e-03
-1.312746500017121943e-03
-1.171331229700281213e-03
-1.055189269355723703e-03
-9.706857372273208513e-04
-9.231564868289604542e-04
-9.167109484379666693e-04
-9.540776231294297895e-04
-1.036497692727330949e-03
-1.163670524251059343e-03
-1.333753029993033469e-03
-1.543412957956210750e-03
-1.787934298108167846e-03
-2.061371163971846728e-03
-2.356744810454410206e-03
-2.666276937037056430e-03
-2.981651153486274564e-03
-3.294293497674751024e-03
-3.595662226527230471e-03
-3.877536774965843671e-03
-4.132295805454417811e-03
-4.353174651367731039e-03
-4.534493177609360062e-03
-4.671846116442773290e-03
-4.762249249142545653e-03
-4.804236348829690750e-03
-4.797903522608065394e-03
-4.744899431512154472e-03
-4.648361760333238370e-03
-4.512802189771774469e-03
-4.343943924691868498e-03
-4.148517491422969161e-03
-3.934021975939902029e-03
-3.708460082249887251e-03
-3.480056304128001897e-03
-3.256968091465838218e-03
-3.047000134340500759e-03
-2.857331775014730624e-03
-2.694267094417352165e-03
-2.563016421490824440e-03
-2.467516909115342796e-03
-2.410298447853136908e-03
-2.392399596612198795e-03
-2.413336453313066204e-03
-2.471125530304850611e-03
-2.562359803751614040e-03
-2.682335239934441340e-03
-2.825223329799327575e-03
-2.984283548219771997e-03
-3.152108252935659216e-03
-3.320891399099265649e-03
-3.482711608729350660e-03
-3.629819629472012983e-03
-3.754920061593788796e-03
-3.851437431544230561e-03
-3.913757237741146561e-03
-3.937433470278610924e-03
-3.919355280342430928e-03
-3.857866906101702510e-03
-3.752836599586585088e-03
-3.605672086174020047e-03
-3.419281962160982541e-03
-3.197984330845546341e-03
-2.947365827154853259e-03
-2.674095920339413651e-03
-2.385702952635937110e-03
-2.090319714121886829e-03
-1.796407423200070989e-03
-1.512467740786116888e-03
-1.246752867732721023e-03
-1.006983844533578844e-03
-8.000868874602981573e-04
-6.319569659685826072e-04
-5.072568745051278007e-04
-4.292588110899032104e-04
-3.997339887038123870e-04
-4.188941256480906237e-04
-4.853868465091927976e-04
-5.963451397293473115e-04
-7.474891271079712280e-04
-9.332765710781184155e-04
-1.147096841406349986e-03
-1.381501543754230701e-03
-1.628463731533611814e-03
-1.879656624556980083e-03
-2.126742078080540773e-03
-2.361658707768917679e-03
-2.576899591706247050e-03
-2.765769839275731331e-03
-2.922615025592532369e-03
-3.043012514347782568e-03
-3.123918995500480494e-03
-3.163769101545030500e-03
-3.162521683202038081e-03
-3.121652162144668285e-03
-3.044091270406887925e-03
-2.934112367111474905e-03
-2.797171327181296584e-03
-2.639704660530945574e-03
-2.468892985565427755e-03
-2.292398196282643963e-03
-2.118083585288258602e-03
-1.953726783235652797e-03
-1.806735627633340767e-03
-1.683876971768706252e-03
-1.591027991258649665e-03
-1.532958757336127251e-03
-1.513153750043184833e-03
-1.533678619430888868e-03
-1.595096916500968924e-03
-1.696439763555395450e-03
-1.835229577248578652e-03
-2.007557062018299008e-03
-2.208208823138315888e-03
-2.430841172868806500e-03
-2.668194082314901024e-03
-2.912337822446412709e-03
-3.154943689673568585e-03
-3.387569364655501972e-03
-3.601948937323775669e-03
-3.790277464516295970e-03
-3.945480114989380338e-03
-4.061456493321386092e-03
-4.133291600547242886e-03
-4.157426054927849252e-03
-4.131779620234790097e-03
-4.055823721437579014e-03
-3.930600411528806931e-03
-3.758687125920771345e-03
-3.544108456790132436e-03
-3.292198032515599240e-03
-3.009415332040800330e-03
-2.703123839481011165e-03
-2.381338295387746586e-03
-2.052449880461440328e-03
-1.724938937352961821e-03
-1.407085269558533457e-03
-1.106686138119431211e-03
-8.307918040392589954e-04
-5.854678466011037797e-04
-3.755925467640525497e-04
-2.046963935304040982e-04
-7.484929275937261296e-05
1.340061582281917157e-05
6.103443804291027938e-05
7.051608933644662024e-05
4.569362241616458601e-05
-8.348170770572957249e-06
-8.547866368130793311e-05
-1.787490619970227151e-04
-2.806487994836076127e-04
-3.833816227891900861e-04
-4.791516351332620444e-04
-5.604492201170893509e-04
-6.203267715876107898e-04
-6.526545134519836375e-04
-6.523473920196392510e-04
-6.155550383559091039e-04
-5.398080936961094844e-04
-4.241157217858965416e-04
-2.690108444325750537e-04
-7.654147055798283562e-05
1.497916196398509613e-04
4.051486914674756485e-04
6.835124221158592455e-04
9.778911961949314415e-04
1.280557237672496794e-03
1.583311261562115073e-03
1.877764396102962795e-03
2.155627517571491979e-03
2.408997876602485440e-03
2.630632986217036791e-03
2.814202184473839439e-03
2.954507063281396929e-03
3.047663042165196616e-03
3.091235723593836228e-03
3.084327247268876370e-03
3.027609609198438773e-03
2.923303766154175184e-03
2.775105242277686995e-03
2.588058825727880020e-03
2.368386723794138442e-03
2.123276172464800150e-03
1.860633914019181731e-03
1.588816114144845758e-03
1.316343147808394631e-03
1.051609210584943371e-03
8.025968909078156580e-04
5.766066624836363235e-04
3.800107311148312895e-04
2.180398147883743070e-04
9.461028010951931001e-05
1.219764249049031316e-05
-2.823918843921930516e-05
-2.728031597061834554e-05
1.298681605170146081e-05
8.905201157271668954e-05
1.961168085595376602e-04
3.282740964888876617e-04
4.787265171898564902e-04
6.400359425686535063e-04
8.043952344640166278e-04
9.639127120311102165e-04
1.110899307950582830e-03
1.238148301964302634e-03
1.339197781994935690e-03
1.408566590232791012e-03
1.441955442786555007e-03
1.436406134153709073e-03
1.390413209016684451e-03
1.303984152145600591e-03
1.178645954016154136e-03
1.017397791804491077e-03
8.246114567355280296e-04
6.058829930478550714e-04
3.678407268055277376e-04
1.179163943938704002e-04
-1.359126229032324353e-04
-3.854009357832225476e-04
-6.223229328546227811e-04
-8.387606339253410662e-04
-1.027381522943417256e-03
-1.181696620366191885e-03
-1.296289743553968345e-03
-1.367009909821728349e-03
-1.391120124801281319e-03
-1.367397323648472836e-03
-1.296179940957848699e-03
-1.179361417173587639e-03
-1.020329840632263826e-03
-8.238558088790103951e-04
-5.959324045417853507e-04
-3.435728563592633914e-04
-7.457293624331235945e-05
2.027536233427999724e-04
4.798574641037732990e-04
7.482438409768185639e-04
9.997606424856839407e-04
1.226874148526925327e-03
1.422922912649265481e-03
1.582340923419002727e-03
1.700842276710290901e-03
1.775560939967159909e-03
1.805140763373473158e-03
1.789772636285258661e-03
1.731177539134714496e-03
1.632536136416203390e-03
1.498367428896252296e-03
1.334360767239048699e-03
1.147167162295047128e-03
9.441572521440310707e-04
7.331544526934677484e-04
5.221526863329135817e-04
3.190286214389559134e-04
1.312585455601433760e-04
-3.435016976082773139e-05
-1.719035685603671326e-04
-2.766329755396956455e-04
-3.450667743320436813e-04
-3.751560544492234207e-04
-3.663497021637006357e-04
-3.196162854959508793e-04
-2.374119513342282800e-04
-1.235954480462470202e-04
1.670675668249651299e-05
1.772805406978885182e-04
3.510430659232024369e-04
5.302929157775664341e-04
7.069826597579377233e-04
8.730042839939152225e-04
1.020477472187453086e-03
1.142030617976293010e-03
1.231064701049559579e-03
1.281990756506933699e-03
1.290432589079321124e-03
1.253387598621291546e-03
1.169340048190177809e-03
1.038322769724861266e-03
8.619251065436129471e-04
6.432467733849723699e-04
3.867992075994191627e-04
9.835782304325397293e-05
-2.152297031646201132e-04
-5.462724418018815274e-04
-8.864945458082664625e-04
-1.227313906474439189e-03
-1.560131419173530279e-03
-1.876620775149302452e-03
-2.169008677862932499e-03
-2.430335718110764910e-03
-2.654688819793405569e-03
-2.837397164095834326e-03
-2.975184779032974923e-03
-3.066274499003067942e-03
-3.110439701993728771e-03
-3.109002060731685772e-03
-3.064775434284320796e-03
-2.981957912180131700e-03
-2.865975837951196918e-03
-2.723285319528242609e-03
-2.561138221259653524e-03
-2.387320874372076112e-03
-2.209874695930823078e-03
-2.036808537402757906e-03
-1.875812870673456865e-03
-1.733985851790339604e-03
-1.617580883176913953e-03
-1.531784538306809294e-03
-1.480532645373502368e-03
-1.466370985764194057e-03
-1.490365496142056481e-03
-1.552065124587159207e-03
-1.649518642474666341e-03
-1.779344819380315745e-03
-1.936853494697509184e-03
-2.116213292498622146e-03
-2.310660088117203175e-03
-2.512738903384383830e-03
-2.714570732602056193e-03
-2.908134924362156416e-03
-3.085557195971741929e-03
-3.239393156747845740e-03
-3.362897370844556560e-03
-3.450268494171009927e-03
-3.496861855708853148e-03
-3.499361991867768352e-03
-3.455909043550435024e-03
-3.366174540250281132e-03
-3.231383867206215690e-03
-3.054284578313874645e-03
-2.839061613739207821e-03
-2.591202340556644432e-03
-2.317316092090737634e-03
-2.024914475400827699e-03
-1.722160090668445548e-03
-1.417592412970489473e-03
-1.119840387267306966e-03
-8.373317533581034087e-04
-5.780092327282917043e-04
-3.490634695962891972e-04
-1.566920324534029716e-04
-5.892870509948376634e-06
9.970058633883998635e-05
1.579369528861183317e-04
1.682129662667261865e-04
1.314858434294419350e-04
5.023152599638010599e-05
-7.164968633027290600e-05
-2.289767718414743988e-04
-4.154758268610418779e-04
-6.240054983513130833e-04
-8.468120836068683457e-04
-1.075805335323189562e-03
-1.302845288229887832e-03
-1.520030040806249344e-03
-1.719974395743464239e-03
-1.896069586812220570e-03
-2.042714986266280612e-03
-2.155513672490660341e-03
-2.231425007733639238e-03
-2.268868885920418896e-03
-2.267778007797127768e-03
-2.229596365505626988e-03
-2.157224007179661500e-03
-2.054910038088968247e-03
-1.928097632137648143e-03
-1.783226512450308051e-03
-1.627499853296352546e-03
-1.468623805359591146e-03
-1.314528808549486616e-03
-1.173082497441978655e-03
-1.051804301561669666e-03
-9.575917856496600619e-04
-8.964683657917186209e-04
-8.733612901411949396e-04
-8.919177141324180144e-04
-9.543653666388171673e-04
-1.061422742204853149e-03
-1.212262019977723227e-03
-1.404526063059038368e-03
-1.634398957403260851e-03
-1.896727673496277590e-03
-2.185190642587052194e-03
-2.492507394993906649e-03
-2.810681968583036896e-03
-3.131271611362619091e-03
-3.445671414749718921e-03
-3.745404954549409488e-03
-4.022410804648443930e-03
-4.269314931306632255e-03
-4.479679468729286587e-03
-4.648219202064190342e-03
-4.770978213171416654e-03
-4.845460537905808655e-03
-4.870710292415561700e-03
-4.847338493734967488e-03
-4.777495664803359590e-03
-4.664791210642126734e-03
-4.514162414322572293e-03
-4.331697663330862265e-03
-4.124420117255999350e-03
-3.900039410331187107e-03
-3.666680098816437524e-03
-3.432596374415134311e-03
-3.205883042460903800e-03
-2.994192890776908953e-03
-2.804470347458835021e-03
-2.642710751359701824e-03
-2.513753657907011503e-03
-2.421117406654906337e-03
-2.366880727600391855e-03
-2.351615511577840462e-03
-2.374373073884313099e-03
-2.432724362635367739e-03
-2.522852670017555234e-03
-2.639695561949041615e-03
-2.777131014266660293e-03
-2.928201191969112983e-03
-3.085365986643977092e-03
-3.240777382305069353e-03
-3.386564988091789706e-03
-3.515122683284173464e-03
-3.619386279646082376e-03
-3.693092419647583426e-03
-3.731009585655325859e-03
-3.729133071714507523e-03
-3.684837031862266132e-03
-3.596978222778351997e-03
-3.465947751298048551e-03
-3.293668959568775163e-03
-3.083541468569484835e-03
-2.840333288172011434e-03
-2.570024722762845847e-03
-2.279609491852174590e-03
-1.976859985834301860e-03
-1.670064835534183908e-03
-1.367747946272121311e-03
-1.078378798829585875e-03
-8.100841280587842575e-04
-5.703710441304817849e-04
-3.658712631499610578e-04
-2.021153770328971977e-04
-8.334504292784364853e-05
-1.236964686564907476e-05
9.527558855163594659e-06
-1.736942470621414235e-05
-9.122239102458398405e-05
-2.087056734763326465e-04
-3.651242401008477148e-04
-5.545789939537325948e-04
-7.701734847586037824e-04
-1.004254790120229657e-03
-1.248680130868660152e-03
-1.495099886973418925e-03
-1.735247109353641251e-03
-1.961223398810291001e-03
-2.165771154056464563e-03
-2.342522671823544806e-03
-2.486217396403848749e-03
-2.592879735202004068e-03
-2.659951241674135373e-03
-2.686372568896219434e-03
-2.672612359775894397e-03
-2.620642101822655626e-03
-2.533857870164460922e-03
-2.416951745702573123e-03
-2.275737460631942211e-03
-2.116936429152393561e-03
-1.947931710786390217e-03
-1.776498578601730816e-03
-1.610521185389389345e-03
-1.457705308702722568e-03
-1.325297293526195340e-03
-1.219819094376462399e-03
-1.146828754448049733e-03
-1.110714767770475293e-03
-1.114531582489342769e-03
-1.159882060947789234e-03
-1.246851065775616283e-03
-1.373992548391127959e-03
-1.538370640013972217e-03
-1.735653351231694098e-03
-1.960255640737389952e-03
-2.205526881736264485e-03
-2.463976196411600626e-03
-2.727527799355092524e-03
-2.987797436601904739e-03
-3.236380264823028163e-03
-3.465140111333946636e-03
-3.666490004046458161e-03
-3.833654163140487806e-03
-3.960902292474720310e-03
-4.043747975959497559e-03
-4.079104238406598346e-03
-4.065390827812416161e-03
-4.002589464167852565e-03
-3.892245119582124491e-03
